149,53,148,54,147,54,146,55,145,55,144,56,143,57,143,58,142,59,142,60,141,61,141,62,141,63,141,64,141,65,142,66,142,67,143,68,144,69,145,69,146,70,147,70,148,70,149,70,150,70,151,70,152,70,153,69,154,69,155,69,156,69,157,68,158,68,159,68,160,67,161,67,161,66,162,65,162,64,162,63,162,62,162,61,162,60,161,59,161,58,160,57,160,56,159,55,158,54,157,54,156,53,155,53,154,53,153,53,152,53,151,53,150,53
62,70,62,71,61,72,61,73,61,74,62,75,62,76,62,77,63,78,63,79,64,80,64,81,65,82,65,83,66,84,67,85,67,86,68,87,69,87,70,88,71,88,72,88,73,88,74,87,75,87,76,87,77,86,78,85,79,85,80,84,81,83,82,82,83,81,84,80,85,79,86,79,87,78,88,77,89,76,89,75,88,74,88,73,87,73,86,72,85,71,84,71,83,71,82,70,81,70,80,71,79,71,78,71,77,71,76,70,75,70,74,70,73,70,72,70,71,70,70,70,69,70,68,70,67,70,66,70,65,70,64,70,63,70
88,81,87,82,86,83,85,83,85,84,84,85,84,86,83,87,83,88,83,89,83,90,83,91,82,92,83,93,83,94,84,95,84,96,85,97,85,98,86,99,87,100,87,101,88,100,89,99,90,99,91,98,92,97,93,97,94,96,95,96,96,95,97,94,97,93,97,92,98,91,98,90,99,89,98,88,98,87,98,86,98,85,97,84,96,83,95,82,94,82,93,81,92,81,91,81,90,81,89,81
97,95,96,96,95,97,94,97,93,98,92,98,91,99,90,100,89,100,88,101,88,102,88,103,88,104,88,105,89,106,89,107,90,108,90,109,90,110,91,111,92,112,92,113,93,114,94,115,95,116,96,116,97,115,98,115,99,114,100,114,101,113,102,113,103,112,104,111,105,111,106,110,106,109,107,108,107,107,108,106,108,105,108,104,108,103,108,102,108,101,107,100,106,99,105,98,104,97,103,97,102,96,101,96,100,95,99,95,98,96
119,95,118,96,117,96,116,97,115,97,114,98,113,98,112,98,111,99,110,100,109,101,109,102,109,103,109,104,109,105,109,106,108,107,109,108,110,108,111,109,112,110,113,111,114,112,115,113,116,114,117,115,118,116,119,117,120,118,121,119,121,120,122,121,123,122,124,123,125,124,126,125,127,125,128,124,129,124,130,123,131,123,132,122,133,121,134,120,135,119,136,118,136,117,136,116,137,115,137,114,137,113,137,112,138,111,138,110,138,109,138,108,139,107,139,106,139,105,139,104,138,103,137,102,137,101,136,100,135,100,134,100,133,99,132,99,131,98,130,98,129,98,128,97,127,97,126,97,125,96,124,96,123,96,122,95,121,95,120,95
108,108,107,109,107,110,106,111,105,112,104,112,103,113,102,114,101,114,100,115,99,115,98,116,97,116,96,117,95,117,95,118,95,119,94,120,94,121,94,122,94,123,94,124,94,125,94,126,94,127,94,128,94,129,95,130,96,131,96,132,97,133,97,134,98,135,99,136,100,136,101,137,102,137,103,137,104,138,105,138,106,138,107,138,108,139,109,139,110,139,111,139,112,139,113,138,114,138,115,138,116,137,117,137,118,136,119,136,120,135,121,134,122,133,122,132,123,131,124,130,124,129,125,128,125,127,126,126,125,125,124,124,123,123,122,122,121,121,120,120,120,119,119,118,118,117,117,116,116,115,115,114,114,113,113,112,112,111,111,110,110,109,109,109
165,108,164,109,163,109,162,110,162,111,161,112,161,113,161,114,160,115,160,116,160,117,160,118,160,119,160,120,160,121,161,122,161,123,161,124,162,125,162,126,162,127,162,128,163,129,164,130,165,131,166,132,166,133,167,134,168,135,168,136,169,137,170,138,171,138,172,139,173,140,174,141,175,142,176,142,177,142,178,143,179,144,178,145,179,145,180,144,181,144,182,144,183,144,183,143,183,142,184,141,185,141,186,141,187,140,188,140,189,141,190,140,191,140,192,140,193,140,194,139,195,139,196,138,197,137,198,137,198,136,198,135,198,134,198,133,199,132,198,131,198,130,198,129,199,128,199,127,199,126,198,125,198,124,197,123,196,122,195,122,194,121,193,120,193,119,192,118,191,117,190,116,189,115,188,115,187,114,186,113,185,112,184,111,183,111,182,110,181,110,180,109,179,109,178,109,177,108,176,108,175,108,174,108,173,108,172,108,171,108,170,108,169,108,168,108,167,108,166,108
72,116,71,117,70,117,70,118,69,119,69,120,69,121,69,122,69,123,70,124,70,125,71,126,72,127,73,127,74,127,75,128,76,128,77,128,78,127,79,127,80,126,81,125,81,124,81,123,82,122,81,121,81,120,80,119,80,118,79,117,78,117,77,116,76,116,75,116,74,116,73,116
144,124,143,125,142,125,141,126,140,126,139,127,138,127,137,128,136,129,135,130,134,131,133,132,133,133,132,134,132,135,132,136,132,137,132,138,132,139,132,140,132,141,132,142,133,143,133,144,134,145,134,146,135,147,135,148,136,149,137,150,138,151,138,152,139,153,140,154,141,155,142,155,143,156,144,157,145,157,146,158,147,158,148,158,149,159,150,159,151,160,152,160,153,160,154,160,155,160,156,160,157,159,158,159,159,158,160,158,161,157,162,156,163,156,164,155,164,154,165,153,166,152,166,151,167,150,167,149,167,148,168,147,168,146,168,145,168,144,168,143,168,142,168,141,168,140,168,139,168,138,168,137,167,136,167,135,166,134,165,133,165,132,164,131,163,130,162,129,161,128,160,127,159,127,158,127,157,126,156,126,155,125,154,125,153,124,152,124,151,124,150,124,149,124,148,124,147,124,146,124,145,124
215,135,214,136,213,137,212,138,211,139,211,140,211,141,210,142,210,143,210,144,210,145,210,146,210,147,210,148,210,149,210,150,210,151,210,152,211,153,211,154,211,155,212,156,212,157,213,158,213,159,214,160,215,161,216,161,217,160,218,160,219,159,220,159,221,159,222,158,223,158,224,158,225,157,226,157,227,157,228,156,229,156,230,156,231,156,232,155,233,154,233,153,234,152,234,151,234,150,233,149,233,148,233,147,233,146,232,145,232,144,231,143,231,142,230,141,229,140,228,139,227,138,226,137,225,137,224,136,223,136,222,135,221,135,220,135,219,135,218,135,217,135,216,135
120,145,119,146,118,146,117,147,116,147,115,148,114,149,113,150,112,151,111,152,110,153,110,154,109,155,109,156,109,157,108,158,108,159,108,160,108,161,108,162,108,163,108,164,108,165,108,166,108,167,109,168,109,169,110,170,111,171,112,172,113,173,114,174,115,175,116,175,117,176,118,176,119,177,120,177,121,177,122,177,123,177,124,176,125,176,126,175,127,175,128,175,129,174,130,173,131,172,132,171,133,171,134,170,134,169,135,168,136,167,136,166,137,165,137,164,137,163,137,162,137,161,137,160,137,159,137,158,136,157,135,156,135,155,134,154,133,153,133,152,132,151,131,150,130,149,129,148,128,147,127,147,126,146,125,146,124,145,123,145,122,145,121,145
180,145,179,146,178,147,177,147,176,148,175,149,174,150,173,151,172,152,171,153,170,154,169,155,168,156,168,157,167,158,167,159,167,160,167,161,166,162,166,163,166,164,167,165,167,166,167,167,168,168,168,169,169,170,169,171,170,172,170,173,171,173,172,174,172,175,173,176,174,176,175,176,176,176,177,177,178,177,179,177,180,177,181,177,182,176,183,176,184,176,185,176,186,176,187,176,188,175,189,175,190,174,191,174,192,173,193,173,194,172,195,171,195,170,196,169,196,168,197,167,197,166,198,165,198,164,199,163,199,162,199,161,199,160,199,159,199,158,199,157,199,156,199,155,199,154,198,153,198,152,197,151,196,150,195,149,195,148,194,148,193,147,192,147,191,147,190,146,189,145,188,145,187,145,186,145,185,145,184,145,183,145,182,145,181,145
233,155,232,156,231,157,230,157,229,157,228,157,227,158,226,158,225,158,224,159,223,159,222,159,221,160,220,160,219,160,218,161,217,161,216,162,215,162,215,163,214,164,214,165,214,166,214,167,214,168,213,169,213,170,213,171,213,172,213,173,214,174,214,175,215,176,216,177,217,178,218,178,219,179,220,180,221,180,222,181,223,181,224,181,225,181,226,181,227,181,228,180,229,180,230,180,231,179,232,179,233,178,234,178,235,177,236,177,237,176,238,176,239,175,240,174,241,173,242,172,243,171,243,170,243,169,243,168,243,167,243,166,243,165,242,164,241,163,240,162,240,161,240,160,240,159,239,159,238,158,237,158,236,157,235,156,234,155
255,161,254,162,253,162,252,162,251,162,250,163,249,163,248,164,247,165,246,166,245,167,244,168,244,169,245,170,245,171,245,172,245,173,246,174,246,175,246,176,246,177,247,178,248,179,249,180,250,181,251,182,252,183,253,184,254,185,255,186,255,187,256,186,257,186,258,186,259,186,260,186,260,185,260,184,261,183,262,183,263,183,264,182,265,181,266,180,266,179,266,178,266,177,266,176,266,175,266,174,266,173,265,172,265,171,265,170,264,169,263,168,263,167,262,166,261,165,260,164,259,163,258,162,257,162,256,161
150,167,149,168,148,168,147,168,146,168,145,169,144,169,143,170,142,170,141,171,140,172,139,172,138,173,137,174,136,174,135,175,134,176,133,176,132,177,131,178,131,179,130,180,130,181,130,182,129,183,129,184,130,185,130,186,129,187,130,188,130,189,130,190,131,191,132,192,133,193,134,194,135,194,136,195,137,195,138,195,139,195,140,195,141,195,142,196,143,195,144,195,145,194,146,194,147,194,148,193,149,193,150,193,150,192,151,191,152,191,153,190,154,189,155,189,156,188,157,187,158,186,159,185,159,184,160,183,160,182,161,181,161,180,161,179,161,178,161,177,161,176,161,175,161,174,161,173,160,172,160,171,159,170,159,169,158,168,157,167,156,167,155,167,154,167,153,167,152,167,151,167
200,175,199,176,198,176,197,176,196,177,195,177,194,178,193,179,192,180,191,181,190,182,190,183,189,184,189,185,189,186,188,187,189,188,190,189,191,189,192,190,193,191,193,192,194,192,195,192,196,193,197,193,198,193,199,194,200,195,201,195,202,196,203,197,204,198,205,199,206,200,207,201,208,202,209,203,210,203,211,204,212,203,213,202,214,201,215,201,216,200,217,199,218,199,218,198,218,197,218,196,219,195,219,194,219,193,219,192,219,191,218,190,218,189,218,188,217,187,217,186,216,185,215,184,215,183,214,182,213,181,212,180,211,179,210,179,209,179,208,178,207,177,206,177,205,176,204,176,203,176,202,175,201,175
245,177,244,178,243,178,242,179,241,179,240,180,239,180,238,181,237,182,236,182,235,183,234,183,233,184,232,185,231,185,230,186,229,187,228,188,227,189,227,190,227,191,227,192,227,193,228,194,228,195,228,196,228,197,228,198,229,199,230,200,231,201,232,202,233,203,234,204,235,205,236,206,237,206,238,205,239,204,240,204,241,203,242,202,243,202,244,201,245,200,246,199,247,198,248,197,249,196,250,196,251,195,252,194,253,193,253,192,253,191,253,190,253,189,253,188,254,187,254,186,253,185,252,184,251,183,250,182,249,181,248,180,247,179,246,178
276,186,275,187,274,187,273,187,272,188,271,189,270,189,269,190,268,191,267,191,266,191,266,192,266,193,265,194,265,195,265,196,264,197,264,198,264,199,263,200,263,201,263,202,262,203,262,204,262,205,262,206,261,207,261,208,261,209,261,210,260,211,260,212,260,213,260,214,260,215,261,216,261,217,262,218,262,219,263,219,264,218,265,217,266,217,267,217,268,216,269,216,270,215,271,214,272,214,273,213,274,212,275,212,276,211,277,211,278,210,279,210,280,209,281,209,282,208,283,207,284,206,285,205,286,204,287,203,287,202,287,201,287,200,287,199,287,198,287,197,287,196,287,195,286,194,286,193,286,192,285,191,285,190,284,189,283,188,282,188,281,187,280,187,279,186,278,186,277,186
167,192,166,193,165,194,164,195,164,196,163,197,162,198,161,199,161,200,161,201,160,202,159,202,159,203,159,204,159,205,159,206,159,207,159,208,159,209,160,210,160,211,160,212,161,212,162,213,163,214,164,214,165,215,166,216,165,217,166,217,167,217,168,217,169,217,170,218,171,218,172,218,173,219,174,219,175,219,176,219,177,220,178,219,179,218,180,218,181,218,182,218,183,218,184,217,185,216,185,215,185,214,185,213,185,212,185,211,185,210,185,209,185,208,185,207,185,206,185,205,185,204,185,203,185,202,186,201,185,200,184,199,183,198,183,197,183,196,183,195,182,195,181,194,180,194,179,193,178,193,177,192,176,192,175,192,174,192,173,192,172,192,171,192,170,192,169,192,168,192
191,193,190,194,189,195,188,196,188,197,187,198,187,199,187,200,187,201,188,202,188,203,189,204,189,205,190,206,190,207,190,208,190,209,190,210,190,211,190,212,189,213,189,214,189,215,188,216,188,217,189,218,189,219,189,220,189,221,189,222,190,223,191,224,192,225,192,226,193,226,194,226,195,226,196,226,197,226,198,226,199,226,200,226,201,225,202,225,203,224,204,223,205,223,205,222,206,221,207,220,208,220,208,219,208,218,208,217,208,216,208,215,208,214,208,213,207,212,207,211,208,210,208,209,208,208,208,207,208,206,208,205,209,204,208,203,207,202,206,201,205,200,204,199,203,198,202,197,201,196,200,196,199,195,198,194,197,194,196,194,195,193,194,193,193,193,192,193
148,194,147,195,146,195,145,195,144,196,143,196,142,197,141,198,140,199,139,199,138,200,137,200,136,201,136,202,136,203,136,204,137,205,137,206,137,207,137,208,138,209,138,210,138,211,138,212,138,213,138,214,138,215,138,216,138,217,138,218,138,219,138,220,139,221,140,221,141,222,141,223,142,224,143,225,144,226,145,227,146,227,147,227,148,227,149,228,150,227,151,227,152,226,153,225,154,225,155,224,155,223,156,222,157,221,157,220,157,219,158,218,158,217,158,216,158,215,158,214,159,213,159,212,159,211,159,210,158,209,158,208,158,207,158,206,158,205,158,204,158,203,158,202,158,201,157,200,157,199,157,198,156,198,155,197,155,196,154,196,153,196,152,195,151,194,150,194,149,194
227,198,226,199,225,199,224,199,223,199,222,199,221,200,220,200,219,200,218,201,217,200,216,201,215,202,214,202,213,203,212,204,212,205,211,206,211,207,210,208,210,209,209,210,209,211,209,212,209,213,209,214,209,215,209,216,209,217,209,218,209,219,209,220,209,221,210,222,210,223,210,224,210,225,210,226,211,227,212,228,211,229,212,229,213,229,214,228,215,228,216,227,217,227,218,226,219,226,220,225,221,225,222,225,223,224,224,224,225,223,226,223,227,222,228,222,229,221,230,221,231,220,232,220,233,219,234,219,234,218,235,217,235,216,236,215,236,214,236,213,236,212,236,211,236,210,236,209,236,208,235,207,235,206,234,205,233,204,232,203,231,202,230,201,229,200,228,199
135,201,134,202,133,202,132,202,131,202,130,202,129,202,128,203,127,203,126,204,125,205,124,205,123,205,123,206,122,207,121,207,121,208,121,209,121,210,120,211,120,212,120,213,121,214,121,215,121,216,122,217,122,218,123,219,124,220,125,221,126,222,127,223,128,223,129,224,130,223,131,222,132,222,133,221,134,221,135,220,136,220,137,220,137,219,137,218,137,217,137,216,137,215,137,214,137,213,137,212,137,211,137,210,137,209,136,208,136,207,136,206,136,205,135,204,135,203,135,202
164,218,163,219,162,220,161,221,161,222,161,223,161,224,161,225,161,226,161,227,162,228,162,229,162,230,163,231,164,232,164,233,165,234,165,235,165,236,166,237,166,238,167,239,167,240,168,240,169,241,170,242,170,243,171,243,172,244,173,244,174,245,175,245,176,246,177,246,178,245,179,245,180,244,181,244,182,243,183,243,184,243,185,242,186,241,187,240,187,239,188,238,188,237,189,236,190,235,190,234,190,233,190,232,190,231,191,230,191,229,190,228,190,227,190,226,189,225,189,224,188,224,187,224,186,223,185,223,184,223,183,223,182,223,181,223,180,223,179,223,178,222,177,222,176,221,176,220,175,220,174,220,173,220,172,219,171,219,170,219,169,218,168,218,167,218,166,218,165,218
233,220,232,221,231,221,230,222,229,222,228,223,227,223,226,224,225,224,224,225,223,225,222,226,221,226,220,226,219,227,218,227,217,228,216,228,215,229,214,229,213,230,212,230,211,230,212,231,212,232,212,233,213,234,213,235,213,236,214,237,214,238,215,239,215,240,216,241,217,242,218,243,219,243,220,243,221,243,222,243,223,243,224,243,225,243,226,243,227,243,228,242,229,242,230,242,231,242,232,242,233,242,234,241,235,240,236,240,237,239,238,238,239,238,240,237,241,236,242,236,243,235,243,234,243,233,244,232,244,231,244,230,244,229,243,228,242,227,241,226,240,225,239,224,238,224,237,223,236,222,235,221,235,220,234,220
135,221,134,222,133,222,132,223,131,223,130,224,129,225,130,226,130,227,130,228,130,229,131,230,131,231,132,232,133,233,134,233,135,234,136,234,137,234,138,235,139,234,140,233,140,232,141,231,142,230,143,229,144,228,144,227,143,226,142,225,141,224,140,223,140,222,139,222,138,221,137,221,136,221
145,228,144,229,143,230,142,231,141,232,141,233,140,234,139,235,139,236,139,237,140,238,140,239,141,240,141,241,141,242,141,243,141,244,141,245,140,246,141,246,142,247,143,248,142,249,141,249,142,249,143,249,144,249,145,249,146,249,147,250,148,250,149,250,150,251,151,251,152,251,153,251,154,251,155,252,156,252,157,252,158,252,159,253,160,252,161,252,162,251,163,251,164,250,164,249,165,248,165,247,165,246,166,245,166,244,166,243,166,242,167,241,166,240,166,239,165,238,165,237,164,236,164,235,163,235,162,234,161,233,160,233,159,232,158,232,157,231,156,231,155,230,154,230,153,230,152,230,151,230,150,230,149,229,148,229,147,229,146,229
201,229,200,230,199,230,198,230,197,231,196,232,195,233,195,234,195,235,195,236,194,237,194,238,194,239,194,240,194,241,193,242,193,243,193,244,193,245,192,246,191,247,190,247,189,248,190,249,191,250,192,251,193,252,194,252,195,253,196,254,197,255,198,256,199,256,200,257,201,258,202,259,203,260,204,261,205,262,205,263,206,263,207,262,208,262,209,261,210,260,211,260,212,259,213,258,213,257,213,256,214,255,214,254,214,253,215,252,215,251,215,250,215,249,215,248,216,247,216,246,216,245,215,244,215,243,215,242,215,241,214,240,214,239,213,238,213,237,212,236,212,235,212,234,211,233,211,232,211,231,210,230,209,230,208,230,207,230,206,230,205,230,204,230,203,229,202,229
270,229,270,230,269,231,268,232,268,233,267,234,267,235,266,236,265,237,264,238,263,239,262,240,261,241,260,242,259,243,258,244,257,245,256,246,256,247,256,248,256,249,256,250,256,251,256,252,255,253,255,254,255,255,254,256,254,257,254,258,253,259,253,260,252,261,253,262,254,262,255,262,256,262,257,262,258,263,259,263,260,263,261,263,262,264,263,264,264,264,265,265,266,266,267,266,268,267,269,266,270,265,271,264,272,263,273,263,273,262,274,261,273,260,274,259,274,258,275,257,275,256,276,255,276,254,277,253,278,252,278,251,279,250,279,249,279,248,280,247,280,246,281,245,281,244,282,243,282,242,282,241,283,240,283,239,283,238,283,237,283,236,283,235,283,234,282,233,282,232,281,231,280,231,279,230,278,230,277,229,276,229,275,229,274,230,273,230,272,230,271,230
66,234,65,235,65,236,64,237,64,238,63,239,63,240,64,241,64,242,65,243,66,243,67,243,68,244,69,243,70,243,71,243,72,242,73,241,73,240,73,239,73,238,73,237,73,236,72,235,71,235,70,234,69,234,68,234,67,234
183,248,182,249,181,249,180,249,179,249,178,250,178,251,178,252,178,253,177,254,176,254,176,255,176,256,176,257,176,258,176,259,176,260,176,261,176,262,176,263,176,264,177,265,177,266,177,267,178,268,178,269,179,270,179,271,180,272,181,272,182,273,183,273,184,274,185,275,186,276,186,277,187,277,188,277,189,277,190,277,191,277,192,277,193,276,194,276,195,275,196,275,197,274,198,274,199,273,200,273,200,272,201,271,201,270,202,269,202,268,203,267,203,266,203,265,204,264,204,263,204,262,203,261,202,260,201,259,200,258,199,257,198,257,197,256,196,255,195,254,194,253,193,253,192,252,191,251,190,250,189,249,188,249,187,249,186,249,185,248,184,248
170,252,169,253,168,253,167,253,166,254,165,255,164,256,163,257,162,258,161,259,160,260,159,260,159,261,158,262,158,263,157,264,157,265,157,266,157,267,157,268,157,269,158,270,158,271,158,272,158,273,159,274,159,275,160,276,160,277,161,278,162,279,163,280,164,280,165,281,166,281,167,282,168,282,169,283,170,283,171,283,172,283,173,283,174,283,175,282,176,281,177,280,178,279,178,278,178,277,179,276,179,275,179,274,180,273,179,272,178,271,178,270,177,269,177,268,176,267,176,266,176,265,175,264,175,263,175,262,175,261,175,260,175,259,175,258,175,257,175,256,175,255,175,254,174,254,173,253,172,253,171,253
305,252,304,253,303,253,302,253,301,253,300,253,299,254,298,254,297,254,296,255,295,256,294,257,293,258,292,258,291,259,290,259,289,260,288,261,287,261,286,262,285,262,284,262,283,262,282,263,281,263,280,263,279,263,278,263,277,263,276,263,275,264,274,265,273,264,272,264,271,265,270,266,269,267,269,268,268,269,268,270,267,271,266,272,265,273,264,274,263,275,263,276,263,277,264,278,265,279,265,280,266,281,267,282,268,283,269,284,270,285,271,286,271,287,272,288,272,289,273,290,273,291,274,292,274,293,275,294,276,295,276,296,277,296,278,296,279,296,280,296,281,297,282,297,283,296,284,295,285,295,286,295,287,295,288,295,289,295,290,295,291,294,292,294,293,293,294,293,295,292,296,292,297,291,298,291,299,290,300,289,301,289,301,288,302,287,303,286,304,285,305,285,306,284,307,283,308,282,309,281,310,280,311,279,312,279,313,278,314,277,314,276,314,275,315,274,315,273,316,272,316,271,316,270,317,269,317,268,317,267,317,266,317,265,317,264,317,263,317,262,317,261,317,260,317,259,316,258,316,257,315,256,314,255,313,254,312,254,311,253,310,253,309,253,308,253,307,252,306,252
251,262,250,263,249,263,248,264,247,264,246,265,245,266,244,266,243,267,242,268,241,269,240,270,239,271,238,272,237,273,236,274,235,275,235,276,234,277,233,278,232,279,232,280,231,281,230,282,230,283,229,284,228,285,227,286,227,287,226,288,226,289,225,290,224,291,224,292,224,293,224,294,224,295,224,296,223,297,222,298,222,299,222,300,221,301,221,302,220,303,220,304,220,305,220,306,220,307,220,308,220,309,221,310,222,311,223,312,224,312,225,312,226,312,227,312,228,312,229,312,230,311,231,311,232,311,233,310,234,310,235,310,236,309,237,308,238,307,239,307,240,306,241,305,242,304,243,303,244,302,245,301,246,300,247,299,248,299,249,298,249,297,249,296,250,295,250,294,250,293,251,292,251,291,252,290,252,289,253,288,253,287,254,286,255,285,255,284,256,283,257,282,257,281,258,280,259,279,260,278,261,277,261,276,262,275,263,274,264,273,264,272,265,271,265,270,265,269,266,268,266,267,265,266,264,265,263,265,262,265,261,264,260,264,259,264,258,264,257,263,256,263,255,263,254,263,253,263,252,262
201,273,200,274,199,274,198,275,197,275,196,276,195,276,194,277,193,277,192,278,191,278,190,278,189,278,188,278,187,278,186,278,185,278,185,279,184,280,184,281,183,282,183,283,182,284,182,285,181,286,181,287,180,288,180,289,180,290,180,291,180,292,181,293,181,294,182,295,183,295,184,296,185,296,186,297,187,297,188,297,189,297,190,297,191,298,192,298,193,297,194,297,195,297,196,296,197,296,198,296,199,295,200,294,201,294,202,293,203,293,204,292,205,291,206,290,207,289,208,289,209,288,210,287,210,286,210,285,210,284,210,283,210,282,210,281,209,280,209,279,209,278,209,277,208,276,208,275,207,274,207,273,206,273,205,273,204,273,203,273,202,273
262,276,262,277,261,278,260,279,259,280,258,281,258,282,257,283,256,284,256,285,255,286,254,287,254,288,253,289,253,290,252,291,252,292,251,293,251,294,251,295,250,296,250,297,250,298,249,299,250,299,251,300,251,301,252,302,253,303,253,304,254,304,255,305,255,306,256,306,257,307,258,308,259,308,260,308,261,308,262,308,263,308,264,309,265,308,266,309,267,308,268,308,269,308,270,307,270,306,271,305,271,304,272,303,273,302,273,301,274,300,274,299,275,298,276,297,275,296,275,295,274,294,273,293,273,292,272,291,272,290,271,289,271,288,270,287,270,286,269,285,268,284,267,283,266,282,265,281,264,280,264,279,263,278,262,277
203,294,202,295,203,296,202,297,202,298,203,299,203,300,204,301,205,301,206,301,207,302,208,302,209,301,210,300,211,299,211,298,211,297,211,296,210,295,209,294,208,294,207,294,206,294,205,294,204,294
277,297,276,298,275,299,275,300,274,301,274,302,273,303,272,304,272,305,271,306,271,307,270,308,270,309,271,310,271,311,272,312,273,313,273,314,274,315,275,316,276,317,277,318,278,319,279,319,280,319,281,320,282,320,283,320,284,319,285,319,286,318,287,318,288,317,289,316,289,315,290,314,290,313,290,312,290,311,290,310,290,309,290,308,290,307,289,306,289,305,288,304,287,303,287,302,286,301,286,300,285,300,284,299,283,298,282,298,281,298,280,297,279,297,278,297
253,305,252,306,251,306,250,306,249,306,248,306,247,306,246,306,245,307,244,307,243,307,242,308,241,308,240,309,239,310,238,311,237,312,236,313,235,314,234,315,234,316,234,317,233,318,233,319,232,320,232,321,232,322,232,323,232,324,232,325,232,326,232,327,232,328,232,329,233,330,233,331,234,332,234,333,235,334,236,334,237,335,238,336,239,336,240,337,241,337,242,337,243,337,244,337,245,337,246,337,247,337,248,336,249,336,250,335,251,335,252,335,253,334,254,333,255,333,256,332,257,331,258,331,259,330,260,329,261,328,261,327,262,326,263,325,263,324,263,323,263,322,263,321,263,320,262,319,262,318,262,317,262,316,262,315,261,314,261,313,260,312,260,311,259,310,258,309,257,308,256,307,255,307,254,306
157,411,156,412,155,412,154,412,153,412,152,412,151,413,150,414,149,415,149,416,149,417,148,418,148,419,148,420,147,421,147,422,147,423,147,424,148,425,148,426,148,427,148,428,149,429,149,430,150,431,151,432,152,433,153,434,154,434,155,435,156,435,157,436,158,436,159,436,160,436,161,436,162,435,163,435,164,434,165,433,166,433,166,432,167,431,168,431,169,430,170,430,170,429,171,428,171,427,171,426,172,425,172,424,172,423,172,422,172,421,173,420,172,420,171,419,171,418,170,417,169,416,169,415,168,414,167,413,166,413,165,412,164,412,163,411,162,411,161,411,160,411,159,411,158,411
322,416,321,417,320,418,319,419,318,420,317,421,316,422,316,423,315,424,315,425,315,426,315,427,315,428,315,429,315,430,315,431,315,432,316,433,316,434,317,435,318,436,319,437,320,437,321,438,322,438,323,438,324,439,325,439,326,439,327,439,328,439,329,438,330,438,331,437,332,437,333,436,334,435,335,435,336,434,337,433,338,433,338,432,339,431,340,430,340,429,340,428,341,427,341,426,341,425,341,424,340,423,339,422,338,421,337,420,336,419,335,419,334,418,333,418,332,417,331,417,330,417,329,417,328,416,327,416,326,416,325,416,324,416,323,416
134,417,133,418,132,418,131,418,130,418,129,419,128,419,127,420,126,420,125,420,124,420,123,421,122,422,121,422,120,423,119,424,119,425,118,426,118,427,118,428,117,429,117,430,117,431,117,432,118,433,118,434,119,435,120,435,121,436,122,436,123,437,124,437,125,437,126,437,127,438,128,438,129,438,130,438,131,438,132,437,133,437,134,437,135,436,136,436,137,436,138,435,139,435,140,434,141,433,142,432,143,431,144,430,144,429,144,428,145,427,145,426,145,425,144,424,144,423,143,422,142,421,142,420,141,419,140,419,139,418,138,418,137,417,136,417,135,417
179,418,178,419,177,419,176,419,175,420,174,420,173,421,173,422,173,423,173,424,173,425,172,426,172,427,172,428,171,429,171,430,172,431,172,432,172,433,173,434,174,435,175,436,176,436,177,437,178,437,179,438,180,438,181,439,182,439,183,439,184,440,185,440,186,440,187,440,188,440,188,439,189,438,189,437,190,436,190,435,191,434,192,433,192,432,193,431,193,430,194,429,194,428,195,427,195,426,194,425,193,424,193,423,193,422,192,421,191,420,190,420,189,419,188,419,187,419,186,419,185,419,184,418,183,418,182,418,181,418,180,418
204,425,203,426,202,426,201,426,200,426,199,427,198,427,197,428,196,427,195,428,195,429,194,430,194,431,193,432,193,433,192,434,191,435,191,436,190,437,190,438,189,439,189,440,190,441,191,442,192,443,193,444,194,444,195,445,196,446,197,446,198,447,199,447,200,448,201,448,202,448,203,448,204,448,205,448,206,448,207,448,208,448,209,448,210,447,211,447,212,447,213,447,214,446,215,445,215,444,216,443,217,442,218,441,219,440,219,439,219,438,219,437,219,436,219,435,219,434,218,433,217,432,216,431,216,430,215,430,214,429,213,428,212,427,211,427,210,426,209,426,208,425,207,425,206,425,205,425
106,430,105,431,104,431,103,431,102,432,101,433,100,434,99,435,99,436,99,437,99,438,98,439,98,440,98,441,98,442,99,443,100,444,100,445,101,446,102,447,103,448,103,449,104,449,105,449,106,449,107,449,108,449,109,449,110,449,111,449,112,449,113,449,113,448,114,447,115,446,115,445,116,444,116,443,117,442,117,441,117,440,117,439,117,438,118,437,118,436,118,435,117,434,117,433,116,432,116,431,115,431,114,431,113,431,112,430,111,430,110,430,109,430,108,430,107,430
354,430,353,431,352,431,351,432,350,433,349,434,349,435,348,436,347,437,347,438,346,439,346,440,346,441,346,442,346,443,346,444,346,445,346,446,346,447,347,448,347,449,348,450,349,451,350,452,351,453,352,454,353,454,354,454,355,454,356,455,357,455,358,455,359,455,360,455,361,455,362,454,363,454,364,454,365,454,366,453,367,452,368,452,369,451,370,450,371,449,371,448,372,447,372,446,372,445,373,444,373,443,372,442,372,441,372,440,372,439,371,438,370,437,370,436,369,435,368,434,367,433,366,432,365,431,364,431,363,430,362,430,361,430,360,430,359,430,358,430,357,430,356,430,355,430
288,431,287,432,286,432,285,432,284,433,283,433,282,434,281,435,280,436,280,437,279,438,279,439,278,440,278,441,278,442,278,443,278,444,278,445,278,446,279,447,279,448,279,449,280,450,281,451,282,452,283,453,284,454,285,454,286,455,287,455,288,455,289,455,290,455,291,456,292,456,293,455,294,455,295,455,296,455,297,455,298,454,299,454,300,453,301,452,302,451,302,450,303,449,303,448,303,447,304,446,304,445,304,444,304,443,304,442,303,441,303,440,303,439,302,438,302,437,301,436,300,435,299,434,298,433,297,432,296,432,295,432,294,431,293,431,292,431,291,431,290,431,289,431
224,440,223,441,222,441,221,441,220,441,219,441,218,442,217,443,216,444,216,445,215,446,214,447,214,448,214,449,214,450,213,451,213,452,214,453,214,454,214,455,215,456,216,457,217,458,218,458,219,459,220,459,221,460,222,460,223,460,224,460,225,460,226,460,227,459,228,459,229,459,230,458,231,458,232,457,233,457,234,456,234,455,235,454,235,453,236,452,236,451,236,450,236,449,236,448,236,447,236,446,236,445,235,444,235,443,234,442,233,441,232,440,231,440,230,440,229,440,228,440,227,440,226,440,225,440
90,442,89,443,88,443,87,443,86,444,85,445,84,446,83,446,83,447,82,448,81,449,80,450,80,451,79,452,79,453,79,454,79,455,79,456,79,457,79,458,79,459,79,460,80,461,81,462,81,463,82,464,83,465,84,465,85,466,86,466,87,466,88,466,89,466,90,466,91,466,92,466,93,466,94,465,95,465,96,465,97,464,98,464,99,463,100,462,101,461,101,460,102,459,102,458,102,457,102,456,102,455,102,454,102,453,102,452,102,451,102,450,102,449,102,448,101,447,100,446,99,445,99,444,98,443,97,443,96,443,95,443,94,442,93,442,92,442,91,442
153,447,152,448,151,448,150,448,149,449,148,449,147,450,146,451,145,452,144,453,143,453,142,454,142,455,141,456,140,457,140,458,139,459,139,460,138,461,138,462,137,463,136,464,136,465,136,466,136,467,135,468,135,469,135,470,135,471,135,472,135,473,135,474,135,475,135,476,135,477,135,478,135,479,136,480,136,481,136,482,136,483,136,484,137,485,137,486,138,487,139,488,139,489,140,490,141,491,142,492,143,493,144,493,145,494,146,494,147,495,148,495,149,495,150,495,151,495,152,496,153,496,154,496,155,496,156,496,157,496,158,496,159,496,160,496,161,496,162,495,163,495,164,495,165,494,166,494,167,493,168,492,169,492,170,491,171,490,172,490,172,489,173,488,173,487,174,486,174,485,175,484,175,483,176,482,177,481,177,480,178,479,178,478,179,477,180,476,180,475,181,474,181,473,181,472,182,471,182,470,182,469,182,468,181,467,182,466,181,465,181,464,181,463,181,462,180,461,180,460,179,459,179,458,178,457,177,456,176,455,175,454,174,453,173,452,172,452,171,451,170,450,169,450,168,449,167,449,166,449,165,448,164,448,163,447,162,447,161,447,160,447,159,447,158,447,157,447,156,447,155,447,154,447
284,459,283,460,282,461,281,462,280,463,279,463,278,464,278,465,277,466,277,467,277,468,276,469,276,470,276,471,276,472,277,473,277,474,278,474,279,475,280,475,281,474,282,474,283,473,284,473,285,472,286,472,287,471,288,471,288,470,289,469,290,468,290,467,291,466,291,465,291,464,291,463,291,462,290,461,290,460,289,459,288,459,287,459,286,459,285,459
366,459,365,460,364,461,363,461,363,462,362,463,361,464,361,465,360,466,360,467,360,468,360,469,360,470,359,471,359,472,359,473,359,474,358,475,358,476,358,477,358,478,358,479,358,480,359,481,359,482,359,483,359,484,360,485,360,486,361,487,361,488,362,489,363,490,363,491,364,492,365,493,366,493,367,494,368,494,369,495,370,495,371,495,372,495,373,495,374,495,375,495,376,495,377,495,378,495,379,494,380,494,381,493,382,492,383,491,383,490,384,489,385,488,386,487,387,486,388,485,388,484,388,483,389,482,389,481,390,480,390,479,390,478,390,477,391,476,390,475,390,474,390,473,390,472,390,471,389,470,389,469,389,468,388,467,388,466,387,465,386,464,385,463,384,462,383,462,382,461,381,461,380,461,379,461,378,460,377,460,376,460,375,460,374,460,373,460,372,459,371,459,370,459,369,459,368,459,367,459
333,463,332,464,331,464,330,464,329,465,328,465,327,466,326,466,325,467,324,467,323,468,322,469,321,470,321,471,320,472,320,473,320,474,319,475,320,476,319,477,319,478,319,479,319,480,319,481,319,482,320,483,320,484,320,485,320,486,321,487,321,488,322,489,322,490,323,491,324,492,325,492,326,493,327,494,328,495,329,495,330,496,331,496,332,496,333,497,334,497,335,498,336,498,337,498,338,497,339,497,340,497,341,496,342,496,343,496,344,495,345,495,346,494,347,493,348,493,349,492,350,491,351,490,352,489,353,488,353,487,354,486,354,485,355,484,355,483,355,482,355,481,356,480,356,479,356,478,355,477,355,476,355,475,355,474,354,473,354,472,354,471,353,470,352,469,352,468,351,467,350,466,349,466,348,465,347,464,346,464,345,463,344,463,343,463,342,463,341,463,340,463,339,463,338,463,337,463,336,463,335,463,334,463
67,466,66,467,65,467,64,468,63,468,62,468,62,469,61,470,60,470,60,471,59,472,59,473,59,474,59,475,59,476,59,477,59,478,59,479,59,480,59,481,59,482,59,483,59,484,60,485,61,486,62,486,63,487,64,487,65,488,66,488,67,488,68,488,69,488,70,488,71,488,72,487,73,487,74,487,75,486,76,486,77,486,78,485,79,484,80,483,81,482,81,481,82,480,82,479,82,478,83,477,83,476,83,475,83,474,82,473,82,472,81,471,80,470,79,469,78,468,77,468,76,467,75,467,74,466,73,466,72,466,71,466,70,466,69,466,68,466
193,469,192,470,191,470,190,470,189,471,188,472,187,472,186,472,185,473,184,473,183,474,182,474,181,475,181,476,180,477,179,478,179,479,178,480,178,481,177,482,176,483,176,484,175,485,175,486,174,487,174,488,173,489,173,490,173,491,172,492,172,493,172,494,172,495,172,496,173,497,173,498,173,499,173,500,173,501,174,502,174,503,175,504,175,505,176,506,176,507,177,508,177,509,178,510,179,510,180,510,181,510,182,511,183,511,184,511,185,511,186,511,187,511,188,511,189,511,190,511,191,511,192,511,193,511,194,511,195,511,196,511,197,511,198,511,199,511,200,511,201,511,202,511,203,511,204,511,205,511,206,510,207,510,208,510,209,510,210,510,211,510,212,510,213,509,213,508,214,507,215,506,215,505,215,504,216,503,217,502,217,501,218,500,218,499,218,498,218,497,218,496,218,495,218,494,218,493,218,492,218,491,218,490,218,489,217,488,217,487,217,486,217,485,216,484,216,483,216,482,215,481,215,480,214,479,214,478,213,477,212,476,211,475,210,474,209,473,208,472,207,472,206,471,205,471,204,470,203,470,202,469,201,469,200,469,199,469,198,469,197,469,196,469,195,469,194,469
234,469,233,470,232,470,231,471,230,472,229,473,228,473,227,474,226,475,225,476,225,477,225,478,225,479,225,480,225,481,226,482,227,483,227,484,228,484,229,485,230,485,231,485,232,485,233,485,234,485,235,485,236,485,237,484,238,484,239,483,240,482,241,481,242,480,243,479,243,478,244,477,244,476,245,475,244,474,245,473,244,472,244,471,243,470,242,470,241,470,240,470,239,470,238,470,237,469,236,469,235,469
287,472,286,473,285,473,284,474,283,474,282,475,281,475,280,476,281,477,281,478,281,479,280,480,280,481,280,482,280,483,281,484,281,485,282,485,283,485,284,485,285,484,286,484,287,484,288,483,289,482,290,481,291,481,292,480,293,480,294,479,295,478,296,477,296,476,296,475,295,474,294,474,293,473,292,473,291,473,290,473,289,472,288,472
105,474,104,475,103,475,102,475,101,476,100,476,99,477,98,478,97,478,96,479,95,480,94,480,93,480,92,481,91,482,90,483,89,484,88,485,88,486,87,487,87,488,86,489,86,490,85,491,85,492,85,493,84,494,84,495,84,496,84,497,84,498,84,499,85,500,84,501,84,502,84,503,84,504,84,505,84,506,84,507,84,508,85,509,85,510,86,510,87,511,88,511,89,511,90,511,91,511,92,511,93,511,94,511,95,511,96,511,97,511,98,511,99,511,100,511,101,511,102,511,103,511,104,511,105,511,106,511,107,511,108,511,109,511,110,511,111,511,112,511,113,511,114,511,115,511,116,511,117,511,118,511,119,511,120,511,121,511,122,511,123,511,124,511,125,511,126,511,127,511,128,511,129,511,130,511,131,511,132,510,133,510,133,509,134,508,134,507,134,506,135,505,135,504,135,503,135,502,135,501,135,500,135,499,135,498,135,497,135,496,135,495,134,494,134,493,133,492,133,491,133,490,132,489,132,488,131,487,131,486,130,485,129,484,129,483,128,482,127,481,126,480,125,480,124,479,123,478,122,478,121,477,120,477,119,476,118,476,117,475,116,475,115,475,114,475,113,474,112,474,111,474,110,474,109,474,108,474,107,474,106,474
56,486,55,487,54,487,53,487,52,487,51,488,50,488,49,488,48,489,47,490,46,491,45,492,45,493,44,494,44,495,44,496,43,497,43,498,43,499,43,500,43,501,42,502,42,503,43,504,43,505,43,506,44,507,45,508,45,509,46,510,47,510,48,510,49,510,50,511,51,511,52,511,53,511,54,511,55,511,56,511,57,511,58,511,59,511,60,511,61,511,62,511,63,511,64,511,65,511,66,511,67,510,68,510,69,510,70,509,71,509,72,508,73,508,74,507,75,506,75,505,76,504,75,503,75,502,75,501,75,500,74,499,74,498,73,497,73,496,72,495,71,494,70,493,69,492,68,491,67,490,67,489,66,489,65,489,64,488,63,488,62,487,61,487,60,486,59,486,58,486,57,486
266,486,265,487,264,487,263,487,262,488,261,488,260,489,259,489,259,490,259,491,259,492,259,493,259,494,259,495,260,496,260,497,260,498,260,499,260,500,260,501,261,502,261,503,261,504,262,504,263,504,264,505,265,505,266,505,267,505,268,505,269,505,270,506,271,506,272,506,273,505,274,505,275,504,276,504,277,503,278,502,279,502,279,501,280,500,281,499,281,498,281,497,280,496,280,495,279,494,279,493,278,492,278,491,277,490,276,489,275,489,274,488,273,488,272,487,271,487,270,487,269,486,268,486,267,486
296,490,295,491,294,492,293,492,292,493,292,494,291,495,291,496,290,497,290,498,290,499,290,500,290,501,290,502,290,503,290,504,290,505,290,506,290,507,290,508,290,509,291,510,292,510,293,510,294,510,295,510,296,510,297,511,298,511,299,511,300,511,301,511,302,511,303,511,304,510,305,510,306,510,307,509,308,508,309,507,309,506,309,505,310,504,310,503,310,502,310,501,310,500,310,499,310,498,309,497,309,496,308,495,308,494,307,493,306,492,305,492,304,491,303,491,302,491,301,490,300,490,299,490,298,490,297,490
391,499,390,500,389,500,388,500,387,500,386,501,385,501,384,502,383,503,382,504,381,505,380,506,379,507,379,508,379,509,379,510,380,510,381,511,382,511,383,511,384,511,385,511,386,511,387,511,388,511,389,511,390,511,391,511,392,511,393,511,394,511,395,511,396,511,397,510,398,510,399,509,400,508,399,507,399,506,399,505,399,504,399,503,398,502,397,501,396,501,395,500,394,500,393,500,392,499
