48,73,47,74,46,74,45,74,44,75,43,76,42,77,41,78,41,79,40,80,40,81,40,82,40,83,40,84,40,85,40,86,41,87,42,88,43,89,44,90,45,90,46,91,47,91,48,92,49,92,50,92,51,92,52,92,53,92,54,92,55,92,56,91,57,91,58,90,59,89,59,88,59,87,60,86,60,85,60,84,60,83,59,82,59,81,59,80,58,79,58,78,57,77,56,76,55,75,54,75,53,74,52,74,51,74,50,73,49,73
152,112,151,113,150,113,149,114,148,114,147,115,146,115,145,115,144,115,143,115,142,115,141,115,140,115,139,115,138,116,137,116,136,116,135,116,134,116,133,116,132,117,131,117,130,118,129,118,128,119,127,120,126,121,125,122,124,123,124,124,124,125,123,126,123,127,123,128,123,129,122,130,122,131,122,132,122,133,122,134,122,135,122,136,122,137,122,138,122,139,122,140,122,141,123,141,124,142,125,143,126,143,127,144,128,144,129,145,130,146,131,146,132,146,133,146,134,147,135,147,136,147,137,147,138,148,139,148,140,149,141,149,142,149,143,150,144,150,145,151,146,152,147,152,148,151,149,151,150,151,151,150,152,150,153,150,154,149,155,149,156,148,157,148,158,147,159,146,160,146,161,145,161,144,162,143,162,142,163,141,163,140,163,139,164,138,164,137,165,136,165,135,166,134,167,133,167,132,168,131,169,130,170,129,170,128,171,127,171,126,170,125,170,124,169,123,169,122,168,121,167,120,167,119,167,118,166,117,166,116,165,115,165,114,164,114,163,114,162,113,161,113,160,112,159,112,158,112,157,112,156,112,155,112,154,112,153,112
170,112,169,113,168,113,167,113,166,114,166,115,167,116,167,117,168,118,168,119,168,120,169,121,170,122,170,123,171,124,171,125,172,126,173,126,174,126,175,126,176,127,177,127,178,127,179,126,180,126,181,126,182,125,183,125,184,125,185,124,186,124,187,124,188,123,189,122,189,121,189,120,189,119,188,118,188,117,187,116,186,115,185,114,184,114,183,113,182,113,181,113,180,112,179,112,178,112,177,112,176,112,175,112,174,112,173,112,172,112,171,112
57,117,56,118,55,119,54,120,53,121,53,122,52,123,52,124,52,125,51,126,51,127,51,128,52,129,53,130,53,131,54,132,55,133,56,133,57,134,58,134,59,133,60,133,61,133,62,132,63,132,64,131,65,131,65,130,66,129,67,128,67,127,67,126,67,125,67,124,67,123,67,122,67,121,66,120,65,119,65,118,64,118,63,118,62,117,61,117,60,117,59,117,58,117
188,124,187,125,186,125,185,125,184,126,183,126,182,126,181,127,180,127,179,127,178,128,177,128,176,129,175,130,174,131,173,132,172,133,172,134,171,135,171,136,170,137,170,138,169,139,169,140,168,141,169,142,169,143,169,144,170,145,170,146,171,147,172,148,173,149,174,149,175,150,176,151,177,151,178,152,179,152,180,152,181,152,182,153,183,153,184,154,185,154,186,154,187,154,188,154,189,154,190,154,191,153,192,153,193,152,194,152,195,151,196,151,197,150,198,150,198,149,198,148,199,147,199,146,200,145,200,144,201,143,201,142,202,141,202,140,202,139,202,138,202,137,202,136,203,135,203,134,203,133,202,132,202,131,201,130,200,129,199,128,198,128,197,128,196,127,195,127,194,126,193,126,192,126,191,126,190,125,189,125
212,127,211,128,210,128,209,128,209,129,208,130,207,131,207,132,207,133,207,134,207,135,207,136,208,137,208,138,209,139,210,139,211,140,212,140,213,140,214,140,215,140,216,141,217,140,218,139,219,139,220,138,221,137,221,136,221,135,222,134,222,133,222,132,221,131,221,130,220,129,219,128,218,128,217,127,216,127,215,127,214,127,213,127
109,137,108,138,107,138,106,138,105,139,104,139,103,140,102,141,101,142,101,143,100,144,100,145,100,146,99,147,99,148,99,149,99,150,100,151,100,152,100,153,101,154,101,155,102,156,102,157,103,158,104,158,105,158,106,158,107,157,108,157,109,157,110,157,111,156,112,155,113,154,114,153,115,152,116,151,116,150,117,149,118,149,119,148,119,147,119,146,120,145,120,144,120,143,120,142,120,141,120,140,119,139,118,138,117,138,116,137,115,137,114,137,113,137,112,137,111,137,110,137
220,139,219,140,218,140,217,141,216,142,216,143,216,144,215,145,215,146,215,147,215,148,215,149,215,150,214,151,215,152,215,153,215,154,216,155,216,156,216,157,217,158,217,159,218,160,219,161,220,162,221,162,222,163,223,163,224,163,225,163,226,162,227,162,228,162,229,161,230,160,231,160,232,159,233,158,234,157,234,156,235,155,235,154,235,153,236,152,236,151,236,150,236,149,235,148,235,147,235,146,234,145,233,144,233,143,232,143,231,142,230,141,229,140,228,140,227,140,226,139,225,139,224,139,223,139,222,139,221,139
124,147,123,148,122,148,121,148,120,148,119,149,118,150,117,150,117,151,116,152,115,153,114,154,113,155,112,156,111,157,111,158,111,159,111,160,111,161,111,162,111,163,111,164,112,165,112,166,112,167,113,168,114,169,114,170,115,171,116,172,117,173,118,173,119,174,120,174,121,174,122,174,123,174,124,174,125,174,126,174,127,174,128,174,129,174,130,174,131,173,132,173,133,173,134,173,135,172,136,172,137,172,138,171,139,171,140,170,141,170,142,169,143,168,143,167,144,166,145,165,145,164,145,163,146,162,146,161,146,160,146,159,147,158,147,157,147,156,147,155,147,154,146,153,145,152,144,151,143,151,142,150,141,150,140,150,139,149,138,149,137,148,136,148,135,148,134,148,133,147,132,147,131,147,130,147,129,147,128,147,127,147,126,147,125,147
205,147,204,148,203,148,202,148,201,149,200,150,200,151,199,152,199,153,198,154,197,155,197,156,196,157,196,158,195,159,195,160,194,161,194,162,194,163,194,164,193,165,193,166,193,167,193,168,194,169,194,170,195,171,195,172,196,173,197,173,198,174,199,174,200,174,201,175,202,175,203,174,204,174,205,174,205,173,206,172,207,172,207,171,208,170,209,169,209,168,210,167,211,166,211,165,212,164,212,163,212,162,212,161,212,160,212,159,212,158,212,157,212,156,212,155,213,154,212,153,212,152,212,151,212,150,212,149,211,148,210,147,209,147,208,147,207,147,206,147
167,149,166,150,165,150,164,150,163,150,162,150,161,151,160,151,159,152,158,153,158,154,157,155,157,156,156,157,156,158,156,159,156,160,156,161,156,162,156,163,156,164,156,165,156,166,156,167,157,168,157,169,157,170,158,171,158,172,159,173,159,174,160,175,161,176,161,177,162,178,163,179,164,180,164,181,165,181,166,181,167,181,168,181,169,181,170,180,171,180,172,180,173,180,174,180,175,179,176,179,177,178,178,178,179,177,180,177,181,177,181,176,182,175,183,174,184,173,185,173,185,172,186,171,187,170,187,169,187,168,187,167,186,166,186,165,186,164,185,163,185,162,184,161,183,160,183,159,182,158,181,157,180,156,179,155,178,154,178,153,177,152,176,152,175,151,174,150,173,150,172,149,171,150,170,150,169,150,168,150
242,154,242,155,241,156,240,157,240,158,239,159,239,160,239,161,239,162,239,163,239,164,239,165,239,166,239,167,239,168,239,169,240,170,240,171,241,172,241,173,241,174,242,175,242,176,242,177,241,178,242,179,243,180,244,181,245,182,246,183,247,183,248,184,249,185,250,184,251,184,252,184,253,184,254,183,255,182,256,181,257,180,257,179,258,178,259,177,259,176,260,175,260,174,260,173,259,172,260,171,259,170,259,169,259,168,259,167,259,166,259,165,258,164,257,163,257,162,256,161,256,160,255,160,254,159,253,158,252,158,251,157,250,157,249,156,248,156,247,155,246,155,245,154,244,154,243,154
230,164,229,165,228,165,227,165,226,166,225,166,224,166,223,166,222,166,221,167,220,167,219,168,218,168,217,169,216,170,215,171,214,172,214,173,213,174,212,175,212,176,212,177,212,178,212,179,213,180,213,181,214,182,214,183,215,183,216,184,217,185,218,185,219,186,220,186,221,186,222,187,223,187,224,187,225,187,226,187,227,187,228,187,229,187,230,186,231,186,232,185,233,184,233,183,234,182,235,181,236,180,237,179,238,178,238,177,238,176,237,175,237,174,237,173,237,172,237,171,238,170,237,169,238,168,237,167,236,166,235,166,234,165,233,164,232,164,231,164
265,169,264,170,263,170,263,171,263,172,262,173,262,174,261,175,260,176,260,177,259,178,258,179,258,180,257,181,256,182,255,183,254,184,253,185,252,185,252,186,251,187,251,188,250,189,250,190,250,191,250,192,250,193,250,194,250,195,251,196,251,197,252,198,253,199,253,200,254,199,255,199,256,199,257,199,258,200,259,199,260,198,261,197,262,196,263,195,264,194,265,193,266,192,267,191,266,190,266,189,266,188,267,187,267,186,268,185,269,184,269,183,269,182,269,181,269,180,270,179,269,178,269,177,269,176,269,175,269,174,268,173,267,172,267,171,267,170,266,170
144,177,143,178,142,178,141,178,140,178,139,178,138,179,137,179,136,179,135,179,134,180,133,180,132,181,131,181,130,182,129,182,128,183,127,183,126,184,125,185,124,186,124,187,123,188,122,189,122,190,121,191,121,192,121,193,121,194,121,195,122,196,122,197,123,198,123,199,123,200,124,201,125,201,126,201,127,202,128,202,129,202,130,203,131,203,132,204,133,204,134,205,135,205,136,205,137,205,138,206,139,206,140,205,141,205,142,204,143,204,144,204,145,204,146,203,147,203,148,202,149,202,150,201,151,200,152,199,153,199,153,198,154,197,155,196,156,195,157,194,157,193,157,192,157,191,157,190,157,189,157,188,157,187,157,186,157,185,157,184,156,183,156,182,155,181,155,180,154,180,153,179,152,178,151,178,150,177,149,177,148,177,147,177,146,177,145,177
184,177,183,178,182,178,181,178,181,179,180,180,179,180,178,181,177,182,176,182,175,183,174,184,173,185,172,186,172,187,172,188,172,189,172,190,172,191,171,192,171,193,171,194,171,195,170,196,171,197,171,198,171,199,172,200,173,201,174,202,175,203,175,204,176,205,177,206,178,207,179,208,180,208,181,208,182,208,183,209,184,209,185,208,186,208,187,208,188,207,189,207,190,206,191,206,192,205,193,205,194,204,195,204,196,203,197,202,197,201,198,200,199,199,199,198,199,197,200,196,201,196,201,195,201,194,202,193,202,192,203,191,203,190,204,189,204,188,204,187,205,186,205,185,205,184,205,183,204,183,203,182,202,182,201,181,201,180,200,180,199,179,198,178,197,178,196,177,195,177,194,177,193,177,192,177,191,177,190,177,189,177,188,177,187,177,186,177,185,177
238,179,237,180,236,181,235,182,234,183,234,184,233,185,232,186,231,187,232,188,232,189,231,190,231,191,231,192,231,193,231,194,231,195,231,196,232,197,232,198,232,199,232,200,232,201,232,202,232,203,232,204,232,205,231,206,231,207,231,208,230,209,229,210,230,211,230,212,231,213,232,213,233,214,234,214,235,214,236,214,237,214,238,213,239,213,240,212,241,211,242,210,243,210,244,209,245,209,246,209,247,208,248,208,249,207,250,206,251,205,251,204,252,203,252,202,252,201,252,200,252,199,251,198,250,197,250,196,249,195,249,194,249,193,249,192,249,191,249,190,248,189,248,188,249,187,249,186,248,185,247,184,246,184,245,183,244,182,243,181,242,180,241,179,240,179,239,179
163,182,162,183,161,183,160,184,159,184,158,185,158,186,158,187,158,188,158,189,158,190,158,191,158,192,158,193,158,194,159,195,160,196,161,197,162,197,163,198,164,198,165,198,166,197,167,197,168,196,168,195,169,194,170,195,170,194,170,193,170,192,171,191,171,190,171,189,171,188,171,187,170,186,169,185,168,185,167,184,167,183,166,183,165,183,164,183
206,183,206,184,206,185,206,186,205,187,205,188,205,189,204,190,204,191,203,192,203,193,202,194,202,195,202,196,203,197,203,198,203,199,203,200,202,201,203,202,203,203,203,204,203,205,202,206,202,207,202,208,202,209,202,210,202,211,203,212,203,213,204,214,204,215,205,215,206,216,207,216,208,216,209,216,210,217,211,217,212,216,213,216,214,216,215,215,216,215,217,215,218,214,219,214,220,214,221,213,222,213,223,212,224,212,225,211,226,210,227,210,228,209,229,209,230,208,230,207,230,206,231,205,231,204,231,203,231,202,231,201,231,200,231,199,231,198,231,197,230,196,230,195,230,194,230,193,229,192,228,191,227,190,226,190,225,190,224,190,223,190,222,190,221,190,220,190,219,190,218,190,217,190,216,190,215,189,214,189,213,188,212,187,211,187,210,186,209,185,208,185,207,184
160,199,159,200,158,200,157,201,156,202,155,202,155,203,154,204,153,205,153,206,152,207,152,208,152,209,151,210,151,211,150,212,151,213,151,214,151,215,151,216,152,217,152,218,152,219,153,220,153,221,154,222,154,223,155,223,156,224,157,225,158,225,159,226,160,226,161,227,162,227,163,227,164,227,165,227,166,227,167,227,168,227,169,227,170,227,171,227,172,227,173,227,174,227,175,227,176,227,176,226,177,225,177,224,177,223,178,222,178,221,178,220,179,219,179,218,179,217,179,216,179,215,179,214,179,213,179,212,179,211,179,210,179,209,178,208,177,207,176,206,175,205,174,204,174,203,173,202,172,201,171,200,170,200,169,200,168,200,167,199,166,199,165,199,164,199,163,199,162,199,161,199
123,201,122,202,121,203,120,204,119,204,119,205,119,206,118,207,118,208,118,209,118,210,118,211,118,212,119,213,119,214,120,215,120,216,121,217,121,218,122,219,122,220,123,220,124,221,125,221,126,222,127,222,128,222,129,222,130,221,131,220,132,220,133,219,134,218,135,218,136,217,137,216,138,216,139,215,140,214,141,213,142,213,143,212,144,211,144,210,143,210,142,210,141,209,140,208,139,208,138,207,137,207,136,206,135,206,134,206,133,205,132,205,131,204,130,204,129,203,128,203,127,203,126,202,125,202,124,202
145,211,144,212,143,213,142,214,141,214,140,215,139,216,138,217,137,217,136,218,135,219,134,219,133,220,132,221,131,221,130,222,129,223,128,223,129,224,129,225,129,226,128,227,128,228,128,229,128,230,129,231,129,232,129,233,130,234,130,235,131,236,131,237,132,238,132,239,133,240,133,241,134,242,134,243,134,244,134,245,134,246,134,247,134,248,135,249,136,250,137,251,138,252,139,252,140,253,141,252,142,252,143,251,144,251,145,251,146,251,147,250,148,250,149,250,150,250,151,250,152,250,153,250,154,250,155,249,155,248,156,247,156,246,156,245,155,244,155,243,155,242,155,241,154,240,154,239,154,238,155,237,155,236,155,235,155,234,155,233,155,232,155,231,156,230,156,229,156,228,155,228,154,227,154,226,153,225,153,224,152,223,151,222,150,221,149,220,149,219,148,218,148,217,147,216,147,215,146,214,147,213,146,212
294,212,293,213,292,213,291,214,290,215,290,216,289,217,289,218,288,219,287,220,287,221,286,222,285,223,284,224,284,225,284,226,284,227,284,228,284,229,283,230,283,231,283,232,283,233,284,234,284,235,284,236,284,237,285,237,286,238,287,238,288,238,289,238,290,237,291,236,292,235,293,234,294,233,295,232,296,231,297,230,297,229,297,228,297,227,297,226,297,225,297,224,297,223,297,222,297,221,297,220,297,219,297,218,297,217,298,216,297,215,297,214,297,213,296,212,295,212
257,216,256,217,255,217,254,218,253,218,252,218,251,219,250,220,249,221,248,222,248,223,248,224,248,225,248,226,248,227,248,228,248,229,249,230,250,231,250,232,251,233,252,234,253,234,254,235,255,236,256,236,257,236,258,237,259,237,260,237,261,237,262,237,263,237,264,237,265,237,266,237,267,237,268,236,268,235,269,234,269,233,269,232,270,231,270,230,271,229,271,228,272,227,272,226,272,225,272,224,272,223,271,222,271,221,270,220,270,219,269,218,268,218,267,218,266,218,265,217,264,217,263,217,262,216,261,216,260,216,259,216,258,216
188,217,187,218,186,218,185,218,184,219,183,220,182,220,182,221,182,222,181,223,181,224,181,225,181,226,181,227,181,228,181,229,181,230,181,231,181,232,182,233,183,234,184,235,184,236,183,237,184,238,185,239,185,240,186,241,187,242,187,243,188,244,189,245,190,246,190,247,191,248,192,248,193,248,194,249,195,249,196,249,197,248,198,248,199,248,200,248,201,248,202,248,203,247,204,246,205,245,205,244,206,243,206,242,206,241,207,240,207,239,207,238,207,237,207,236,207,235,207,234,206,233,206,232,205,231,205,230,204,229,204,228,204,227,203,228,202,227,202,226,201,225,201,224,200,223,199,222,199,221,199,220,198,220,197,219,196,218,195,218,194,218,193,217,192,217,191,217,190,217,189,217
210,218,209,219,208,219,208,220,207,221,207,222,206,223,206,224,206,225,205,226,205,227,205,228,205,229,206,230,206,231,207,232,207,233,208,234,208,235,209,236,210,236,211,237,212,237,213,237,214,237,215,237,216,237,217,237,218,236,219,235,220,234,221,233,221,232,222,231,222,230,222,229,222,228,222,227,221,226,221,225,220,224,219,224,218,223,218,222,217,222,216,221,215,220,214,219,213,219,212,218,211,218
101,222,100,223,99,223,98,223,97,224,97,225,96,226,96,227,96,228,96,229,95,230,96,231,96,232,96,233,97,234,97,235,98,236,99,237,100,237,101,238,102,238,103,238,104,238,105,238,106,238,107,238,108,237,109,237,110,236,111,235,112,234,112,233,112,232,112,231,112,230,112,229,111,228,110,227,109,226,108,225,107,225,106,224,105,223,104,223,103,222,102,222
308,225,307,226,306,226,305,227,304,227,303,227,302,228,301,229,300,229,300,230,299,231,298,231,297,231,296,232,295,233,294,234,293,235,292,236,291,237,290,238,289,239,290,240,290,241,289,242,290,243,290,244,291,245,292,246,292,247,293,247,294,248,295,248,296,249,297,249,298,249,299,249,300,249,301,249,302,249,303,248,304,248,305,247,306,246,307,245,307,244,308,243,309,242,310,241,310,240,311,239,311,238,311,237,312,236,312,235,312,234,312,233,313,232,312,231,313,230,313,229,313,228,312,227,312,226,311,225,310,225,309,225
162,228,161,229,160,229,159,229,158,229,157,229,157,230,156,231,156,232,156,233,156,234,156,235,156,236,156,237,155,238,155,239,155,240,156,241,156,242,156,243,156,244,157,245,157,246,158,246,159,245,160,245,161,245,162,244,163,244,164,244,165,243,166,243,167,243,168,242,169,242,170,241,171,241,172,240,173,240,174,239,175,239,176,238,177,238,178,237,179,237,180,236,181,236,181,235,180,234,180,233,179,232,178,231,177,230,176,229,176,228,175,228,174,228,173,228,172,228,171,228,170,228,169,228,168,228,167,228,166,228,165,228,164,228,163,229
233,229,232,230,231,230,230,231,229,231,228,232,227,233,227,234,226,235,226,236,226,237,226,238,226,239,226,240,226,241,226,242,226,243,227,244,227,245,227,246,228,247,227,248,228,249,229,250,230,251,231,252,232,253,232,254,233,255,234,256,234,257,235,258,236,258,237,259,238,260,239,260,240,261,241,261,242,261,243,261,244,261,245,261,246,261,247,261,248,261,249,261,250,260,251,260,252,260,253,260,254,260,255,259,256,258,257,257,258,257,259,256,260,255,260,254,260,253,260,252,259,251,259,250,259,249,259,248,258,247,258,246,257,245,256,244,255,244,254,243,253,242,252,241,251,240,250,239,249,238,248,237,247,236,246,235,245,234,244,233,243,232,242,231,241,230,240,230,239,229,238,229,237,229,236,229,235,229,234,229
180,237,179,238,178,238,177,239,176,239,175,240,174,240,173,241,172,241,171,242,170,242,169,243,168,243,167,244,166,244,165,244,164,245,163,245,162,245,161,246,160,246,159,246,158,247,157,247,156,248,156,249,155,250,155,251,155,252,155,253,155,254,155,255,155,256,155,257,155,258,155,259,155,260,156,261,156,262,156,263,156,264,156,265,157,265,158,266,159,266,160,267,161,267,162,268,163,268,164,269,165,269,166,270,167,270,168,271,169,272,170,272,171,273,172,273,173,272,173,271,174,270,175,269,176,268,177,268,177,267,178,266,179,266,179,265,180,264,181,263,182,262,183,261,184,260,185,259,186,258,187,257,188,256,189,255,190,254,190,253,190,252,191,251,191,250,191,249,190,248,189,247,189,246,188,245,187,244,186,243,186,242,185,241,184,240,184,239,183,238,182,237,181,237
218,245,217,246,216,246,215,247,214,248,213,249,212,250,212,251,212,252,211,253,211,254,211,255,211,256,211,257,211,258,210,259,210,260,209,261,210,262,210,263,211,264,212,265,213,266,214,266,215,267,216,267,217,268,218,268,219,269,220,270,221,271,222,271,223,272,224,273,225,273,226,274,227,274,228,275,229,275,230,274,231,274,232,273,233,273,234,273,235,272,236,271,236,270,236,269,236,268,237,267,237,266,236,265,236,264,236,263,235,262,235,261,235,260,234,259,234,258,233,257,233,256,232,255,231,254,231,253,230,252,229,251,228,250,227,249,226,248,225,248,224,247,223,246,222,246,221,245,220,246,219,245
147,251,146,252,145,252,144,252,143,252,142,253,141,253,141,254,140,255,141,256,141,257,141,258,142,259,143,260,144,261,145,261,146,262,147,262,148,261,149,261,150,261,151,260,152,260,153,259,154,259,154,258,154,257,154,256,154,255,154,254,154,253,154,252,154,251,153,251,152,251,151,251,150,251,149,251,148,251
298,255,297,256,296,257,295,258,294,259,293,259,292,260,291,261,290,261,289,262,288,262,287,262,286,263,285,263,284,264,283,264,282,264,281,265,280,265,279,266,278,266,277,267,276,267,277,268,277,269,277,270,276,271,276,272,276,273,275,274,276,275,276,276,276,277,277,278,277,279,277,280,278,281,278,282,279,283,280,284,281,285,282,286,283,287,284,287,285,288,286,288,287,288,288,288,289,288,290,288,291,288,292,288,293,288,294,288,295,288,296,287,297,287,298,286,299,285,300,284,301,283,302,283,301,282,301,281,302,280,302,279,302,278,302,277,303,276,303,275,303,274,303,273,303,272,303,271,303,270,303,269,303,268,303,267,303,266,303,265,303,264,303,263,302,262,302,261,302,260,301,259,301,258,300,257,299,256
319,258,318,259,317,259,316,259,315,259,314,260,313,261,313,262,313,263,313,264,313,265,313,266,313,267,314,268,314,269,315,270,316,271,316,272,317,272,318,272,319,272,320,272,321,272,322,271,323,271,324,271,325,271,326,270,327,270,328,269,329,269,330,268,330,267,330,266,330,265,329,264,329,263,329,262,328,261,327,260,326,259,325,259,324,259,323,258,322,258,321,258,320,259
207,261,206,262,205,262,204,263,203,263,202,264,201,265,201,266,200,267,200,268,200,269,200,270,201,271,201,272,201,273,202,274,202,275,202,276,202,277,203,278,203,279,203,280,203,281,203,282,203,283,203,284,203,285,204,286,204,287,205,288,206,288,207,289,208,289,209,289,210,289,211,288,212,288,213,287,214,287,215,286,216,285,217,284,218,283,218,282,219,281,219,280,220,279,220,278,220,277,220,276,219,275,219,274,218,273,218,272,217,271,217,270,216,269,215,268,214,267,213,267,212,266,211,265,210,264,209,263,209,262,208,261
155,266,154,267,153,268,152,268,152,269,152,270,152,271,152,272,152,273,153,274,153,275,154,276,155,277,156,278,157,279,158,280,159,280,160,280,161,280,162,280,163,280,164,280,165,279,166,279,167,278,168,277,169,276,170,275,171,274,170,273,169,273,168,272,167,271,166,271,165,270,164,270,163,269,162,269,161,268,160,268,159,267,158,267,157,266,156,266
331,268,330,269,329,270,328,270,327,271,326,271,325,272,324,272,323,272,322,272,321,273,320,273,319,273,318,273,317,273,316,273,315,273,315,274,314,275,313,276,313,277,313,278,312,279,312,280,312,281,312,282,312,283,312,284,312,285,312,286,312,287,313,288,314,289,315,290,316,290,317,291,318,291,319,291,320,291,321,291,322,291,323,291,324,291,325,291,326,291,327,290,328,290,329,289,330,288,331,288,332,287,333,286,334,286,335,285,336,284,337,283,337,282,338,281,338,280,338,279,338,278,338,277,338,276,338,275,338,274,337,273,337,272,336,272,335,271,334,270,333,270,332,269
191,269,190,270,189,270,188,271,187,272,186,272,185,273,184,274,184,275,183,276,183,277,182,278,182,279,182,280,182,281,183,282,184,283,184,284,185,285,186,286,187,287,188,288,189,288,190,289,191,290,192,290,193,291,194,291,195,291,196,290,197,290,198,289,199,288,200,287,201,286,202,285,202,284,202,283,202,282,202,281,202,280,202,279,202,278,201,277,201,276,201,275,201,274,200,273,200,272,200,271,199,270,199,269,198,269,197,269,196,269,195,269,194,269,193,269,192,269
254,269,253,270,252,271,251,272,251,273,251,274,250,275,250,276,250,277,249,278,249,279,249,280,249,281,249,282,250,283,250,284,251,285,251,286,252,287,253,288,254,289,255,289,256,290,257,291,258,291,259,291,260,291,261,290,262,290,263,289,264,289,265,288,266,287,266,286,267,285,267,284,268,283,268,282,268,281,268,280,268,279,268,278,267,277,267,276,267,275,266,274,265,273,264,272,263,271,262,270,261,270,260,270,259,269,258,269,257,269,256,269,255,269
178,279,177,280,176,280,175,280,174,280,173,280,172,280,171,280,170,280,169,280,168,281,167,282,166,283,166,284,165,285,165,286,165,287,165,288,165,289,165,290,166,291,166,292,167,293,168,294,168,295,169,296,170,297,170,298,171,298,172,299,172,300,173,301,174,301,175,302,176,302,177,302,178,302,179,302,180,303,181,303,182,303,183,302,184,302,185,302,186,302,187,301,188,300,189,300,190,299,191,298,192,298,193,297,193,296,193,295,193,294,194,293,194,292,193,292,192,291,191,291,190,290,189,289,188,289,187,288,186,287,185,286,184,285,183,284,183,283,182,282,181,281,181,280,180,280,179,280
242,291,241,292,240,292,239,292,238,293,237,293,236,294,235,295,234,296,234,297,233,298,233,299,233,300,233,301,233,302,233,303,233,304,233,305,233,306,233,307,233,308,233,309,233,310,233,311,233,312,233,313,234,314,235,315,235,316,236,317,237,318,238,319,239,319,240,319,241,319,242,319,243,319,244,318,245,317,246,316,247,316,248,315,249,315,249,314,250,313,251,312,252,311,252,310,253,309,253,308,253,307,254,306,254,305,254,304,254,303,254,302,253,301,253,300,252,299,252,298,251,297,250,296,249,295,248,294,247,294,246,293,245,293,244,292,243,292
331,292,330,293,329,293,328,293,327,293,326,293,325,293,324,293,323,293,322,293,321,294,320,294,319,294,318,294,317,295,316,295,315,295,314,296,313,297,312,297,311,298,310,299,309,300,309,301,309,302,309,303,308,304,309,305,309,306,310,307,310,308,310,309,311,310,312,311,312,312,313,313,314,314,315,313,316,313,317,313,318,312,319,312,320,311,321,311,322,311,323,310,324,310,325,310,326,309,327,309,328,308,329,307,330,307,331,307,332,306,333,306,334,305,335,305,336,304,336,303,337,302,337,301,338,300,338,299,338,298,337,297,337,296,336,295,336,294,335,294,334,293,333,293,332,292
295,297,294,298,293,298,292,298,291,299,290,299,289,300,288,301,288,302,287,303,286,304,286,305,286,306,286,307,285,308,285,309,285,310,285,311,285,312,285,313,285,314,286,315,286,316,287,317,288,318,289,319,290,319,291,319,292,319,293,319,294,320,295,320,296,319,297,319,298,319,299,318,300,318,301,317,302,317,303,316,303,315,304,314,305,313,306,312,306,311,307,310,307,309,307,308,308,307,308,306,308,305,307,304,306,303,305,302,304,301,303,300,302,299,301,299,300,298,299,298,298,297,297,297,296,297
204,302,203,303,202,303,201,303,200,304,199,304,198,305,197,306,196,307,195,308,194,309,194,310,193,311,192,312,192,313,191,314,191,315,191,316,191,317,191,318,191,319,192,320,192,321,193,322,194,322,195,323,196,323,197,323,198,324,199,323,200,323,201,323,202,322,203,322,204,321,205,320,206,319,207,318,208,317,209,316,209,315,210,314,210,313,211,312,211,311,211,310,211,309,211,308,211,307,211,306,211,305,210,304,210,303,209,303,208,302,207,302,206,302,205,302
218,305,217,306,216,306,215,307,214,308,214,309,214,310,214,311,215,312,215,313,215,314,215,315,215,316,215,317,215,318,216,319,217,320,218,321,219,322,220,322,221,322,222,322,223,322,224,322,225,322,226,322,227,322,228,321,228,320,229,319,229,318,229,317,229,316,230,315,230,314,230,313,229,312,229,311,229,310,229,309,228,308,227,307,226,306,225,306,224,305,223,305,222,305,221,305,220,305,219,305
257,313,256,314,255,314,254,314,253,315,252,315,251,315,250,315,249,316,248,316,247,317,246,317,245,318,244,319,243,320,242,321,242,322,241,323,241,324,241,325,240,326,240,327,239,328,239,329,239,330,239,331,239,332,240,333,240,334,240,335,240,336,241,337,241,338,242,339,243,339,244,339,245,340,246,340,247,340,248,340,249,340,250,340,251,339,252,339,253,339,254,338,255,338,256,337,257,336,258,335,259,334,259,333,260,332,260,331,261,330,261,329,261,328,262,327,262,326,262,325,263,324,263,323,263,322,263,321,263,320,263,319,263,318,263,317,263,316,262,315,261,314,260,313,259,313,258,313
269,323,268,324,267,325,267,326,266,327,265,328,265,329,265,330,264,331,264,332,264,333,264,334,264,335,264,336,264,337,265,338,266,339,267,339,268,339,269,339,270,339,271,339,272,338,273,337,274,336,274,335,275,334,276,333,276,332,276,331,277,330,277,329,277,328,276,327,276,326,276,325,275,324,274,323,273,323,272,323,271,323,270,323
319,326,318,327,317,327,316,327,315,327,314,327,313,327,312,327,311,327,310,328,309,328,308,328,307,328,306,328,305,328,304,328,303,328,302,328,301,328,300,328,299,328,298,328,297,328,296,328,295,328,294,328,293,329,292,330,291,331,290,332,290,333,289,334,288,335,287,336,286,337,285,338,284,338,283,339,282,339,282,340,282,341,282,342,282,343,283,344,283,345,284,346,285,346,286,347,287,347,288,348,289,348,290,348,291,349,292,350,293,351,293,352,293,353,293,354,294,355,294,356,295,356,296,356,297,357,298,357,299,357,300,356,301,356,302,356,303,356,304,355,305,355,306,354,307,354,308,353,309,353,310,352,311,352,312,351,313,351,314,350,315,350,316,349,317,349,318,348,319,348,320,347,321,347,322,346,323,345,324,345,325,344,326,343,327,342,328,342,329,341,330,340,331,339,331,338,332,337,332,336,332,335,333,334,333,333,332,332,332,331,332,330,331,329,330,329,329,328,328,327,327,327,326,326,325,326,324,326,323,326,322,326,321,326,320,326
227,336,226,337,225,337,225,338,224,339,224,340,224,341,223,342,223,343,224,344,224,345,224,346,225,347,226,348,227,349,228,350,229,351,230,352,231,352,232,353,233,354,234,355,235,356,236,357,237,357,238,358,239,358,240,359,241,359,242,359,243,360,244,361,245,361,246,362,247,362,248,363,249,363,250,363,251,364,252,364,253,364,254,364,255,364,256,364,257,364,258,363,259,363,260,362,260,361,261,360,261,359,261,358,261,357,261,356,261,355,261,354,261,353,260,352,260,351,260,350,259,349,258,348,257,348,256,347,255,347,254,346,253,346,252,346,251,345,250,345,249,345,248,345,247,345,246,345,245,344,244,343,243,343,242,342,241,342,240,342,239,341,238,340,237,340,236,339,235,339,234,338,233,338,232,337,231,337,230,336,229,336,228,336
346,396,345,397,344,397,343,397,342,397,341,398,340,399,340,400,339,401,338,402,338,403,337,404,337,405,337,406,337,407,338,408,338,409,339,410,340,411,341,412,342,412,343,412,344,412,345,412,346,412,347,412,348,411,349,411,350,410,351,409,352,408,352,407,352,406,353,405,353,404,352,403,352,402,352,401,352,400,351,399,350,398,349,397,348,397,347,397
318,409,317,410,316,410,315,410,314,411,313,411,312,411,311,412,310,413,309,414,309,415,309,416,308,417,308,418,308,419,307,420,307,421,307,422,307,423,308,424,308,425,309,426,310,427,310,428,311,428,312,429,313,430,314,430,315,431,316,431,317,431,318,431,319,431,320,431,321,431,322,431,323,431,324,430,325,430,326,430,327,429,328,428,328,427,329,426,329,425,330,424,330,423,330,422,330,421,329,420,329,419,329,418,328,417,328,416,327,415,326,414,326,413,325,412,324,411,323,410,322,410,321,410,320,409,319,409
367,419,366,420,365,420,364,420,363,420,362,421,361,422,360,422,359,423,358,423,357,424,356,425,356,426,355,427,355,428,355,429,354,430,354,431,354,432,354,433,355,434,356,435,357,436,358,436,359,437,360,437,361,438,362,438,363,438,364,439,365,439,366,439,367,439,368,439,369,439,370,440,371,440,372,440,373,440,374,440,375,441,376,441,377,441,378,441,379,440,380,440,381,440,382,439,383,438,384,437,385,436,386,435,387,434,387,433,387,432,387,431,387,430,387,429,387,428,386,427,386,426,385,425,385,424,384,424,383,423,382,422,381,421,380,421,379,421,378,420,377,420,376,420,375,419,374,419,373,419,372,419,371,419,370,419,369,419,368,419
289,420,288,421,287,421,286,422,285,423,285,424,285,425,284,426,284,427,284,428,284,429,284,430,284,431,285,432,286,433,286,434,287,435,288,436,289,436,290,436,291,436,292,436,293,436,294,436,295,436,296,436,297,435,298,434,298,433,299,432,299,431,299,430,299,429,299,428,299,427,298,426,298,425,298,424,297,423,296,422,295,421,294,421,293,421,292,420,291,420,290,420
156,431,155,432,154,432,153,432,152,432,151,433,150,434,149,435,148,436,147,437,146,438,146,439,145,440,145,441,145,442,145,443,145,444,145,445,145,446,145,447,145,448,145,449,145,450,145,451,146,452,147,453,147,454,148,455,149,456,150,455,151,455,152,455,153,454,154,454,155,454,156,454,157,454,158,453,159,453,160,453,161,453,162,452,163,452,164,452,165,451,166,451,167,450,167,449,168,448,168,447,168,446,168,445,168,444,168,443,168,442,168,441,168,440,168,439,167,438,167,437,167,436,166,435,165,434,164,433,163,433,162,432,161,431,160,431,159,431,158,431,157,431
272,433,271,434,270,434,269,435,269,436,268,437,268,438,268,439,268,440,268,441,268,442,268,443,268,444,269,445,269,446,270,447,271,448,272,449,273,449,274,450,275,450,276,450,277,451,278,450,279,450,280,450,281,449,282,449,283,448,284,447,284,446,285,445,286,444,286,443,286,442,286,441,286,440,286,439,285,438,285,437,285,436,284,435,283,435,282,434,281,434,280,434,279,433,278,433,277,433,276,433,275,433,274,433,273,433
397,433,396,434,395,434,394,435,393,436,392,437,391,438,391,439,390,440,390,441,390,442,390,443,390,444,390,445,391,446,392,447,392,448,392,449,393,450,394,450,395,451,396,452,397,452,398,453,399,453,400,453,401,454,402,454,403,454,404,455,405,455,406,455,407,455,408,454,409,453,410,452,411,451,412,450,412,449,412,448,412,447,412,446,412,445,412,444,412,443,411,442,411,441,410,440,409,439,409,438,408,437,407,436,406,435,405,435,404,434,403,434,402,433,401,433,400,433,399,433,398,433
111,437,110,438,109,438,108,438,107,439,106,440,105,441,104,442,103,443,103,444,103,445,102,446,102,447,102,448,101,449,101,450,102,451,102,452,103,453,103,454,104,455,105,456,106,457,107,458,108,459,109,460,109,461,110,462,111,463,111,464,112,465,113,466,114,467,115,468,116,469,117,469,118,469,119,469,120,469,121,468,122,468,123,467,124,467,125,466,126,466,127,465,128,464,129,463,129,462,130,461,130,460,130,459,130,458,129,457,128,456,127,455,126,454,125,453,124,452,124,451,123,450,123,449,123,448,123,447,123,446,123,445,123,444,123,443,122,442,122,441,121,440,120,440,119,439,118,438,117,438,116,437,115,437,114,437,113,437,112,437
180,438,179,439,178,439,177,440,177,441,176,442,176,443,177,444,177,445,177,446,178,446,179,447,180,447,181,447,182,447,183,447,184,446,185,446,186,445,187,444,187,443,187,442,187,441,186,440,185,439,184,438,183,438,182,438,181,438
318,440,317,441,316,441,315,441,314,441,313,441,312,441,311,442,310,442,309,443,308,443,307,444,306,445,305,446,305,447,304,448,304,449,303,450,303,451,303,452,302,453,302,454,303,455,303,456,303,457,303,458,303,459,303,460,304,461,304,462,304,463,305,464,305,465,306,466,307,467,308,468,309,469,310,470,311,470,312,471,313,471,314,471,315,471,316,472,317,472,318,472,319,471,320,471,321,471,322,471,323,471,324,471,325,471,326,470,327,470,328,470,329,469,330,468,331,468,332,468,333,467,333,466,333,465,333,464,333,463,333,462,333,461,333,460,334,459,334,458,334,457,334,456,334,455,334,454,334,453,334,452,334,451,334,450,334,449,334,448,334,447,334,446,333,446,332,446,331,445,330,445,329,444,328,444,327,443,326,443,325,442,324,442,323,441,322,441,321,441,320,441,319,441
191,442,190,443,189,443,188,444,187,445,186,446,185,447,185,448,185,449,184,450,184,451,183,452,183,453,183,454,183,455,183,456,184,457,184,458,184,459,185,460,186,461,187,462,188,463,189,463,190,464,191,464,192,464,193,464,194,464,195,463,196,463,197,463,198,462,199,461,200,460,200,459,201,458,201,457,202,456,202,455,203,454,203,453,203,452,203,451,203,450,203,449,203,448,202,447,201,446,201,445,200,445,199,444,198,443,197,443,196,442,195,442,194,442,193,442,192,442
215,442,214,443,213,444,212,444,212,445,212,446,211,447,211,448,212,449,213,450,214,451,215,452,216,452,217,452,218,452,219,453,220,452,221,451,222,451,223,450,223,449,223,448,223,447,223,446,222,445,222,444,221,444,220,444,219,443,218,443,217,443,216,442
342,443,341,444,340,444,339,445,338,445,337,445,336,445,335,446,335,447,335,448,335,449,335,450,335,451,335,452,335,453,335,454,335,455,335,456,335,457,335,458,335,459,334,460,334,461,334,462,334,463,334,464,334,465,334,466,334,467,335,467,336,468,337,468,338,469,339,469,340,470,341,470,342,470,343,471,344,471,345,472,346,472,347,472,348,472,349,472,350,471,351,471,352,470,353,469,354,468,354,467,355,466,356,465,357,464,357,463,357,462,358,461,358,460,358,459,359,458,359,457,359,456,358,455,358,454,358,453,358,452,358,451,358,450,357,449,357,448,356,447,355,446,354,445,353,445,352,444,351,444,350,443,349,443,348,443,347,443,346,443,345,443,344,443,343,443
172,446,171,447,170,447,169,447,169,448,168,449,168,450,167,451,167,452,166,453,166,454,166,455,166,456,166,457,166,458,166,459,166,460,166,461,167,462,167,463,168,463,169,464,170,464,171,464,172,464,173,464,174,463,175,463,176,462,177,462,178,461,179,460,180,460,180,459,181,458,181,457,181,456,182,455,182,454,181,453,181,452,180,451,179,450,179,449,179,448,178,447,177,447,176,446,175,446,174,446,173,446
376,447,375,448,374,448,373,448,372,448,371,449,370,449,369,450,368,450,367,451,366,451,366,452,365,453,364,454,363,454,362,455,361,456,360,457,360,458,359,459,359,460,359,461,358,462,358,463,358,464,357,465,358,466,357,467,358,468,358,469,359,470,359,471,359,472,359,473,360,474,360,475,361,476,361,477,362,478,363,479,364,479,365,480,366,481,367,481,368,482,369,482,370,483,371,483,372,484,373,484,374,484,375,484,376,483,377,483,378,483,379,483,380,482,381,482,382,481,383,481,384,480,385,480,386,479,387,479,387,478,387,477,388,476,389,475,389,474,390,473,390,472,391,471,391,470,392,469,392,468,392,467,392,466,393,465,393,464,393,463,393,462,393,461,392,460,392,459,392,458,392,457,391,456,391,455,390,454,389,453,388,452,387,451,386,450,385,450,384,449,383,449,382,448,381,448,380,448,379,448,378,447,377,447
213,454,212,455,211,456,210,457,209,458,208,459,207,460,206,461,205,462,204,462,203,463,202,464,202,465,202,466,202,467,202,468,203,469,203,470,203,471,203,472,204,473,205,473,206,474,207,474,208,475,209,475,210,475,211,475,212,475,213,475,214,475,215,476,216,476,217,476,218,476,219,476,220,475,221,474,222,473,222,472,223,471,223,470,223,469,223,468,223,467,223,466,223,465,223,464,222,463,221,462,220,461,219,460,219,459,218,458,217,457,216,456,215,455,214,454
264,454,263,455,262,456,261,457,260,457,259,458,258,459,257,460,256,461,256,462,256,463,255,464,255,465,255,466,254,467,254,468,254,469,254,470,255,471,255,472,255,473,255,474,255,475,256,476,257,477,258,478,259,479,260,479,261,479,262,479,263,479,264,479,265,478,266,478,267,477,268,477,269,476,270,475,271,474,272,473,272,472,273,471,274,470,275,469,275,468,275,467,275,466,276,465,276,464,276,463,276,462,276,461,276,460,275,459,275,458,274,457,273,456,272,455,271,455,270,454,269,454,268,454,267,454,266,454,265,454
411,458,410,459,409,459,408,460,407,460,406,461,405,462,404,463,404,464,403,465,403,466,403,467,403,468,403,469,403,470,403,471,403,472,404,473,404,474,404,475,404,476,404,477,404,478,404,479,405,480,405,481,405,482,405,483,406,484,406,485,406,486,407,487,408,488,408,489,409,489,410,489,411,490,412,490,413,491,414,491,415,491,416,491,417,490,418,490,419,490,420,489,421,488,422,487,423,487,423,486,424,485,424,484,424,483,425,482,425,481,425,480,425,479,425,478,425,477,424,476,424,475,424,474,424,473,423,472,423,471,423,470,423,469,423,468,422,467,422,466,422,465,421,464,421,463,420,462,419,461,418,460,417,459,416,459,415,458,414,458,413,458,412,458
93,459,92,460,91,460,90,460,89,461,88,462,87,463,86,464,86,465,86,466,86,467,86,468,86,469,86,470,86,471,87,472,88,473,89,474,90,475,91,476,92,476,93,477,94,478,95,478,96,479,97,479,98,479,99,479,100,479,101,479,102,478,103,478,104,478,105,477,106,477,107,476,108,475,108,474,109,473,109,472,108,471,108,470,108,469,108,468,108,467,107,466,107,465,107,464,106,463,106,462,105,462,104,461,103,460,102,460,101,460,100,459,99,459,98,459,97,459,96,459,95,459,94,459
142,467,141,468,140,468,139,469,138,469,137,469,136,470,135,471,134,472,133,472,132,473,132,474,131,475,130,476,129,477,129,478,128,479,128,480,128,481,128,482,127,483,127,484,127,485,127,486,127,487,127,488,127,489,128,490,128,491,128,492,128,493,128,494,128,495,129,496,129,497,129,498,129,499,130,500,130,501,130,502,130,503,131,504,132,505,132,506,132,507,133,508,133,509,134,510,135,510,136,510,137,511,138,511,139,511,140,511,141,511,142,511,143,511,144,511,145,511,146,511,147,511,148,511,149,511,150,511,151,511,152,510,153,510,154,510,155,510,156,509,156,508,157,507,158,507,159,506,160,505,161,504,162,503,162,502,163,501,164,500,164,499,164,498,165,497,166,496,166,495,166,494,167,493,167,492,167,491,167,490,167,489,167,488,167,487,167,486,167,485,167,484,167,483,166,482,166,481,166,480,165,479,165,478,164,477,163,476,163,475,162,474,161,473,160,472,159,472,158,471,157,470,156,470,155,470,154,469,153,469,152,469,151,468,150,468,149,468,148,468,147,468,146,468,145,467,144,468,143,467
296,472,295,473,294,474,293,474,293,475,292,476,291,476,291,477,290,478,290,479,290,480,290,481,290,482,290,483,290,484,289,485,289,486,289,487,289,488,289,489,289,490,289,491,289,492,289,493,289,494,288,495,288,496,288,497,288,498,288,499,288,500,288,501,288,502,288,503,288,504,288,505,289,506,289,507,290,508,290,509,291,509,292,510,293,510,294,510,295,510,296,510,297,510,298,510,299,510,300,510,301,511,302,511,303,511,304,511,305,511,306,511,307,511,308,511,309,510,310,510,311,510,312,510,313,510,314,509,314,508,315,507,316,506,316,505,316,504,316,503,316,502,316,501,316,500,316,499,315,498,315,497,314,496,313,495,313,494,312,493,312,492,311,491,311,490,311,489,310,488,310,487,310,486,309,485,309,484,309,483,308,482,308,481,308,480,307,479,307,478,306,478,305,477,304,477,303,477,302,477,301,477,300,477,299,476,298,476,297,475,297,474,297,473
74,475,73,476,72,476,71,477,70,478,69,479,69,480,68,481,67,482,67,483,67,484,66,485,66,486,66,487,66,488,67,489,67,490,68,491,68,492,69,493,70,494,71,495,72,496,73,496,74,497,75,497,76,497,77,498,78,498,79,498,80,498,81,497,82,497,83,496,84,496,85,495,86,495,87,494,88,493,88,492,89,491,89,490,89,489,90,488,90,487,90,486,90,485,90,484,89,483,88,482,88,481,87,480,87,479,86,478,85,477,84,477,83,476,82,475,81,475,80,475,79,475,78,475,77,475,76,475,75,475
386,480,385,481,384,481,383,482,382,482,381,483,380,483,379,484,378,484,377,484,376,484,375,485,374,485,373,485,372,485,372,486,371,487,371,488,370,489,370,490,370,491,369,492,369,493,369,494,369,495,369,496,370,497,370,498,370,499,371,500,372,501,373,502,374,503,375,504,376,504,377,505,378,506,379,506,380,506,381,506,382,506,383,507,384,508,385,508,386,508,387,508,388,508,389,507,390,507,391,507,392,508,393,507,394,507,394,506,395,505,396,504,397,503,398,502,399,501,400,500,400,499,400,498,400,497,401,496,401,495,401,494,400,493,401,492,400,491,401,490,400,489,400,488,400,487,399,486,398,485,397,484,396,484,395,483,394,482,393,482,392,481,391,481,390,481,389,480,388,480,387,480
219,483,218,484,217,484,216,485,215,486,214,486,213,487,212,488,212,489,211,490,210,491,210,492,210,493,210,494,210,495,210,496,209,497,209,498,209,499,209,500,210,501,210,502,210,503,211,504,211,505,212,506,213,507,214,508,215,508,216,509,217,509,218,509,219,510,220,510,221,510,222,510,223,510,224,510,225,511,226,511,227,511,228,510,229,510,230,510,231,510,232,510,233,510,234,510,235,509,235,508,235,507,234,506,234,505,234,504,233,503,233,502,233,501,233,500,234,499,234,498,234,497,234,496,235,495,235,494,235,493,235,492,235,491,234,490,234,489,233,488,232,487,231,486,230,485,229,485,228,484,227,484,226,484,225,484,224,483,223,483,222,483,221,483,220,483
62,497,61,498,60,498,59,498,58,499,57,499,56,500,55,501,54,502,53,503,53,504,53,505,52,506,52,507,52,508,52,509,53,510,53,511,54,511,55,511,56,511,57,511,58,511,59,511,60,511,61,511,62,511,63,511,64,511,65,511,66,511,67,511,68,511,69,511,70,511,71,511,72,511,73,511,74,510,75,510,75,509,75,508,75,507,75,506,75,505,74,504,74,503,73,502,72,501,71,500,70,500,69,500,68,499,67,498,66,498,65,498,64,498,63,497
410,501,409,502,408,502,407,503,406,503,405,504,404,505,403,506,402,507,402,508,401,509,402,510,403,511,404,511,405,511,406,511,407,511,408,511,409,511,410,511,411,511,412,511,413,511,414,511,415,511,416,511,417,511,418,511,419,510,420,509,420,508,419,507,419,506,418,505,417,504,416,503,415,502,414,502,413,501,412,501,411,501
98,502,97,503,96,503,95,503,94,503,93,504,92,504,91,505,90,505,89,506,88,507,87,508,86,509,85,510,86,511,87,511,88,511,89,511,90,511,91,511,92,511,93,511,94,511,95,511,96,511,97,511,98,511,99,511,100,511,101,511,102,511,103,511,104,511,105,511,106,511,107,511,108,511,109,511,110,511,111,511,112,511,113,511,114,511,115,511,116,511,117,511,118,511,119,511,119,510,118,509,117,508,116,507,115,507,114,506,113,505,112,505,111,504,110,504,109,503,108,503,107,503,106,502,105,502,104,502,103,502,102,502,101,502,100,502,99,502
268,503,267,504,266,504,265,504,264,504,263,505,262,505,261,506,260,506,259,506,258,507,257,508,257,509,257,510,258,510,259,511,260,511,261,511,262,511,263,511,264,511,265,511,266,511,267,511,268,511,269,511,270,511,271,511,272,511,273,511,274,511,275,511,276,511,277,511,278,510,278,509,277,508,276,507,276,506,275,506,274,505,273,505,272,504,271,503,270,503,269,503
177,505,176,506,175,506,174,506,173,506,172,506,171,506,170,507,169,507,168,507,167,507,166,508,165,509,166,510,167,510,168,510,169,511,170,511,171,511,172,511,173,511,174,511,175,511,176,511,177,511,178,511,179,511,180,511,181,511,182,511,183,511,184,511,185,511,186,511,187,511,188,511,189,511,190,510,191,510,190,509,189,508,188,508,187,508,186,507,185,507,184,506,183,506,182,505,181,505,180,505,179,506,178,506
