120,133,119,134,118,134,117,134,116,135,115,135,114,136,113,137,113,138,112,139,112,140,112,141,112,142,112,143,112,144,112,145,113,146,113,147,114,148,114,149,115,150,116,151,117,152,118,152,119,153,120,153,121,153,122,153,123,153,124,153,125,152,126,152,127,151,128,151,129,150,130,149,130,148,131,147,131,146,131,145,131,144,132,143,131,142,131,141,131,140,131,139,131,138,130,137,129,136,128,135,127,134,126,134,125,133,124,133,123,133,122,133,121,133
191,167,190,168,189,168,188,168,187,169,186,170,185,170,185,171,184,172,183,172,183,173,182,174,182,175,182,176,182,177,182,178,182,179,182,180,182,181,182,182,183,183,183,184,184,185,184,186,185,187,186,187,187,188,188,188,189,189,190,189,191,189,192,189,193,190,194,190,195,190,196,190,197,190,198,190,199,189,200,189,201,188,202,188,203,187,204,186,205,186,206,185,207,184,208,183,209,182,210,182,211,182,212,181,213,180,213,179,212,178,212,177,211,176,211,175,210,174,210,173,210,172,209,171,208,170,207,170,206,169,205,169,204,168,203,168,202,167,201,167,200,167,199,167,198,167,197,167,196,167,195,167,194,167,193,167,192,167
228,178,227,179,226,179,225,180,224,181,224,182,223,183,223,184,223,185,223,186,222,187,222,188,222,189,223,190,223,191,224,192,224,193,225,194,225,195,226,196,226,197,227,198,227,199,228,200,229,200,230,200,231,200,232,200,233,201,234,201,235,201,236,202,237,202,238,202,239,201,240,200,241,199,241,198,242,197,243,196,244,195,244,194,244,193,244,192,244,191,244,190,244,189,244,188,244,187,243,186,243,185,242,184,241,183,240,182,239,181,238,180,237,179,236,179,235,178,234,178,233,178,232,178,231,178,230,178,229,178
164,183,163,184,162,184,161,185,160,186,159,187,158,188,158,189,157,190,157,191,156,192,156,193,156,194,155,195,155,196,155,197,155,198,155,199,156,200,156,201,157,202,158,203,159,203,160,204,161,204,162,204,163,204,164,205,165,205,166,205,167,204,168,203,169,202,170,201,171,201,172,200,173,200,174,199,175,199,176,199,177,198,178,198,179,198,180,197,181,197,182,196,182,195,183,194,183,193,184,192,185,191,185,190,185,189,184,188,184,187,183,186,182,186,181,186,180,185,179,185,178,184,177,184,176,184,175,184,174,183,173,183,172,183,171,183,170,183,169,183,168,183,167,183,166,183,165,183
207,188,206,189,205,189,204,190,203,190,202,191,201,192,200,193,200,194,200,195,200,196,200,197,200,198,200,199,200,200,200,201,200,202,200,203,201,204,201,205,202,206,203,207,204,208,204,209,205,209,206,210,206,211,206,212,207,212,208,212,209,212,210,213,211,213,212,213,213,213,214,214,215,214,216,214,217,215,218,215,219,216,220,216,221,215,222,215,222,214,222,213,222,212,222,211,222,210,222,209,223,208,223,207,223,206,224,205,224,204,224,203,225,202,225,201,225,200,224,199,224,198,223,197,223,196,222,195,222,194,221,193,220,193,219,192,218,191,217,190,216,190,215,189,214,189,213,189,212,188,211,188,210,188,209,188,208,188
189,190,188,191,187,191,186,192,185,192,184,193,184,194,183,195,183,196,182,197,182,198,182,199,182,200,182,201,183,202,183,203,183,204,183,205,184,206,184,207,184,208,184,209,185,210,185,211,186,211,187,211,188,210,189,210,190,210,191,210,192,209,193,209,193,208,194,207,195,206,196,205,197,204,198,203,199,202,199,201,199,200,199,199,199,198,199,197,199,196,199,195,199,194,199,193,198,192,197,191,196,191,195,191,194,191,193,191,192,190,191,190,190,190
249,193,248,194,247,194,246,195,245,195,244,196,243,197,242,198,242,199,241,200,240,201,239,202,239,203,239,204,238,205,238,206,238,207,238,208,238,209,237,210,238,211,238,212,239,213,239,214,240,214,241,215,242,215,243,216,244,217,245,218,246,219,247,220,248,221,249,221,250,221,251,220,252,220,253,220,254,219,255,218,256,217,257,216,258,215,259,214,259,213,260,212,260,211,261,210,261,209,261,208,261,207,261,206,261,205,261,204,261,203,261,202,261,201,261,200,260,199,260,198,259,197,258,196,258,195,257,194,256,194,255,193,254,193,253,193,252,193,251,193,250,193
227,201,226,202,225,203,225,204,225,205,224,206,224,207,224,208,223,209,223,210,223,211,223,212,223,213,223,214,224,214,225,213,226,213,227,214,228,214,229,214,230,214,231,213,232,212,233,212,234,211,235,210,236,210,237,209,237,208,237,207,237,206,237,205,237,204,237,203,236,203,235,202,234,202,233,202,232,201,231,201,230,201,229,201,228,201
171,212,170,213,169,214,168,215,167,216,167,217,166,218,166,219,166,220,166,221,165,222,165,223,165,224,165,225,166,226,166,227,166,228,166,229,167,230,168,231,169,232,170,233,170,234,171,235,172,235,173,235,174,236,175,236,176,236,177,237,178,236,179,236,180,236,181,236,182,236,183,236,184,236,185,237,186,236,187,236,188,235,189,235,190,234,191,234,191,233,191,232,191,231,192,230,192,229,192,228,192,227,192,226,192,225,192,224,192,223,192,222,192,221,192,220,192,219,192,218,191,218,190,217,189,216,189,215,188,214,187,214,186,213,185,212,184,212,183,212,182,212,181,212,180,212,179,212,178,212,177,212,176,212,175,212,174,212,173,212,172,212
268,212,267,213,266,213,265,214,264,215,263,215,262,216,261,217,260,217,259,218,258,219,257,220,257,221,256,222,256,223,255,224,255,225,254,226,253,227,253,228,253,229,252,230,252,231,252,232,253,232,254,232,255,232,256,231,257,231,258,231,259,231,260,231,261,230,262,230,263,229,264,229,265,228,266,227,267,227,268,226,269,226,270,225,271,224,272,223,272,222,273,221,274,220,274,219,275,218,275,217,275,216,275,215,274,214,274,213,273,212,272,212,271,212,270,212,269,212
207,213,206,214,205,214,204,214,203,214,202,214,201,215,200,215,199,215,198,215,197,215,196,216,195,216,194,217,193,218,193,219,193,220,193,221,193,222,193,223,193,224,193,225,193,226,193,227,193,228,193,229,194,229,195,230,196,231,197,232,198,233,199,234,200,234,201,234,202,234,203,234,204,235,205,235,206,235,207,234,208,234,209,234,210,234,211,233,212,233,213,233,213,232,214,231,215,230,215,229,216,228,217,227,217,226,218,225,218,224,219,223,219,222,219,221,219,220,219,219,218,218,218,217,218,216,217,216,216,215,215,215,214,215,213,214,212,214,211,214,210,214,209,213,208,213
233,215,232,216,231,216,230,217,229,217,228,217,227,218,226,218,225,219,224,219,223,220,222,221,221,222,220,223,220,224,220,225,220,226,219,227,219,228,219,229,219,230,219,231,219,232,220,233,220,234,221,235,222,236,222,237,223,237,224,238,225,239,226,239,227,239,228,239,229,239,230,239,231,239,232,238,233,238,234,238,235,237,236,236,237,236,238,235,239,234,240,233,241,233,242,232,243,232,244,231,245,230,246,229,247,228,248,227,248,226,248,225,247,224,248,223,248,222,247,221,246,220,245,219,244,218,243,217,242,216,241,216,240,215,239,215,238,215,237,215,236,215,235,215,234,215
275,219,275,220,274,221,273,222,273,223,272,224,272,225,273,225,274,226,275,227,276,228,277,229,278,230,279,229,280,229,281,228,282,227,283,226,284,225,284,224,284,223,284,222,284,221,283,220,282,219,281,219,280,219,279,219,278,220,277,220,276,220
256,232,255,233,254,233,253,233,252,233,252,234,252,235,251,236,251,237,250,238,250,239,251,240,251,241,252,242,252,243,253,244,253,245,254,246,254,247,255,248,256,247,257,247,258,247,259,247,260,247,261,247,262,246,263,246,264,245,265,244,266,243,266,242,265,241,264,240,263,239,263,238,262,237,262,236,262,235,261,234,261,233,261,232,260,232,259,232,258,232,257,232
288,232,287,233,286,233,285,233,284,233,283,234,282,234,281,235,280,236,279,237,278,238,277,239,276,240,276,241,275,242,275,243,274,244,274,245,273,246,273,247,272,248,272,249,271,250,272,251,272,252,272,253,272,254,273,255,273,256,273,257,273,258,274,259,274,260,274,261,274,262,275,263,276,264,277,264,278,264,279,263,280,263,281,263,282,263,283,262,284,261,285,260,286,259,287,258,288,257,288,256,289,255,290,254,290,253,291,252,291,251,292,250,292,249,292,248,293,247,293,246,293,245,294,244,294,243,294,242,294,241,295,240,295,239,295,238,295,237,294,236,294,235,293,234,292,233,291,233,290,233,289,233
219,239,218,240,217,241,216,242,215,243,214,244,213,245,212,246,211,247,211,248,210,249,209,250,209,251,208,252,208,253,208,254,207,255,207,256,207,257,207,258,207,259,208,260,209,260,210,260,211,260,212,260,213,260,214,260,215,260,216,260,217,260,218,259,219,259,220,258,221,258,222,257,223,256,224,256,225,255,226,254,227,253,228,252,229,251,230,251,230,250,231,249,232,248,233,248,234,247,234,246,235,245,236,245,237,245,238,244,238,243,238,242,237,242,236,242,235,242,234,241,233,241,232,240,231,240,230,240,229,240,228,240,227,240,226,240,225,240,224,239,223,239,222,239,221,239,220,239
249,239,248,240,247,240,246,240,245,241,244,241,243,242,242,242,241,243,240,244,239,243,239,244,238,245,238,246,237,247,236,248,235,249,234,250,233,251,232,252,231,253,230,254,229,254,228,255,227,256,226,257,226,258,226,259,225,260,225,261,225,262,225,263,226,264,227,265,228,266,229,267,230,268,231,268,232,268,233,267,234,267,235,266,236,265,237,264,238,264,239,263,240,262,241,262,242,261,243,261,244,260,245,259,246,258,247,257,248,256,249,256,250,255,251,254,251,253,252,252,253,251,253,250,254,249,254,248,253,247,253,246,252,245,252,244,251,243,251,242,250,241,250,240
266,250,265,251,264,252,263,252,262,253,261,253,261,254,261,255,261,256,260,257,260,258,260,259,260,260,259,261,259,262,258,263,258,264,257,265,256,266,256,267,255,268,255,269,254,270,254,271,253,272,253,273,252,274,252,275,251,276,251,277,250,278,250,279,249,280,250,281,250,282,251,282,252,282,253,283,254,283,255,282,256,281,257,280,258,280,259,279,260,278,261,278,262,277,263,276,264,275,265,274,266,274,267,273,268,272,269,271,270,270,271,269,272,268,273,267,273,266,274,265,274,264,273,263,273,262,273,261,273,260,273,259,272,258,272,257,272,256,272,255,271,254,271,253,271,252,271,251,270,250,269,250,268,250,267,250
254,254,253,255,252,255,251,255,250,256,249,257,248,257,247,258,246,259,245,260,244,261,243,262,242,262,241,263,240,263,239,264,238,265,237,265,236,266,235,267,234,268,233,268,232,269,231,269,230,270,229,271,228,272,227,273,227,274,226,275,226,276,225,277,225,278,225,279,225,280,225,281,226,282,227,283,227,284,228,284,229,285,230,285,231,285,232,285,233,285,234,285,235,285,236,285,237,285,238,284,239,284,240,283,241,283,242,283,243,282,244,281,245,281,246,280,247,280,248,280,249,279,249,278,250,277,250,276,251,275,251,274,252,273,252,272,253,271,253,270,254,269,254,268,255,267,255,266,256,265,257,264,257,263,258,262,258,261,259,260,259,259,259,258,259,257,260,256,260,255,260,254,259,254,258,254,257,254,256,254,255,254
184,256,183,257,182,257,181,257,180,257,179,258,178,258,177,259,176,259,175,260,174,260,173,261,173,262,173,263,173,264,174,265,174,266,175,267,176,268,176,269,177,270,178,270,179,271,180,272,181,272,182,272,183,272,184,272,185,272,186,272,187,271,188,271,188,270,189,269,190,268,190,267,190,266,191,265,192,265,192,264,192,263,191,262,191,261,190,260,190,259,189,258,189,257,188,257,187,257,186,257,185,256
206,261,205,262,204,262,203,263,202,263,201,264,200,264,199,264,198,264,197,265,196,265,195,265,194,265,193,266,193,267,192,268,191,269,190,269,189,270,189,271,188,272,187,273,187,274,187,275,186,276,186,277,186,278,185,279,185,280,185,281,185,282,185,283,186,284,186,285,187,286,188,287,189,288,190,289,191,290,191,291,192,292,192,293,193,293,194,294,195,294,196,294,197,294,198,293,199,293,200,292,201,291,201,290,201,289,200,288,200,287,201,286,201,285,202,284,203,283,203,282,204,281,205,280,206,279,207,278,208,278,209,277,210,277,211,277,212,276,213,276,214,275,215,275,216,274,217,274,218,273,219,272,219,271,220,270,220,269,221,268,221,267,220,266,220,265,220,264,219,263,218,262,217,261,216,261,215,261,214,261,213,261,212,261,211,261,210,261,209,261,208,261,207,261
279,264,278,265,277,265,276,265,275,265,274,266,274,267,273,268,272,269,271,270,270,271,269,272,268,273,267,274,266,275,265,275,264,276,263,277,262,278,261,279,260,279,259,280,258,281,257,281,256,282,255,283,255,284,255,285,254,286,254,287,254,288,255,289,255,290,255,291,256,292,257,293,258,293,259,293,260,293,261,293,262,293,263,293,264,293,265,293,266,292,267,291,268,291,269,290,270,289,271,288,272,288,273,287,274,287,275,286,276,285,277,284,278,283,279,282,280,281,280,280,281,279,282,278,282,277,283,276,283,275,284,274,285,273,285,272,286,271,287,270,287,269,286,268,286,267,285,266,285,265,284,265,283,264,282,264,281,264,280,264
298,264,297,265,296,265,295,266,294,266,293,267,292,268,291,269,290,270,289,271,288,270,287,271,286,272,286,273,285,274,284,275,284,276,283,277,283,278,282,279,281,280,281,281,280,282,280,283,280,284,280,285,280,286,281,287,281,288,282,289,283,290,284,290,285,291,286,291,287,291,288,291,289,291,290,291,291,291,292,290,293,290,294,290,295,289,296,288,297,287,298,286,299,286,300,285,300,284,301,283,302,282,303,281,303,280,304,279,305,278,306,277,306,276,307,275,307,274,308,273,309,272,309,271,309,270,309,269,308,268,307,267,306,266,306,265,305,265,304,264,303,264,302,264,301,264,300,264,299,264
313,270,312,271,311,271,310,271,310,272,309,273,308,274,308,275,307,276,307,277,306,278,305,279,304,280,304,281,303,282,302,283,301,284,301,285,300,286,299,287,298,288,297,289,297,290,296,291,296,292,296,293,295,294,295,295,294,296,294,297,295,298,295,299,296,300,297,301,298,301,299,301,300,301,301,301,302,300,303,300,304,299,305,299,306,298,307,298,308,297,309,296,310,296,311,295,311,294,312,293,313,292,314,291,314,290,315,289,316,288,317,287,317,286,318,285,318,284,319,283,319,282,319,281,320,280,320,279,320,278,320,277,320,276,320,275,320,274,320,273,320,272,319,271,318,270,317,270,316,270,315,270,314,270
227,285,226,286,225,286,224,286,223,286,222,286,221,287,220,288,219,288,218,289,217,290,216,291,215,292,214,293,214,294,213,295,213,296,212,297,212,298,212,299,212,300,212,301,213,302,214,303,215,304,216,304,217,304,218,304,219,304,220,303,221,303,222,302,223,301,224,301,225,300,226,300,227,300,227,299,228,298,229,297,230,297,231,297,232,296,233,295,234,294,235,293,235,292,235,291,235,290,234,289,233,288,233,287,232,287,231,286,230,286,229,286,228,285
257,294,257,295,256,296,255,297,255,298,254,299,254,300,253,301,253,302,252,303,252,304,252,305,251,306,251,307,251,308,251,309,251,310,251,311,251,312,251,313,252,314,252,315,252,316,252,317,252,318,253,318,254,318,255,319,256,319,257,320,258,320,259,321,260,321,261,322,262,322,263,323,264,324,265,325,266,326,267,327,268,327,269,327,270,326,271,325,272,324,273,323,274,323,274,322,275,321,276,320,277,319,277,318,278,317,278,316,278,315,278,314,278,313,278,312,278,311,278,310,278,309,278,308,277,307,277,306,277,305,276,304,276,303,275,302,275,301,274,300,273,299,272,298,271,297,270,297,269,296,268,295,267,295,266,295,265,295,264,294,263,294,262,294,261,294,260,294,259,294,258,294
311,296,310,297,309,297,308,298,307,299,306,299,305,300,304,300,303,301,302,301,301,302,300,302,299,303,298,304,297,305,296,306,295,307,294,308,293,309,292,310,291,311,290,312,289,313,288,314,287,315,286,316,286,317,286,318,286,319,286,320,286,321,287,322,288,322,289,323,290,323,291,323,292,322,293,322,294,321,295,321,296,320,297,320,298,320,299,319,300,319,301,318,302,318,303,317,304,317,305,316,306,316,307,315,308,315,308,314,309,313,310,312,311,311,312,310,312,309,313,308,314,307,314,306,315,305,315,304,316,303,316,302,317,301,317,300,317,299,317,298,316,297,315,296,314,296,313,296,312,296
235,297,234,298,233,298,232,298,231,298,230,299,229,300,228,300,227,301,226,302,225,303,224,304,223,305,223,306,222,307,221,308,220,309,220,310,219,311,219,312,218,313,218,314,218,315,218,316,217,317,217,318,217,319,218,320,218,321,219,322,220,323,221,323,222,323,223,323,224,323,225,322,226,322,227,321,228,321,229,320,230,320,231,319,232,318,233,317,234,316,235,315,236,314,236,313,237,312,238,311,238,310,239,309,239,308,240,307,240,306,240,305,240,304,240,303,240,302,240,301,240,300,239,299,238,298,237,297,236,297
309,315,308,316,307,316,306,317,305,317,304,318,303,318,302,319,301,319,300,320,299,320,298,321,297,321,296,321,295,322,294,322,293,323,292,323,291,324,290,325,289,326,288,326,287,327,286,328,285,329,284,329,283,330,282,330,282,331,281,332,280,332,280,333,279,334,279,335,278,336,278,337,277,338,277,339,277,340,278,341,279,342,280,342,281,342,282,342,283,342,284,341,285,341,286,341,287,340,288,340,289,339,290,339,291,338,292,338,293,337,294,336,295,336,296,335,297,335,298,334,299,333,300,333,301,332,302,332,303,331,304,331,305,330,306,329,307,329,308,328,309,327,310,326,311,326,312,325,312,324,313,323,314,322,314,321,314,320,314,319,314,318,314,317,313,316,312,316,311,315,310,315
251,319,250,320,250,321,249,322,249,323,249,324,248,325,248,326,248,327,248,328,248,329,248,330,248,331,249,332,250,332,251,333,252,333,253,334,254,334,255,334,256,334,257,334,258,334,259,333,260,333,261,333,262,332,263,332,264,331,265,330,266,329,267,328,266,327,265,326,264,325,263,324,262,323,261,323,260,322,259,322,258,321,257,321,256,320,255,320,254,319,253,319,252,319
326,322,325,323,324,323,323,323,322,323,321,323,320,324,319,324,318,324,317,325,316,326,315,327,314,328,314,329,313,330,313,331,313,332,313,333,313,334,314,335,315,336,316,336,317,337,318,337,319,337,320,337,321,336,322,336,323,336,324,335,325,335,326,334,327,333,328,333,329,332,329,331,329,330,330,329,330,328,330,327,330,326,329,325,329,324,328,323,327,323
323,340,322,341,321,341,320,341,319,342,318,342,317,343,316,343,315,344,314,344,313,345,312,346,311,346,310,347,309,348,308,348,307,349,307,350,306,351,305,352,305,353,304,354,303,355,303,356,302,357,302,358,302,359,302,360,302,361,303,362,304,362,305,363,306,363,307,363,308,362,309,362,310,362,311,362,312,361,313,361,314,360,315,360,316,359,317,359,318,358,319,358,320,357,321,357,322,356,323,355,324,355,325,354,326,353,327,353,328,352,329,352,330,351,331,350,332,349,332,348,333,347,333,346,333,345,332,344,331,343,330,342,330,341,329,341,328,341,327,340,326,340,325,340,324,340
285,345,284,346,283,346,282,347,281,348,280,349,279,349,278,350,278,351,277,352,277,353,277,354,276,355,276,356,276,357,277,358,278,358,279,359,280,359,281,358,282,358,283,359,284,358,285,358,286,358,287,357,288,357,289,356,290,355,291,354,291,353,292,352,292,351,292,350,292,349,292,348,292,347,291,346,290,345,289,345,288,345,287,345,286,345
328,361,327,362,326,362,325,362,324,362,323,363,322,363,321,363,320,364,319,364,318,365,317,365,316,365,315,366,314,367,313,367,312,368,311,369,310,370,309,371,308,372,308,373,307,374,307,375,307,376,308,377,308,378,308,379,309,380,310,381,311,382,312,383,313,384,314,384,315,384,316,384,317,385,318,385,319,384,320,383,321,383,322,382,323,381,324,381,325,380,326,380,327,379,328,379,329,378,330,377,331,377,332,376,333,376,334,376,335,375,336,375,337,374,338,374,339,374,340,373,341,373,342,372,342,371,342,370,342,369,342,368,342,367,341,366,341,365,340,364,340,363,339,362,338,362,337,361,336,361,335,361,334,361,333,361,332,361,331,361,330,361,329,361
314,414,313,415,312,416,311,417,311,418,311,419,311,420,311,421,311,422,311,423,312,424,312,425,313,426,314,426,315,427,316,427,317,427,318,427,319,427,320,428,321,428,322,428,323,428,324,427,325,427,326,427,327,426,328,425,329,424,330,423,331,422,331,421,331,420,331,419,330,418,329,417,328,417,327,416,326,416,325,415,324,415,323,415,322,414,321,414,320,414,319,414,318,414,317,414,316,414,315,414
344,417,343,418,342,418,341,418,340,419,339,420,338,421,338,422,338,423,338,424,338,425,337,426,337,427,338,428,338,429,339,430,340,431,341,432,342,433,343,433,344,433,345,434,346,434,347,434,348,433,349,433,350,433,351,432,352,432,353,431,354,432,355,431,356,430,356,429,356,428,357,427,357,426,358,425,358,424,359,423,358,422,358,421,357,420,356,419,355,419,354,418,353,418,352,417,351,417,350,417,349,417,348,417,347,417,346,417,345,417
369,426,368,427,367,427,366,427,365,427,364,427,363,427,362,428,361,428,360,429,359,429,358,430,357,430,356,431,355,432,354,433,353,434,353,435,352,436,352,437,352,438,352,439,353,440,353,441,354,442,355,443,356,444,357,444,358,445,359,445,360,445,361,445,362,445,363,446,364,446,365,446,366,446,367,446,368,447,369,446,370,447,371,446,372,446,373,445,374,445,375,444,376,443,377,443,378,442,379,441,380,441,381,440,381,439,381,438,381,437,381,436,381,435,381,434,381,433,380,432,379,431,378,430,377,430,376,429,375,428,374,428,373,427,372,427,371,427,370,427
312,427,311,428,310,429,309,430,308,430,307,431,307,432,306,433,306,434,305,435,305,436,305,437,305,438,305,439,305,440,306,441,306,442,307,443,307,444,308,444,309,445,310,446,311,446,312,447,313,447,314,447,315,447,316,448,317,448,318,448,319,448,320,448,321,448,322,448,323,448,324,448,325,448,326,448,327,448,328,447,329,446,330,445,331,444,332,443,333,443,333,442,333,441,333,440,333,439,333,438,332,437,332,436,331,435,330,434,329,433,328,432,327,432,326,431,325,431,324,430,323,429,322,429,321,429,320,429,319,428,318,428,317,428,316,428,315,428,314,427,313,427
292,432,291,433,290,433,289,434,288,434,287,435,286,436,285,437,285,438,284,439,284,440,284,441,284,442,285,443,285,444,286,445,286,446,287,447,287,448,288,448,289,448,290,449,291,449,292,450,293,450,294,450,295,451,296,451,297,451,298,451,299,450,300,450,301,449,302,448,303,447,303,446,303,445,304,444,304,443,304,442,304,441,304,440,303,439,302,438,302,437,301,436,300,435,299,434,298,433,297,433,296,432,295,432,294,432,293,432
381,441,380,442,379,442,378,443,377,444,376,444,375,445,374,446,373,446,372,447,371,447,370,448,371,449,371,450,371,451,372,452,372,453,373,454,373,455,374,456,375,457,376,458,377,458,378,459,379,459,380,459,381,459,382,459,383,459,384,459,385,458,386,458,387,457,388,456,389,456,390,455,390,454,391,453,391,452,391,451,391,450,390,449,390,448,389,447,388,446,388,445,387,444,386,443,385,443,384,442,383,442,382,442
332,444,331,445,330,446,329,447,328,448,328,449,329,450,329,451,329,452,330,453,330,454,331,454,332,455,333,456,334,457,335,458,336,459,337,459,338,459,339,459,340,459,341,458,342,458,343,457,344,456,345,455,345,454,345,453,345,452,345,451,345,450,344,449,344,448,343,447,342,446,341,445,340,445,339,444,338,444,337,444,336,444,335,444,334,444,333,444
277,447,277,448,276,449,276,450,275,451,275,452,275,453,275,454,275,455,275,456,275,457,275,458,276,459,276,460,277,461,278,462,279,463,279,464,280,464,281,464,282,464,283,464,284,464,285,464,286,464,287,463,288,462,289,461,290,460,290,459,291,458,291,457,291,456,291,455,291,454,291,453,291,452,290,451,289,450,288,449,287,449,286,448,285,448,284,448,283,447,282,447,281,447,280,447,279,447,278,447
402,447,401,448,400,448,399,448,398,448,397,448,396,449,396,450,395,451,395,452,395,453,394,454,394,455,394,456,394,457,394,458,395,459,395,460,396,461,397,462,398,463,399,463,400,464,401,464,402,464,403,464,404,464,405,464,406,464,407,464,408,464,409,464,410,463,411,463,412,462,413,461,413,460,413,459,413,458,413,457,413,456,412,455,412,454,412,453,411,452,410,451,409,450,408,449,407,449,406,448,405,448,404,447,403,447
359,455,358,456,357,457,356,457,355,458,354,459,353,459,352,460,351,461,350,462,350,463,349,464,349,465,348,466,348,467,348,468,348,469,348,470,348,471,348,472,348,473,348,474,348,475,348,476,348,477,349,478,349,479,350,480,350,481,351,481,352,482,353,483,354,483,355,484,356,485,357,485,358,485,359,485,360,486,361,485,362,485,363,485,364,485,365,485,366,485,367,484,368,484,369,483,370,483,371,482,372,481,373,481,374,480,375,479,376,478,376,477,377,476,377,475,377,474,378,473,378,472,378,471,378,470,379,469,379,468,379,467,378,466,378,465,378,464,377,463,377,462,376,461,375,460,374,459,373,458,372,457,371,457,370,456,369,456,368,455,367,455,366,455,365,455,364,455,363,455,362,455,361,455,360,455
300,456,299,457,298,458,297,459,296,459,296,460,295,461,294,462,293,463,293,464,292,465,292,466,292,467,291,468,291,469,290,470,290,471,291,472,291,473,291,474,291,475,292,476,292,477,293,478,293,479,294,480,295,481,296,482,297,482,298,483,299,483,300,483,301,483,302,484,303,484,304,484,305,484,306,484,307,483,308,483,309,483,310,483,311,482,312,482,313,481,314,480,315,480,316,479,317,478,318,478,318,477,319,476,319,475,319,474,319,473,319,472,319,471,319,470,319,469,319,468,318,467,318,466,317,465,316,464,315,463,314,462,313,461,313,460,312,460,311,459,310,458,309,457,308,457,307,456,306,456,305,456,304,456,303,456,302,456,301,456
275,465,274,466,273,467,272,468,271,469,271,470,270,471,270,472,270,473,270,474,271,475,271,476,272,477,272,478,273,479,273,480,274,481,274,482,275,483,276,484,277,485,278,486,279,486,280,486,281,487,282,487,283,487,284,488,285,488,286,487,287,487,288,487,288,486,288,485,288,484,289,483,289,482,289,481,289,480,289,479,290,478,289,477,290,476,289,475,289,474,289,473,289,472,289,471,289,470,288,470,287,469,286,468,285,467,284,467,283,467,282,467,281,466,280,465,279,465,278,465,277,465,276,465
329,470,328,471,327,471,326,472,325,472,324,473,323,474,322,475,321,476,320,477,319,477,319,478,319,479,318,480,318,481,318,482,318,483,318,484,319,485,319,486,320,487,320,488,321,489,321,490,322,491,323,492,324,493,325,494,325,495,326,495,327,496,328,497,329,497,330,497,331,498,332,498,333,498,334,498,335,498,336,498,337,497,338,497,339,497,340,497,341,496,342,496,343,495,344,494,345,493,346,492,347,491,347,490,348,489,348,488,349,487,349,486,349,485,349,484,350,483,350,482,349,481,349,480,348,479,348,478,347,477,347,476,347,475,346,474,345,474,344,473,343,472,342,472,341,472,340,471,339,471,338,470,337,470,336,470,335,470,334,470,333,470,332,470,331,470,330,470
388,471,387,472,386,472,385,472,384,473,383,474,382,474,381,475,380,476,379,477,378,478,377,479,376,479,376,480,376,481,375,482,375,483,374,484,374,485,373,486,373,487,373,488,373,489,373,490,373,491,373,492,373,493,374,494,374,495,374,496,375,497,376,498,376,499,377,500,378,500,379,501,380,502,381,502,382,503,383,503,384,503,385,503,386,503,387,503,388,503,389,503,390,503,391,502,392,502,393,502,394,502,395,501,396,501,397,501,398,500,399,500,400,499,401,498,402,497,403,496,403,495,403,494,403,493,403,492,403,491,403,490,403,489,403,488,404,487,404,486,404,485,404,484,404,483,404,482,403,481,403,480,403,479,403,478,402,477,401,476,400,475,400,474,399,474,398,473,397,472,396,472,395,471,394,471,393,471,392,471,391,471,390,471,389,471
411,472,410,473,409,473,408,474,407,475,406,476,406,477,405,478,404,479,404,480,404,481,405,482,405,483,405,484,405,485,405,486,405,487,404,488,404,489,404,490,404,491,404,492,404,493,404,494,404,495,404,496,405,497,405,498,406,499,407,500,408,501,409,501,410,501,411,502,412,502,413,501,414,501,415,500,416,499,417,498,418,497,418,496,419,495,419,494,420,493,420,492,420,491,420,490,421,489,421,488,421,487,421,486,422,485,422,484,422,483,422,482,422,481,421,480,421,479,421,478,421,477,421,476,420,475,420,474,419,474,418,473,417,472,416,472,415,472,414,472,413,472,412,472
182,480,181,481,180,481,179,481,178,481,177,482,176,482,175,483,174,484,173,485,173,486,172,487,172,488,172,489,172,490,172,491,171,492,172,493,172,494,172,495,173,496,174,497,175,498,176,499,177,499,178,499,179,500,180,499,181,499,182,498,183,498,184,497,185,497,186,497,187,496,187,495,188,494,189,493,189,492,190,491,190,490,190,489,191,488,191,487,190,486,190,485,189,484,188,483,187,482,186,482,185,481,184,481,183,480
272,488,271,489,270,490,269,491,269,492,269,493,268,494,268,495,268,496,268,497,268,498,268,499,268,500,268,501,269,502,269,503,270,504,270,505,271,506,272,507,272,508,273,508,274,509,275,509,276,510,277,510,278,510,279,510,280,510,281,510,282,509,283,509,284,508,284,507,284,506,285,505,285,504,285,503,285,502,284,501,284,500,283,499,283,498,282,497,281,496,281,495,280,494,280,493,279,492,278,491,277,490,277,489,276,489,275,489,274,488,273,488
151,489,150,490,149,491,148,492,147,493,146,494,146,495,145,496,145,497,145,498,144,499,144,500,144,501,144,502,144,503,145,504,145,505,146,506,147,507,148,508,149,509,150,509,151,510,152,510,153,510,154,510,155,511,156,511,157,510,158,510,159,510,160,510,161,510,162,509,163,508,164,508,164,507,165,506,165,505,166,504,166,503,166,502,166,501,166,500,166,499,166,498,165,497,165,496,165,495,164,494,164,493,163,492,162,491,161,490,160,490,159,489,158,489,157,489,156,489,155,489,154,489,153,489,152,489
348,502,347,503,346,503,345,504,344,504,343,505,342,505,341,506,340,506,339,507,338,508,338,509,338,510,338,511,339,511,340,511,341,511,342,511,343,511,344,511,345,511,346,511,347,511,348,511,349,511,350,511,351,511,352,511,353,511,354,511,355,511,356,511,357,511,358,511,359,511,360,511,361,511,362,511,363,511,364,511,365,511,366,511,367,510,366,509,366,508,365,507,364,506,363,505,362,504,361,504,360,504,359,503,358,503,357,503,356,502,355,502,354,502,353,502,352,502,351,502,350,502,349,502
410,506,409,507,408,507,407,508,406,509,405,509,405,510,406,511,407,511,408,511,409,511,410,511,411,511,412,511,413,511,414,510,415,510,416,509,416,508,415,508,414,507,413,507,412,506,411,506
173,507,172,508,171,509,170,509,170,510,169,511,170,511,171,511,172,511,173,511,174,511,175,511,176,511,177,511,178,511,179,511,180,511,181,511,182,511,183,511,184,511,185,511,186,510,185,509,184,509,183,508,182,508,181,507,180,507,179,507,178,507,177,507,176,507,175,507,174,507
