119,105,118,106,117,106,116,107,115,107,114,107,113,108,112,108,111,109,110,110,109,110,108,111,108,112,108,113,107,114,106,114,106,115,105,116,105,117,105,118,105,119,106,120,106,121,106,122,106,123,106,124,107,125,107,126,107,127,107,128,108,129,108,130,109,131,109,132,110,133,111,134,112,134,113,134,114,134,115,134,116,134,117,134,118,133,119,133,120,132,121,132,122,132,123,131,124,130,125,129,126,128,127,127,128,126,129,125,129,124,130,123,131,122,131,121,132,120,133,119,133,118,133,117,133,116,133,115,133,114,133,113,133,112,132,111,132,110,132,109,131,109,130,108,129,107,128,107,127,107,126,107,125,106,124,105,123,105,122,105,121,105,120,105
212,135,211,136,210,136,209,137,208,138,208,139,207,140,207,141,208,141,209,142,210,143,211,144,212,145,213,146,214,147,215,147,216,147,217,147,218,147,219,147,220,146,221,145,222,144,222,143,223,142,222,141,221,140,221,139,220,138,219,137,218,137,217,136,216,136,215,135,214,135,213,135
183,138,182,139,181,139,180,140,179,141,178,141,177,142,176,143,175,144,174,145,174,146,173,147,173,148,172,149,172,150,172,151,173,152,173,153,174,154,175,155,176,156,176,157,177,157,178,158,179,159,180,160,181,161,182,161,183,161,184,161,185,161,186,161,187,160,187,159,188,158,189,157,190,156,191,155,191,154,192,153,193,152,193,151,194,150,194,149,195,148,195,147,196,146,196,145,195,144,195,143,195,142,194,141,193,140,192,140,191,139,190,139,189,138,188,138,187,138,186,138,185,138,184,138
206,141,205,142,204,142,203,142,202,143,201,143,200,144,199,145,198,146,197,146,196,147,196,148,195,149,195,150,194,151,194,152,193,153,192,154,192,155,191,156,190,157,189,158,188,159,188,160,187,161,188,162,189,163,190,164,191,165,191,166,192,167,193,168,194,169,195,168,196,168,197,168,198,167,199,167,200,167,201,166,202,166,203,166,204,166,205,166,206,165,207,165,208,165,209,165,210,164,210,163,211,162,212,161,213,160,213,159,214,158,214,157,214,156,215,155,215,154,215,153,215,152,215,151,215,150,214,149,215,148,214,148,213,147,212,146,211,145,210,144,209,143,208,142,207,142
224,142,223,143,223,144,222,145,221,146,220,147,220,148,219,149,219,150,218,151,217,152,216,152,216,153,216,154,216,155,215,156,215,157,215,158,214,159,214,160,214,161,214,162,214,163,215,164,215,165,215,166,216,167,217,168,218,168,219,169,220,169,221,169,222,170,223,169,224,169,225,169,226,170,227,170,228,170,229,170,230,169,231,169,232,168,233,168,234,168,234,167,234,166,234,165,234,164,234,163,234,162,234,161,235,160,235,159,236,158,236,157,237,156,238,155,239,154,240,153,239,152,239,151,238,150,237,149,236,148,235,147,234,146,233,145,232,145,231,144,230,144,229,143,228,143,227,143,226,143,225,142
240,154,239,155,238,156,237,157,237,158,236,159,236,160,235,161,235,162,235,163,235,164,235,165,235,166,235,167,235,168,236,168,237,168,238,169,239,169,240,169,241,170,242,170,243,169,244,169,245,169,246,169,247,168,248,168,249,168,250,168,251,168,251,167,252,166,252,165,252,164,252,163,251,162,251,161,251,160,250,159,249,158,248,157,247,156,246,156,245,155,244,155,243,155,242,154,241,154
157,156,156,157,155,158,154,159,153,160,152,161,152,162,152,163,151,164,151,165,150,166,150,167,150,168,150,169,150,170,150,171,150,172,150,173,151,174,151,175,152,176,152,177,153,178,154,179,155,179,156,180,157,180,158,180,159,180,160,181,161,180,162,180,163,180,164,180,165,179,166,179,167,179,168,178,168,177,169,176,170,175,171,174,172,173,172,172,173,171,173,170,173,169,174,168,174,167,173,166,173,165,173,164,173,163,172,162,172,161,171,160,170,159,169,159,168,158,167,157,166,157,165,157,164,156,163,156,162,156,161,156,160,156,159,156,158,156
182,162,181,163,180,163,179,164,178,165,177,166,177,167,176,168,176,169,176,170,176,171,176,172,176,173,176,174,176,175,177,175,178,176,179,176,180,177,181,177,182,178,183,178,184,179,185,179,186,180,187,180,188,181,188,180,189,179,190,179,190,178,191,177,191,176,191,175,192,174,192,173,192,172,193,171,193,170,193,169,192,168,191,167,190,166,190,165,189,164,188,163,187,162,186,162,185,162,184,162,183,162
206,166,205,167,204,167,203,167,202,167,201,167,200,168,199,168,198,168,197,169,196,169,195,169,194,170,194,171,193,172,193,173,193,174,192,175,192,176,192,177,191,178,191,179,192,179,193,179,194,180,194,181,195,182,196,182,197,183,198,183,199,184,200,184,201,184,202,185,203,185,204,186,205,186,206,186,207,186,208,186,209,186,210,186,211,186,212,186,213,185,214,184,214,183,215,182,216,181,216,180,217,179,217,178,218,177,219,176,219,175,219,174,218,173,218,172,217,171,216,170,215,169,214,169,213,168,212,167,211,167,210,166,209,166,208,166,207,166
247,169,246,170,245,170,244,170,243,170,242,171,241,171,240,172,239,173,238,174,237,174,237,175,236,176,235,176,236,177,236,178,236,179,235,180,235,181,235,182,235,183,235,184,235,185,234,186,234,187,234,188,234,189,233,190,233,191,233,192,232,193,231,194,232,195,232,196,232,197,231,198,232,199,232,200,232,201,233,201,234,201,235,201,236,201,237,201,238,201,239,201,239,200,240,199,241,199,242,200,242,201,242,202,242,201,242,200,242,199,243,198,243,197,244,196,244,195,245,194,245,193,246,192,247,191,247,190,248,189,249,188,250,187,251,186,252,185,253,185,254,184,255,183,255,182,256,181,256,180,257,179,257,178,257,177,257,176,258,175,258,174,258,173,257,173,256,172,255,171,254,171,253,170,252,169,251,169,250,169,249,169,248,169
262,171,261,172,260,172,259,172,259,173,259,174,259,175,258,176,258,177,258,178,258,179,257,180,257,181,256,182,256,183,255,184,254,185,253,186,252,186,251,187,250,188,249,189,248,190,248,191,247,192,246,193,246,194,245,195,245,196,244,197,244,198,243,199,243,200,243,201,243,202,242,203,241,204,242,203,243,202,244,202,245,202,246,202,247,202,248,202,249,202,250,202,251,201,252,201,253,200,254,200,255,199,256,199,257,198,258,198,259,197,260,197,260,196,261,195,262,194,263,193,264,193,265,192,266,191,267,190,268,189,269,188,269,187,269,186,269,185,270,184,270,183,270,182,270,181,269,180,269,179,269,178,268,177,268,176,268,175,267,174,266,173,265,172,264,172,263,171
226,173,225,174,224,174,223,174,222,175,221,175,220,175,220,176,219,177,218,178,218,179,217,180,217,181,216,182,215,183,215,184,214,185,214,186,214,187,214,188,214,189,214,190,214,191,214,192,214,193,214,194,213,195,213,196,213,197,213,198,214,199,215,200,215,201,216,202,217,203,218,203,219,203,220,202,221,202,222,202,223,201,223,200,224,199,225,198,226,197,227,196,228,195,229,194,230,194,231,193,232,192,232,191,232,190,233,189,233,188,233,187,233,186,234,185,234,184,234,183,234,182,234,181,234,180,235,179,235,178,235,177,234,176,233,175,232,175,231,174,230,174,229,173,228,173,227,173
175,175,174,176,173,176,172,176,172,177,171,178,170,178,169,178,168,179,168,180,168,181,167,182,167,183,166,184,166,185,166,186,165,187,165,188,165,189,164,190,164,191,165,192,166,193,166,194,167,195,168,196,168,197,169,198,169,199,169,200,170,201,170,202,170,203,171,203,172,203,173,203,174,204,175,204,176,204,177,204,178,204,179,204,180,204,181,204,182,203,183,203,184,202,185,202,186,201,187,200,187,199,188,198,189,197,189,196,189,195,189,194,189,193,189,192,189,191,189,190,189,189,189,188,188,187,188,186,187,185,187,184,187,183,187,182,187,181,186,181,185,180,184,180,183,179,182,179,181,178,180,178,179,177,178,177,177,176,176,176
146,180,145,181,144,181,143,181,142,182,141,183,140,184,139,185,139,186,139,187,139,188,139,189,139,190,139,191,140,192,140,193,141,194,142,195,143,196,144,197,145,197,146,198,147,198,148,199,149,199,150,199,151,199,152,199,153,198,153,197,154,196,155,195,156,194,157,193,158,192,159,191,159,190,159,189,160,188,161,187,161,186,161,185,161,184,161,183,160,182,159,181,158,181,157,181,156,181,155,180,154,180,153,180,152,180,151,180,150,180,149,180,148,180,147,180
163,191,162,192,161,192,160,192,159,192,158,193,157,194,156,195,155,196,154,197,154,198,153,199,153,200,153,201,153,202,153,203,153,204,154,205,154,206,155,207,156,207,157,208,158,209,159,209,160,209,161,209,162,208,163,208,164,208,165,208,166,207,167,207,168,207,168,206,168,205,169,204,170,204,169,203,169,202,169,201,168,200,168,199,168,198,167,197,167,196,166,195,165,194,165,193,164,192
280,193,279,194,278,194,277,194,276,195,275,195,274,195,273,196,272,196,271,196,270,197,269,197,268,198,267,198,266,198,265,199,264,199,263,199,262,198,261,198,260,198,259,198,258,199,257,199,256,200,255,200,254,201,253,201,252,202,251,203,251,204,250,205,250,206,249,207,248,208,247,209,246,210,247,211,246,212,246,213,246,214,246,215,245,216,245,217,245,218,245,219,244,220,244,221,243,222,243,223,243,224,242,225,242,226,241,227,241,228,242,229,243,229,244,230,245,231,246,232,247,233,248,234,248,235,249,236,250,237,250,238,251,239,251,240,252,239,253,238,254,237,254,236,255,235,256,234,256,233,257,232,258,231,258,230,259,229,259,228,260,227,261,226,261,225,262,224,263,223,264,222,265,222,266,221,267,221,268,220,269,219,270,219,271,218,272,218,273,217,274,217,274,216,275,215,276,214,276,213,276,212,277,211,277,210,278,209,278,208,279,207,280,206,281,205,281,204,282,203,283,202,284,201,284,200,285,199,285,198,285,197,285,196,285,195,285,194,284,193,283,193,282,193,281,193
197,197,196,198,195,198,194,198,193,199,192,199,191,199,191,200,190,201,190,202,189,203,189,204,189,205,190,206,190,207,191,208,192,208,193,209,194,209,195,210,196,210,197,211,198,212,199,212,200,212,201,211,202,211,203,211,204,210,205,210,206,210,207,210,208,209,209,209,210,209,211,209,212,208,213,208,214,207,215,207,216,206,216,205,217,204,216,203,215,202,214,201,214,200,213,199,212,198,211,199,210,199,209,198,208,198,207,198,206,198,205,198,204,198,203,197,202,197,201,197,200,197,199,197,198,197
166,208,165,209,164,209,163,209,162,209,161,210,160,210,159,210,158,210,158,211,158,212,157,213,156,214,156,215,156,216,155,217,155,218,155,219,155,220,155,221,155,222,155,223,155,224,155,225,156,226,156,227,157,228,158,229,159,230,160,230,161,230,162,231,163,231,164,231,165,231,166,232,167,232,168,232,169,232,170,231,171,231,172,231,173,231,174,231,175,231,176,230,177,230,177,229,178,228,179,227,179,226,180,225,180,224,181,223,181,222,181,221,182,220,182,219,183,218,183,217,183,216,183,215,182,215,181,215,180,215,179,215,178,215,177,215,176,214,175,214,174,213,173,212,172,211,171,210,170,209,169,208,168,208,167,208
197,212,196,213,195,213,194,214,193,214,192,214,191,214,190,215,189,215,188,215,187,215,186,215,185,215,184,215,184,216,184,217,184,218,183,219,183,220,182,221,182,222,182,223,181,224,181,225,180,226,180,227,179,228,178,229,178,230,177,231,178,231,179,232,180,233,181,234,182,234,183,235,184,236,185,236,186,237,187,238,188,238,189,239,190,240,191,241,192,241,193,242,194,241,195,241,196,241,197,241,198,241,199,241,200,240,201,239,201,238,202,237,202,236,203,235,204,234,204,233,204,232,205,231,205,230,205,229,205,228,205,227,205,226,205,225,205,224,204,223,204,222,204,221,204,220,204,219,205,218,205,217,204,217,203,216,203,215,202,214,201,213,200,213,199,213,198,213
215,213,214,214,213,214,212,214,211,214,210,215,209,215,208,216,207,217,206,218,205,219,205,220,205,221,205,222,205,223,206,224,206,225,206,226,206,227,206,228,206,229,206,230,207,230,208,231,209,232,210,233,211,233,212,233,213,233,214,233,215,233,216,233,217,233,218,233,219,233,220,233,221,233,222,232,223,232,224,231,225,231,226,230,227,229,228,228,229,227,229,226,229,225,230,224,230,223,230,222,230,221,229,220,228,219,228,218,227,217,226,217,225,217,224,216,223,216,222,216,221,215,220,215,219,214,218,214,217,213,216,213
273,218,272,219,271,219,270,220,269,220,268,221,267,222,266,222,265,223,264,223,263,224,262,225,262,226,261,227,260,228,260,229,259,230,259,231,258,232,257,233,257,234,256,235,255,236,255,237,254,238,253,239,252,240,253,241,254,242,255,243,256,243,257,244,258,244,259,244,260,243,261,243,262,242,263,241,264,240,265,239,266,239,267,238,268,237,269,236,270,235,270,234,271,233,272,232,272,231,272,230,273,229,274,228,274,227,275,226,276,225,276,224,276,223,277,222,276,221,276,220,276,219,276,218,275,218,274,218
291,218,290,219,289,219,288,220,287,220,286,220,285,221,284,221,283,222,282,222,281,223,280,224,279,225,278,225,277,226,276,226,275,227,275,228,274,229,273,230,273,231,273,232,272,233,271,234,271,235,270,236,270,237,270,238,270,239,270,240,270,241,269,242,269,243,269,244,269,245,270,246,270,247,271,248,271,249,272,250,273,250,274,250,275,250,276,250,277,250,278,249,279,249,280,249,281,248,282,247,283,246,284,245,284,244,285,243,285,242,286,241,287,240,288,239,289,238,290,237,290,236,291,235,292,234,292,233,293,232,293,231,294,230,295,229,295,228,296,227,296,226,297,225,297,224,298,223,298,222,297,221,297,220,296,219,295,218,294,218,293,218,292,218
303,225,302,226,301,226,300,227,299,227,298,228,297,229,296,229,295,230,294,231,294,232,293,233,293,234,292,235,292,236,292,237,292,238,293,239,293,240,293,241,294,242,295,243,296,244,297,244,298,245,299,245,300,246,301,246,302,246,303,246,304,246,305,246,306,247,307,247,308,246,309,246,309,245,310,244,311,243,312,242,312,241,312,240,312,239,313,238,313,237,313,236,313,235,313,234,313,233,313,232,313,231,313,230,313,229,312,228,311,227,311,226,310,226,309,225,308,225,307,225,306,225,305,225,304,225
176,231,175,232,174,232,173,232,172,232,171,232,170,232,169,233,168,233,167,233,166,233,166,234,166,235,166,236,166,237,166,238,166,239,167,239,168,240,169,240,170,241,171,242,172,242,173,243,174,244,175,245,176,246,177,247,177,248,178,248,179,248,180,248,181,248,182,248,183,247,184,247,185,246,186,246,187,246,188,245,189,244,190,243,191,243,192,242,191,242,190,241,189,240,188,239,187,239,186,238,185,237,184,237,183,236,182,235,181,235,180,234,179,233,178,232,177,232
316,240,316,241,315,242,314,242,313,241,313,242,312,243,311,244,310,245,310,246,309,247,308,247,309,247,310,248,310,249,311,250,311,251,311,252,312,253,313,254,314,255,315,256,316,256,317,256,318,256,319,257,320,258,321,258,322,258,323,259,324,259,325,259,326,259,327,258,328,257,329,256,330,255,330,254,331,253,331,252,331,251,331,250,331,249,332,248,331,247,331,246,331,245,330,244,329,243,328,242,327,241,326,241,325,240,324,240,323,240,322,240,321,240,320,240,319,240,318,240,317,240
200,241,199,242,198,242,197,242,196,242,195,242,194,242,193,243,192,243,191,244,190,244,189,245,188,246,187,247,186,247,185,247,184,248,183,248,182,249,181,249,180,249,179,249,178,249,177,250,176,250,175,251,174,251,173,252,172,252,171,252,170,253,169,253,168,253,167,254,167,255,167,256,167,257,167,258,168,259,168,260,169,261,169,262,170,263,171,264,172,265,173,265,174,266,175,267,176,267,177,267,178,268,179,269,180,269,181,268,182,268,183,267,184,267,185,266,186,266,187,265,188,265,189,264,190,264,191,263,192,263,193,263,194,263,194,262,194,261,195,260,196,259,197,258,198,258,199,257,200,257,201,257,202,257,203,256,204,256,203,255,203,254,204,253,204,252,204,251,204,250,204,249,205,248,205,247,204,246,204,245,203,244,203,243,202,243,201,243,200,242
261,246,260,247,259,247,258,248,257,249,256,250,255,251,255,252,255,253,254,254,253,255,253,256,252,257,252,258,252,259,252,260,252,261,252,262,252,263,252,264,253,265,254,266,255,267,256,268,257,268,258,268,259,268,260,268,261,268,262,267,263,267,264,266,265,266,266,265,267,264,268,263,269,262,270,261,271,260,271,259,272,258,272,257,272,256,272,255,272,254,272,253,272,252,271,251,271,250,270,249,269,248,268,248,267,247,266,247,265,246,264,246,263,246,262,246
215,248,215,249,214,250,213,250,212,250,211,251,211,252,210,253,209,254,208,255,207,255,206,256,205,256,205,257,205,258,205,259,206,259,207,260,207,261,208,262,209,263,209,264,209,265,210,266,211,266,212,266,213,265,214,264,215,264,216,263,217,262,218,262,219,261,220,260,221,260,222,259,223,258,223,257,223,256,223,255,224,254,224,253,224,252,224,251,224,250,223,250,222,249,221,249,220,249,219,249,218,249,217,248,216,248
287,249,286,250,285,250,284,250,283,251,282,252,281,252,280,253,279,254,279,255,278,256,277,257,277,258,276,259,275,260,275,261,275,262,274,263,274,264,274,265,274,266,274,267,274,268,275,269,275,270,276,271,277,272,278,273,279,273,280,273,281,274,282,274,283,274,284,274,285,274,286,274,287,274,288,274,289,274,290,273,291,273,292,273,293,272,294,271,295,270,296,269,297,268,297,267,298,266,298,265,299,264,299,263,299,262,300,261,300,260,300,259,300,258,300,257,300,256,299,255,299,254,298,253,297,252,296,251,295,250,294,250,293,250,292,249,291,249,290,249,289,249,288,249
224,258,223,259,222,260,221,261,220,261,219,262,218,263,217,263,216,264,215,265,214,265,213,266,212,267,211,267,212,268,212,269,213,270,214,270,215,270,216,271,217,271,218,271,219,271,220,271,221,271,222,271,223,270,224,270,225,270,226,269,227,269,227,268,227,267,228,266,228,265,228,264,229,263,229,262,229,261,229,260,228,259,227,258,226,258,225,258
339,262,338,263,337,263,336,263,335,263,334,264,333,264,332,265,331,265,330,266,329,266,328,267,327,268,326,269,325,270,324,271,324,272,324,273,323,274,323,275,323,276,324,277,323,278,324,279,324,280,324,281,325,282,325,283,326,284,327,285,328,286,329,286,330,287,331,287,332,287,333,287,334,287,335,286,336,286,337,285,338,284,339,283,340,282,341,281,342,280,342,279,343,278,343,277,343,276,343,275,344,274,344,273,344,272,344,271,345,270,345,269,345,268,345,267,345,266,344,265,344,264,343,263,342,263,341,263,340,262
191,264,190,265,189,265,188,266,187,266,186,267,185,267,184,268,183,268,182,269,181,269,180,270,180,271,180,272,180,273,181,274,181,275,181,276,181,277,182,278,183,279,184,279,185,280,186,281,187,281,188,281,189,280,190,281,190,280,190,279,191,278,192,277,193,276,193,275,194,274,194,273,194,272,194,271,195,270,195,269,195,268,195,267,195,266,195,265,195,264,194,264,193,264,192,264
228,269,227,270,226,270,225,271,224,271,223,271,222,272,221,272,220,272,219,272,218,272,217,272,216,273,215,273,214,274,213,274,212,275,211,275,210,276,209,277,208,277,207,278,206,278,205,278,204,278,203,277,202,277,201,277,200,277,199,277,198,278,197,278,196,278,195,279,194,280,193,281,193,282,192,283,192,284,192,285,192,286,193,287,193,288,194,289,195,289,196,289,197,289,198,289,199,289,200,288,201,288,202,288,203,288,204,287,205,287,206,287,207,287,208,286,209,286,210,286,211,286,212,286,213,285,214,285,215,285,216,284,217,284,218,284,219,283,220,283,221,283,222,282,223,281,224,281,225,280,226,279,227,279,228,278,229,277,230,276,231,275,231,274,231,273,231,272,231,271,230,270,229,270
273,277,272,278,271,278,270,278,269,279,268,279,267,280,267,281,267,282,266,283,266,284,265,285,265,286,265,287,265,288,265,289,265,290,266,291,266,292,266,293,267,294,268,295,269,296,270,296,271,297,272,297,273,298,274,298,275,299,276,299,277,299,278,300,279,300,280,299,281,299,282,299,283,299,284,298,285,298,286,297,287,297,288,296,288,295,289,294,290,293,290,292,290,291,291,290,291,289,291,288,291,287,291,286,291,285,290,284,290,283,289,282,288,281,287,280,286,280,285,279,284,278,283,278,282,278,281,278,280,277,279,277,278,277,277,277,276,277,275,277,274,277
311,280,310,281,309,281,308,281,307,281,306,281,305,282,304,282,303,282,302,283,301,283,300,284,299,285,298,286,297,287,296,288,296,289,296,290,295,291,295,292,295,293,295,294,295,295,296,296,296,297,297,298,298,298,299,299,300,300,301,300,302,300,303,300,304,300,305,300,306,300,307,299,308,299,309,299,310,299,311,299,312,300,313,299,314,299,315,299,316,300,317,300,318,300,319,300,320,300,321,301,321,300,322,299,322,298,323,297,323,296,324,295,324,294,325,293,325,292,325,291,324,290,323,289,323,288,323,287,322,286,321,285,320,284,319,283,318,282,317,282,316,281,315,281,314,281,313,281,312,281
218,286,217,287,216,288,215,289,215,290,215,291,214,292,214,293,214,294,214,295,214,296,214,297,214,298,215,299,216,300,217,300,218,300,219,301,220,301,221,301,222,301,223,301,224,301,225,301,226,300,227,300,228,299,229,298,230,297,231,296,231,295,231,294,232,293,232,292,231,291,231,290,231,289,230,288,229,288,228,287,227,287,226,286,225,286,224,286,223,286,222,286,221,286,220,286,219,286
332,290,331,291,330,291,329,291,328,292,327,292,326,292,326,293,325,294,325,295,324,296,324,297,323,298,323,299,322,300,322,301,323,302,324,302,325,302,326,303,327,303,328,303,329,303,330,303,331,303,332,303,333,303,334,302,335,302,336,302,337,301,338,301,339,300,340,299,341,298,341,297,342,296,342,295,342,294,342,293,341,292,341,291,340,291,339,290,338,290,337,290,336,290,335,290,334,290,333,290
281,302,280,303,279,303,278,304,277,304,276,305,275,306,274,307,274,308,273,309,273,310,273,311,273,312,273,313,273,314,273,315,273,316,273,317,273,318,273,319,274,320,275,321,275,322,276,323,277,324,278,324,279,325,280,325,281,326,282,326,283,326,284,326,285,326,286,326,287,326,288,326,289,325,290,325,291,324,292,324,293,323,294,322,295,322,296,321,296,320,297,319,298,318,298,317,298,316,298,315,298,314,298,313,298,312,297,311,297,310,297,309,297,308,296,307,295,306,295,305,294,305,293,304,292,304,291,303,290,303,289,302,288,302,287,302,286,302,285,302,284,302,283,302,282,302
236,304,235,305,234,306,233,307,232,308,232,309,231,310,231,311,231,312,231,313,231,314,231,315,231,316,231,317,232,318,233,319,233,320,234,320,235,320,236,321,237,321,238,321,239,321,240,321,241,321,242,320,243,320,244,319,245,319,246,318,247,317,248,316,249,315,249,314,250,313,250,312,250,311,250,310,250,309,250,308,249,307,249,306,248,305,247,305,246,305,245,304,244,304,243,304,242,304,241,304,240,304,239,304,238,304,237,304
251,322,250,323,249,323,248,323,247,323,246,323,245,324,244,324,243,325,242,325,242,326,241,327,240,328,240,329,239,330,239,331,239,332,239,333,239,334,239,335,239,336,239,337,239,338,240,339,241,340,241,341,242,342,243,343,244,343,245,343,246,343,247,343,248,342,249,342,250,341,251,341,252,341,253,341,254,341,254,340,254,339,254,338,254,337,254,336,255,335,255,334,255,333,255,332,255,331,256,330,256,329,256,328,255,327,255,326,255,325,254,324,254,323,253,322,252,322
332,322,331,323,330,323,329,323,328,324,327,324,326,325,325,325,324,326,323,327,322,328,321,328,320,329,319,330,318,330,317,331,316,332,315,333,314,333,314,334,314,335,313,336,313,337,312,338,313,339,313,340,314,341,315,342,316,342,317,342,318,342,319,342,320,342,321,341,322,341,323,341,324,340,325,340,326,340,327,339,328,339,329,338,330,338,331,337,332,336,333,336,334,335,335,334,336,333,337,332,338,331,339,331,340,330,341,329,341,328,341,327,341,326,341,325,341,324,340,323,339,322,338,322,337,322,336,322,335,322,334,322,333,322
346,329,345,330,344,330,343,330,342,331,341,332,340,333,339,334,339,335,339,336,339,337,339,338,339,339,340,339,341,339,342,339,343,339,344,339,345,339,346,339,347,339,348,339,349,339,350,339,351,339,352,338,353,337,353,336,354,335,354,334,354,333,354,332,354,331,353,330,352,330,351,329,350,329,349,329,348,329,347,329
309,330,308,331,307,331,306,331,305,332,304,333,303,333,302,334,301,334,300,335,299,336,298,336,297,337,296,338,295,339,294,340,293,340,292,341,291,342,290,343,289,344,289,345,289,346,288,347,288,348,288,349,288,350,288,351,288,352,289,353,290,354,291,354,292,354,293,353,294,353,295,353,296,352,297,351,298,351,299,350,300,349,301,348,302,347,303,346,304,345,305,344,306,343,307,342,308,341,309,340,310,339,310,338,311,337,312,337,312,336,313,335,313,334,313,333,313,332,312,331,311,331,310,330
339,340,338,341,337,341,336,341,335,341,334,342,333,343,332,343,331,344,330,345,329,346,328,347,327,347,326,348,325,349,324,350,323,351,323,352,322,353,321,354,321,355,320,356,321,357,321,358,321,359,322,359,323,359,324,359,325,358,326,358,327,358,328,357,329,357,330,357,331,356,332,356,333,356,334,355,335,355,336,355,337,354,338,354,339,354,340,354,341,353,342,353,343,353,344,352,345,352,346,352,347,351,348,351,349,351,350,350,351,350,352,349,353,349,353,348,354,347,354,346,354,345,354,344,354,343,353,342,353,341,352,340,351,340,350,340,349,340,348,340,347,340,346,340,345,340,344,340,343,340,342,340,341,340,340,340
316,346,315,347,314,347,313,347,312,348,311,348,310,349,309,350,308,350,307,351,306,352,305,353,305,354,304,355,303,356,303,357,302,358,302,359,302,360,302,361,302,362,302,363,303,364,304,365,305,365,306,365,307,365,308,365,309,365,310,364,311,364,312,363,312,362,313,361,314,360,315,359,316,358,317,357,318,356,318,355,319,354,319,353,320,352,320,351,320,350,321,349,320,348,319,347,318,347,317,347
344,353,343,354,342,354,341,354,340,355,339,355,338,355,337,355,336,356,335,356,334,356,333,357,332,357,331,357,330,358,329,358,328,358,327,359,326,359,325,359,324,360,323,360,322,361,321,362,320,362,319,363,318,363,318,364,317,365,316,366,316,367,315,368,315,369,315,370,314,371,315,372,316,373,317,374,318,374,319,374,320,374,321,373,322,373,323,373,324,372,325,371,326,371,327,370,328,369,329,369,330,368,331,368,332,367,333,366,334,366,335,366,336,365,337,365,338,364,339,363,340,363,341,362,342,362,343,361,344,361,345,360,346,360,347,359,348,358,348,357,349,356,348,355,347,354,346,353,345,353
355,357,354,358,353,358,352,358,351,359,350,359,349,359,348,359,347,360,346,361,345,361,344,362,344,363,343,364,342,365,341,366,340,367,339,368,338,369,337,370,336,371,335,372,334,372,333,373,332,374,332,375,332,376,331,377,331,378,332,379,333,379,334,379,335,378,336,378,337,377,338,377,339,376,340,376,341,375,342,375,343,374,344,374,345,373,346,373,347,372,348,372,349,371,350,371,351,371,352,370,353,370,354,370,355,370,356,370,357,369,358,369,359,368,360,368,361,368,362,367,363,366,363,365,364,364,364,363,365,362,364,361,364,360,363,359,362,358,361,358,360,357,359,357,358,357,357,357,356,357
362,368,361,369,360,369,359,370,358,371,357,371,356,372,355,373,354,373,353,374,352,374,351,375,350,375,349,375,348,376,347,377,346,378,346,379,345,380,345,381,345,382,346,383,347,383,348,383,349,384,350,384,351,384,352,384,353,384,354,384,355,383,356,383,357,383,358,383,359,383,360,383,361,383,362,383,363,383,364,383,365,382,366,382,367,382,368,382,369,381,370,381,371,381,372,381,373,381,374,380,375,379,375,378,375,377,375,376,375,375,375,374,374,373,374,372,373,371,372,370,371,369,370,368,369,368,368,368,367,368,366,368,365,368,364,368,363,368
369,382,368,383,367,383,366,383,365,383,364,384,363,384,362,384,361,384,360,384,359,384,358,384,357,384,356,384,355,384,354,385,353,385,352,385,351,385,350,386,349,386,348,387,347,387,346,388,345,388,344,389,343,389,342,390,341,390,340,391,339,392,338,393,338,394,338,395,337,396,338,397,338,398,339,399,340,399,341,400,342,400,343,400,344,400,345,400,346,400,347,399,348,399,349,399,350,399,351,398,352,398,353,398,354,398,355,398,356,398,357,398,358,398,359,398,360,398,361,397,362,396,363,396,364,396,365,396,366,396,367,396,368,396,369,396,370,395,371,395,372,395,373,395,374,395,375,394,376,393,377,392,378,391,378,390,378,389,378,388,378,387,378,386,377,385,376,384,375,383,374,383,373,382,372,382,371,382,370,382
362,398,361,399,360,399,359,399,358,399,357,399,356,399,355,399,354,399,353,399,352,399,351,399,350,400,349,400,348,400,347,400,346,401,345,401,345,402,344,403,343,403,342,404,341,405,340,405,339,406,338,406,337,407,336,408,336,409,336,410,335,411,336,412,336,413,337,414,338,414,339,414,340,415,341,415,342,415,343,415,344,414,345,414,346,414,347,413,348,413,349,413,350,412,351,412,352,412,353,411,354,411,355,411,356,410,357,410,358,410,359,409,360,409,361,409,362,409,363,408,364,408,365,408,366,407,367,406,367,405,368,404,368,403,368,402,368,401,367,400,367,399,366,399,365,399,364,398,363,398
363,409,362,410,361,410,360,410,359,410,358,411,357,411,356,411,355,412,354,412,353,412,352,413,351,413,350,413,349,414,348,414,347,414,346,415,345,415,344,415,343,416,342,416,341,416,341,417,340,418,340,419,340,420,341,421,341,422,342,423,343,424,344,424,345,424,346,424,347,424,348,424,349,424,350,424,351,424,352,424,353,424,354,424,355,424,356,423,357,423,358,423,359,423,360,423,361,423,362,422,363,422,364,421,365,420,366,419,367,418,368,418,369,417,369,416,370,415,370,414,370,413,370,412,369,411,368,410,367,410,366,410,365,409,364,409
374,418,373,419,372,419,371,420,370,420,369,421,368,421,367,421,366,422,365,422,364,422,363,423,362,423,361,424,360,424,359,425,358,426,357,427,356,427,355,428,355,429,354,430,354,431,355,432,356,432,357,432,358,432,359,433,360,433,361,433,362,433,363,433,364,433,365,434,366,434,367,434,368,434,369,434,370,434,371,434,372,434,373,434,374,434,375,434,376,433,377,433,378,432,379,431,380,431,381,430,382,429,382,428,382,427,383,426,383,425,383,424,383,423,383,422,382,421,381,420,380,419,379,419,378,419,377,418,376,418,375,418
351,433,350,434,349,434,348,434,347,434,346,435,345,435,344,436,344,437,344,438,344,439,344,440,345,441,346,442,347,442,348,443,349,444,350,444,351,444,352,445,353,446,354,446,355,446,356,446,357,446,358,446,359,446,360,446,361,447,362,447,363,447,364,447,365,447,366,447,367,447,368,446,369,446,370,446,371,446,372,445,373,445,374,445,375,444,376,444,377,444,378,443,379,443,380,442,380,441,380,440,380,439,380,438,380,437,379,436,378,435,377,435,376,435,375,435,374,435,373,435,372,435,371,435,370,435,369,435,368,435,367,435,366,435,365,435,364,434,363,434,362,434,361,434,360,434,359,434,358,433,357,433,356,433,355,433,354,434,353,434,352,434
324,443,323,444,322,444,321,445,320,446,319,447,318,448,318,449,317,450,317,451,317,452,317,453,317,454,317,455,318,456,318,457,319,458,320,459,320,460,321,461,322,462,323,463,324,464,325,465,326,466,327,466,328,467,329,467,330,467,331,467,332,467,333,466,334,466,335,466,336,466,337,465,338,465,339,465,340,464,341,464,341,463,342,462,342,461,342,460,342,459,342,458,342,457,341,456,341,455,341,454,340,453,340,452,339,451,339,450,338,449,337,448,336,447,335,447,334,446,333,445,332,444,331,444,330,444,329,444,328,443,327,443,326,443,325,443
353,447,352,448,351,448,350,449,349,449,348,450,348,451,347,452,347,453,347,454,347,455,348,456,348,457,349,458,349,459,350,460,351,460,352,461,353,462,354,462,355,463,356,463,357,464,358,464,359,464,360,465,361,465,362,465,363,465,364,465,365,465,366,465,367,465,368,465,369,465,370,465,371,464,372,464,373,463,374,463,375,463,376,463,377,462,378,462,379,461,380,460,381,459,381,458,382,457,382,456,383,455,382,454,381,453,381,452,380,451,379,450,378,449,377,449,376,449,375,449,374,449,373,448,372,448,371,448,370,449,369,449,368,448,367,448,366,448,365,448,364,448,363,448,362,448,361,448,360,447,359,447,358,447,357,447,356,447,355,447,354,447
304,453,303,454,302,454,301,455,300,455,299,456,298,457,298,458,297,459,297,460,296,461,296,462,296,463,296,464,296,465,297,466,298,467,299,467,300,468,301,469,302,470,303,471,304,471,305,472,306,472,307,472,308,472,309,471,310,471,311,471,312,470,313,469,314,469,314,468,315,467,315,466,316,465,316,464,316,463,316,462,316,461,316,460,315,459,315,458,315,457,314,456,313,455,312,455,311,454,310,454,309,454,308,453,307,453,306,453,305,453
291,471,290,472,289,473,288,473,287,474,286,475,285,476,284,477,284,478,283,479,283,480,283,481,283,482,283,483,283,484,283,485,283,486,283,487,284,488,284,489,285,490,286,491,286,492,287,493,288,494,289,494,290,494,291,495,292,495,293,495,294,495,295,495,296,495,297,494,298,494,299,493,300,492,301,492,302,491,303,490,304,490,305,489,306,488,306,487,307,486,307,485,307,484,307,483,307,482,307,481,307,480,307,479,307,478,307,477,306,477,305,476,304,475,303,474,302,474,301,473,300,473,299,472,298,472,297,471,296,471,295,471,294,471,293,471,292,471
189,473,188,474,187,474,186,475,185,476,184,477,184,478,184,479,183,480,183,481,183,482,184,483,184,484,184,485,185,486,186,487,187,488,188,488,189,489,190,489,191,489,192,490,193,490,194,490,195,490,196,490,197,489,198,489,199,488,200,488,201,487,202,486,203,485,203,484,203,483,203,482,203,481,203,480,202,479,201,478,201,477,200,476,199,475,198,474,197,474,196,473,195,473,194,473,193,473,192,473,191,473,190,473
144,479,143,480,142,480,141,481,140,482,139,483,139,484,139,485,138,486,138,487,138,488,138,489,138,490,138,491,138,492,138,493,139,494,139,495,140,496,141,497,142,498,143,498,144,499,145,499,146,499,147,499,148,499,149,499,150,498,151,498,152,498,153,497,154,496,155,495,156,494,157,493,157,492,158,491,158,490,158,489,158,488,158,487,158,486,157,485,157,484,156,483,155,482,155,481,154,480,153,479,152,479,151,479,150,479,149,479,148,479,147,479,146,479,145,479
364,480,363,481,362,481,361,482,360,482,359,483,358,484,357,484,356,485,355,486,354,487,354,488,353,489,352,490,352,491,352,492,351,493,351,494,351,495,351,496,350,497,350,498,350,499,350,500,350,501,350,502,350,503,350,504,350,505,350,506,350,507,350,508,351,509,352,510,353,510,354,511,355,511,356,511,357,511,358,511,359,511,360,511,361,511,362,511,363,511,364,511,365,511,366,511,367,511,368,511,369,511,370,511,371,511,372,511,373,511,374,511,375,511,376,511,377,511,378,511,379,511,380,511,381,511,382,511,383,510,384,510,383,509,383,508,383,507,384,506,384,505,385,504,385,503,385,502,386,501,386,500,386,499,386,498,386,497,386,496,386,495,385,494,385,493,385,492,385,491,384,490,384,489,383,488,383,487,382,486,381,485,380,484,379,483,378,482,377,482,376,481,375,481,374,481,373,480,372,480,371,480,370,480,369,480,368,480,367,480,366,480,365,480
409,486,408,487,407,487,406,487,405,488,404,488,403,489,402,489,401,490,400,491,399,492,398,493,398,494,397,495,397,496,397,497,396,498,396,499,396,500,396,501,396,502,395,503,395,504,395,505,395,506,395,507,395,508,395,509,395,510,396,510,397,511,398,511,399,511,400,511,401,511,402,511,403,511,404,511,405,511,406,511,407,511,408,511,409,511,410,511,411,511,412,511,413,511,414,511,415,511,416,511,417,511,418,511,419,511,420,511,421,511,422,511,423,511,424,511,425,511,426,511,427,511,428,511,429,511,430,511,431,510,431,509,431,508,431,507,432,506,432,505,432,504,432,503,432,502,432,501,431,500,431,499,431,498,431,497,430,496,429,495,429,494,428,493,427,492,427,491,426,491,425,490,424,489,423,489,422,488,421,488,420,487,419,487,418,487,417,486,416,486,415,486,414,486,413,486,412,486,411,486,410,486
172,487,171,488,170,488,169,488,168,489,167,489,166,490,165,491,164,492,163,493,162,494,162,495,162,496,162,497,161,498,161,499,162,500,162,501,162,502,162,503,163,504,163,505,164,506,165,507,166,508,167,508,168,508,169,509,170,509,171,509,172,509,173,509,174,509,175,509,176,509,177,509,178,508,179,508,180,508,181,507,182,507,183,506,184,505,185,504,185,503,186,502,186,501,186,500,187,499,187,498,187,497,187,496,187,495,186,494,186,493,185,492,185,491,184,491,183,490,182,489,181,489,180,489,179,488,178,488,177,488,176,487,175,487,174,487,173,487
443,489,442,490,441,490,440,491,439,492,438,493,437,494,436,495,436,496,436,497,435,498,435,499,435,500,435,501,435,502,435,503,435,504,435,505,436,506,436,507,437,508,437,509,437,510,438,510,439,510,440,511,441,511,442,511,443,511,444,511,445,511,446,511,447,510,448,510,449,509,450,509,451,508,452,507,452,506,453,505,453,504,453,503,453,502,453,501,453,500,453,499,453,498,452,497,452,496,452,495,451,494,451,493,450,492,449,491,448,490,447,489,446,489,445,489,444,489
287,496,286,497,285,497,284,498,283,499,283,500,283,501,282,502,282,503,282,504,281,505,282,506,282,507,281,508,281,509,281,510,282,511,283,511,284,511,285,511,286,511,287,511,288,511,289,511,290,511,291,511,292,511,293,511,294,511,295,511,296,510,297,510,297,509,297,508,296,507,296,506,296,505,296,504,296,503,296,502,296,501,296,500,295,499,294,498,293,497,292,497,291,496,290,496,289,496,288,496
122,497,121,498,120,498,119,498,118,499,117,500,116,500,115,501,114,502,114,503,113,504,113,505,113,506,112,507,112,508,112,509,112,510,113,511,114,511,115,511,116,511,117,511,118,511,119,511,120,511,121,511,122,511,123,511,124,511,125,511,126,511,127,511,128,511,129,511,130,511,131,510,132,510,133,509,133,508,134,507,134,506,134,505,134,504,134,503,133,502,132,501,132,500,131,499,130,498,129,498,128,497,127,497,126,497,125,497,124,497,123,497
199,500,198,501,197,501,196,502,195,502,194,503,193,504,192,505,191,506,191,507,190,508,190,509,190,510,191,511,192,511,193,511,194,511,195,511,196,511,197,511,198,511,199,511,200,511,201,511,202,511,203,511,204,511,205,511,206,511,207,511,208,511,209,511,210,511,211,511,212,511,213,510,213,509,213,508,213,507,212,506,212,505,211,504,211,503,210,502,209,501,208,501,207,500,206,500,205,500,204,500,203,500,202,500,201,500,200,500
152,502,151,503,150,503,149,503,148,504,147,504,146,505,145,505,144,506,144,507,143,508,143,509,143,510,143,511,144,511,145,511,146,511,147,511,148,511,149,511,150,511,151,511,152,511,153,511,154,511,155,511,156,511,157,511,158,511,159,511,160,511,161,511,162,511,163,510,163,509,163,508,163,507,162,506,161,505,160,505,159,504,158,504,157,503,156,503,155,503,154,502,153,502
