89,68,88,69,87,70,86,70,85,71,84,72,83,73,83,74,83,75,82,76,82,77,82,78,81,79,81,80,81,81,82,82,82,83,82,84,83,85,84,86,85,87,86,87,87,87,88,88,89,88,90,88,91,88,92,88,93,88,94,88,95,88,96,87,97,87,98,86,99,85,100,84,100,83,100,82,101,81,101,80,101,79,101,78,101,77,101,76,100,75,100,74,100,73,99,72,99,71,98,70,97,70,96,69,95,69,94,69,93,68,92,68,91,68,90,68
150,105,149,106,148,106,147,106,146,106,145,107,144,107,143,108,142,109,141,110,140,111,140,112,140,113,140,114,140,115,140,116,141,117,141,118,141,119,142,120,142,121,143,122,144,122,145,122,146,123,147,123,148,123,149,124,150,124,151,124,152,125,153,125,154,124,155,123,156,123,157,122,158,121,159,120,159,119,160,118,161,117,162,116,163,115,163,114,163,113,163,112,163,111,163,110,163,109,163,108,162,107,161,106,160,106,159,106,158,106,157,105,156,105,155,105,154,105,153,105,152,105,151,105
173,105,172,106,171,106,170,106,169,107,168,107,167,108,166,109,165,109,164,109,164,110,164,111,164,112,164,113,164,114,164,115,165,116,165,117,166,117,167,117,168,117,169,117,170,117,171,117,172,117,173,116,174,116,175,115,176,115,177,114,178,113,179,112,179,111,179,110,180,109,179,108,179,107,179,106,178,106,177,106,176,106,175,106,174,105
65,106,64,107,63,107,62,108,61,108,60,109,60,110,59,111,59,112,59,113,58,114,58,115,58,116,59,117,60,118,61,119,62,120,63,120,64,121,65,121,66,120,67,120,68,120,69,119,70,119,71,118,71,117,72,116,72,115,72,114,72,113,72,112,72,111,72,110,71,109,71,108,70,108,69,107,68,107,67,106,66,106
131,113,130,114,129,114,128,114,127,114,126,115,125,116,124,117,124,118,123,119,123,120,123,121,122,122,122,123,122,124,122,125,122,126,122,127,121,128,121,129,122,130,122,131,123,131,124,131,125,131,126,132,127,132,128,132,129,132,130,132,131,132,132,132,133,132,134,132,135,132,135,131,136,130,136,129,136,128,137,127,137,126,138,125,138,124,139,123,140,122,140,121,139,120,139,119,138,118,138,117,137,116,137,115,136,115,135,114,134,114,133,113,132,113
192,118,191,119,190,119,189,119,188,120,187,120,186,121,185,122,184,123,184,124,183,125,183,126,183,127,183,128,183,129,183,130,182,131,182,132,182,133,182,134,182,135,182,136,182,137,183,138,184,139,184,140,185,140,186,141,187,142,188,143,189,143,190,144,191,144,192,144,193,145,194,145,195,145,196,145,196,144,197,143,198,143,199,142,200,141,201,140,202,140,203,139,204,138,205,137,206,136,206,135,206,134,207,133,207,132,207,131,208,130,208,129,208,128,208,127,207,126,207,125,206,124,206,123,205,122,204,122,203,121,202,120,201,120,200,119,199,119,198,118,197,118,196,118,195,118,194,118,193,118
213,119,212,120,211,121,210,122,210,123,210,124,210,125,210,126,210,127,211,128,212,129,213,130,214,130,215,130,216,129,217,129,218,128,219,128,220,127,220,126,220,125,220,124,220,123,219,122,219,121,218,120,217,120,216,119,215,119,214,119
141,121,141,122,140,123,139,124,139,125,138,126,138,127,137,128,137,129,137,130,136,131,136,132,136,133,137,134,138,135,138,136,139,137,140,138,140,139,141,140,142,141,142,142,143,143,144,142,145,142,146,141,147,141,148,140,149,139,150,138,150,137,151,136,152,135,152,134,152,133,153,132,153,131,153,130,153,129,153,128,153,127,153,126,152,126,151,125,150,125,149,125,148,124,147,124,146,124,145,123,144,123,143,123,142,122
164,127,163,128,162,128,161,129,160,129,159,130,158,131,157,132,156,133,155,134,155,135,155,136,154,137,154,138,154,139,154,140,154,141,154,142,154,143,154,144,155,145,155,146,156,147,156,148,157,149,158,150,159,150,160,151,161,152,162,152,163,152,164,152,165,152,166,152,167,152,168,152,169,151,170,151,171,150,172,149,173,148,174,147,174,146,175,145,175,144,176,143,176,142,176,141,177,140,177,139,177,138,177,137,177,136,177,135,177,134,176,133,176,132,175,131,174,130,173,129,172,128,171,128,170,127,169,127,168,127,167,127,166,127,165,127
220,128,219,129,218,129,217,130,216,130,215,131,214,131,213,132,212,133,212,134,211,135,210,136,210,137,210,138,209,139,209,140,209,141,209,142,209,143,209,144,209,145,209,146,210,147,211,148,212,149,213,150,214,150,215,151,216,151,217,151,218,151,219,151,220,151,221,151,222,151,223,150,223,149,224,148,225,147,226,147,226,146,227,145,227,144,228,143,228,142,229,141,229,140,230,139,230,138,231,137,231,136,231,135,231,134,230,133,229,132,228,131,227,131,226,130,225,130,224,130,223,129,222,129,221,128
123,132,122,133,121,134,121,135,120,136,119,137,119,138,118,139,118,140,117,141,117,142,117,143,117,144,117,145,117,146,118,147,118,148,119,149,120,150,120,151,120,152,121,152,122,152,123,152,124,152,125,152,126,152,127,152,128,152,129,152,130,152,131,152,132,152,133,152,134,152,135,152,135,151,136,150,137,149,138,148,139,147,140,146,141,145,141,144,142,143,141,142,141,141,140,140,139,139,139,138,138,137,137,136,137,135,136,134,135,133,134,133,133,133,132,133,131,133,130,133,129,133,128,133,127,133,126,133,125,132,124,132
235,135,234,136,233,136,232,136,232,137,231,138,231,139,230,140,230,141,229,142,229,143,228,144,228,145,227,146,227,147,226,148,227,149,227,150,227,151,227,152,227,153,228,154,228,155,229,156,230,157,231,157,232,157,233,158,234,158,235,158,236,158,237,159,238,159,239,158,240,158,241,157,242,156,243,156,244,155,245,154,245,153,246,152,247,151,247,150,248,149,249,148,249,147,248,146,248,145,248,144,247,143,247,142,246,141,245,140,244,139,243,138,242,137,241,137,240,136,239,136,238,135,237,135,236,135
250,148,249,149,248,150,248,151,247,152,246,153,246,154,245,155,244,156,243,157,242,157,241,158,240,159,239,159,238,160,237,161,236,162,236,163,235,164,235,165,235,166,235,167,235,168,235,169,236,170,236,171,237,172,238,173,239,174,239,175,240,176,240,177,241,177,242,178,243,178,244,178,245,178,246,179,247,179,248,179,249,179,250,179,251,179,252,179,253,178,254,179,255,178,256,177,257,176,257,175,258,174,259,173,260,172,261,171,262,170,263,169,263,168,264,167,264,166,263,165,263,164,262,163,262,162,262,161,261,160,261,159,261,158,260,157,260,156,260,155,259,154,259,153,259,152,258,151,258,150,257,149,256,149,255,148,254,148,253,148,252,148,251,148
120,153,119,154,119,155,118,156,118,157,117,158,117,159,117,160,116,161,116,162,116,163,116,164,116,165,116,166,116,167,116,168,116,169,116,170,116,171,116,172,117,173,117,174,118,175,119,176,120,177,121,178,122,178,123,178,124,179,125,179,126,179,127,178,128,178,129,178,130,178,131,177,132,177,133,176,134,175,134,174,135,173,136,172,136,171,136,170,136,169,137,168,137,167,137,166,137,165,138,164,138,163,138,162,138,161,137,160,137,159,137,158,137,157,137,156,136,155,135,154,135,153,134,153,133,153,132,153,131,153,130,153,129,153,128,153,127,153,126,153,125,153,124,153,123,153,122,153,121,153
159,159,158,160,157,160,156,160,155,161,154,161,154,162,153,163,152,164,152,165,151,166,151,167,151,168,150,169,150,170,150,171,150,172,150,173,150,174,150,175,150,176,150,177,150,178,150,179,149,180,149,181,149,182,149,183,148,184,148,185,148,186,148,187,148,188,148,189,148,190,149,191,150,192,151,193,152,193,153,193,154,193,155,193,156,193,157,193,158,194,159,194,160,195,161,195,162,194,163,194,164,194,164,193,164,192,165,191,166,190,166,189,167,188,168,187,168,186,169,185,169,184,170,183,170,182,170,181,170,180,170,179,170,178,170,177,169,176,169,175,169,174,169,173,169,172,169,171,170,170,169,169,168,168,168,167,168,166,167,165,167,164,166,164,165,163,164,162,163,162,162,161,161,160,160,160
206,161,205,162,204,162,203,162,202,162,201,163,200,163,199,164,198,164,197,165,196,166,195,167,194,167,193,168,192,169,191,170,190,171,190,172,189,173,189,174,188,175,188,176,187,177,187,178,187,179,187,180,187,181,187,182,188,183,189,184,190,185,191,186,192,187,193,188,193,189,194,190,195,191,196,192,196,193,197,194,198,195,198,196,199,197,200,198,201,198,202,198,203,199,204,199,205,199,206,199,207,198,208,197,208,196,209,195,210,194,211,193,212,192,213,192,214,191,215,190,216,190,217,190,217,189,218,188,219,187,219,186,219,185,220,184,221,183,221,182,222,181,223,181,224,180,225,180,224,179,225,178,224,177,224,176,224,175,224,174,223,173,222,172,222,171,221,170,221,169,221,168,220,167,219,166,219,165,218,164,217,164,216,163,215,163,214,163,213,163,212,162,211,162,210,162,209,161,208,161,207,161
269,163,268,164,267,165,266,166,265,167,264,168,264,169,263,170,262,171,261,172,260,173,259,174,258,175,258,176,257,177,256,178,256,179,256,180,255,181,254,182,254,183,253,184,253,185,252,186,252,187,252,188,253,189,253,190,253,191,253,192,252,193,252,194,252,195,252,196,252,197,251,198,252,199,253,200,254,199,255,199,256,198,257,197,258,197,258,196,259,195,260,194,261,194,262,193,263,192,264,192,265,191,266,190,267,190,268,189,268,188,269,187,270,186,271,185,271,184,272,183,272,182,273,181,273,180,274,179,274,178,275,177,275,176,276,175,276,174,276,173,276,172,276,171,276,170,276,169,276,168,275,167,275,166,274,165,273,164,272,163,271,163,270,163
235,178,234,179,233,179,232,180,231,181,231,182,231,183,231,184,231,185,231,186,232,187,232,188,233,189,233,190,233,191,234,192,234,193,234,194,234,195,234,196,234,197,234,198,234,199,234,200,234,201,233,202,233,203,234,204,234,205,235,205,236,206,237,206,238,206,239,205,240,205,241,205,242,205,243,204,244,204,245,203,246,202,247,201,248,200,249,200,249,199,250,198,251,197,251,196,251,195,251,194,251,193,252,192,252,191,252,190,252,189,251,188,251,187,251,186,250,185,250,184,249,183,248,182,247,181,246,181,245,180,244,180,243,180,242,179,241,178,240,178,239,178,238,178,237,178,236,178
281,181,280,182,279,183,278,184,278,185,277,186,277,187,277,188,278,189,278,190,279,190,280,191,281,191,282,192,283,192,284,193,285,193,286,194,287,194,288,195,289,196,290,197,290,196,291,195,292,195,293,195,293,194,294,193,294,192,294,191,294,190,294,189,293,188,293,187,292,186,292,185,291,184,290,183,289,182,288,182,287,181,286,181,285,181,284,181,283,181,282,181
173,182,172,183,171,183,171,184,171,185,171,186,171,187,170,188,170,189,170,190,170,191,170,192,170,193,170,194,170,195,170,196,171,197,172,198,173,199,174,200,174,201,175,202,176,203,176,204,177,205,178,206,178,207,179,208,180,208,181,208,182,209,183,209,184,210,185,211,186,211,187,212,188,213,189,213,190,213,191,214,192,213,193,213,194,212,195,211,196,211,197,210,198,209,198,208,199,207,199,206,199,205,199,204,199,203,199,202,199,201,198,200,198,199,199,198,198,197,197,196,197,195,196,194,195,193,195,192,194,191,193,190,192,189,192,188,191,187,190,186,189,185,188,185,187,185,186,184,186,183,185,182,184,182,183,182,182,182,181,182,180,182,179,182,178,182,177,182,176,182,175,182,174,182
215,191,214,192,213,193,212,193,211,194,210,195,209,196,209,197,208,198,207,199,208,200,208,201,209,202,210,203,210,204,211,205,211,206,212,207,212,208,213,208,214,209,215,209,216,210,217,209,218,210,219,210,220,209,221,208,222,208,223,207,223,206,223,205,224,204,224,203,224,202,224,201,224,200,223,199,223,198,223,197,223,196,222,195,221,194,221,193,220,193,219,192,219,191,218,192,217,192,216,191
276,191,275,192,274,192,273,192,272,193,271,193,270,193,269,194,268,195,267,196,267,197,267,198,266,199,265,200,265,201,266,202,267,203,267,204,268,205,268,206,269,207,270,208,270,209,271,210,272,211,272,212,273,212,274,212,275,212,276,212,277,213,278,213,279,213,280,213,281,213,282,212,283,212,284,212,285,211,286,210,286,209,287,208,287,207,288,206,288,205,288,204,288,203,288,202,288,201,288,200,289,199,289,198,289,197,288,196,287,195,286,195,285,194,284,194,283,193,282,193,281,192,280,192,279,191,278,191,277,191
162,195,161,196,160,197,159,198,158,199,157,200,157,201,156,202,156,203,155,204,155,205,155,206,154,207,154,208,155,209,156,210,157,210,158,211,159,211,160,211,161,212,162,212,163,212,164,213,165,213,166,213,167,214,168,215,169,215,170,214,171,213,172,212,173,211,174,210,175,209,175,208,175,207,175,206,176,205,175,204,175,203,174,202,173,201,173,200,172,199,171,198,170,197,169,197,168,197,167,197,166,196,165,196,164,195,163,195
259,201,258,202,257,203,256,203,255,204,255,205,254,206,254,207,253,208,253,209,252,210,252,211,252,212,252,213,252,214,252,215,253,216,254,217,255,218,255,219,256,219,257,219,258,220,259,220,260,221,261,221,262,222,263,222,264,223,265,224,266,224,267,225,268,225,269,224,270,223,271,223,272,222,272,221,273,220,273,219,273,218,273,217,273,216,273,215,272,214,272,213,271,212,271,211,270,210,269,209,269,208,268,207,267,206,267,205,266,204,266,203,265,202,264,201,263,201,262,201,261,201,260,201
129,202,128,203,127,204,126,205,126,206,126,207,126,208,126,209,127,210,127,211,128,212,128,213,129,214,130,215,131,216,132,216,133,217,134,217,135,217,136,217,137,217,138,218,139,217,140,216,141,215,142,214,142,213,142,212,143,211,142,210,141,209,140,208,140,207,139,206,138,205,137,204,136,203,135,203,134,203,133,202,132,202,131,202,130,202
204,208,203,209,202,210,201,211,201,212,200,213,200,214,200,215,200,216,200,217,200,218,200,219,200,220,200,221,200,222,200,223,200,224,200,225,199,226,200,227,200,228,200,229,201,230,202,231,202,232,203,232,204,232,205,232,206,232,207,232,208,232,209,232,210,232,211,232,212,232,213,232,214,232,215,231,216,231,217,230,218,229,219,228,220,227,220,226,221,225,221,224,222,223,222,222,222,221,222,220,222,219,222,218,221,217,220,216,220,215,219,214,219,213,218,213,217,212,217,211,216,211,215,210,214,210,213,209,212,209,211,208,210,208,209,208,208,208,207,208,206,208,205,208
148,209,147,210,146,210,145,210,144,211,143,212,143,213,143,214,142,215,141,216,140,217,139,218,139,219,138,220,138,221,138,222,138,223,138,224,138,225,138,226,138,227,138,228,137,229,137,230,137,231,138,232,138,233,139,234,140,235,141,236,142,237,143,237,144,237,145,238,146,238,147,239,148,240,149,241,150,241,151,241,152,241,153,241,154,240,155,240,156,240,157,239,158,239,159,239,160,238,160,237,160,236,161,235,161,234,161,233,162,232,162,231,163,230,163,229,164,228,165,227,166,226,166,225,167,224,167,223,167,222,167,221,167,220,167,219,167,218,168,217,168,216,167,215,166,214,165,214,164,214,163,213,162,213,161,213,160,212,159,212,158,212,157,211,156,211,155,210,154,209,153,209,152,209,151,209,150,209,149,209
295,209,294,210,293,211,292,212,291,213,290,214,290,215,289,216,289,217,288,218,288,219,287,220,287,221,287,222,287,223,287,224,288,225,288,226,289,227,290,227,291,228,292,228,293,228,294,228,295,227,296,227,297,226,298,225,299,225,299,224,300,223,301,222,301,221,302,220,302,219,303,218,303,217,304,216,304,215,304,214,304,213,304,212,304,211,303,210,302,210,301,209,300,209,299,209,298,209,297,209,296,209
249,220,248,221,247,221,246,222,245,223,244,224,243,225,243,226,243,227,242,228,242,229,242,230,242,231,242,232,242,233,242,234,243,235,243,236,244,237,244,238,245,239,246,240,246,241,247,241,248,242,249,242,250,242,251,242,252,243,253,243,254,243,255,243,256,243,257,243,258,243,259,242,260,242,261,241,262,241,263,240,264,239,265,238,266,237,266,236,267,235,267,234,268,233,268,232,268,231,268,230,267,229,267,228,267,227,267,226,266,225,265,225,264,224,263,223,262,223,261,222,260,222,259,221,258,221,257,220,256,220,255,220,254,220,253,220,252,220,251,220,250,220
169,225,168,226,167,226,166,227,165,228,164,229,164,230,163,231,163,232,162,233,162,234,162,235,161,236,161,237,161,238,160,239,160,240,160,241,161,242,161,243,162,244,162,245,163,246,163,247,163,248,164,249,164,250,164,251,164,252,165,253,165,254,165,255,165,256,165,257,166,258,166,259,166,260,166,261,166,262,166,263,165,264,166,265,167,266,168,267,169,267,170,268,171,269,172,269,173,269,174,269,175,269,176,269,177,270,178,270,179,269,180,268,181,268,182,267,183,267,184,266,185,266,185,265,186,264,186,263,186,262,187,261,187,260,187,259,188,258,188,257,188,256,188,255,188,254,189,253,189,252,189,251,190,250,190,249,190,248,191,247,191,246,192,245,192,244,193,243,194,242,194,241,195,240,196,239,197,238,198,238,199,237,200,236,201,236,201,235,202,234,202,233,201,232,201,231,200,230,199,229,199,228,198,228,197,228,196,229,195,229,194,229,193,229,192,229,191,229,190,229,189,229,188,228,187,228,186,228,185,228,184,228,183,228,182,228,181,228,180,228,179,227,178,227,177,227,176,226,175,226,174,226,173,226,172,225,171,225,170,226
305,225,304,226,303,226,302,226,301,227,300,227,300,228,299,229,298,230,298,231,297,232,297,233,296,234,296,235,296,236,296,237,296,238,296,239,296,240,297,241,297,242,298,243,298,244,299,244,300,245,301,245,302,245,303,245,304,245,305,245,306,244,307,243,308,243,309,242,310,241,311,241,311,240,312,239,312,238,312,237,313,236,313,235,314,234,314,233,314,232,314,231,314,230,314,229,314,228,313,227,313,226,312,225,311,225,310,225,309,225,308,225,307,225,306,225
226,233,225,234,224,234,223,234,222,235,221,236,220,237,219,238,218,238,218,239,217,240,216,241,216,242,217,243,216,244,216,245,216,246,216,247,216,248,217,249,218,249,219,249,220,249,221,249,222,249,223,249,224,250,225,250,226,251,227,251,228,252,229,252,230,253,231,253,232,254,233,255,234,255,235,255,236,254,237,253,238,252,238,251,239,250,240,249,241,248,242,247,243,246,244,245,244,244,244,243,245,242,245,241,245,240,244,239,243,238,243,237,242,236,241,236,240,236,239,235,238,235,237,235,236,235,235,235,234,235,233,235,232,235,231,234,230,234,229,234,228,234,227,234
246,242,245,243,245,244,245,245,244,246,243,247,242,248,241,249,240,250,239,251,239,252,238,253,237,254,237,255,237,256,238,257,238,258,238,259,238,260,239,261,239,262,240,263,241,264,242,264,243,264,244,264,245,264,246,264,247,264,248,263,249,262,250,262,251,261,252,260,252,259,253,258,253,257,253,256,253,255,253,254,253,253,253,252,253,251,252,250,252,249,252,248,251,247,251,246,251,245,250,244,249,243,248,243,247,242
217,250,218,251,218,252,219,253,219,254,219,255,220,256,220,257,221,258,221,259,221,260,222,261,222,262,223,263,223,264,223,265,223,266,223,267,223,268,223,269,223,270,222,271,222,272,223,273,223,274,224,274,225,275,226,275,227,274,228,274,229,274,230,273,231,272,232,271,232,270,233,269,233,268,233,267,233,266,233,265,233,264,233,263,233,262,233,261,233,260,233,259,233,258,234,257,234,256,233,256,232,255,231,254,230,254,229,253,228,253,227,252,226,252,225,251,224,251,223,250,222,250,221,250,220,250,219,250,218,250
296,250,295,251,294,251,293,252,292,253,291,253,290,254,289,255,288,256,288,257,288,258,287,259,287,260,287,261,287,262,287,263,287,264,287,265,287,266,287,267,288,268,288,269,288,270,289,271,289,272,290,273,291,274,292,274,293,275,294,275,295,276,296,276,297,276,298,276,299,276,300,277,301,277,302,277,303,276,304,276,305,276,306,275,307,275,308,274,309,274,310,273,311,273,311,272,312,271,312,270,313,269,314,268,315,267,315,266,316,265,316,264,316,263,316,262,316,261,316,260,317,259,317,258,316,257,316,256,315,255,314,254,313,253,312,252,311,252,310,252,309,251,308,250,307,250,306,250,305,250,304,250,303,250,302,250,301,250,300,250,299,250,298,250,297,250
341,251,340,252,339,253,338,254,337,255,337,256,337,257,336,258,336,259,336,260,336,261,336,262,337,263,338,264,338,265,339,266,339,267,340,268,341,268,342,268,343,269,344,269,345,269,346,269,347,269,348,268,349,267,349,266,350,265,350,264,350,263,350,262,350,261,350,260,350,259,349,258,349,257,348,256,348,255,347,254,346,253,345,252,344,252,343,251,342,251
210,253,209,254,208,254,207,254,206,254,205,255,204,256,203,257,202,257,201,258,200,259,199,260,198,261,197,262,196,263,195,263,196,264,196,265,197,266,197,267,198,268,198,269,199,270,200,271,200,272,201,273,202,274,202,275,203,276,203,277,204,277,205,277,206,277,207,277,208,277,209,277,210,278,211,277,212,276,213,276,214,276,215,275,216,275,217,275,218,274,219,273,220,272,221,271,222,270,222,269,222,268,222,267,222,266,222,265,222,264,222,263,221,262,221,261,220,260,220,259,220,258,219,257,219,256,218,255,217,255,216,254,215,254,214,254,213,254,212,253,211,253
326,260,325,261,324,262,323,262,322,262,321,263,320,263,319,264,318,265,317,265,316,266,316,267,315,268,314,269,313,270,313,271,312,272,312,273,311,274,311,275,312,276,312,277,312,278,312,279,312,280,312,281,312,282,313,283,314,284,315,285,316,286,317,286,318,287,319,288,320,289,321,289,322,288,323,288,324,288,325,288,326,288,327,288,328,288,329,288,330,287,331,287,332,286,333,285,334,284,335,283,336,282,336,281,337,280,337,279,337,278,338,277,338,276,339,275,339,274,339,273,339,272,339,271,339,270,339,269,339,268,338,267,338,266,337,265,337,264,336,263,335,262,334,261,333,261,332,261,331,261,330,260,329,260,328,260,327,260
194,263,193,264,192,264,191,264,190,264,189,265,188,265,187,266,186,266,185,267,184,267,183,268,182,268,181,269,180,269,179,270,178,271,177,271,177,272,176,273,175,274,175,275,174,276,174,277,173,278,173,279,173,280,173,281,173,282,173,283,174,284,175,285,175,286,176,287,177,288,178,289,178,290,179,291,180,292,181,293,182,294,183,295,184,295,185,294,185,293,185,292,186,291,186,290,187,289,188,288,189,287,189,286,190,285,191,284,192,283,192,282,193,281,194,281,195,280,196,279,197,279,198,279,199,279,200,278,201,278,202,277,203,278,202,277,202,276,201,275,201,274,200,273,199,272,199,271,198,270,197,269,197,268,196,267,196,266,195,265,195,264
353,274,352,275,351,275,350,276,349,276,348,277,347,278,346,279,345,279,344,280,344,281,343,282,343,283,342,284,342,285,342,286,342,287,342,288,343,289,343,290,343,291,344,292,345,292,346,292,347,292,348,292,349,291,350,291,351,291,352,291,353,290,354,290,355,290,356,289,357,288,358,287,358,286,359,285,359,284,359,283,360,282,360,281,360,280,360,279,360,278,360,277,360,276,359,275,358,274,357,274,356,274,355,274,354,274
200,279,199,280,198,280,197,280,196,280,195,281,194,282,193,282,193,283,192,284,191,285,190,286,190,287,189,288,188,289,187,290,187,291,186,292,186,293,186,294,185,295,185,296,186,296,187,295,188,295,189,295,190,295,191,295,192,295,193,295,194,295,195,295,196,295,197,294,198,294,199,294,200,294,201,294,202,293,203,293,204,293,205,292,206,292,207,292,208,291,209,291,210,291,211,290,212,290,213,289,214,289,215,288,216,287,217,286,217,285,218,284,218,283,218,282,218,281,217,281,216,280,215,280,214,280,213,280,212,280,211,280,210,280,209,280,208,280,207,279,206,279,205,280,204,280,203,279,202,279,201,279
244,283,243,284,242,284,241,285,240,285,239,285,238,285,237,285,236,285,235,286,235,287,234,288,234,289,234,290,234,291,234,292,234,293,234,294,234,295,235,296,236,297,237,298,238,299,239,299,240,299,241,299,242,299,243,299,244,298,245,297,245,296,246,295,247,294,247,293,248,292,248,291,248,290,249,289,249,288,249,287,249,286,248,285,248,284,247,283,246,283,245,283
304,283,303,284,302,284,301,284,300,284,299,285,298,286,297,287,297,288,297,289,297,290,297,291,298,292,298,293,298,294,299,295,299,296,300,297,301,298,302,299,303,299,304,299,305,299,306,300,307,300,308,300,309,300,310,300,311,300,312,300,313,299,314,299,315,298,316,298,317,297,318,296,318,295,319,294,319,293,319,292,320,291,319,290,319,289,318,288,317,287,316,287,315,286,314,285,313,284,312,283,311,283,310,284,309,283,308,283,307,283,306,283,305,283
356,290,355,291,354,291,353,291,352,292,351,292,350,292,349,292,348,293,347,293,346,293,345,293,344,293,343,294,343,295,342,296,342,297,341,298,341,299,341,300,341,301,341,302,342,303,343,304,344,304,345,305,346,305,347,305,348,305,349,305,350,305,351,305,352,305,353,305,354,305,355,305,356,305,357,305,358,305,359,304,360,303,361,302,362,302,362,301,362,300,362,299,362,298,363,297,363,296,362,295,362,294,362,293,361,293,360,292,359,291,358,291,357,290
215,291,214,292,213,292,212,292,211,293,210,294,209,295,208,295,207,296,206,297,205,298,204,299,203,300,202,300,202,301,201,302,200,303,200,304,200,305,201,306,202,307,203,307,204,308,205,308,206,308,207,308,208,308,209,307,210,307,211,306,212,306,213,305,214,304,215,303,216,302,217,301,218,300,219,299,219,298,219,297,219,296,220,295,219,294,218,294,217,293,216,292,216,291
262,298,261,299,260,299,259,300,258,301,257,302,256,303,256,304,255,305,254,306,254,307,253,308,253,309,252,310,252,311,251,312,251,313,250,314,250,315,250,316,250,317,249,318,249,319,249,320,249,321,249,322,249,323,249,324,249,325,250,326,251,327,252,328,252,329,253,330,254,331,255,331,256,332,257,332,258,332,259,332,260,332,261,332,262,332,263,331,264,331,265,331,266,330,267,330,268,329,269,328,269,327,270,326,270,325,271,324,271,323,271,322,271,321,271,320,271,319,271,318,271,317,271,316,271,315,271,314,271,313,270,312,270,311,270,310,270,309,270,308,270,307,270,306,270,305,269,304,269,303,268,302,268,301,267,301,266,300,265,299,264,299,263,298
219,300,218,301,217,302,216,303,215,304,214,305,213,306,212,307,212,308,211,309,211,310,211,311,211,312,210,313,211,314,211,315,212,316,212,317,212,318,213,319,214,320,215,320,216,320,217,319,218,319,219,319,220,318,221,317,222,316,223,315,224,314,225,313,226,313,227,312,228,311,229,310,230,309,230,308,231,307,231,306,231,305,231,304,230,303,229,302,228,301,227,301,226,301,225,300,224,300,223,300,222,301,221,300,220,300
351,306,350,307,349,307,348,307,347,307,346,308,345,308,344,308,343,309,342,309,341,309,340,309,339,309,338,309,337,310,336,310,335,311,334,311,333,312,332,313,332,314,331,315,331,316,331,317,331,318,331,319,331,320,331,321,332,322,332,323,333,323,334,323,335,324,336,324,337,324,338,324,339,324,340,324,341,324,342,324,343,324,344,323,345,323,346,323,347,323,348,322,349,322,350,322,351,321,352,321,353,321,354,321,355,320,356,320,357,320,358,319,359,319,360,318,361,317,361,316,362,315,362,314,362,313,361,312,361,311,361,310,360,309,359,308,359,307,358,307,357,306,356,306,355,306,354,306,353,306,352,306
233,309,232,310,231,310,230,310,229,311,228,312,227,313,226,314,225,314,224,315,223,316,222,317,221,318,220,319,220,320,220,321,220,322,221,323,221,324,222,325,222,326,222,327,223,328,224,329,225,330,226,330,227,330,228,331,229,330,230,330,231,329,232,329,233,328,234,327,235,326,236,325,237,324,237,323,238,322,239,321,240,320,240,319,241,318,241,317,241,316,242,315,242,314,242,313,241,312,240,311,239,310,238,309,237,309,236,309,235,309,234,309
311,315,310,316,309,316,308,317,307,317,306,318,305,319,304,319,303,320,303,321,302,322,301,323,300,324,300,325,299,326,299,327,299,328,298,329,298,330,298,331,298,332,298,333,298,334,298,335,299,336,299,337,300,338,301,338,302,339,303,339,304,339,305,339,306,340,307,340,308,339,309,339,310,339,311,339,312,339,313,338,314,338,315,338,316,337,317,337,318,336,319,336,320,335,321,334,322,333,322,332,323,331,323,330,324,329,324,328,324,327,324,326,323,325,323,324,323,323,323,322,323,321,322,320,322,319,321,318,320,317,319,317,318,316,317,316,316,316,315,316,314,315,313,315,312,315
275,325,274,326,273,326,272,326,271,327,270,327,270,328,269,329,268,330,267,331,268,332,267,333,268,334,268,335,269,336,269,337,269,338,270,339,271,340,272,341,273,342,274,342,275,343,276,343,277,343,278,343,279,343,280,343,281,343,282,343,283,343,284,343,285,343,286,343,287,342,288,342,289,341,290,340,291,339,291,338,292,337,292,336,292,335,292,334,292,333,292,332,291,331,291,330,291,329,290,328,289,328,288,327,287,326,286,326,285,326,284,325,283,325,282,325,281,325,280,325,279,325,278,325,277,325,276,325
241,327,240,328,239,328,238,329,237,329,236,330,235,330,235,331,234,332,233,333,233,334,233,335,233,336,233,337,232,338,232,339,233,340,233,341,234,342,234,343,235,344,236,345,237,345,238,346,239,347,240,347,241,348,242,348,243,348,244,348,245,348,246,348,247,348,248,347,249,347,250,347,251,346,252,345,253,344,254,343,254,342,254,341,254,340,254,339,254,338,254,337,254,336,254,335,253,334,253,333,252,332,252,331,251,330,250,330,249,329,248,328,247,328,246,327,245,327,244,327,243,327,242,327
344,328,343,329,342,329,341,330,340,330,339,331,338,332,337,333,336,334,335,335,334,336,333,337,332,338,332,339,331,340,330,340,330,341,329,342,328,343,327,344,327,345,327,346,326,347,326,348,326,349,326,350,325,351,325,352,325,353,325,354,325,355,325,356,325,357,325,358,326,359,327,360,328,361,328,362,329,363,330,364,331,364,332,364,333,363,334,363,335,363,336,363,337,362,338,361,339,360,340,360,341,359,341,358,342,357,343,356,344,355,345,354,346,353,347,352,348,351,349,350,350,349,351,349,352,348,353,347,354,347,355,346,356,345,357,345,358,344,359,343,360,343,361,342,361,341,361,340,361,339,361,338,361,337,361,336,361,335,360,334,359,333,358,332,357,331,356,330,355,330,354,329,353,329,352,328,351,328,350,328,349,328,348,328,347,328,346,328,345,328
273,349,272,350,271,350,270,350,269,351,268,351,267,352,266,352,265,353,264,354,264,355,263,356,262,357,262,358,263,359,264,360,265,361,266,361,267,362,268,362,269,362,270,363,271,363,272,364,273,364,274,365,275,365,276,365,277,365,278,365,279,365,280,365,281,364,282,364,283,363,284,363,285,362,286,361,286,360,287,359,287,358,288,357,288,356,288,355,288,354,288,353,288,352,288,351,287,350,286,349,285,349,284,349,283,349,282,349,281,349,280,349,279,349,278,349,277,349,276,349,275,349,274,349
307,351,306,352,305,352,304,352,303,353,302,353,301,354,300,355,300,356,299,357,298,358,298,359,297,360,296,361,296,362,295,363,295,364,295,365,295,366,295,367,296,368,296,369,296,370,297,371,298,371,299,371,300,371,301,371,302,371,303,370,304,370,305,370,306,369,307,369,308,368,309,367,310,367,311,366,312,365,313,364,314,363,315,362,316,361,317,361,318,360,319,360,319,359,320,358,321,357,322,356,322,355,322,354,321,353,320,352,319,351,318,351,317,351,316,351,315,351,314,351,313,351,312,351,311,351,310,351,309,351,308,351
356,360,355,361,354,361,353,361,352,361,351,361,350,362,349,362,348,363,347,363,346,364,345,365,344,366,343,367,342,368,341,368,340,369,339,369,338,370,337,371,336,371,335,372,334,372,333,373,332,374,331,375,330,376,330,377,330,378,331,379,332,380,333,381,334,381,335,382,336,382,337,382,338,383,339,383,340,383,341,383,342,383,343,383,344,382,345,381,346,380,347,380,348,379,349,378,350,378,351,377,352,376,353,376,354,375,355,374,356,373,357,373,358,372,359,371,360,370,361,369,362,369,363,368,363,367,363,366,362,365,362,364,361,363,360,362,359,361,358,361,357,360
364,368,363,369,362,370,361,370,360,371,359,372,358,373,357,374,356,374,355,375,354,376,353,377,352,377,351,378,350,379,349,379,348,380,347,381,346,381,345,382,344,383,343,384,344,385,344,386,344,387,345,388,346,389,347,389,348,389,349,389,350,389,351,389,352,389,353,389,354,389,355,389,356,389,357,389,358,389,359,389,360,389,361,389,362,390,362,391,362,392,363,393,364,393,365,393,366,393,367,392,366,391,367,390,367,389,368,388,369,388,369,387,370,386,370,385,370,384,370,383,370,382,371,381,371,380,371,379,371,378,371,377,371,376,371,375,370,374,370,373,370,372,369,372,368,371,367,371,366,370,365,370,364,369
360,408,359,409,358,409,357,409,356,409,355,409,354,410,353,410,352,410,351,411,350,411,349,411,348,411,347,412,346,413,345,413,344,414,343,414,342,415,342,416,341,417,341,418,341,419,341,420,341,421,342,422,342,423,343,423,344,424,345,424,346,424,347,425,348,425,349,425,350,424,351,424,352,424,353,424,354,424,355,424,356,424,357,423,358,423,359,423,360,422,361,422,362,422,363,421,364,421,365,420,366,419,367,418,368,417,368,416,369,415,369,414,369,413,368,412,368,411,367,410,366,409,365,409,364,409,363,408,362,408,361,408
395,420,394,421,393,421,392,422,391,422,391,423,390,424,390,425,390,426,390,427,391,428,392,429,393,429,394,429,395,430,396,430,397,430,398,431,399,431,400,431,401,431,402,431,403,431,404,431,405,430,406,430,407,429,408,428,407,427,407,426,406,425,405,424,405,423,404,422,403,421,402,421,401,420,400,420,399,420,398,420,397,420,396,420
370,425,369,426,368,427,367,426,366,427,365,428,364,428,363,429,362,429,361,429,360,429,359,430,358,430,357,431,356,431,355,432,355,433,354,434,353,435,353,436,352,437,352,438,353,439,353,440,353,441,354,442,355,443,356,444,357,444,358,444,359,444,360,445,361,444,362,444,363,444,364,444,365,443,366,442,367,442,368,441,369,440,370,440,371,439,371,438,372,437,373,436,373,435,374,434,374,433,374,432,374,431,373,430,372,429,372,428,372,427,371,426
378,437,377,438,376,438,375,439,374,440,373,440,372,440,371,441,371,442,371,443,370,444,370,445,370,446,370,447,370,448,371,449,372,450,372,451,373,452,374,453,375,454,376,455,377,455,378,456,379,456,380,456,381,456,382,456,383,457,384,457,385,457,386,456,387,456,388,456,389,456,390,455,391,455,392,455,393,454,394,454,395,453,396,453,397,452,397,451,397,450,398,449,398,448,398,447,398,446,398,445,398,444,397,443,397,442,396,441,395,440,394,440,393,439,392,439,391,438,390,438,389,438,388,438,387,437,386,437,385,437,384,437,383,437,382,437,381,437,380,437,379,437
404,437,403,438,402,439,401,440,401,441,400,442,400,443,399,444,399,445,399,446,399,447,399,448,399,449,398,450,398,451,398,452,397,453,397,454,398,455,398,456,399,457,399,458,400,459,401,459,402,459,403,459,404,459,405,459,406,459,407,459,408,458,409,457,410,456,410,455,410,454,410,453,410,452,410,451,410,450,410,449,410,448,410,447,410,446,410,445,410,444,409,443,409,442,408,441,408,440,407,439,406,438,406,437,405,437
354,447,354,448,353,449,352,450,351,450,351,451,350,452,350,453,350,454,350,455,351,456,352,457,353,458,354,459,355,460,356,460,357,461,358,461,359,461,360,461,361,460,362,460,362,459,363,458,364,457,364,456,364,455,364,454,364,453,363,452,363,451,362,450,361,449,360,448,359,448,358,448,357,447,356,447,355,447
303,452,302,453,301,453,300,453,299,454,298,454,297,455,296,456,296,457,295,458,294,459,294,460,294,461,294,462,294,463,294,464,294,465,294,466,295,467,295,468,296,468,297,469,298,469,299,470,300,470,301,470,302,470,303,470,304,470,305,471,306,470,307,470,308,470,309,470,310,470,311,469,312,469,313,468,314,468,315,467,316,466,316,465,317,464,317,463,317,462,317,461,317,460,317,459,316,458,316,457,316,456,315,455,315,454,314,453,313,452,312,452,311,452,310,452,309,452,308,452,307,452,306,452,305,452,304,452
196,453,195,454,194,454,193,454,192,455,191,455,190,456,190,457,189,458,189,459,189,460,189,461,189,462,189,463,189,464,190,465,190,466,191,467,191,468,192,469,192,470,193,471,194,471,195,471,196,472,197,472,198,472,199,472,200,472,201,471,202,471,203,471,204,470,205,469,206,468,207,467,207,466,207,465,208,464,208,463,208,462,208,461,209,460,208,459,208,458,207,457,206,456,205,455,205,454,204,454,203,453,202,453,201,453,200,453,199,453,198,453,197,453
427,454,426,455,425,456,424,456,423,457,422,458,422,459,421,460,421,461,420,462,419,463,419,464,419,465,418,466,418,467,419,468,419,469,419,470,419,471,420,472,420,473,421,474,422,475,423,476,424,477,425,477,426,478,427,478,428,479,429,479,430,480,431,480,432,480,433,481,434,481,435,481,436,482,437,482,438,483,439,483,440,484,441,484,442,484,443,484,444,484,445,484,446,483,447,483,448,482,449,482,449,481,450,480,450,479,450,478,450,477,450,476,450,475,449,474,448,473,448,472,447,472,446,471,445,470,444,469,444,468,443,467,443,466,442,465,442,464,441,463,440,462,440,461,439,460,438,459,437,458,436,457,435,456,434,455,433,455,432,455,431,454,430,454,429,454,428,454
169,455,168,456,167,456,166,456,165,457,164,458,163,459,162,460,161,461,161,462,161,463,161,464,160,465,160,466,160,467,161,468,161,469,162,470,162,471,163,472,164,473,165,474,166,475,167,475,168,475,169,475,170,476,171,476,172,476,173,475,174,475,175,475,176,474,177,473,178,472,179,471,179,470,180,469,180,468,180,467,180,466,180,465,180,464,179,463,179,462,179,461,178,460,178,459,177,458,176,457,175,456,174,456,173,456,172,456,171,455,170,455
143,458,142,459,141,459,140,459,139,459,138,460,137,459,136,460,135,461,134,462,133,463,132,464,132,465,132,466,132,467,133,468,133,469,134,470,134,471,134,472,135,473,135,474,136,475,137,476,138,476,139,476,140,477,141,477,142,478,143,478,144,478,145,477,146,477,147,477,148,476,149,475,150,475,151,474,152,473,153,472,153,471,153,470,154,469,154,468,154,467,154,466,154,465,153,464,153,463,152,462,151,461,150,460,149,460,148,459,147,459,146,459,145,459,144,458
221,462,220,463,219,463,218,463,217,464,216,464,215,465,214,466,213,467,212,468,211,469,211,470,211,471,211,472,211,473,211,474,211,475,211,476,212,477,213,478,214,479,215,480,216,480,217,481,218,481,219,481,220,481,221,481,222,480,223,480,224,480,225,479,226,479,227,479,228,478,229,477,229,476,230,475,230,474,231,473,231,472,231,471,230,470,230,469,230,468,229,467,228,466,228,465,227,464,226,464,225,463,224,463,223,462,222,462
352,467,351,468,350,468,349,469,348,469,347,470,346,471,345,472,344,472,344,473,343,474,343,475,343,476,343,477,343,478,342,479,342,480,341,481,341,482,341,483,341,484,341,485,341,486,341,487,342,488,343,489,343,490,343,491,344,492,344,493,344,494,345,495,346,496,346,497,347,498,348,499,349,499,350,500,351,501,352,501,353,501,354,502,355,502,356,503,357,503,358,503,359,504,360,504,361,504,362,504,363,504,364,505,365,505,366,505,367,505,368,505,369,504,370,504,371,504,372,504,373,504,372,503,373,502,374,501,374,500,374,499,374,498,374,497,374,496,374,495,374,494,374,493,374,492,374,491,374,490,374,489,374,488,374,487,374,486,374,485,374,484,373,483,373,482,373,481,372,480,372,479,372,478,371,477,371,476,370,475,369,474,369,473,368,472,367,471,366,470,365,469,364,469,363,468,362,468,361,467,360,467,359,467,358,467,357,467,356,467,355,467,354,467,353,467
320,468,319,469,318,469,317,470,316,470,315,471,314,471,313,472,312,473,311,474,310,475,309,476,308,477,308,478,307,479,307,480,306,481,306,482,306,483,306,484,305,485,305,486,305,487,305,488,305,489,305,490,305,491,306,492,306,493,306,494,306,495,307,496,307,497,308,498,309,499,309,500,310,501,311,502,312,503,313,504,314,504,315,505,316,506,317,506,318,506,319,507,320,508,321,508,322,509,323,508,324,507,325,507,326,507,327,507,328,506,329,506,330,506,331,506,332,505,333,505,334,504,335,503,335,502,336,501,336,500,337,499,337,498,338,497,338,496,339,495,339,494,339,493,339,492,339,491,340,490,340,489,340,488,340,487,340,486,340,485,340,484,340,483,340,482,340,481,339,480,339,479,339,478,338,477,337,476,337,475,336,474,335,473,335,472,334,471,333,470,332,470,331,470,330,469,329,469,328,469,327,469,326,469,325,469,324,469,323,469,322,468,321,468
114,478,113,479,112,479,111,480,110,481,109,481,108,482,108,483,108,484,108,485,108,486,107,487,107,488,107,489,108,490,108,491,109,492,109,493,110,493,111,494,112,494,113,494,114,494,115,494,116,494,117,494,118,494,119,494,120,493,121,493,122,492,123,491,123,490,124,489,125,488,125,487,125,486,125,485,125,484,125,483,124,482,124,481,123,480,122,479,121,478,120,478,119,478,118,478,117,478,116,478,115,478
188,478,187,479,186,479,185,480,184,480,183,481,182,482,181,483,180,484,179,485,178,486,178,487,177,488,177,489,176,490,176,491,175,492,175,493,175,494,175,495,174,496,174,497,174,498,174,499,173,500,173,501,173,502,173,503,173,504,173,505,172,506,172,507,172,508,171,509,171,510,172,510,173,511,174,511,175,511,176,511,177,511,178,511,179,511,180,511,181,511,182,511,183,511,184,511,185,511,185,510,186,509,187,508,188,507,189,507,190,506,191,506,192,505,193,505,194,505,195,504,196,504,197,504,198,504,199,504,200,503,201,503,202,503,203,503,204,503,205,503,206,503,207,503,207,502,207,501,207,500,207,499,206,498,206,497,206,496,205,495,205,494,205,493,204,492,204,491,203,490,203,489,202,488,202,487,202,486,201,485,201,484,200,483,199,482,198,481,197,480,196,479,195,479,194,479,193,479,192,478,191,478,190,478,189,478
98,479,97,480,96,480,95,481,94,481,94,482,93,483,92,484,91,485,91,486,91,487,90,488,90,489,90,490,91,491,91,492,91,493,92,494,93,495,93,496,94,496,95,497,96,497,97,497,98,497,99,497,100,496,101,496,102,495,103,494,104,494,105,493,106,492,107,491,107,490,106,489,106,488,106,487,107,486,107,485,107,484,107,483,107,482,106,481,105,480,104,480,103,479,102,479,101,479,100,479,99,479
390,479,389,480,388,480,387,480,386,481,385,481,384,482,383,482,383,483,382,484,381,485,380,486,380,487,380,488,379,489,379,490,378,491,378,492,378,493,378,494,378,495,377,496,378,497,378,498,378,499,378,500,378,501,378,502,379,503,379,504,379,505,380,506,381,507,382,508,383,508,384,509,385,509,386,510,387,510,388,510,389,510,390,510,391,510,392,510,393,510,394,510,395,511,396,511,397,511,398,511,399,511,400,511,401,511,402,511,403,511,404,511,405,511,406,511,407,511,408,511,409,511,410,511,411,511,412,511,413,511,414,511,415,511,416,511,417,511,418,511,419,511,420,511,421,511,422,511,423,511,424,511,425,511,426,511,427,511,428,510,429,510,430,510,431,510,432,510,433,510,434,510,435,510,436,510,437,510,436,509,437,508,438,507,438,506,438,505,438,504,438,503,437,502,436,502,435,501,434,500,434,499,434,498,433,497,432,496,431,495,430,494,429,493,428,492,427,492,426,491,425,491,424,490,423,490,422,490,421,489,420,489,419,489,418,488,417,488,416,488,415,487,414,487,413,487,412,487,411,486,410,486,409,485,408,485,407,484,406,483,405,483,404,482,403,481,402,481,401,481,400,480,399,480,398,480,397,480,396,479,395,479,394,479,393,479,392,479,391,479
220,483,219,484,218,484,217,484,216,484,215,484,214,485,213,485,212,486,211,487,211,488,210,489,210,490,209,491,209,492,209,493,209,494,209,495,209,496,209,497,209,498,210,499,211,500,212,501,212,502,213,502,214,503,215,503,216,504,217,504,218,504,219,504,220,504,221,504,222,504,223,503,224,503,224,502,225,501,226,500,227,499,227,498,228,497,229,496,229,495,229,494,230,493,230,492,230,491,230,490,230,489,230,488,229,487,229,486,228,485,227,484,226,484,225,484,224,484,223,483,222,483,221,483
280,483,279,484,279,485,279,486,278,487,278,488,277,489,276,490,276,491,275,492,275,493,274,494,274,495,274,496,274,497,274,498,274,499,274,500,274,501,274,502,275,503,275,504,275,505,276,506,277,507,278,507,279,507,280,507,281,508,282,508,283,507,284,507,285,506,286,505,286,504,287,503,287,502,287,501,288,500,288,499,289,498,290,497,290,496,291,495,292,494,292,493,292,492,293,491,293,490,292,489,292,488,292,487,291,486,290,485,289,485,288,484,287,483,286,483,285,483,284,483,283,483,282,483,281,483
450,492,449,493,448,493,447,493,446,494,445,494,444,495,443,496,442,497,441,498,441,499,441,500,440,501,440,502,440,503,439,504,440,505,441,506,442,507,442,508,443,509,444,510,445,510,446,511,447,511,448,511,449,511,450,511,451,511,452,510,453,510,454,510,455,510,456,509,457,508,458,507,458,506,458,505,459,504,459,503,459,502,459,501,459,500,458,499,458,498,458,497,457,496,456,495,455,494,454,493,453,493,452,492,451,492
234,495,233,496,232,497,231,497,230,498,230,499,229,500,228,501,227,502,227,503,227,504,226,505,226,506,226,507,226,508,226,509,227,510,228,510,229,510,230,511,231,511,232,511,233,511,234,511,235,511,236,511,237,511,238,511,239,511,240,511,241,511,242,511,243,510,244,509,244,508,245,507,245,506,245,505,245,504,245,503,245,502,245,501,244,500,244,499,243,498,242,497,241,496,240,496,239,496,238,495,237,495,236,495,235,495
141,500,140,501,139,501,139,502,138,503,138,504,139,505,139,506,139,507,139,508,139,509,140,510,140,511,141,511,142,511,143,511,144,511,145,511,146,511,147,511,148,511,149,511,150,511,151,511,152,511,153,511,154,511,155,511,156,511,157,511,158,511,158,510,158,509,157,508,157,507,156,506,155,505,154,504,153,503,152,502,151,502,150,501,149,501,148,500,147,500,146,500,145,500,144,500,143,500,142,500
88,502,87,503,86,503,85,503,84,504,83,504,83,505,82,506,81,507,81,508,81,509,80,510,81,510,82,511,83,511,84,511,85,511,86,511,87,511,88,511,89,511,90,511,91,511,92,511,93,511,94,511,95,511,96,511,97,511,98,511,99,510,99,509,99,508,99,507,99,506,98,505,97,504,96,504,95,503,94,502,93,502,92,502,91,502,90,502,89,502
129,502,128,503,127,504,126,505,125,506,125,507,124,508,123,509,123,510,123,511,124,511,125,511,126,511,127,511,128,511,129,511,130,511,131,511,132,511,133,511,134,511,135,511,136,511,137,511,138,511,139,511,139,510,138,509,138,508,138,507,138,506,138,505,137,504,136,503,135,503,134,503,133,503,132,502,131,502,130,502
