55,60,54,61,53,61,52,62,51,63,50,64,49,65,48,66,47,67,47,68,47,69,47,70,47,71,47,72,47,73,48,74,48,75,49,76,49,77,50,78,51,78,52,79,53,79,54,80,55,80,56,80,57,80,58,80,59,80,60,80,61,80,62,79,63,78,63,77,64,76,64,75,64,74,65,73,65,72,65,71,65,70,64,69,64,68,64,67,63,66,63,65,62,64,61,63,60,62,59,61,58,61,57,60,56,60
134,99,133,100,132,100,131,100,130,101,129,101,128,102,127,103,126,104,125,105,125,106,126,107,127,108,128,109,129,110,130,111,131,112,132,113,133,114,134,115,135,116,136,117,137,118,137,119,138,120,139,120,140,120,141,119,142,119,143,118,144,118,145,117,146,117,147,117,148,116,149,116,150,116,151,116,152,115,153,115,154,115,155,115,156,115,157,115,158,115,158,114,159,113,160,112,160,111,161,110,161,109,161,108,162,107,162,106,162,105,161,105,160,104,159,104,158,104,157,103,156,103,155,103,154,102,153,102,152,102,151,101,150,101,149,101,148,101,147,100,146,100,145,99,144,99,143,99,142,99,141,99,140,99,139,99,138,99,137,99,136,99,135,99
170,101,169,102,168,102,167,102,166,102,165,103,164,104,163,104,162,104,163,105,163,106,163,107,164,108,165,109,166,110,167,111,167,112,168,113,169,114,170,115,171,116,172,117,173,117,174,118,175,118,176,119,177,119,178,120,179,120,180,120,181,120,182,120,183,120,184,120,185,120,186,120,187,120,188,119,189,119,190,118,191,118,192,117,193,117,194,116,195,116,195,115,195,114,195,113,195,112,194,111,194,110,194,109,193,108,192,107,191,106,190,106,189,105,188,104,187,104,186,104,185,103,184,103,183,103,182,102,181,102,180,102,179,102,178,102,177,101,176,101,175,101,174,101,173,101,172,101,171,101
124,106,124,107,123,108,122,108,121,109,120,110,119,111,119,112,118,113,117,114,117,115,116,116,116,117,115,118,115,119,115,120,115,121,115,122,114,123,115,124,115,125,115,126,115,127,116,128,117,128,118,129,119,130,120,130,121,131,122,132,123,132,124,133,125,134,126,133,127,133,128,133,129,132,130,132,131,131,132,130,133,129,134,129,134,128,135,127,135,126,136,125,136,124,137,123,138,122,138,121,137,120,136,119,136,118,135,117,134,116,133,115,132,114,131,113,130,112,129,111,128,110,127,109,126,108,125,107
152,116,151,117,150,117,149,117,148,117,147,118,146,118,145,118,144,119,143,119,142,120,141,120,140,121,139,121,139,122,138,123,137,124,137,125,136,126,136,127,135,128,135,129,134,130,134,131,134,132,135,133,135,134,135,135,135,136,135,137,136,138,136,139,137,140,137,141,138,142,139,142,140,143,141,144,142,144,143,144,144,144,145,145,146,145,147,145,148,145,149,145,150,145,151,145,152,145,153,145,154,145,155,144,156,144,157,144,158,143,159,142,159,141,160,140,160,139,161,138,162,137,162,136,162,135,163,134,163,133,164,132,164,131,163,130,163,129,162,128,162,127,162,126,162,125,161,124,161,123,161,122,160,121,160,120,159,119,159,118,159,117,158,116,157,116,156,116,155,116,154,116,153,116
211,116,210,117,209,117,208,118,207,119,207,120,207,121,206,122,206,123,207,124,207,125,207,126,208,127,209,128,209,129,209,130,210,131,210,132,209,133,209,134,209,135,208,136,208,137,208,138,208,139,207,140,207,141,207,142,208,143,208,144,209,145,209,146,210,147,211,148,211,149,212,150,213,150,214,149,215,149,216,149,217,149,218,148,219,148,220,147,221,147,222,147,223,146,223,145,224,144,225,143,226,143,227,142,228,141,228,140,228,139,229,138,229,137,229,136,230,135,230,134,230,133,230,132,230,131,230,130,230,129,229,128,229,127,228,126,228,125,227,124,227,123,226,122,226,121,225,120,224,119,223,119,222,118,221,118,220,117,219,117,218,116,217,116,216,116,215,116,214,116,213,116,212,116
194,117,193,118,192,118,191,119,190,119,189,120,188,120,187,121,186,121,186,122,185,123,185,124,184,125,184,126,183,127,183,128,182,129,182,130,182,131,182,132,181,133,181,134,181,135,181,136,181,137,180,138,180,139,181,139,182,140,182,141,182,142,183,142,184,141,185,141,186,141,187,140,188,140,189,140,190,140,191,140,192,140,193,140,194,140,195,140,196,140,197,140,198,140,199,140,200,141,200,140,201,139,202,139,203,138,204,137,204,136,204,135,205,134,205,133,206,132,206,131,206,130,206,129,206,128,206,127,206,126,206,125,206,124,205,123,204,122,203,122,202,121,201,120,200,119,199,119,198,118,197,118,196,117,195,117
114,128,113,129,112,129,111,129,110,129,109,130,108,131,107,132,107,133,107,134,106,135,106,136,106,137,106,138,105,139,105,140,106,141,106,142,106,143,106,144,106,145,107,146,108,147,109,148,110,149,111,149,112,149,113,149,114,149,115,149,116,149,117,148,118,149,119,148,120,147,121,147,121,146,122,145,123,145,124,145,125,144,125,143,125,142,126,141,126,140,127,139,127,138,126,138,125,137,125,136,125,135,124,134,123,133,122,133,121,132,120,131,119,131,118,130,117,129,116,129,115,128
233,128,232,129,231,129,231,130,231,131,231,132,231,133,231,134,231,135,230,136,230,137,230,138,229,139,229,140,229,141,229,142,229,143,229,144,228,145,228,146,227,147,228,148,228,149,229,150,230,151,230,152,231,153,232,154,233,155,234,156,234,157,235,157,236,157,237,156,238,156,239,156,240,156,241,155,242,154,242,153,243,152,244,151,245,150,246,150,247,149,248,148,247,147,248,146,248,145,248,144,248,143,248,142,249,141,248,140,248,139,247,138,246,137,246,136,245,136,244,135,243,135,242,134,241,133,240,132,240,131,239,130,238,129,237,129,236,128,235,128,234,128
187,141,186,142,185,142,184,142,183,143,183,144,182,145,182,146,182,147,181,148,181,149,181,150,181,151,181,152,181,153,181,154,181,155,181,156,182,157,182,158,183,159,183,160,184,161,185,162,185,163,186,163,187,164,188,164,189,164,190,164,191,164,192,164,193,163,194,163,195,163,196,162,197,162,198,161,199,161,200,160,201,160,201,159,201,158,202,157,202,156,202,155,203,154,203,153,204,152,204,151,204,150,204,149,204,148,204,147,204,146,203,145,202,144,201,143,201,142,200,142,199,141,198,141,197,141,196,141,195,141,194,141,193,141,192,141,191,141,190,141,189,141,188,141
124,147,123,148,122,148,121,148,120,148,119,149,118,150,117,150,117,151,116,152,115,153,114,154,114,155,113,156,113,157,112,158,112,159,112,160,112,161,112,162,112,163,112,164,112,165,112,166,112,167,112,168,113,169,113,170,114,171,114,172,115,173,115,174,116,175,117,176,117,177,118,178,119,179,120,179,121,180,122,180,123,181,124,181,125,181,126,181,127,181,128,181,129,181,130,180,131,180,132,179,133,179,134,178,135,177,136,176,137,175,138,174,138,173,139,172,140,171,140,170,141,169,141,168,142,167,142,166,143,165,143,164,143,163,143,162,143,161,143,160,143,159,143,158,143,157,142,156,142,155,141,154,140,153,139,152,138,151,137,150,136,150,135,149,134,149,133,148,132,148,131,148,130,148,129,147,128,147,127,147,126,147,125,147
223,147,222,148,221,148,220,148,219,149,218,149,217,150,216,150,215,150,214,150,213,151,214,152,213,153,213,154,213,155,213,156,213,157,213,158,213,159,212,160,212,161,213,162,214,163,215,163,216,164,217,165,218,166,219,167,220,168,221,169,222,170,223,170,224,170,225,169,226,169,226,168,227,167,228,167,228,166,229,165,230,164,230,163,231,162,232,161,232,160,233,159,234,158,233,157,233,156,232,155,231,154,230,153,229,152,229,151,228,150,227,149,227,148,226,148,225,148,224,148
248,149,247,150,246,151,245,151,244,152,243,153,243,154,242,155,241,156,240,157,240,158,240,159,240,160,240,161,240,162,239,163,239,164,239,165,240,166,240,167,240,168,240,169,241,170,242,171,242,172,243,173,244,174,245,174,246,175,247,175,248,176,249,176,250,176,251,175,252,175,253,175,254,175,255,175,256,174,257,173,258,173,259,172,260,171,261,170,261,169,262,168,262,167,263,166,263,165,264,164,264,163,264,162,264,161,264,160,263,159,263,158,263,157,263,156,262,155,262,154,261,153,260,152,259,151,258,150,257,149,256,149,255,149,254,149,253,149,252,149,251,149,250,149,249,149
271,161,270,162,269,162,268,162,267,163,266,163,265,164,264,165,264,166,263,167,263,168,262,169,262,170,261,171,262,172,261,173,261,174,260,175,260,176,260,177,260,178,259,179,259,180,259,181,259,182,259,183,260,184,261,185,262,185,263,186,264,186,265,186,266,186,267,186,268,185,269,185,270,184,271,184,272,183,273,182,274,181,274,180,275,179,276,178,277,177,277,176,277,175,278,174,278,173,278,172,278,171,278,170,278,169,278,168,278,167,277,166,277,165,276,164,275,163,274,162,273,162,272,161
202,162,201,163,200,164,199,165,198,166,197,167,196,168,195,169,195,170,195,171,194,172,194,173,194,174,194,175,194,176,194,177,195,178,195,179,195,180,195,181,196,181,197,182,198,182,199,183,200,184,201,184,202,185,203,185,204,186,205,186,206,187,207,187,208,187,209,187,210,187,211,188,212,188,213,188,214,188,215,188,216,188,217,187,218,186,219,185,220,184,220,183,221,182,222,181,222,180,222,179,222,178,222,177,223,176,223,175,223,174,223,173,223,172,223,171,222,171,221,170,220,169,219,168,218,167,217,166,216,165,215,164,214,164,213,163,212,162,211,162,210,162,209,162,208,162,207,163,206,163,205,163,204,162,203,162
158,164,157,165,156,166,155,166,154,167,153,168,152,168,151,169,150,170,149,171,149,172,148,173,148,174,147,175,147,176,146,177,146,178,146,179,145,180,145,181,144,182,144,183,144,184,143,185,143,186,143,187,142,188,142,189,142,190,142,191,143,192,143,193,144,194,145,194,146,194,147,195,148,195,149,195,150,195,151,195,152,195,153,195,154,195,155,195,156,194,157,194,158,193,159,193,160,193,161,192,162,192,163,192,164,191,165,191,166,191,167,190,168,190,169,189,170,189,171,188,172,188,172,187,172,186,173,185,173,184,173,183,173,182,173,181,174,180,174,179,174,178,174,177,174,176,174,175,174,174,174,173,174,172,173,171,173,170,172,169,172,168,171,168,170,167,169,166,168,165,167,165,166,165,165,164,164,164,163,164,162,164,161,164,160,164,159,164
182,164,181,165,180,165,179,165,178,166,177,167,176,168,176,169,176,170,175,171,174,171,175,172,175,173,175,174,175,175,175,176,175,177,175,178,175,179,175,180,174,181,174,182,174,183,174,184,174,185,173,186,173,187,173,188,173,189,173,190,173,191,174,191,175,190,176,190,177,189,178,189,179,188,180,188,181,187,182,187,183,187,184,187,185,187,186,187,187,186,188,186,189,186,190,185,191,184,192,183,193,182,193,181,194,180,193,179,192,178,192,177,193,176,193,175,193,174,193,173,193,172,193,171,192,170,192,169,191,168,190,168,189,167,188,166,187,166,186,165,185,165,184,165,183,165
240,174,239,175,238,175,237,175,236,176,235,177,234,178,233,179,233,180,232,181,231,182,231,183,231,184,231,185,231,186,231,187,231,188,231,189,231,190,231,191,232,192,232,193,232,194,232,195,233,196,233,197,233,198,233,199,233,200,234,201,234,202,234,203,234,204,234,205,235,206,235,207,234,208,234,209,235,210,236,210,237,210,238,210,239,210,240,210,241,209,242,209,243,208,244,207,245,207,246,206,247,205,247,204,248,203,249,203,250,202,249,201,249,200,248,199,248,198,248,197,247,196,247,195,247,194,247,193,248,192,248,191,248,190,249,189,249,188,249,187,250,186,250,185,251,184,251,183,251,182,251,181,250,180,250,179,249,178,249,177,248,177,247,176,246,176,245,175,244,175,243,174,242,174,241,175
292,180,291,181,290,181,289,181,288,181,287,181,286,181,285,181,284,181,283,181,282,181,281,182,280,182,279,182,278,183,277,184,276,185,275,186,275,187,274,188,274,189,274,190,275,190,276,190,277,190,278,190,279,190,280,190,281,190,282,190,283,190,284,191,285,191,286,191,286,190,287,189,288,189,289,189,290,189,291,188,292,188,293,188,294,187,295,186,296,185,296,184,296,183,296,182,296,181,295,180,294,180,293,180
194,181,194,182,193,183,192,184,191,185,190,186,189,187,188,187,187,187,186,188,185,188,184,188,183,188,182,188,181,188,180,189,179,189,178,190,177,190,176,191,175,191,174,192,174,193,174,194,175,194,176,195,177,195,178,196,179,196,180,196,181,197,182,197,183,197,184,198,185,198,186,199,187,199,188,199,189,198,190,198,191,197,192,196,193,196,194,195,195,195,195,194,195,193,195,192,195,191,195,190,195,189,195,188,195,187,195,186,195,185,195,184,194,183,194,182
252,183,252,184,251,185,251,186,250,187,250,188,250,189,249,190,249,191,249,192,248,193,248,194,248,195,248,196,249,197,249,198,249,199,250,200,250,201,251,201,252,200,253,200,254,200,255,199,256,199,257,198,258,198,259,197,260,197,261,196,262,195,263,194,264,193,265,192,265,191,265,190,265,189,264,188,264,187,263,187,262,186,261,186,260,185,259,184,258,184,257,184,256,183,255,183,254,183,253,183
218,188,217,189,216,189,215,190,214,190,213,191,212,191,211,191,210,192,209,192,208,193,207,194,206,195,206,196,205,197,205,198,205,199,205,200,205,201,205,202,205,203,206,204,206,205,207,206,207,207,208,208,209,209,210,209,211,210,212,210,213,211,214,211,215,212,216,212,217,212,218,212,219,212,220,212,221,212,222,211,223,210,224,209,225,208,225,207,225,206,226,205,226,204,226,203,226,202,225,201,225,200,225,199,225,198,225,197,225,196,225,195,225,194,225,193,225,192,224,191,223,190,222,189,221,189,220,189,219,188
274,191,273,192,272,192,271,193,270,194,269,194,268,195,267,196,266,197,266,198,265,199,265,200,266,201,266,202,266,203,267,204,267,205,267,206,268,207,269,208,270,209,270,210,271,210,272,211,273,211,274,211,275,211,276,212,277,212,278,212,279,212,280,211,281,211,282,211,283,211,284,210,285,210,286,209,287,208,288,207,289,206,289,205,289,204,289,203,289,202,289,201,289,200,289,199,289,198,288,197,288,196,288,195,287,194,287,193,286,192,285,192,284,192,283,191,282,191,281,191,280,191,279,191,278,191,277,191,276,191,275,191
297,191,296,192,295,192,294,193,293,194,293,195,293,196,293,197,293,198,293,199,294,200,294,201,295,202,296,203,296,204,297,204,298,204,299,204,300,204,301,203,301,202,302,201,302,200,302,199,302,198,302,197,302,196,303,195,302,194,302,193,301,192,300,192,299,191,298,191
174,195,173,196,173,197,172,198,171,199,171,200,171,201,171,202,171,203,170,204,171,205,171,206,172,207,172,208,172,209,173,210,173,211,173,212,173,213,174,214,174,215,175,216,176,217,177,218,178,219,179,220,180,220,181,221,182,221,183,221,184,221,185,222,186,222,187,222,188,222,189,221,190,220,190,219,190,218,190,217,190,216,190,215,191,214,191,213,191,212,191,211,191,210,190,209,190,208,189,207,189,206,188,205,188,204,188,203,188,202,187,201,187,200,186,200,185,199,184,199,183,198,182,198,181,198,180,197,179,197,178,197,177,196,176,196,175,195
123,196,122,197,121,198,121,199,121,200,121,201,121,202,121,203,121,204,121,205,122,206,122,207,122,208,122,209,123,210,123,211,124,212,125,213,126,214,126,215,127,216,128,217,129,218,130,218,131,218,132,218,133,217,134,217,135,216,136,216,137,216,137,215,138,214,138,213,138,212,139,211,139,210,139,209,139,208,139,207,138,206,137,205,136,204,135,203,134,202,133,201,132,200,131,199,130,198,129,198,128,197,127,197,126,196,125,196,124,196
194,196,193,197,192,197,191,198,190,199,189,199,188,200,188,201,189,202,189,203,189,204,189,205,190,206,190,207,191,208,191,209,192,210,192,211,192,212,193,212,194,213,195,214,196,215,196,214,197,213,197,212,198,211,198,210,199,209,200,208,200,207,201,206,201,205,201,204,201,203,201,202,200,201,200,200,199,199,199,198,198,197,197,197,196,196,195,196
162,197,161,198,160,198,159,199,159,200,158,201,158,202,158,203,159,204,159,205,159,206,160,206,161,206,162,206,163,207,164,207,165,207,166,207,167,206,168,205,169,204,170,203,170,202,170,201,170,200,170,199,169,198,168,198,167,197,166,197,165,197,164,197,163,197
202,206,201,207,201,208,200,209,199,210,199,211,198,212,198,213,197,214,197,215,198,216,199,217,200,218,201,219,202,220,202,221,203,222,204,223,204,224,205,225,206,226,207,226,208,227,209,227,210,228,211,228,212,229,213,229,214,229,215,229,216,229,217,229,218,229,219,228,219,227,220,226,220,225,221,224,220,223,220,222,220,221,220,220,219,219,219,218,218,217,217,216,216,215,215,214,214,213,213,212,212,211,211,211,210,210,209,210,208,209,207,208,206,208,205,208,204,207,203,207
155,207,154,208,153,208,152,208,151,209,150,209,149,208,149,209,148,210,148,211,147,212,147,213,146,214,145,215,144,215,143,216,142,216,141,217,140,217,139,217,138,217,138,218,137,219,137,220,137,221,136,222,136,223,137,223,138,223,139,223,140,224,141,224,142,224,143,224,144,225,145,225,146,225,147,226,148,226,149,227,150,227,151,228,152,228,153,229,154,229,155,230,156,230,157,231,158,232,159,232,160,232,161,231,162,230,163,229,164,228,165,227,166,227,167,226,168,225,169,224,170,224,171,223,171,222,171,221,172,220,172,219,172,218,172,217,172,216,172,215,172,214,171,213,171,212,170,211,169,210,168,210,167,209,166,208,165,208,164,208,163,208,162,207,161,207,160,207,159,207,158,207,157,207,156,207
259,208,258,209,257,210,256,211,255,212,254,212,253,213,252,214,251,215,250,215,249,216,248,217,247,218,246,219,245,220,245,221,245,222,245,223,245,224,246,225,246,226,247,227,247,228,247,229,247,230,248,231,249,231,250,231,251,231,252,231,253,231,254,231,255,232,256,232,257,232,258,232,259,232,260,233,261,233,262,233,263,234,264,234,265,234,266,233,267,232,267,231,268,230,268,229,268,228,268,227,269,226,269,225,269,224,269,223,269,222,269,221,270,220,270,219,270,218,271,217,271,216,270,215,270,214,269,213,268,212,268,211,267,211,266,210,265,209,264,209,263,208,262,208,261,208,260,208
297,209,296,210,295,211,294,212,293,213,293,214,292,215,291,216,290,217,290,218,289,219,289,220,288,221,288,222,287,223,287,224,287,225,287,226,287,227,288,228,289,229,290,229,291,230,292,229,293,229,294,228,295,227,296,226,297,226,298,225,299,224,300,224,301,223,302,222,303,221,304,220,304,219,304,218,305,217,305,216,306,215,306,214,307,213,307,212,306,211,305,210,304,210,303,209,302,209,301,209,300,209,299,209,298,209
304,221,303,222,302,223,301,224,300,225,299,225,298,226,297,227,296,227,295,228,294,229,293,230,292,230,292,231,292,232,291,233,290,234,290,235,289,236,289,237,289,238,289,239,289,240,289,241,289,242,289,243,290,244,291,244,292,244,293,244,294,244,295,244,296,244,297,244,298,243,299,244,300,243,301,243,302,243,303,243,304,243,305,242,306,242,307,241,308,240,309,239,310,238,310,237,311,236,311,235,312,234,312,233,313,232,313,231,313,230,313,229,313,228,313,227,313,226,313,225,312,224,312,223,311,222,310,222,309,221,308,221,307,221,306,221,305,221
136,224,136,225,135,226,135,227,134,228,134,229,134,230,133,231,133,232,133,233,134,234,134,235,135,236,135,237,136,238,137,239,138,239,139,240,140,241,141,242,142,243,143,244,144,245,145,246,146,246,147,247,148,247,149,247,150,248,151,248,152,247,153,246,154,246,155,245,156,245,157,244,158,244,159,244,160,243,161,243,162,243,162,242,161,241,161,240,161,239,160,238,160,237,160,236,160,235,159,234,159,233,158,233,157,232,156,231,155,231,154,230,153,230,152,229,151,229,150,228,149,228,148,227,147,227,146,226,145,226,144,226,143,225,142,225,141,225,140,225,139,224,138,224,137,224
171,224,170,225,169,225,168,226,167,227,166,228,165,228,164,229,163,230,162,231,161,232,160,233,161,234,161,235,161,236,161,237,161,238,162,239,162,240,162,241,163,242,163,243,164,244,165,244,166,244,167,245,168,245,169,245,170,245,171,245,172,245,173,245,174,245,175,245,176,245,177,246,178,246,179,247,180,247,181,247,182,247,183,247,184,246,185,246,186,245,187,244,188,243,188,242,189,241,189,240,189,239,189,238,188,237,188,236,188,235,188,234,187,233,187,232,187,231,186,230,185,229,184,229,183,228,182,227,181,227,180,226,179,225,178,225,177,225,176,224,175,224,174,224,173,225,172,224
192,224,191,225,190,225,189,226,189,227,188,228,188,229,187,230,188,231,188,232,188,233,189,234,189,235,189,236,189,237,190,238,190,239,190,240,191,241,191,242,192,243,193,244,193,245,194,246,195,247,196,248,197,248,198,249,199,249,200,250,201,250,202,250,203,250,204,250,205,249,206,249,207,249,208,248,209,247,210,246,211,246,212,245,212,244,213,243,214,242,214,241,214,240,215,239,215,238,214,237,214,236,214,235,213,234,212,233,211,232,210,232,209,231,208,230,207,230,206,230,205,229,204,229,203,228,202,228,201,227,200,226,199,225,198,225,197,225,196,224,195,224,194,224,193,224
248,232,247,233,246,234,246,235,245,236,244,237,243,237,243,238,243,239,243,240,243,241,243,242,243,243,243,244,244,245,245,246,246,246,247,247,248,247,249,248,250,248,251,249,252,250,253,251,254,251,255,252,256,252,257,251,258,251,259,250,260,249,261,248,262,247,262,246,263,245,263,244,264,243,264,242,265,241,265,240,265,239,265,238,265,237,265,236,265,235,264,235,263,235,262,234,261,234,260,234,259,233,258,233,257,233,256,233,255,233,254,232,253,232,252,232,251,232,250,232,249,232
325,235,324,236,323,236,322,236,321,237,320,237,319,238,318,239,318,240,317,241,317,242,316,243,316,244,316,245,316,246,317,247,317,248,318,249,319,250,320,251,321,252,322,252,323,253,324,254,325,254,326,254,327,255,328,255,329,255,330,255,331,255,332,254,333,254,334,254,335,253,336,252,337,251,338,250,338,249,338,248,338,247,338,246,338,245,338,244,338,243,337,242,336,241,335,241,334,240,333,239,332,239,331,238,331,237,330,237,329,236,328,236,327,235,326,235
232,236,231,237,230,237,229,238,228,238,227,239,227,240,226,241,226,242,225,243,225,244,225,245,226,246,226,247,227,248,228,249,229,250,230,251,231,252,232,252,233,252,234,252,235,252,236,252,237,251,238,250,239,249,240,248,241,247,241,246,242,245,242,244,242,243,242,242,242,241,242,240,242,239,242,238,242,237,241,237,240,237,239,237,238,236,237,236,236,236,235,236,234,236,233,236
275,236,274,237,273,237,272,238,271,239,270,240,269,241,268,242,268,243,267,244,266,245,266,246,266,247,265,248,265,249,265,250,265,251,265,252,264,253,265,254,265,255,265,256,266,257,267,258,268,258,269,258,270,259,271,259,272,258,273,258,274,258,275,257,276,257,277,256,278,255,279,254,280,253,281,252,281,251,282,250,282,249,282,248,283,247,283,246,283,245,283,244,283,243,283,242,282,241,282,240,281,239,280,238,279,237,278,237,277,236,276,236
160,244,159,245,158,245,157,245,156,246,155,246,154,247,153,247,152,248,151,249,151,250,151,251,151,252,151,253,151,254,151,255,152,256,152,257,153,257,154,258,155,258,156,258,157,258,158,258,159,258,160,258,161,257,161,256,162,255,162,254,162,253,163,252,163,251,163,250,164,249,164,248,164,247,164,246,164,245,163,244,162,244,161,244
243,245,242,246,242,247,241,248,240,249,239,250,238,251,237,252,236,253,235,254,235,255,235,256,235,257,235,258,235,259,234,260,234,261,234,262,234,263,234,264,235,265,235,266,236,267,237,267,238,268,239,268,240,268,241,268,242,267,243,267,244,267,245,267,246,266,247,265,248,265,249,264,250,264,250,263,251,262,252,261,252,260,253,259,253,258,253,257,253,256,254,255,254,254,255,253,254,252,253,252,252,251,251,250,250,249,249,249,248,248,247,248,246,247,245,247,244,246
167,246,167,247,166,248,165,248,165,249,164,250,164,251,164,252,163,253,163,254,163,255,162,256,162,257,162,258,163,259,163,260,163,261,164,262,164,263,164,264,165,265,166,266,166,267,167,268,168,269,169,270,170,271,171,271,172,272,173,272,174,272,175,272,176,272,177,272,178,272,179,272,180,273,181,272,182,272,183,271,183,270,183,269,183,268,183,267,183,266,183,265,183,264,183,263,183,262,183,261,183,260,183,259,183,258,182,257,182,256,182,255,182,254,182,253,181,252,181,251,181,250,181,249,181,248,180,248,179,248,178,247,177,247,176,246,175,246,174,246,173,246,172,246,171,246,170,246,169,246,168,246
186,246,185,247,184,247,183,248,182,248,182,249,182,250,182,251,182,252,183,253,183,254,183,255,183,256,183,257,184,258,184,259,184,260,184,261,184,262,184,263,184,264,184,265,184,266,184,267,184,268,184,269,184,270,184,271,185,271,186,271,187,271,188,272,189,272,190,273,191,273,192,273,193,274,193,273,194,272,195,271,196,270,197,269,197,268,197,267,198,266,198,265,199,264,199,263,199,262,199,261,199,260,200,259,200,258,200,257,200,256,200,255,199,254,198,253,197,252,196,252,195,251,194,250,193,249,192,249,191,248,190,248,189,247,188,247,187,246
217,249,216,250,215,250,214,251,214,252,213,253,212,254,211,255,211,256,211,257,211,258,212,259,212,260,212,261,212,262,213,263,213,264,213,265,213,266,214,267,214,268,214,269,214,270,215,271,216,271,217,272,218,272,219,273,220,273,221,273,222,273,223,273,224,273,225,273,226,273,227,272,228,271,229,270,230,269,231,268,231,267,232,266,232,265,233,264,233,263,233,262,232,261,232,260,232,259,231,258,231,257,230,256,230,255,229,254,228,253,227,252,226,251,225,250,224,250,223,249,222,249,221,249,220,249,219,249,218,249
340,249,339,250,338,251,337,252,336,253,336,254,336,255,336,256,336,257,335,258,335,259,335,260,336,261,336,262,336,263,337,264,337,265,338,266,339,267,339,268,340,269,340,270,340,271,341,272,341,273,342,274,342,275,342,276,343,277,343,278,344,279,345,279,346,279,347,278,348,277,348,276,348,275,349,274,349,273,350,272,350,271,350,270,351,269,351,268,351,267,351,266,351,265,351,264,351,263,351,262,351,261,350,260,350,259,349,258,349,257,348,256,348,255,348,254,347,253,346,252,345,251,344,250,343,250,342,249,341,249
303,252,302,253,301,253,300,253,299,253,298,254,297,254,296,255,295,255,294,256,293,256,292,257,291,258,290,259,290,260,289,261,289,262,289,263,289,264,288,265,288,266,289,267,289,268,289,269,289,270,290,271,290,272,291,273,292,274,293,275,294,275,295,275,296,275,297,275,298,275,299,275,300,275,301,275,302,275,303,275,304,274,305,274,306,274,307,273,308,273,309,272,310,272,311,272,312,271,313,270,314,269,315,268,316,267,317,266,317,265,318,264,318,263,318,262,318,261,318,260,317,259,317,258,317,257,316,256,316,255,315,254,314,253,313,253,312,252,311,252,310,252,309,252,308,252,307,252,306,252,305,252,304,252
324,262,323,263,322,263,321,263,320,264,319,264,318,265,318,266,317,267,316,268,315,269,314,270,313,271,312,272,311,273,311,274,311,275,310,276,310,277,310,278,310,279,310,280,310,281,311,282,311,283,312,284,312,285,313,286,314,287,315,288,315,289,316,290,317,291,318,292,319,293,320,294,320,295,320,296,321,296,322,297,323,297,324,297,325,298,326,298,327,298,328,297,329,297,330,296,331,295,332,294,333,293,334,292,334,291,335,290,335,289,336,288,336,287,336,286,337,285,337,284,337,283,337,282,338,281,338,280,338,279,338,278,338,277,338,276,338,275,337,274,338,273,338,272,337,271,337,270,337,269,336,268,336,267,335,266,334,265,333,264,332,263,331,262,330,262,329,262,328,262,327,262,326,262,325,262
184,272,183,273,182,273,181,273,181,274,180,275,179,275,178,275,177,276,176,277,175,277,174,278,174,279,173,280,173,281,173,282,173,283,172,284,172,285,172,286,172,287,173,288,174,289,175,290,176,291,177,292,178,292,179,292,180,293,181,293,182,293,183,293,184,293,185,293,186,293,187,292,188,292,189,291,190,291,191,290,191,289,191,288,191,287,191,286,191,285,191,284,192,283,192,282,192,281,192,280,192,279,193,278,193,277,193,276,193,275,192,274,191,274,190,274,189,273,188,273,187,272,186,272,185,272
354,275,353,276,352,277,351,278,350,278,349,278,348,278,347,279,346,280,346,281,345,282,344,282,343,283,343,284,342,285,341,286,341,287,341,288,341,289,341,290,342,291,343,292,343,293,344,293,345,294,346,294,347,294,348,294,349,294,350,294,351,293,352,293,353,292,354,291,355,291,356,290,357,289,358,288,359,287,360,286,360,285,360,284,361,283,361,282,361,281,360,280,360,279,360,278,360,277,359,276,358,275,357,275,356,275,355,275
240,283,239,284,238,284,237,285,236,286,235,287,234,287,233,288,233,289,232,290,232,291,231,292,231,293,232,294,232,295,232,296,233,297,234,298,235,298,236,299,237,299,238,300,239,300,240,300,241,299,242,299,243,299,244,299,245,298,246,297,247,296,248,295,248,294,248,293,248,292,249,291,249,290,249,289,249,288,248,287,248,286,247,285,247,284,246,284,245,283,244,283,243,283,242,283,241,283
217,291,216,292,215,292,214,292,213,292,212,292,211,293,210,293,209,293,208,293,207,293,206,294,205,294,204,295,203,295,202,296,201,297,200,298,199,299,198,300,198,301,197,302,197,303,196,304,196,305,197,306,197,307,198,308,199,309,200,309,201,310,202,310,203,310,204,310,205,310,206,310,207,310,208,310,209,310,210,311,211,312,212,313,213,314,213,315,214,316,215,316,216,317,217,317,218,317,219,316,220,315,221,314,222,313,223,312,224,311,225,310,226,309,227,308,228,307,227,306,227,305,227,304,227,303,226,302,226,301,226,300,225,299,225,298,225,297,224,296,224,295,223,294,222,293,221,292,220,292,219,292,218,291
266,293,265,294,264,294,263,294,262,295,261,295,260,296,259,296,258,296,257,297,256,298,255,298,254,299,253,300,253,301,252,302,252,303,252,304,252,305,251,306,251,307,252,308,252,309,252,310,253,311,254,312,254,313,255,314,256,315,257,315,258,316,259,316,260,317,261,317,262,317,263,317,264,317,265,317,266,317,267,316,268,316,269,316,270,315,271,314,272,313,273,312,274,311,274,310,275,309,276,308,276,307,277,306,277,305,277,304,277,303,277,302,277,301,277,300,277,299,277,298,276,297,276,296,275,295,274,294,273,293,272,293,271,293,270,293,269,293,268,293,267,293
350,299,349,300,348,300,347,301,346,301,345,302,345,303,344,304,343,305,342,306,342,307,341,308,340,309,339,310,339,311,338,312,337,313,336,314,336,315,336,316,337,317,338,318,339,318,340,319,341,319,342,320,343,321,344,320,345,321,346,321,347,321,348,321,349,321,350,321,351,321,352,320,353,320,354,320,355,319,356,319,357,318,358,317,359,316,360,315,360,314,361,313,361,312,361,311,362,310,362,309,361,308,361,307,361,306,361,305,360,304,360,303,359,302,358,301,357,301,356,300,355,300,354,300,353,299,352,299,351,299
315,303,314,304,313,305,312,305,312,306,311,307,310,308,309,309,308,310,308,311,307,312,307,313,306,314,305,315,305,316,304,317,304,318,303,319,303,320,302,321,302,322,301,323,301,324,300,325,300,326,300,327,299,328,299,329,299,330,299,331,299,332,299,333,299,334,300,335,300,336,300,337,301,338,301,339,302,340,302,341,303,342,303,343,304,344,304,345,304,346,304,347,305,348,306,348,307,349,307,350,308,350,309,351,310,351,311,350,312,350,313,349,314,349,315,348,316,347,317,346,317,345,318,344,319,343,319,342,320,341,321,340,321,339,322,338,322,337,322,336,323,335,323,334,323,333,324,332,324,331,325,330,325,329,326,328,326,327,327,326,328,325,328,324,329,323,330,322,331,321,331,320,332,319,333,318,334,317,335,316,335,315,335,314,336,313,335,312,334,311,334,310,333,309,333,308,332,307,331,306,330,306,329,305,328,304,327,304,326,304,325,303,324,303,323,303,322,303,321,303,320,303,319,303,318,303,317,303,316,303
229,307,228,308,227,309,226,310,225,311,224,312,223,313,222,314,221,315,220,316,219,317,219,318,219,319,218,320,218,321,218,322,218,323,218,324,219,325,220,326,220,327,221,328,222,329,223,329,224,329,225,329,226,329,227,329,228,329,229,328,230,328,231,327,232,327,233,326,234,325,235,324,236,323,237,322,238,321,239,320,239,319,240,318,241,317,241,316,241,315,241,314,241,313,241,312,241,311,240,310,239,309,238,309,237,308,236,308,235,308,234,308,233,308,232,308,231,308,230,308
277,320,276,321,275,321,274,321,273,321,272,322,271,323,270,324,269,324,269,325,268,326,268,327,267,328,267,329,267,330,267,331,267,332,266,333,267,334,267,335,267,336,268,337,268,338,269,339,270,340,271,341,272,342,273,342,274,343,275,343,276,344,277,344,278,344,279,344,280,344,281,344,282,344,283,343,284,343,285,343,286,342,287,342,288,341,289,341,290,340,291,339,292,339,292,338,293,337,294,336,294,335,294,334,294,333,294,332,294,331,294,330,294,329,293,328,293,327,292,326,291,325,290,324,289,324,288,323,287,322,286,322,285,321,284,321,283,321,282,321,281,321,280,321,279,320,278,320
341,322,340,323,339,323,338,324,337,325,336,326,335,327,334,328,333,329,332,330,331,331,330,332,330,333,329,334,329,335,329,336,328,337,328,338,328,339,327,340,327,341,327,342,326,343,326,344,325,345,325,346,324,347,324,348,323,349,323,350,323,351,323,352,323,353,323,354,323,355,323,356,324,357,325,358,326,358,327,359,328,359,329,359,330,358,331,358,332,358,333,358,334,358,335,357,336,357,337,357,338,356,339,356,340,355,341,355,342,354,343,354,344,353,345,352,346,352,347,351,348,350,348,349,349,348,350,347,350,346,350,345,351,344,351,343,351,342,351,341,351,340,352,339,352,338,353,337,354,336,355,335,356,334,356,333,357,332,357,331,357,330,357,329,357,328,357,327,356,326,355,325,354,324,353,324,352,323,351,323,350,322,349,322,348,322,347,322,346,322,345,322,344,322,343,322,342,322
274,349,273,350,272,350,271,350,270,351,269,351,268,352,267,352,266,352,265,353,264,353,263,354,263,355,262,356,262,357,262,358,262,359,262,360,263,361,263,362,264,362,265,363,266,363,267,363,268,364,269,364,270,364,271,365,272,365,273,365,274,366,275,366,276,366,277,367,278,367,279,366,280,366,281,365,282,365,283,364,284,363,284,362,285,361,285,360,285,359,285,358,285,357,285,356,285,355,285,354,284,353,283,352,282,351,281,351,280,350,279,350,278,350,277,349,276,349,275,349
306,351,305,352,304,352,303,353,302,353,301,353,300,354,299,354,298,355,297,356,296,357,295,358,295,359,295,360,294,361,294,362,294,363,294,364,295,365,295,366,295,367,295,368,296,369,297,370,297,371,298,372,299,372,300,373,301,373,302,373,303,373,304,373,305,373,306,373,307,372,308,372,309,371,310,371,311,371,312,370,313,369,314,368,315,367,316,366,317,365,317,364,317,363,318,362,317,361,317,360,317,359,317,358,316,357,316,356,315,355,314,354,313,354,312,353,311,353,310,352,309,352,308,351,307,351
394,420,393,421,392,422,391,423,390,424,391,425,391,426,391,427,392,428,392,429,393,430,394,431,395,432,396,432,397,433,398,433,399,433,400,433,401,433,402,433,403,434,404,434,405,434,406,433,407,432,407,431,407,430,407,429,407,428,407,427,407,426,406,425,405,424,404,423,404,422,403,422,402,421,401,421,400,421,399,420,398,420,397,420,396,420,395,420
378,433,377,434,376,434,375,434,374,435,373,435,372,436,372,437,371,438,370,439,370,440,370,441,369,442,369,443,369,444,369,445,369,446,369,447,369,448,369,449,369,450,370,451,370,452,371,453,371,454,372,455,373,455,374,456,375,457,376,457,377,458,378,458,379,459,380,459,381,459,382,460,383,460,384,460,385,461,386,461,387,461,388,461,389,461,390,461,391,461,392,461,393,461,394,461,395,461,396,461,397,462,398,462,399,462,400,462,401,462,402,462,403,461,404,461,405,461,406,461,407,460,408,460,409,460,410,459,411,459,412,458,413,457,414,456,414,455,414,454,414,453,414,452,414,451,414,450,414,449,414,448,413,447,413,446,412,445,411,444,410,443,410,442,409,442,408,441,407,440,406,440,405,439,404,439,403,439,402,440,401,440,400,440,399,441,398,441,397,441,396,440,395,440,394,439,393,439,392,438,391,438,390,437,389,437,388,437,387,436,386,436,385,435,384,435,383,434,382,434,381,433,380,433,379,433
318,436,317,437,316,437,315,438,314,439,313,440,313,441,312,442,312,443,311,444,311,445,311,446,311,447,311,448,311,449,311,450,311,451,312,452,312,453,313,454,314,455,315,456,316,457,317,457,318,458,319,458,320,458,321,458,322,458,323,458,324,458,325,458,326,458,327,457,328,457,329,456,330,455,331,454,332,453,333,452,333,451,334,450,334,449,334,448,335,447,335,446,335,445,334,444,334,443,334,442,333,441,332,440,332,439,331,439,330,438,329,437,328,437,327,437,326,436,325,436,324,436,323,436,322,436,321,436,320,436,319,436
345,437,344,438,343,438,342,438,341,439,340,440,339,441,339,442,338,443,338,444,338,445,338,446,339,447,340,448,340,449,341,450,342,450,343,451,344,451,345,452,346,452,347,452,348,452,349,452,350,452,351,452,352,452,353,453,354,452,355,452,356,452,357,451,358,450,359,449,359,448,359,447,359,446,359,445,359,444,359,443,358,442,358,441,357,440,356,439,355,439,354,438,353,437,352,437,351,437,350,437,349,437,348,437,347,437,346,437
184,441,183,442,182,442,181,443,180,443,179,444,178,445,177,446,177,447,176,448,176,449,176,450,176,451,176,452,176,453,177,454,177,455,178,456,179,457,180,458,181,458,182,459,183,460,184,460,185,461,186,461,187,462,188,462,189,463,190,464,190,465,191,466,192,467,192,468,193,469,194,469,195,470,196,470,197,470,198,470,199,470,200,470,201,469,202,468,203,468,204,467,205,466,206,465,207,464,207,463,207,462,207,461,208,460,207,459,207,458,207,457,206,456,205,455,204,454,203,453,202,452,201,451,200,450,200,449,199,448,198,447,198,446,197,445,196,444,196,443,195,442,194,442,193,441,192,441,191,441,190,441,189,441,188,441,187,441,186,441,185,441
158,443,157,444,156,444,155,444,154,444,153,445,152,445,151,446,150,447,149,448,149,449,148,450,148,451,147,452,147,453,147,454,147,455,147,456,148,457,149,458,150,459,151,460,152,461,153,461,154,461,155,462,156,462,157,462,158,462,159,462,160,462,161,462,162,461,163,461,164,460,165,460,166,459,167,458,167,457,168,456,168,455,168,454,168,453,168,452,168,451,168,450,167,449,167,448,166,447,166,446,165,446,164,445,163,444,162,444,161,444,160,444,159,443
129,449,128,450,127,450,126,451,125,452,124,452,123,453,122,454,122,455,121,456,121,457,120,458,120,459,120,460,120,461,120,462,121,463,122,464,122,465,123,466,124,467,125,467,126,468,127,468,128,469,129,469,130,469,131,469,132,469,133,469,134,469,135,468,136,468,137,468,138,467,139,467,140,466,140,465,141,464,142,463,142,462,142,461,142,460,143,459,142,458,143,457,143,456,143,455,142,454,142,453,141,452,140,451,139,450,138,449,137,449,136,449,135,449,134,449,133,449,132,449,131,449,130,449
219,453,218,454,217,454,216,455,216,456,215,457,215,458,215,459,214,460,214,461,214,462,213,463,213,464,212,465,211,466,211,467,210,468,210,469,210,470,210,471,210,472,209,473,210,474,210,475,210,476,210,477,211,478,212,479,213,480,214,480,215,481,216,482,217,482,218,482,219,482,220,482,221,482,222,482,223,482,224,481,225,481,226,480,227,480,228,479,229,479,230,478,231,477,231,476,232,475,232,474,232,473,232,472,232,471,232,470,232,469,232,468,232,467,231,466,231,465,231,464,230,463,230,462,230,461,229,460,229,459,228,458,227,457,227,456,226,455,225,454,224,454,223,453,222,453,221,453,220,453
420,454,419,455,418,455,417,456,416,457,415,458,415,459,415,460,415,461,415,462,415,463,415,464,415,465,415,466,416,467,417,468,418,469,419,470,420,470,421,470,422,471,423,471,424,470,425,470,426,470,427,469,428,469,429,468,430,468,431,468,432,467,432,466,432,465,433,464,433,463,433,462,433,461,432,460,432,459,431,458,431,457,430,456,429,455,428,455,427,455,426,454,425,455,424,455,423,454,422,454,421,454
296,456,295,457,294,458,293,459,292,460,291,460,291,461,290,462,290,463,289,464,288,465,288,466,288,467,287,468,287,469,287,470,287,471,287,472,287,473,288,474,289,475,289,476,290,476,291,477,292,478,293,478,294,478,295,478,296,478,297,478,298,477,299,477,300,477,301,476,302,475,303,474,304,473,305,472,305,471,306,470,306,469,307,468,307,467,307,466,307,465,307,464,307,463,306,462,306,461,305,460,305,459,304,458,304,457,303,457,302,456,301,456,300,456,299,456,298,456,297,456
352,465,351,466,350,466,349,466,348,467,347,467,346,468,345,468,344,469,343,470,342,471,341,472,341,473,340,474,340,475,339,476,339,477,338,478,337,479,337,480,337,481,337,482,337,483,337,484,337,485,337,486,338,487,338,488,338,489,338,490,338,491,339,492,340,493,340,494,341,495,342,496,342,497,343,497,344,498,345,499,346,500,347,500,348,501,349,501,350,501,351,502,352,502,353,502,354,502,355,502,356,502,357,502,358,502,359,502,360,502,361,501,362,501,363,500,364,500,365,499,366,499,367,498,368,498,369,497,370,496,371,495,372,494,372,493,373,492,373,491,373,490,373,489,373,488,374,487,374,486,374,485,373,484,374,483,374,482,373,481,373,480,373,479,373,478,372,477,372,476,371,475,371,474,370,473,370,472,369,471,368,470,367,469,366,468,365,468,364,467,363,466,362,466,361,466,360,465,359,465,358,465,357,465,356,465,355,465,354,465,353,465
104,467,103,468,102,469,101,470,100,471,99,472,98,473,97,474,96,475,95,476,94,477,93,478,92,479,91,479,90,480,89,481,89,482,88,483,88,484,88,485,87,486,87,487,87,488,87,489,87,490,88,491,88,492,88,493,89,494,90,494,91,495,92,495,93,496,94,496,95,496,96,497,97,496,98,496,99,496,100,496,101,495,102,495,103,494,104,494,105,493,106,492,106,491,107,490,107,489,108,488,109,487,110,486,111,486,112,485,113,484,114,483,115,482,115,481,116,480,116,479,116,478,117,477,117,476,117,475,116,474,116,473,115,472,114,471,114,470,113,469,112,469,111,468,110,467,109,467,108,467,107,467,106,467,105,467
318,468,317,469,316,469,315,470,314,470,313,471,312,472,311,473,310,474,309,475,309,476,308,477,308,478,307,479,307,480,307,481,307,482,307,483,306,484,306,485,306,486,306,487,306,488,306,489,306,490,306,491,306,492,306,493,306,494,307,495,307,496,308,497,308,498,309,499,310,500,310,501,311,501,312,502,313,503,314,503,315,504,316,504,317,504,318,505,319,505,320,506,321,506,322,506,323,506,324,506,325,506,326,506,327,506,328,505,329,505,330,504,331,503,331,502,332,501,333,500,333,499,334,498,334,497,335,496,335,495,336,494,336,493,336,492,337,491,337,490,337,489,337,488,337,487,336,486,336,485,336,484,336,483,336,482,336,481,336,480,336,479,336,478,335,477,335,476,334,475,333,474,333,473,332,473,331,472,330,471,329,470,328,470,327,469,326,469,325,469,324,468,323,468,322,468,321,468,320,468,319,468
437,468,436,469,435,469,434,470,433,471,433,472,432,473,432,474,431,475,431,476,431,477,432,478,432,479,432,480,433,481,433,482,434,483,435,484,435,485,436,486,437,486,438,487,439,487,440,487,441,487,442,487,443,487,444,486,445,486,446,486,447,485,448,485,449,484,450,484,450,483,451,482,452,481,452,480,452,479,452,478,452,477,452,476,452,475,451,474,451,473,450,472,449,471,448,470,447,470,446,470,445,469,444,469,443,468,442,468,441,468,440,468,439,468,438,468
388,477,387,478,386,478,385,479,384,479,383,480,382,481,381,482,380,483,379,484,379,485,378,486,378,487,377,488,377,489,377,490,377,491,377,492,377,493,377,494,377,495,377,496,377,497,377,498,378,499,378,500,378,501,379,502,379,503,379,504,380,505,381,506,381,507,382,508,383,509,384,510,385,510,386,510,387,510,388,510,389,510,390,510,391,510,392,510,393,510,394,510,395,510,396,510,397,510,398,510,399,510,400,509,401,509,402,508,403,508,403,507,404,506,405,506,405,505,406,504,407,503,407,502,407,501,407,500,408,499,408,498,409,497,409,496,409,495,409,494,409,493,409,492,409,491,409,490,409,489,409,488,409,487,408,486,408,485,407,484,406,483,405,482,404,481,403,480,402,480,401,479,400,479,399,478,398,478,397,477,396,477,395,477,394,477,393,477,392,477,391,477,390,477,389,477
180,483,179,484,178,484,177,484,176,485,175,485,174,486,173,487,172,488,172,489,171,490,171,491,171,492,171,493,171,494,170,495,170,496,170,497,169,498,169,499,168,500,168,501,167,502,166,503,166,504,165,505,164,506,164,507,164,508,164,509,164,510,165,511,166,511,167,511,168,511,169,511,170,511,171,511,172,511,173,511,174,511,175,511,176,511,177,511,178,511,179,511,180,511,181,511,182,511,183,511,183,510,183,509,184,508,184,507,184,506,184,505,184,504,185,503,185,502,185,501,186,500,186,499,186,498,187,497,188,496,189,495,190,494,191,493,192,492,193,492,194,491,195,490,196,489,197,489,197,488,196,487,195,486,194,486,193,485,192,484,191,484,190,484,189,483,188,483,187,483,186,483,185,483,184,483,183,483,182,483,181,483
281,483,280,484,279,484,278,485,277,486,276,486,276,487,275,488,274,489,274,490,273,491,273,492,272,493,272,494,272,495,272,496,272,497,272,498,272,499,272,500,272,501,272,502,272,503,273,504,274,505,275,505,276,505,277,506,278,506,279,506,280,506,281,506,282,506,283,505,284,505,285,505,286,504,287,503,288,502,288,501,289,500,289,499,290,498,290,497,291,496,292,495,292,494,292,493,293,492,293,491,292,490,292,489,292,488,291,487,291,486,290,485,289,485,288,484,287,484,286,483,285,483,284,483,283,483,282,483
240,487,239,488,238,488,237,489,236,490,235,491,235,492,234,493,233,494,232,495,232,496,232,497,231,498,231,499,231,500,231,501,231,502,231,503,231,504,231,505,231,506,232,507,232,508,232,509,233,509,234,510,235,510,236,510,237,510,238,510,239,511,240,511,241,511,242,510,243,510,244,510,245,510,246,510,247,510,248,509,249,509,250,508,251,507,252,507,253,506,253,505,254,504,255,503,255,502,255,501,255,500,255,499,255,498,255,497,255,496,255,495,254,494,254,493,253,492,252,491,251,490,250,489,249,488,248,488,247,487,246,487,245,487,244,487,243,487,242,487,241,487
196,490,195,491,194,492,193,493,192,493,191,494,190,495,189,496,188,497,187,498,187,499,187,500,186,501,186,502,186,503,185,504,185,505,185,506,185,507,185,508,184,509,184,510,184,511,185,511,186,511,187,511,188,511,189,511,190,511,191,511,192,511,193,511,194,511,195,511,196,511,197,511,198,511,199,511,200,511,201,511,202,511,203,511,204,511,205,511,206,511,207,511,208,511,209,511,210,510,211,510,211,509,212,508,212,507,212,506,213,505,212,504,212,503,212,502,212,501,212,500,212,499,211,498,211,497,210,496,209,495,209,494,208,494,207,493,206,492,205,492,204,492,203,491,202,491,201,491,200,490,199,490,198,490,197,490
448,491,447,492,446,492,445,493,444,494,443,494,443,495,442,496,442,497,442,498,441,499,441,500,441,501,441,502,441,503,441,504,441,505,442,506,442,507,443,508,443,509,444,510,445,510,446,511,447,511,448,511,449,511,450,511,451,511,452,511,453,511,454,511,455,511,456,511,457,511,458,510,458,509,458,508,459,507,459,506,459,505,459,504,459,503,459,502,459,501,459,500,459,499,459,498,459,497,458,496,457,495,456,494,455,494,454,493,453,492,452,492,451,491,450,491,449,491
419,496,418,497,417,497,416,497,415,498,414,498,413,499,412,500,411,501,410,501,409,502,408,502,408,503,407,504,406,505,406,506,406,507,405,508,404,508,404,509,404,510,405,510,406,510,407,511,408,511,409,511,410,511,411,511,412,511,413,511,414,511,415,511,416,511,417,511,418,511,419,511,420,511,421,511,422,511,423,511,424,511,425,511,426,511,427,511,428,511,429,511,430,511,431,511,432,511,433,511,434,511,435,511,436,511,437,510,438,510,438,509,438,508,438,507,438,506,437,505,437,504,436,503,435,502,434,501,433,500,432,499,431,498,430,498,429,497,428,497,427,496,426,496,425,496,424,496,423,496,422,496,421,496,420,496
85,497,84,498,83,498,82,498,81,498,80,499,79,500,78,501,77,502,77,503,76,504,76,505,76,506,76,507,76,508,76,509,77,510,78,510,79,511,80,511,81,511,82,511,83,511,84,511,85,511,86,511,87,511,88,511,89,511,90,511,91,511,92,511,93,511,94,511,95,511,96,511,97,511,97,510,97,509,98,508,97,507,97,506,97,505,96,504,95,503,95,502,94,501,93,501,92,500,91,499,90,498,89,498,88,498,87,497,86,497
135,499,134,500,133,500,132,500,131,500,130,500,129,500,128,500,127,501,126,502,125,502,124,503,123,504,122,505,122,506,121,507,120,508,120,509,120,510,120,511,121,511,122,511,123,511,124,511,125,511,126,511,127,511,128,511,129,511,130,511,131,511,132,511,133,511,134,511,135,511,136,511,137,511,138,511,139,511,140,511,141,511,142,511,143,511,144,511,145,511,146,511,147,511,148,511,149,511,150,511,151,511,152,511,153,511,154,511,155,511,156,511,157,511,158,511,159,510,159,509,158,508,157,507,156,506,156,505,155,504,154,503,153,502,152,502,151,501,150,500,149,500,148,499,147,499,146,499,145,499,144,499,143,499,142,499,141,499,140,499,139,499,138,499,137,499,136,499
