158,36,157,37,156,37,155,38,154,39,153,40,152,41,152,42,152,43,152,44,152,45,152,46,152,47,152,48,153,49,153,50,154,51,155,52,156,52,157,52,158,52,159,52,160,52,161,52,162,52,163,52,164,51,165,51,166,50,167,50,168,49,169,48,170,47,171,46,171,45,171,44,171,43,171,42,171,41,170,40,170,39,169,38,168,37,167,37,166,37,165,36,164,36,163,36,162,36,161,36,160,36,159,36
88,52,87,53,86,54,85,54,84,55,83,56,83,57,82,58,81,59,81,60,81,61,81,62,81,63,81,64,82,65,82,66,83,66,84,67,85,67,86,66,87,66,88,66,89,66,90,66,91,65,92,65,93,64,94,63,95,62,96,61,97,60,97,59,97,58,98,57,98,56,98,55,97,54,96,53,95,53,94,53,93,52,92,52,91,52,90,52,89,52
108,76,107,77,106,77,105,78,104,78,103,79,102,80,102,81,101,82,101,83,101,84,100,85,100,86,100,87,101,88,101,89,101,90,102,91,103,92,104,92,105,93,106,93,107,92,108,91,109,91,110,90,111,89,112,89,113,88,114,87,115,86,116,85,117,85,118,84,117,83,117,82,117,81,117,80,117,79,116,78,115,78,114,77,113,77,112,77,111,77,110,77,109,76
127,79,126,80,125,80,124,81,123,81,122,82,121,82,120,83,119,83,119,84,118,85,119,86,119,87,119,88,119,89,120,90,120,91,120,92,120,93,120,94,120,95,120,96,120,97,120,98,121,99,121,100,121,101,121,102,121,103,122,104,122,105,122,106,123,107,123,108,123,109,124,110,124,111,124,112,124,113,124,114,124,115,125,114,126,115,127,116,128,117,129,117,130,117,131,117,132,117,133,116,134,116,135,116,135,115,136,114,137,114,138,113,139,112,140,111,141,110,141,109,142,108,142,107,143,106,143,105,144,104,145,103,146,102,147,101,147,100,148,99,148,98,149,97,149,96,150,95,150,94,150,93,151,92,151,91,151,90,151,89,150,88,150,87,150,86,149,85,148,84,147,83,146,82,145,81,144,81,143,81,142,80,141,80,140,80,139,80,138,81,137,81,136,80,135,80,134,80,133,79,132,79,131,79,130,79,129,79,128,79
116,86,115,87,114,88,113,89,112,90,111,90,110,91,109,92,108,92,107,93,106,94,105,95,105,96,104,97,104,98,104,99,104,100,104,101,104,102,104,103,105,104,105,105,105,106,106,107,106,108,107,109,107,110,107,111,108,112,109,113,110,114,111,115,112,115,113,116,112,117,113,117,114,117,115,117,116,118,117,117,118,117,119,117,120,117,121,116,122,116,123,116,123,115,123,114,123,113,123,112,123,111,123,110,122,109,122,108,122,107,121,106,121,105,121,104,120,103,120,102,120,101,120,100,120,99,119,98,119,97,119,96,119,95,119,94,119,93,119,92,119,91,119,90,118,89,118,88,118,87,118,86,117,86
159,95,158,96,157,96,156,97,155,98,154,98,153,99,153,100,152,101,152,102,152,103,151,104,151,105,151,106,151,107,151,108,152,109,152,110,153,111,154,112,155,113,156,114,157,114,158,115,159,116,160,117,161,117,162,118,163,119,164,119,165,119,166,120,167,120,168,121,169,121,170,121,171,121,172,121,173,120,174,120,175,120,176,119,177,118,178,117,179,116,179,115,180,114,181,113,180,112,180,111,180,110,180,109,179,108,179,107,179,106,179,105,178,104,178,103,178,102,178,101,177,100,177,99,176,99,175,98,174,98,173,97,172,97,171,96,170,96,169,96,168,95,167,95,166,95,165,95,164,95,163,95,162,95,161,95,160,95
198,98,198,99,197,100,197,101,197,102,197,103,197,104,197,105,196,106,196,107,196,108,195,109,195,110,194,111,194,112,194,113,193,114,193,115,192,116,192,117,191,118,190,119,189,120,190,121,191,122,192,123,193,124,194,125,195,125,196,125,197,126,198,125,199,125,200,125,201,125,202,124,203,123,204,123,205,123,205,122,206,121,206,120,207,119,208,118,208,117,209,116,209,115,209,114,209,113,209,112,209,111,209,110,209,109,208,108,208,107,208,106,207,105,207,104,206,103,205,102,204,101,203,100,202,99,201,99,200,99,199,98
134,117,133,118,132,118,131,119,130,119,129,118,128,118,127,118,126,118,125,119,124,120,123,120,122,120,121,120,120,121,119,121,118,121,117,121,116,121,115,120,115,119,115,118,115,119,114,120,113,120,112,120,111,120,110,120,109,120,108,120,107,120,106,121,106,122,105,123,105,124,105,125,104,126,104,127,104,128,104,129,104,130,104,131,104,132,105,133,105,134,105,135,106,136,107,137,107,138,108,139,109,139,110,140,111,141,112,142,113,143,114,144,115,145,116,146,116,147,117,148,118,149,119,150,120,151,121,151,122,152,123,152,124,153,125,153,126,153,127,153,128,153,129,153,130,153,131,153,132,153,133,152,134,152,135,151,136,151,137,151,138,150,139,150,140,149,141,148,142,147,142,146,143,145,143,144,144,143,144,142,145,141,145,140,145,139,145,138,146,137,146,136,146,135,146,134,147,133,147,132,147,131,147,130,147,129,147,128,147,127,147,126,147,125,146,124,146,123,146,122,145,121,144,120,143,119,142,119,141,119,140,118,139,118,138,118,137,118,136,118,135,118
214,118,213,119,212,119,211,119,210,120,209,120,208,121,207,122,206,123,207,124,206,125,206,126,206,127,206,128,207,129,207,130,207,131,207,132,208,133,209,134,209,135,210,136,211,137,212,137,213,138,214,139,215,140,216,140,217,140,218,140,219,141,220,141,221,141,222,141,223,141,224,140,225,140,226,139,227,139,228,138,229,137,230,137,230,136,231,135,231,134,231,133,231,132,232,131,232,130,231,129,231,128,230,127,229,126,229,125,228,124,227,123,226,123,225,122,224,121,223,120,222,120,221,119,220,119,219,119,218,119,217,118,216,118,215,118
237,127,236,128,235,129,234,129,233,130,233,131,232,132,232,133,232,134,232,135,231,136,231,137,231,138,231,139,231,140,231,141,230,142,230,143,230,144,231,145,231,146,231,147,232,147,233,148,234,148,235,148,236,147,237,147,238,147,239,146,240,146,241,146,242,145,243,145,244,145,245,144,246,144,247,144,248,143,249,143,250,143,251,143,252,142,253,142,254,142,255,142,256,141,257,141,257,140,256,139,255,138,255,137,255,136,255,135,254,134,253,133,253,132,252,132,251,131,250,130,249,130,248,130,247,129,246,129,245,128,244,128,243,128,242,127,241,127,240,127,239,127,238,127
176,132,175,133,174,133,173,133,172,134,171,135,170,135,169,136,168,137,168,138,168,139,168,140,168,141,169,142,169,143,169,144,169,145,169,146,169,147,170,148,170,149,170,150,170,151,170,152,170,153,170,154,170,155,171,156,172,157,173,158,174,159,175,160,176,160,177,161,178,161,179,161,180,161,181,161,182,160,183,159,184,159,185,158,186,157,186,156,187,155,187,154,188,153,188,152,188,151,189,150,189,149,189,148,189,147,189,146,189,145,189,144,189,143,189,142,189,141,188,140,188,139,187,138,187,137,186,136,186,135,185,135,184,134,183,133,182,133,181,133,180,132,179,132,178,132,177,132
161,138,160,139,159,139,158,140,157,140,156,141,155,142,154,143,153,144,152,145,151,146,150,147,149,147,149,148,148,149,147,150,146,150,145,151,144,152,143,153,143,154,142,155,142,156,142,157,142,158,142,159,142,160,142,161,142,162,143,163,144,164,144,165,145,165,146,166,147,166,148,166,149,166,150,166,151,166,152,166,153,165,154,165,155,165,156,164,157,164,158,163,159,162,160,162,161,161,162,160,163,159,164,159,165,158,166,157,167,157,168,156,169,155,169,154,169,153,169,152,169,151,169,150,169,149,169,148,168,147,168,146,168,145,168,144,168,143,168,142,167,141,167,140,167,139,167,138,166,138,165,138,164,138,163,138,162,138
256,142,255,143,254,143,253,143,252,143,251,144,250,144,249,144,248,144,247,145,246,145,245,145,244,146,243,146,242,146,241,147,240,147,239,147,238,148,237,148,236,148,235,149,234,149,233,149,232,150,232,151,232,152,231,153,231,154,231,155,231,156,231,157,231,158,232,159,232,160,233,161,233,162,234,162,235,163,236,164,237,163,238,164,239,164,240,164,241,165,242,165,243,165,244,165,245,165,246,165,247,164,248,164,249,164,250,164,251,164,252,163,253,163,254,162,255,162,256,161,257,161,258,160,259,160,260,159,261,158,261,157,262,156,262,155,262,154,262,153,262,152,262,151,261,150,261,149,261,148,260,147,260,146,259,145,259,144,258,143,257,142
94,144,93,145,92,145,91,145,90,146,89,146,88,147,87,147,87,148,87,149,86,150,86,151,86,152,86,153,87,154,87,155,88,156,88,157,89,158,90,158,91,159,92,159,93,159,94,159,95,159,96,159,97,159,98,159,99,159,100,158,101,157,102,156,103,155,103,154,103,153,103,152,103,151,103,150,103,149,102,148,101,147,101,146,100,146,99,145,98,145,97,144,96,144,95,144
220,147,219,148,218,148,217,148,216,149,215,149,214,150,213,151,212,152,212,153,211,154,211,155,211,156,211,157,211,158,211,159,211,160,211,161,212,162,213,163,214,163,215,163,216,163,217,164,218,164,219,164,220,164,221,163,222,163,223,162,224,162,225,161,226,161,227,160,227,159,228,158,229,158,230,157,230,156,230,155,230,154,230,153,231,152,231,151,231,150,230,150,229,149,228,148,227,148,226,148,225,147,224,147,223,147,222,147,221,147
118,150,117,151,116,151,115,151,114,151,113,151,112,151,111,151,110,152,109,153,108,154,108,155,108,156,108,157,107,158,107,159,107,160,107,161,108,162,108,163,109,164,109,165,110,166,110,167,111,168,111,169,112,170,112,171,113,171,114,172,114,173,115,173,116,174,117,175,118,175,119,175,120,175,121,175,122,174,123,173,124,172,124,171,125,170,125,169,126,168,127,167,127,166,127,165,127,164,127,163,127,162,128,161,127,160,127,159,127,158,126,157,125,156,124,155,124,154,123,153,122,153,121,152,120,152,119,151
270,155,269,156,268,156,267,157,266,158,266,159,265,160,265,161,265,162,265,163,264,164,264,165,264,166,265,167,265,168,265,169,265,170,265,171,265,172,265,173,265,174,265,175,265,176,265,177,264,178,264,179,264,180,263,181,263,182,263,183,262,184,262,185,261,186,261,187,260,188,260,189,260,190,261,191,262,192,262,193,263,194,264,195,265,195,266,195,267,195,268,195,269,195,270,195,271,195,272,195,273,194,274,194,275,194,276,194,277,194,277,193,277,192,278,191,279,191,280,190,281,189,282,189,283,188,284,188,285,188,286,188,287,188,288,188,289,188,290,188,291,188,292,188,293,187,294,187,295,187,296,187,297,186,298,185,299,184,300,183,301,183,300,183,299,182,298,181,298,180,298,179,297,178,297,177,297,176,296,176,295,175,295,174,294,173,293,173,292,172,291,171,290,170,289,170,288,170,287,169,286,169,285,168,284,167,283,167,282,166,281,165,281,164,280,163,279,162,279,161,278,160,278,159,277,158,276,157,276,156,275,156,274,155,273,155,272,155,271,155
199,156,198,157,197,157,196,158,195,158,194,159,193,160,192,161,192,162,191,163,191,164,190,165,190,166,190,167,189,168,190,169,190,170,191,171,192,172,193,173,194,174,194,175,195,176,196,177,197,178,197,179,198,180,199,181,199,182,200,183,200,184,201,184,202,185,203,185,204,186,205,187,206,187,207,187,208,187,209,186,210,186,211,186,212,185,213,185,214,184,214,183,214,182,214,181,214,180,214,179,215,178,215,177,215,176,215,175,215,174,215,173,215,172,215,171,214,170,214,169,214,168,213,167,213,166,212,165,211,164,211,163,210,162,209,161,208,160,207,159,206,158,205,158,204,157,203,157,202,156,201,156,200,156
225,162,224,163,223,163,222,164,221,164,220,165,219,165,219,166,219,167,218,168,217,169,216,170,216,171,216,172,216,173,216,174,216,175,216,176,216,177,216,178,215,179,215,180,215,181,215,182,215,183,215,184,215,185,216,186,216,187,217,188,217,189,218,190,219,191,220,192,221,193,222,193,223,193,224,194,225,193,226,194,227,194,228,195,229,195,230,195,231,195,232,194,233,194,234,193,235,193,236,192,237,191,238,191,239,190,238,189,239,188,239,187,239,186,240,185,240,184,240,183,240,182,240,181,240,180,240,179,240,178,239,177,239,176,239,175,239,174,239,173,239,172,238,171,238,170,237,169,236,168,236,167,235,166,235,165,235,164,234,164,233,163,232,163,231,163,230,163,229,163,228,163,227,162,226,162
252,164,251,165,250,165,249,165,249,166,248,167,247,168,246,169,245,170,245,171,244,172,244,173,244,174,244,175,243,176,243,177,242,178,243,179,243,180,243,181,243,182,244,183,244,184,245,185,245,186,246,187,247,188,248,189,249,189,250,190,251,190,252,190,253,190,254,190,255,190,256,190,257,189,258,189,259,188,260,187,260,186,261,185,261,184,262,183,262,182,262,181,263,180,263,179,263,178,264,177,264,176,264,175,264,174,264,173,264,172,264,171,264,170,264,169,264,168,264,167,263,166,263,165,262,165,261,165,260,165,259,164,258,164,257,164,256,164,255,164,254,164,253,164
135,167,134,168,133,168,132,169,131,170,130,171,129,172,128,173,128,174,127,175,127,176,126,177,126,178,125,179,125,180,125,181,124,182,124,183,124,184,124,185,124,186,124,187,124,188,124,189,125,190,125,191,126,192,127,193,128,194,129,194,130,195,131,196,131,197,132,198,133,199,134,200,135,201,136,202,136,203,137,204,138,205,139,206,140,207,141,208,142,209,143,209,144,210,145,210,146,210,147,210,148,210,149,210,149,209,150,208,151,207,152,206,153,205,154,204,155,203,156,202,157,201,158,200,159,200,160,199,160,198,161,197,161,196,161,195,162,194,162,193,162,192,162,191,162,190,161,189,161,188,161,187,161,186,161,185,160,184,160,183,160,182,160,181,160,180,159,179,159,178,159,177,159,176,158,175,157,174,156,174,155,173,154,172,153,172,152,171,151,171,150,170,149,170,148,169,147,169,146,169,145,169,144,168,143,168,142,168,141,168,140,168,139,168,138,167,137,167,136,167
166,171,165,172,164,172,163,173,163,174,162,175,161,176,160,176,160,177,160,178,160,179,161,180,161,181,161,182,161,183,161,184,162,185,162,186,162,187,162,188,162,189,163,190,163,191,164,192,165,192,166,193,166,194,167,194,168,195,169,196,170,197,171,197,172,197,173,196,174,196,175,195,176,194,177,194,178,193,179,193,180,192,181,191,181,190,181,189,181,188,181,187,181,186,181,185,181,184,181,183,181,182,180,181,180,180,180,179,180,178,180,177,179,176,179,175,178,175,177,175,176,175,175,174,175,173,174,172,173,172,172,171,171,171,170,171,169,171,168,171,167,171
300,184,299,185,298,186,297,187,296,188,296,189,296,190,296,191,296,192,296,193,296,194,297,195,297,196,297,197,298,198,299,198,300,199,301,200,302,201,303,202,304,202,305,202,306,203,306,202,307,201,308,200,309,199,309,198,310,197,310,196,310,195,310,194,310,193,310,192,310,191,310,190,309,189,308,188,308,187,307,186,306,186,305,185,304,185,303,185,302,184,301,184
209,190,208,191,207,191,206,192,205,193,205,194,204,195,204,196,203,197,202,198,202,199,202,200,202,201,202,202,203,203,203,204,203,205,203,206,203,207,202,208,202,209,202,210,202,211,203,212,204,213,204,214,205,215,206,215,207,215,208,215,209,216,210,216,211,215,212,215,213,215,214,214,215,214,216,213,217,213,218,212,219,211,220,210,221,209,221,208,222,207,222,206,223,205,223,204,222,203,222,202,222,201,222,200,222,199,222,198,221,197,221,196,221,195,221,194,220,193,219,192,218,191,217,190,216,190,215,190,214,190,213,190,212,190,211,190,210,190
182,192,182,193,182,194,182,195,181,196,181,197,181,198,181,199,181,200,181,201,180,202,180,203,180,204,180,205,180,206,181,206,182,207,183,208,184,209,184,210,185,211,185,212,186,213,186,214,187,215,187,216,188,216,189,216,190,217,191,217,192,216,193,216,194,216,195,215,196,215,197,214,198,213,199,212,200,211,201,210,201,209,201,208,202,207,202,206,202,205,202,204,202,203,201,202,201,201,201,200,201,199,200,198,199,197,198,196,197,195,196,195,195,194,194,194,193,194,192,194,191,194,190,194,189,194,188,194,187,193,187,192,186,193,185,193,184,192,183,192
273,195,272,196,271,196,270,196,269,196,268,196,267,196,266,196,265,196,264,196,263,196,262,197,261,198,260,198,259,199,258,199,258,200,257,201,256,202,255,203,254,204,253,205,252,206,251,207,250,207,250,208,249,209,248,210,247,210,246,210,246,211,246,212,246,213,247,214,247,215,247,216,247,217,247,218,247,219,247,220,247,221,247,222,247,223,248,223,249,223,250,223,251,224,252,224,253,224,254,224,255,224,256,224,257,224,258,224,259,224,260,225,261,225,262,225,263,226,263,227,264,226,265,226,266,225,267,225,268,224,269,224,270,223,270,222,271,221,272,220,273,219,274,218,275,217,276,216,277,215,278,214,279,213,280,212,280,211,281,210,282,209,282,208,282,207,282,206,283,205,283,204,283,203,283,202,282,202,281,201,281,200,280,199,279,198,279,197,278,196,277,195,276,195,275,195,274,195
160,200,159,201,158,201,157,202,156,203,155,204,154,205,153,206,152,207,151,208,150,209,150,210,150,211,150,212,150,213,149,214,149,215,149,216,149,217,149,218,149,219,149,220,150,221,150,222,151,223,151,224,152,224,153,225,154,226,155,227,156,227,157,227,158,226,159,226,160,226,161,225,162,225,163,225,164,225,165,224,166,224,167,223,167,222,167,221,168,220,168,219,168,218,168,217,168,216,169,215,169,214,169,213,169,212,170,211,170,210,170,209,170,208,170,207,170,206,170,205,170,204,169,204,168,203,167,203,166,202,165,201,164,201,163,201,162,201,161,200
232,206,231,207,230,208,229,209,228,210,228,211,228,212,228,213,227,214,228,215,228,216,228,217,229,217,230,218,231,218,232,219,233,220,234,220,235,221,236,222,237,222,238,222,239,222,240,223,241,223,242,223,243,223,244,223,245,223,246,223,246,222,246,221,246,220,246,219,246,218,246,217,246,216,246,215,246,214,245,213,245,212,245,211,245,210,244,209,243,209,242,208,241,208,240,207,239,207,238,207,237,207,236,206,235,206,234,206,233,206
119,208,118,209,117,209,116,209,115,210,114,210,113,211,113,212,112,213,111,214,111,215,111,216,110,217,110,218,109,219,109,220,109,221,109,222,109,223,110,224,111,225,112,225,113,226,114,226,115,227,116,228,117,228,118,229,119,229,120,229,121,229,122,229,123,229,124,229,125,228,126,228,127,228,127,227,128,226,129,225,129,224,130,223,130,222,130,221,130,220,130,219,130,218,130,217,130,216,129,215,128,214,128,213,127,212,127,211,126,210,125,209,124,209,123,208,122,208,121,208,120,208
313,215,312,216,311,216,310,217,309,217,308,218,308,219,307,220,306,221,305,222,304,223,303,224,302,225,301,226,300,227,299,228,298,228,299,229,298,230,298,231,298,232,297,233,297,234,297,235,297,236,297,237,297,238,298,239,298,240,299,241,300,242,301,243,302,244,303,244,304,244,305,245,306,244,307,244,308,245,309,245,310,245,311,244,312,244,313,244,314,244,315,244,316,244,317,243,318,242,319,241,320,241,321,240,322,239,323,238,324,238,324,237,325,236,325,235,326,234,326,233,326,232,326,231,325,230,325,229,326,228,325,227,325,226,325,225,325,224,325,223,324,222,324,221,323,220,323,219,322,218,322,217,321,217,320,216,319,216,318,215,317,215,316,215,315,215,314,215
227,217,226,218,225,218,224,218,223,218,222,218,221,219,220,220,219,220,218,220,217,221,216,222,215,223,214,223,214,224,213,225,212,225,211,226,210,227,209,228,209,229,209,230,209,231,209,232,209,233,209,234,209,235,209,236,209,237,210,238,210,239,211,240,211,241,212,242,212,243,213,244,214,243,215,244,216,243,217,244,218,243,219,243,220,243,221,243,222,242,223,242,224,242,225,242,226,241,227,241,228,240,229,240,230,239,231,239,232,239,233,238,234,237,235,236,235,235,236,234,237,233,237,232,237,231,238,230,238,229,238,228,238,227,237,226,237,225,237,224,237,223,236,223,235,222,234,221,233,221,232,220,231,219,230,219,229,218,228,218
202,224,201,225,200,225,199,225,198,225,197,226,196,226,195,227,194,227,193,228,192,228,191,229,190,230,189,230,188,231,188,232,187,233,186,234,185,234,184,235,184,236,183,237,183,238,182,239,181,240,181,241,182,242,182,243,182,244,183,245,184,246,184,247,185,248,185,249,186,250,187,251,188,252,189,253,190,254,191,255,192,256,193,255,194,254,195,254,196,253,197,252,198,252,199,252,200,251,201,251,202,250,203,250,204,249,205,249,206,248,207,248,208,247,209,247,210,246,211,245,212,245,212,244,211,243,211,242,210,241,210,240,209,239,209,238,208,237,208,236,208,235,208,234,208,233,208,232,208,231,208,230,208,229,208,228,208,227,207,227,206,227,205,226,204,226,203,225
175,232,174,233,173,233,172,233,171,234,170,234,169,235,168,235,167,235,166,235,165,236,164,236,163,236,162,236,161,236,160,236,159,237,158,237,157,237,157,238,158,239,158,240,158,241,158,242,158,243,159,244,159,245,160,246,161,247,161,248,162,249,162,250,163,251,163,252,163,253,164,254,165,255,165,256,166,257,167,258,168,259,169,260,170,261,171,262,172,263,173,263,174,264,175,264,176,264,177,265,178,265,179,265,180,265,181,265,182,265,183,265,184,265,185,265,186,265,187,264,188,264,189,264,190,263,191,263,191,262,192,261,192,260,192,259,192,258,192,257,191,256,190,255,189,254,188,253,187,252,186,251,185,250,184,249,184,248,183,247,183,246,182,245,181,244,181,243,181,242,180,241,180,240,180,239,179,239,178,238,177,237,177,236,176,235,176,234,176,233
332,255,331,256,330,256,329,256,328,257,327,257,326,258,325,258,324,259,324,260,323,261,323,262,323,263,322,264,322,265,322,266,323,267,323,268,323,269,324,270,325,270,326,271,327,272,328,272,329,273,330,274,331,275,332,276,333,276,334,276,335,276,336,276,337,276,338,275,339,275,340,275,341,274,342,273,343,272,344,271,344,270,344,269,345,268,345,267,345,266,345,265,345,264,345,263,345,262,345,261,345,260,344,259,343,258,343,257,342,256,341,256,340,255,339,255,338,255,337,255,336,255,335,255,334,255,333,255
278,257,277,258,276,258,275,259,274,260,274,261,273,262,272,263,272,264,271,265,271,266,270,267,270,268,270,269,270,270,270,271,270,272,270,273,270,274,271,275,272,276,273,277,274,276,275,276,276,277,277,277,278,277,279,278,280,279,281,279,282,280,283,281,282,282,283,283,284,283,285,283,286,283,287,284,288,284,289,284,290,285,291,285,292,286,293,286,294,286,295,285,296,285,297,284,298,284,299,284,300,283,301,282,302,281,303,280,303,279,304,278,304,277,305,276,305,275,305,274,305,273,304,272,304,271,304,270,303,269,303,268,303,267,302,266,301,265,300,264,299,263,298,262,297,262,296,261,295,261,294,260,293,260,292,260,291,259,290,259,289,259,288,258,287,258,286,258,285,258,284,258,283,257,282,257,281,257,280,257,279,257
242,258,241,259,240,260,239,261,238,261,237,261,236,262,235,263,234,263,233,263,232,264,231,265,230,265,229,266,228,267,227,267,227,268,226,269,226,270,226,271,226,272,226,273,226,274,226,275,226,276,226,277,225,278,225,279,224,280,224,281,223,282,222,283,222,284,222,285,222,286,222,287,223,288,223,289,224,290,224,291,225,291,226,292,227,292,228,292,229,293,230,293,231,292,232,292,233,292,234,291,235,290,236,289,237,289,238,288,239,287,240,287,241,286,242,285,243,285,244,284,245,283,246,283,247,282,248,281,249,280,250,279,251,278,252,278,253,277,254,276,255,275,256,275,257,274,258,273,259,272,260,272,260,271,261,270,261,269,262,268,263,267,263,266,264,265,264,264,265,263,265,262,264,262,263,262,262,261,261,261,260,261,259,261,258,261,257,261,256,261,255,261,254,261,253,261,252,261,251,260,250,260,249,260,248,259,247,259,246,259,245,259,244,259,243,258
221,270,220,271,219,271,218,272,217,272,216,273,215,273,214,273,213,273,213,274,212,275,211,276,210,276,210,277,211,278,212,279,212,280,213,281,213,282,214,283,215,283,216,283,217,283,218,282,219,282,220,282,221,282,222,282,223,281,223,280,224,279,224,278,225,277,225,276,225,275,225,274,225,273,225,272,225,271,225,270,224,270,223,270,222,270
322,270,321,271,320,271,319,271,318,271,317,271,316,272,315,273,314,273,313,274,312,275,311,276,310,277,309,278,309,279,308,280,308,281,307,282,307,283,307,284,307,285,307,286,307,287,307,288,308,289,309,290,309,291,310,292,311,293,312,293,313,294,314,295,315,295,316,295,317,295,318,295,319,295,320,295,321,294,322,294,323,294,324,294,325,293,326,293,327,292,328,292,329,291,330,290,330,289,331,288,331,287,332,286,332,285,332,284,332,283,332,282,332,281,332,280,332,279,332,278,332,277,331,276,330,275,329,274,328,273,327,273,326,272,325,271,324,271,323,270
204,276,203,277,202,277,201,278,200,279,199,280,198,280,197,280,196,281,195,281,195,282,195,283,195,284,195,285,196,286,196,287,197,288,198,288,199,289,200,289,201,289,202,289,203,289,204,289,205,288,206,288,207,287,208,287,209,287,210,286,211,285,212,285,213,284,213,283,212,282,212,281,211,280,211,279,210,278,209,277,209,276,208,277,207,277,206,277,205,277
281,284,280,285,279,285,278,285,277,286,276,287,275,288,274,289,273,290,272,291,271,292,270,293,269,294,268,295,268,296,268,297,267,298,268,299,268,300,268,301,268,302,269,303,269,304,270,305,270,306,271,307,272,308,273,309,274,310,275,310,276,310,277,310,278,310,279,310,280,310,281,310,282,310,283,310,284,309,285,309,286,309,287,308,288,308,289,307,290,307,291,306,292,305,293,304,293,303,294,302,295,301,296,300,296,299,296,298,296,297,297,296,297,295,296,294,296,293,295,292,295,291,294,290,294,289,293,288,294,287,293,287,292,287,291,286,290,286,289,285,288,285,287,285,286,284,285,284,284,284,283,284,282,284
256,287,255,288,254,288,253,289,252,290,251,291,250,292,250,293,249,294,248,295,248,296,247,297,246,298,246,299,245,300,244,301,244,302,243,303,243,304,243,305,243,306,243,307,243,308,243,309,244,310,245,311,245,312,246,313,247,314,248,315,249,315,250,315,251,315,252,315,253,315,254,314,255,314,256,313,257,313,258,312,259,311,260,311,261,310,261,309,262,308,262,307,263,306,263,305,264,304,264,303,264,302,265,301,266,300,266,299,266,298,267,297,267,296,267,295,266,294,266,293,265,292,264,291,264,290,263,289,262,288,261,287,260,287,259,287,258,287,257,287
311,296,310,297,309,297,308,297,307,298,306,298,305,299,304,299,303,300,302,300,301,301,300,302,299,303,299,304,298,305,297,306,297,307,297,308,297,309,297,310,297,311,298,312,298,313,299,314,300,314,301,314,302,314,303,314,304,314,305,315,306,315,307,314,308,314,309,314,310,313,311,313,312,312,313,312,314,312,315,311,316,310,317,310,317,309,318,308,319,307,319,306,319,305,319,304,319,303,319,302,319,301,319,300,318,299,318,298,317,297,316,296,315,296,314,296,313,296,312,296
269,313,268,314,267,314,266,314,265,314,264,315,263,315,262,315,261,315,260,315,259,316,258,316,257,317,256,317,255,318,255,319,254,320,254,321,254,322,254,323,254,324,253,325,253,326,253,327,252,328,252,329,252,330,252,331,252,332,253,333,253,334,254,334,255,335,256,336,257,336,258,336,259,336,260,336,261,336,262,336,263,336,264,337,265,337,266,337,267,337,268,337,269,337,270,336,271,336,272,336,273,335,274,335,275,334,276,333,277,332,278,331,278,330,279,329,279,328,279,327,279,326,279,325,279,324,279,323,279,322,279,321,279,320,279,319,279,318,278,317,278,316,277,315,276,315,275,314,274,314,273,314,272,313,271,313,270,313
292,319,291,320,290,320,289,320,288,321,287,321,286,322,285,323,284,324,284,325,283,326,283,327,283,328,282,329,282,330,282,331,283,332,284,333,284,334,285,335,286,335,287,336,288,336,289,337,290,337,291,337,292,337,293,337,294,337,295,336,296,336,297,336,298,335,299,335,300,334,300,333,301,332,302,331,302,330,303,329,303,328,303,327,302,326,302,325,302,324,301,323,300,322,299,321,298,320,297,320,296,319,295,319,294,319,293,319
323,409,322,410,321,410,320,410,319,411,318,411,317,412,316,413,315,414,314,415,314,416,313,417,313,418,312,419,312,420,311,421,311,422,311,423,311,424,311,425,312,426,312,427,312,428,313,429,313,430,313,431,314,432,314,433,315,434,316,434,317,435,318,436,319,436,320,436,321,436,322,436,323,436,324,436,325,436,326,436,327,436,328,436,329,436,330,435,331,434,332,433,333,432,333,431,334,430,334,429,334,428,335,427,334,426,335,425,335,424,336,423,336,422,336,421,337,420,337,419,337,418,337,417,336,416,336,415,336,414,335,413,334,412,334,411,333,411,332,410,331,410,330,409,329,409,328,409,327,409,326,409,325,409,324,409
173,412,172,413,171,413,170,414,169,415,168,415,167,416,166,417,166,418,166,419,165,420,165,421,164,422,165,423,165,424,165,425,165,426,166,427,167,428,167,429,168,430,169,430,170,430,171,431,172,431,173,431,174,432,175,432,176,432,177,432,178,432,179,432,180,432,181,432,182,432,183,432,184,432,185,431,186,431,187,431,188,430,188,429,189,428,189,427,190,426,190,425,191,424,191,423,191,422,192,421,192,420,191,419,190,418,189,417,188,416,187,415,186,415,185,414,184,414,183,413,182,413,181,412,180,412,179,412,178,412,177,412,176,412,175,412,174,412
208,412,207,413,206,413,205,413,204,413,203,414,202,414,201,415,200,415,199,416,198,417,197,418,196,419,195,420,194,421,193,421,192,422,192,423,192,424,191,425,191,426,190,427,190,428,189,429,189,430,188,431,188,432,189,433,190,434,191,435,192,436,193,437,194,437,195,438,196,439,197,440,198,441,199,441,200,441,201,441,202,441,203,441,204,440,205,440,206,439,207,439,208,439,209,439,210,438,211,437,212,436,213,435,213,434,214,433,215,433,215,432,215,431,215,430,216,429,217,429,218,428,219,427,220,426,220,425,221,424,221,423,221,422,221,421,221,420,221,419,220,418,220,417,219,416,218,415,217,415,216,414,215,413,214,413,213,413,212,412,211,412,210,412,209,412
149,415,148,416,147,416,146,417,145,418,144,419,144,420,143,421,143,422,142,423,142,424,142,425,142,426,142,427,143,428,143,429,143,430,144,431,144,432,145,433,146,434,147,434,148,434,149,435,150,435,151,435,152,435,153,435,154,435,155,435,156,434,157,434,158,433,159,433,160,432,161,431,162,430,163,429,163,428,163,427,164,426,164,425,164,424,164,423,163,422,162,421,161,420,160,419,159,418,158,417,157,416,156,416,155,416,154,415,153,415,152,415,151,415,150,415
395,420,394,421,393,421,392,421,391,422,390,422,389,423,388,423,388,424,387,425,387,426,386,427,385,427,386,428,386,429,386,430,386,431,386,432,386,433,387,434,387,435,387,436,387,437,388,438,389,438,390,438,391,439,392,440,393,440,394,441,394,442,395,442,396,442,397,443,398,444,399,445,400,445,401,446,402,446,403,446,404,446,405,446,406,446,407,446,408,446,409,446,410,445,411,445,412,444,413,443,413,442,414,441,414,440,415,439,415,438,415,437,415,436,415,435,415,434,415,433,415,432,414,431,414,430,413,429,413,428,412,427,411,426,410,425,409,424,409,423,408,423,407,422,406,421,405,421,404,420,403,420,402,420,401,420,400,420,399,420,398,420,397,420,396,420
385,423,384,424,383,425,382,424,381,424,380,424,379,425,378,426,377,427,376,428,375,428,374,429,373,430,372,429,371,430,370,429,369,429,368,430,367,429,367,430,366,431,366,432,366,433,365,434,364,434,364,435,365,435,366,436,366,437,365,438,364,439,363,440,362,441,361,442,362,443,362,444,362,445,362,446,361,447,361,448,361,449,361,450,361,451,362,452,362,453,362,454,363,455,364,456,364,457,365,458,366,459,366,460,367,460,368,461,369,461,370,462,371,462,372,462,373,462,374,462,375,462,376,462,377,462,378,462,379,462,380,461,381,461,382,460,383,460,384,460,385,459,386,458,386,457,387,456,387,455,387,454,387,453,387,452,387,451,387,450,387,449,387,448,387,447,386,446,386,445,386,444,386,443,386,442,386,441,386,440,386,439,387,438,386,437,386,436,386,435,386,434,385,433,385,432,385,431,385,430,385,429,385,428,384,427,384,426,384,425,385,424
125,426,124,427,123,427,122,428,121,428,120,428,119,429,119,430,119,431,118,432,118,433,118,434,118,435,118,436,118,437,118,438,119,439,119,440,120,441,121,442,122,443,123,444,124,445,125,445,126,446,127,446,128,447,129,446,130,446,131,446,132,445,133,444,134,444,135,443,136,442,137,441,137,440,138,439,138,438,138,437,138,436,138,435,138,434,137,433,137,432,137,431,136,430,136,429,135,428,134,427,133,427,132,426,131,426,130,426,129,426,128,426,127,426,126,426
303,431,302,432,301,432,300,432,299,433,298,434,297,434,296,435,296,436,296,437,296,438,296,439,295,440,295,441,295,442,295,443,295,444,294,445,294,446,294,447,295,448,295,449,295,450,296,451,296,452,297,453,298,454,299,455,300,455,301,456,302,456,303,456,304,456,305,455,306,455,307,455,308,455,309,454,310,454,311,453,312,452,313,452,314,451,315,450,316,449,317,448,317,447,318,446,318,445,319,444,319,443,319,442,319,441,319,440,319,439,318,438,317,437,316,436,315,435,314,434,313,433,312,433,311,432,310,432,309,432,308,432,307,431,306,431,305,431,304,431
220,432,219,433,218,433,217,433,216,433,215,434,214,434,214,435,213,436,212,437,211,438,210,439,210,440,211,441,211,442,211,443,211,444,212,445,213,446,213,447,214,448,215,449,216,449,217,450,218,451,219,452,220,452,221,452,222,452,223,452,224,452,225,451,226,451,227,450,228,450,229,449,229,448,230,447,230,446,231,445,231,444,231,443,231,442,231,441,231,440,232,439,231,438,231,437,230,436,230,435,229,434,228,434,227,433,226,433,225,433,224,433,223,432,222,432,221,432
245,437,244,438,243,438,242,439,241,439,240,440,239,440,239,441,238,442,237,443,237,444,236,445,236,446,236,447,235,448,235,449,235,450,235,451,235,452,235,453,236,454,236,455,237,456,238,457,239,458,240,459,241,460,242,461,243,462,244,462,245,462,246,461,247,461,248,461,249,460,250,460,251,460,252,460,253,460,254,459,255,459,256,458,257,457,258,456,258,455,258,454,258,453,259,452,259,451,258,450,258,449,258,448,258,447,258,446,257,445,257,444,256,443,256,442,255,441,254,440,253,440,252,439,251,438,250,438,249,438,248,437,247,437,246,437
105,439,104,440,103,440,102,441,101,442,101,443,100,444,100,445,100,446,99,447,99,448,99,449,98,450,98,451,98,452,99,453,100,454,101,455,102,456,103,456,104,457,105,457,106,457,107,457,108,457,109,457,110,457,111,457,112,456,113,456,114,455,115,455,116,454,116,453,117,452,117,451,118,450,118,449,118,448,118,447,117,446,117,445,117,444,116,443,116,442,115,441,114,440,113,440,112,439,111,439,110,439,109,439,108,439,107,439,106,439
334,439,333,440,332,440,331,440,330,440,329,440,328,441,327,442,326,443,325,443,324,444,323,445,322,446,321,447,321,448,320,449,319,449,319,450,318,451,317,451,317,452,317,453,316,454,316,455,316,456,315,457,315,458,315,459,315,460,315,461,315,462,315,463,316,464,316,465,317,466,317,467,318,468,318,469,319,470,320,471,321,472,322,473,323,474,324,474,325,475,326,475,327,476,328,476,329,477,330,477,331,477,332,477,333,477,334,477,335,477,336,477,337,477,338,477,339,476,340,476,341,476,342,475,343,475,344,475,345,474,346,473,347,472,348,471,349,470,350,469,350,468,351,467,351,466,352,465,352,464,352,463,353,462,353,461,353,460,353,459,353,458,353,457,354,456,354,455,354,454,354,453,353,452,353,451,353,450,352,449,352,448,351,447,351,446,350,445,349,444,348,443,347,443,346,442,345,441,344,441,343,441,342,440,341,440,340,440,339,440,338,440,337,439,336,439,335,439
181,442,180,443,179,443,178,443,177,444,176,445,176,446,175,447,175,448,175,449,175,450,175,451,175,452,174,453,174,454,174,455,173,456,174,457,175,458,175,459,175,460,176,461,176,462,177,463,177,464,178,465,178,466,179,467,180,468,180,469,181,470,182,471,182,472,183,473,184,474,184,475,185,475,186,474,187,475,188,474,189,474,190,473,191,473,192,472,192,471,192,470,193,469,193,468,194,467,194,466,194,465,195,464,195,463,195,462,196,461,196,460,196,459,196,458,196,457,196,456,197,455,196,454,195,453,195,452,194,451,194,450,193,449,192,448,191,447,190,446,189,445,188,445,187,444,186,444,185,444,184,443,183,443,182,443
424,447,423,448,422,448,421,448,420,448,419,448,418,449,417,450,416,450,415,451,414,452,413,453,413,454,412,455,412,456,412,457,412,458,412,459,412,460,412,461,413,462,413,463,414,464,414,465,415,466,416,467,417,468,418,469,419,469,420,470,421,470,422,471,423,471,424,471,425,471,426,471,427,471,428,470,429,470,430,470,431,469,432,468,433,467,433,466,434,465,435,464,436,463,436,462,436,461,436,460,436,459,436,458,436,457,436,456,435,455,435,454,435,453,435,452,434,451,433,450,433,449,432,448,431,448,430,447,429,447,428,447,427,447,426,447,425,447
162,455,161,456,160,456,159,456,158,456,157,456,156,456,155,456,154,456,153,456,152,457,151,457,150,457,149,458,148,458,147,459,146,460,145,460,144,461,144,462,143,463,142,464,142,465,141,466,141,467,140,468,140,469,140,470,140,471,140,472,140,473,140,474,139,475,139,476,139,477,139,478,139,479,139,480,140,481,140,482,140,483,140,484,141,485,141,486,142,487,142,488,143,489,144,490,144,491,145,491,146,492,146,493,147,494,147,495,148,496,149,497,149,498,150,499,151,500,152,501,153,501,154,502,155,503,156,503,157,504,158,504,159,504,160,504,161,504,162,504,163,504,164,504,165,504,166,504,167,504,168,503,169,503,170,503,171,502,172,502,173,502,174,501,175,500,176,499,177,499,177,498,178,497,179,496,180,495,181,494,181,493,182,492,182,491,182,490,182,489,182,488,182,487,183,486,183,485,183,484,183,483,183,482,183,481,183,480,183,479,183,478,184,477,184,476,183,475,183,474,182,473,181,472,181,471,180,470,179,469,179,468,178,467,177,466,177,465,176,464,176,463,175,462,175,461,174,460,174,459,174,458,173,457,172,456,171,456,170,456,169,456,168,455,167,455,166,455,165,455,164,455,163,455
87,456,86,457,85,458,84,458,83,459,83,460,82,461,82,462,81,463,81,464,80,465,80,466,80,467,81,467,82,468,83,468,84,468,85,469,86,469,87,470,88,470,89,471,90,472,91,473,92,473,93,474,94,473,95,472,96,472,96,471,97,470,97,469,98,468,98,467,98,466,98,465,98,464,98,463,98,462,97,461,97,460,96,459,95,458,94,457,93,457,92,456,91,456,90,456,89,456,88,456
254,460,253,461,252,461,251,461,250,461,249,461,248,462,247,462,246,462,245,463,244,463,244,464,244,465,243,466,243,467,243,468,243,469,243,470,243,471,243,472,243,473,244,474,244,475,245,476,246,477,247,477,248,477,249,478,250,478,251,478,252,478,253,477,254,477,255,477,256,477,257,477,258,476,259,476,260,475,261,474,262,473,263,472,263,471,264,470,264,469,264,468,264,467,264,466,263,465,263,464,262,463,261,462,260,462,259,461,258,461,257,461,256,461,255,461
285,463,284,464,283,464,282,464,281,465,280,465,279,465,278,466,277,466,276,467,276,468,275,469,274,470,274,471,274,472,274,473,274,474,274,475,275,476,275,477,276,478,276,479,276,480,277,481,278,481,279,481,280,482,281,482,282,481,283,481,284,481,285,481,286,481,287,481,288,481,289,480,290,480,291,479,292,478,293,477,293,476,294,475,294,474,294,473,294,472,294,471,294,470,294,469,293,468,293,467,292,466,291,465,290,465,289,464,288,464,287,464,286,464
384,465,383,466,382,466,381,466,380,467,379,467,378,468,377,468,376,469,375,469,374,470,373,471,372,472,371,473,371,474,370,475,369,476,369,477,369,478,369,479,369,480,369,481,369,482,369,483,369,484,369,485,369,486,369,487,370,488,370,489,371,490,371,491,372,492,373,493,374,494,374,495,375,496,376,497,377,497,378,498,379,498,380,499,381,499,382,499,383,499,384,500,385,500,386,500,387,500,388,500,389,500,390,499,391,499,392,499,393,499,394,499,395,498,396,498,397,497,398,496,399,496,400,495,400,494,401,493,401,492,402,491,402,490,402,489,402,488,402,487,403,486,403,485,403,484,403,483,403,482,403,481,404,480,403,479,403,478,403,477,403,476,403,475,403,474,402,473,402,472,401,471,400,470,399,469,398,468,397,467,396,467,395,466,394,466,393,465,392,465,391,465,390,465,389,465,388,465,387,465,386,465,385,465
80,468,79,469,79,470,78,471,77,472,76,472,76,473,75,474,74,475,73,476,73,477,72,478,71,479,71,480,70,481,70,482,69,483,69,484,69,485,69,486,68,487,68,488,68,489,69,490,69,491,69,492,70,493,70,494,71,495,72,496,73,496,74,497,75,497,76,497,77,498,78,498,79,498,80,498,81,499,82,499,83,499,84,499,85,499,86,499,87,499,88,499,89,498,90,497,91,496,91,495,91,494,92,493,92,492,92,491,92,490,92,489,92,488,92,487,92,486,92,485,92,484,92,483,92,482,92,481,92,480,92,479,92,478,92,477,92,476,92,475,92,474,91,474,90,473,89,472,88,471,87,471,86,470,85,470,84,469,83,469,82,469,81,468
218,481,217,482,216,482,215,482,214,482,213,483,212,483,211,484,210,484,209,485,208,486,207,487,206,487,205,488,204,489,204,490,203,491,203,492,202,493,201,494,201,495,200,496,200,497,199,498,199,499,199,500,198,501,198,502,198,503,198,504,198,505,198,506,198,507,198,508,199,509,200,510,201,511,202,511,203,511,204,511,205,511,206,511,207,511,208,511,209,511,210,511,211,511,212,511,213,511,214,511,215,511,216,511,217,511,218,511,219,511,220,511,221,511,222,511,223,511,224,511,225,511,226,511,227,511,228,511,229,511,230,511,231,511,232,511,233,511,234,511,235,510,236,510,237,510,238,510,239,509,240,508,240,507,241,506,241,505,242,504,242,503,242,502,242,501,242,500,241,499,241,498,241,497,240,496,239,495,239,494,238,493,238,492,237,491,236,490,235,489,234,488,234,487,233,486,232,486,231,485,230,484,229,484,228,483,227,483,226,483,225,482,224,482,223,482,222,482,221,482,220,481,219,481
426,483,425,484,424,484,423,485,422,485,421,485,420,486,419,487,418,488,417,489,416,490,416,491,416,492,416,493,416,494,416,495,415,496,416,497,416,498,416,499,416,500,416,501,417,502,417,503,418,504,418,505,419,506,420,507,421,507,422,508,423,508,424,508,425,509,426,509,427,509,428,509,429,508,430,508,431,508,432,507,433,507,434,506,435,505,435,504,436,503,436,502,437,501,437,500,437,499,438,498,438,497,438,496,438,495,438,494,438,493,438,492,437,491,437,490,437,489,437,488,436,487,435,486,434,486,433,485,432,484,431,484,430,484,429,484,428,483,427,483
282,485,281,486,280,486,279,487,278,488,277,489,276,490,276,491,275,492,275,493,275,494,275,495,275,496,275,497,276,498,276,499,276,500,277,501,277,502,278,503,279,504,280,505,281,506,282,506,283,506,284,506,285,506,286,506,287,506,288,505,289,505,290,505,291,504,292,504,293,503,294,503,295,502,296,501,297,500,297,499,298,498,298,497,299,496,299,495,299,494,299,493,298,492,298,491,297,490,296,489,296,488,295,488,294,487,293,487,292,486,291,486,290,485,289,485,288,485,287,485,286,485,285,485,284,485,283,485
117,490,116,491,115,491,114,492,113,492,112,493,111,493,110,494,109,494,108,495,107,496,106,497,105,498,105,499,104,500,103,501,103,502,102,503,101,504,101,505,101,506,101,507,101,508,100,509,100,510,101,511,102,511,103,511,104,511,105,511,106,511,107,511,108,511,109,511,110,511,111,511,112,511,113,511,114,511,115,511,116,511,117,511,118,511,119,511,120,511,121,511,122,511,123,511,124,511,125,511,126,511,127,511,128,511,129,511,130,511,131,511,132,511,133,511,134,511,135,511,136,511,137,511,138,511,139,511,140,511,141,511,142,511,143,511,144,511,145,511,146,511,147,511,148,510,148,509,148,508,147,507,147,506,147,505,147,504,146,503,146,502,145,501,144,500,143,499,142,498,141,497,141,496,140,496,139,495,138,495,137,494,136,494,135,493,134,492,133,492,132,492,131,491,130,491,129,491,128,491,127,491,126,490,125,490,124,490,123,490,122,490,121,490,120,490,119,490,118,490
350,490,349,491,348,491,347,491,346,491,345,491,344,491,343,491,342,492,341,493,340,493,339,494,338,494,337,495,337,496,336,497,335,498,334,499,334,500,333,501,332,502,332,503,332,504,331,505,331,506,331,507,330,508,330,509,330,510,331,511,332,511,333,511,334,511,335,511,336,511,337,511,338,511,339,511,340,511,341,511,342,511,343,511,344,511,345,511,346,511,347,511,348,511,349,511,350,511,351,511,352,511,353,511,354,511,355,511,356,511,357,511,358,511,359,511,360,511,361,511,362,511,363,511,364,511,365,511,366,511,367,511,368,511,369,510,369,509,369,508,369,507,368,506,368,505,368,504,368,503,368,502,368,501,367,500,366,499,366,498,365,497,364,496,364,495,363,495,362,494,361,493,360,493,359,492,358,492,357,491,356,491,355,491,354,491,353,490,352,490,351,490
306,500,305,501,304,501,303,502,302,502,301,503,300,503,299,504,298,505,297,506,296,507,295,508,295,509,295,510,295,511,296,511,297,511,298,511,299,511,300,511,301,511,302,511,303,511,304,511,305,511,306,511,307,511,308,511,309,511,310,511,311,511,312,511,313,511,314,511,315,510,316,510,317,510,318,509,318,508,319,507,318,506,318,505,317,504,316,503,316,502,315,502,314,502,313,501,312,501,311,500,310,500,309,500,308,500,307,500
263,501,262,502,261,503,260,503,259,503,258,504,257,505,256,506,256,507,255,508,254,508,253,509,254,510,255,510,256,511,257,511,258,511,259,511,260,511,261,511,262,511,263,511,264,511,265,511,266,511,267,511,268,511,269,511,270,511,271,511,272,510,273,510,274,510,274,509,274,508,273,507,273,506,272,505,271,504,270,503,269,503,268,502,267,502,266,501,265,501,264,501
