70,0,69,1,68,2,68,3,68,4,69,5,70,5,71,5,72,5,73,5,74,5,75,4,76,4,77,3,78,2,78,1,77,0,76,0,75,0,74,0,73,0,72,0,71,0
78,17,77,18,76,18,75,18,74,19,73,19,72,20,72,21,71,22,71,23,71,24,71,25,71,26,72,27,72,28,73,29,74,30,75,31,76,31,77,31,78,31,79,32,80,32,81,32,82,32,83,31,84,31,85,30,86,29,87,28,88,27,88,26,89,25,89,24,89,23,89,22,89,21,89,20,89,19,88,18,87,17,86,17,85,17,84,17,83,17,82,17,81,17,80,17,79,17
48,21,47,22,46,23,45,24,45,25,44,26,44,27,43,28,44,29,44,30,44,31,45,32,45,33,46,33,47,34,48,34,49,34,50,34,51,34,52,33,53,33,54,32,55,31,55,30,56,29,56,28,56,27,57,26,57,25,56,24,56,23,55,22,54,21,53,21,52,21,51,21,50,21,49,21
81,33,81,34,80,35,79,35,78,36,77,37,77,38,76,39,76,40,76,41,76,42,76,43,76,44,76,45,76,46,76,47,77,47,78,48,79,48,80,49,81,49,82,49,83,50,84,50,85,50,86,49,87,48,88,48,89,48,90,47,91,47,92,46,93,45,93,44,93,43,94,42,94,41,94,40,94,39,93,38,93,37,92,36,91,36,90,35,89,35,88,35,87,34,86,34,85,34,84,34,83,34,82,33
75,47,74,48,73,48,72,48,71,49,71,50,71,51,71,52,70,53,70,54,70,55,71,56,71,57,71,58,72,59,72,60,73,61,74,62,74,63,75,64,75,65,76,66,76,67,77,68,78,69,78,70,79,70,80,71,81,71,82,72,83,72,84,72,85,72,86,72,87,72,88,71,89,71,90,71,91,70,92,70,93,69,94,68,94,67,95,66,96,65,97,64,98,63,99,62,100,61,101,60,101,59,101,58,101,57,101,56,100,55,100,54,99,53,98,53,97,53,96,53,95,53,94,52,93,52,92,52,91,52,90,52,89,52,88,52,87,52,86,52,85,51,84,51,83,51,82,50,81,50,80,50,79,49,78,49,77,48,76,48
100,62,99,63,98,64,97,65,96,66,95,67,95,68,94,69,93,70,93,71,93,72,94,73,94,74,94,75,94,76,94,77,94,78,95,79,96,80,96,81,97,81,98,82,99,82,100,83,101,83,102,83,103,83,104,82,105,82,106,82,107,81,108,80,109,79,110,78,111,77,111,76,111,75,111,74,111,73,111,72,111,71,111,70,111,69,111,68,111,67,111,66,110,65,109,64,108,64,107,63,106,63,105,62,104,62,103,62,102,62,101,62
135,85,134,86,133,86,132,86,131,87,130,87,129,88,128,88,127,89,127,90,126,91,125,92,125,93,124,94,123,94,122,95,121,96,121,97,120,98,120,99,119,100,118,101,118,102,117,103,117,104,117,105,117,106,117,107,117,108,117,109,117,110,117,111,117,112,118,113,118,114,119,115,120,116,121,117,122,117,123,118,124,119,125,119,126,119,127,120,128,120,129,120,130,119,131,118,132,117,132,116,133,115,134,114,135,113,136,112,137,111,137,110,138,109,139,109,140,108,141,107,142,106,143,106,144,105,145,105,146,104,147,104,148,103,149,103,150,102,150,101,151,100,151,99,152,98,151,98,150,97,150,96,151,95,151,94,150,94,149,93,148,92,147,91,147,90,146,89,145,88,144,88,143,88,142,87,141,86,140,86,139,86,138,85,137,85,136,85
87,96,86,97,85,97,84,98,83,98,82,99,82,100,81,101,81,102,81,103,81,104,82,105,82,106,83,107,84,107,85,108,86,109,87,109,88,109,89,109,90,109,91,109,92,109,93,109,94,108,95,107,96,106,96,105,96,104,96,103,96,102,95,101,95,100,94,99,94,98,93,98,92,97,91,97,90,97,89,96,88,96
163,97,162,98,161,98,160,99,159,99,158,100,157,100,156,100,155,99,154,99,153,100,152,100,152,101,152,102,152,103,153,104,153,105,154,106,154,107,154,108,155,109,155,110,155,111,156,112,156,113,156,114,156,115,156,116,156,117,156,118,156,119,156,120,156,121,156,122,156,123,156,124,156,125,156,126,157,127,157,128,157,129,157,130,158,130,159,131,160,131,161,131,162,132,162,133,163,134,164,134,165,134,166,134,167,134,168,134,169,134,170,133,171,133,172,133,173,133,174,132,175,132,176,131,177,130,178,129,179,128,179,127,180,126,180,125,180,124,181,123,181,122,182,121,182,120,182,119,183,118,183,117,183,116,183,115,183,114,183,113,182,113,181,112,181,111,181,110,180,109,181,108,182,108,181,108,180,107,179,106,178,105,177,104,177,103,176,102,175,101,174,100,173,100,172,99,172,98,171,98,170,98,169,98,168,97,167,97,166,98,165,97,164,97
151,101,151,102,150,103,149,104,148,104,147,105,146,105,145,106,144,106,143,107,142,107,141,108,140,109,139,110,138,110,138,111,137,112,136,113,135,114,134,115,133,116,133,117,132,118,131,119,130,120,131,120,132,121,133,122,134,123,135,124,135,125,136,126,137,127,138,128,139,129,140,130,141,131,142,131,143,132,144,132,145,132,146,133,147,133,148,133,149,133,150,133,151,132,152,132,153,132,154,131,155,131,156,130,156,129,156,128,156,127,155,126,155,125,155,124,155,123,155,122,155,121,155,120,155,119,155,118,155,117,155,116,155,115,155,114,155,113,155,112,154,111,154,110,154,109,153,108,153,107,153,106,152,105,152,104,151,103,151,102
192,107,191,108,190,108,189,108,188,108,187,108,186,109,186,110,186,111,186,112,185,113,184,114,184,115,184,116,184,117,184,118,184,119,185,120,185,121,185,122,185,123,185,124,186,125,186,126,186,127,187,128,188,129,188,130,189,131,190,132,191,133,192,133,193,134,194,135,195,135,196,135,197,136,198,136,199,136,200,137,201,137,202,137,203,137,204,137,205,138,206,138,207,139,208,138,209,137,210,136,211,135,212,134,213,134,214,133,215,132,216,131,217,130,218,129,219,128,220,127,220,126,221,125,222,124,222,123,223,122,222,122,221,121,220,120,219,119,218,119,217,119,216,119,215,119,214,118,213,118,212,117,211,117,210,116,209,116,208,115,207,114,206,113,205,112,204,112,203,111,202,110,201,110,200,109,199,108,198,108,197,107,196,107,195,107,194,107,193,107
161,134,160,135,159,136,158,136,157,137,156,137,155,138,154,139,153,139,152,140,151,141,150,141,149,142,149,143,148,144,147,144,146,145,145,146,144,147,143,148,142,149,141,150,141,151,140,152,140,153,140,154,139,155,139,156,139,157,138,158,139,159,139,160,140,161,140,162,140,163,141,164,141,165,142,165,143,165,144,166,145,166,146,166,147,166,148,166,149,166,150,166,151,166,152,166,153,166,154,166,155,166,156,166,157,166,158,166,159,165,160,165,161,164,162,164,163,163,164,162,165,161,166,160,167,159,168,158,169,157,170,157,171,156,172,156,173,155,173,154,173,153,173,152,174,151,174,150,174,149,174,148,173,147,173,146,173,145,172,144,172,143,172,142,171,141,171,140,170,139,169,138,168,137,167,136,166,135,165,135,164,135,163,135,162,134
190,139,189,140,188,140,187,140,186,140,185,140,184,141,183,141,182,142,181,143,180,144,179,144,178,145,178,146,177,147,176,148,176,149,175,150,175,151,174,152,174,153,174,154,174,155,174,156,174,157,175,158,176,159,176,160,177,161,178,162,179,163,180,164,181,165,182,166,182,167,183,167,184,166,185,167,186,167,187,168,188,168,189,167,190,167,191,166,192,165,193,165,194,164,195,163,196,163,196,162,197,161,197,160,198,159,198,158,199,157,199,156,199,155,200,154,200,153,200,152,200,151,200,150,200,149,200,148,199,147,199,146,199,145,198,144,197,143,196,142,195,141,194,141,193,140,192,140,191,140
232,158,231,159,230,159,229,160,228,161,227,161,226,162,225,163,224,163,223,164,222,165,221,166,220,166,219,167,219,168,219,169,218,170,218,171,218,172,218,173,218,174,219,175,219,176,219,177,220,178,220,179,220,180,220,181,220,182,221,183,221,184,221,185,222,186,223,187,224,187,225,188,226,189,227,190,228,189,229,189,230,189,231,189,232,189,233,188,234,189,235,188,236,188,237,188,238,188,239,188,240,188,241,188,242,188,243,187,243,186,243,185,243,184,243,183,243,182,242,181,242,180,242,179,242,178,242,177,242,176,242,175,242,174,243,173,243,172,243,171,243,170,244,169,244,168,245,167,245,166,246,165,246,164,247,163,247,162,247,161,246,160,245,160,244,159,243,159,242,159,241,159,240,158,239,158,238,158,237,158,236,158,235,158,234,158,233,158
260,159,259,160,258,160,257,160,256,160,255,161,254,161,253,162,252,162,251,162,250,163,249,163,248,163,247,164,247,165,246,166,246,167,245,168,245,169,244,170,244,171,244,172,244,173,243,174,243,175,243,176,243,177,243,178,243,179,243,180,243,181,244,182,244,183,245,184,245,185,245,186,246,187,246,188,247,189,248,190,249,190,250,191,251,192,252,193,253,193,254,194,255,195,256,196,257,197,258,197,259,197,260,197,261,197,262,197,263,196,264,196,265,196,266,196,267,196,268,195,269,195,270,195,271,194,272,194,273,194,274,193,275,193,276,192,277,192,278,191,279,190,279,189,278,188,278,187,278,186,278,185,278,184,278,183,278,182,278,181,278,180,278,179,278,178,278,177,277,176,277,175,277,174,276,173,276,172,276,171,276,170,275,169,274,168,274,167,273,166,272,165,272,164,271,163,270,162,269,162,268,161,267,161,266,160,265,160,264,159,263,159,262,159,261,159
203,162,202,163,201,163,200,163,199,163,198,164,197,164,196,164,195,164,194,165,193,166,192,166,191,167,190,168,189,168,188,169,187,169,188,170,187,171,186,171,186,172,186,173,186,174,187,175,187,176,187,177,187,178,187,179,188,180,188,181,188,182,188,183,189,184,189,185,190,186,190,187,191,187,192,188,193,188,194,189,195,190,195,191,196,191,197,191,198,190,199,190,200,190,201,190,202,189,203,189,204,189,205,188,206,188,207,188,208,187,209,187,210,187,211,186,212,186,213,186,214,186,215,186,216,185,217,185,218,185,219,184,220,184,220,183,219,182,219,181,219,180,219,179,219,178,218,177,218,176,218,175,217,174,217,173,217,172,217,171,216,171,215,170,215,169,214,168,214,167,213,167,212,166,211,166,210,165,209,165,208,164,207,164,206,163,205,163,204,162
142,166,141,167,140,167,139,168,138,168,137,169,136,170,135,170,134,171,134,172,133,173,132,174,132,175,131,176,130,177,130,178,130,179,129,180,129,181,129,182,129,183,129,184,129,185,129,186,129,187,129,188,129,189,129,190,129,191,130,192,130,193,130,194,131,195,131,196,132,197,132,198,133,199,133,200,134,201,135,202,135,203,136,204,136,205,137,206,137,207,138,208,139,209,140,210,141,210,142,211,143,212,144,212,145,212,146,213,147,213,148,213,149,213,150,213,151,213,152,214,153,213,154,213,155,213,156,213,157,213,158,212,159,211,160,211,161,210,162,209,163,208,164,207,165,206,166,205,166,204,166,203,167,202,167,201,168,200,168,199,169,198,170,197,169,196,169,195,168,194,168,193,167,192,167,191,166,190,166,189,165,188,165,187,164,186,164,185,164,184,163,183,163,182,163,181,163,180,163,179,163,178,163,177,163,176,163,175,163,174,163,173,163,172,163,171,163,170,162,169,162,168,161,167,160,167,159,167,158,167,157,167,156,167,155,167,154,167,153,167,152,167,151,167,150,167,149,167,148,167,147,167,146,167,145,167,144,167,143,166
219,185,218,186,217,186,216,186,215,187,214,187,213,187,212,187,211,187,210,188,209,188,208,188,207,189,206,189,205,189,204,190,203,190,202,190,201,191,200,191,199,191,198,191,197,192,196,192,195,192,195,193,195,194,195,195,196,196,196,197,196,198,196,199,197,200,198,201,198,202,198,203,199,204,200,204,201,204,202,204,203,205,204,205,205,205,206,205,207,206,208,206,209,206,210,206,211,206,212,206,213,207,214,207,215,207,216,206,217,206,217,205,218,204,219,203,220,202,221,201,222,200,223,200,224,199,225,198,225,197,225,196,225,195,225,194,225,193,226,192,226,191,226,190,225,189,224,188,223,188,222,187,221,186,220,185
243,188,242,189,241,189,240,189,239,189,238,190,237,190,236,190,235,191,234,192,233,192,232,193,231,194,231,195,230,196,229,197,228,198,227,199,226,199,225,199,224,200,223,201,222,201,221,202,220,203,219,204,218,205,218,206,218,207,217,208,217,209,217,210,218,211,217,212,217,213,218,214,217,215,218,216,218,217,219,217,220,218,221,218,222,219,223,220,224,220,225,221,226,222,227,222,228,223,229,224,230,224,231,225,232,226,233,226,234,226,235,226,236,226,237,226,238,226,239,226,240,226,241,226,242,225,243,224,244,224,245,224,246,223,247,223,248,223,248,222,249,221,249,220,250,219,250,218,251,217,251,216,251,215,252,214,252,213,253,212,253,211,254,210,254,209,254,208,255,207,255,206,255,205,256,204,256,203,256,202,257,201,257,200,257,199,257,198,256,197,255,196,254,195,253,194,252,194,251,193,250,192,249,191,248,191,247,190,246,189,245,189,244,189
280,190,279,191,278,192,277,193,276,193,275,194,274,194,273,195,272,195,271,195,270,196,269,196,268,196,267,197,266,197,265,197,264,197,263,197,262,198,261,198,260,198,259,198,258,198,258,199,258,200,258,201,257,202,257,203,257,204,256,205,256,206,256,207,255,208,255,209,255,210,254,211,254,212,253,213,253,214,252,215,252,216,252,217,251,218,251,219,250,220,250,221,249,222,249,223,248,224,248,225,249,226,249,227,249,228,249,229,250,230,250,231,251,232,252,233,253,234,254,234,255,234,256,235,257,235,258,235,259,234,260,233,261,233,262,232,263,232,264,231,265,231,266,230,267,229,268,229,269,228,270,227,271,227,272,226,273,225,274,225,275,224,276,223,277,222,277,221,278,220,279,219,279,218,280,217,280,216,281,215,281,214,282,213,282,212,282,211,282,210,283,209,283,208,283,207,283,206,284,205,284,204,284,203,285,202,285,201,285,200,286,199,286,198,286,197,287,196,287,195,287,194,287,193,286,193,285,192,284,192,283,192,282,192,281,191
181,194,180,195,179,195,178,195,177,195,176,195,175,195,174,196,173,196,172,196,171,197,170,198,169,199,169,200,168,201,168,202,167,203,167,204,167,205,166,206,166,207,167,208,167,209,167,210,168,211,167,212,167,213,167,214,168,214,169,214,170,215,171,215,172,216,173,216,174,216,175,217,176,217,177,217,178,217,179,218,180,218,181,218,182,218,183,218,184,218,185,218,186,217,187,216,188,216,189,215,190,215,191,214,192,213,193,212,193,211,194,210,194,209,195,208,194,207,194,206,194,205,195,204,195,203,194,202,194,201,194,200,193,200,192,199,192,198,191,197,190,196,189,195,188,195,187,195,186,195,185,194,184,194,183,194,182,194
88,217,87,218,86,219,86,220,86,221,86,222,86,223,86,224,87,225,87,226,88,227,89,228,90,228,91,228,92,228,93,227,94,227,95,227,96,227,96,226,97,225,97,224,97,223,97,222,97,221,97,220,97,219,96,218,95,217,94,217,93,217,92,217,91,217,90,217,89,217
215,218,215,219,214,220,213,220,212,221,211,222,210,222,209,223,208,224,207,225,206,226,205,227,204,228,203,229,202,230,202,231,202,232,201,233,202,234,202,235,202,236,203,237,203,238,204,239,204,240,204,241,205,242,206,243,206,244,207,245,208,246,208,247,209,248,210,249,211,250,212,250,213,250,214,250,215,250,216,250,217,250,218,250,219,250,220,249,221,249,222,250,223,249,224,249,225,248,226,248,227,247,228,247,228,246,229,245,230,246,231,245,232,245,233,244,232,244,231,243,231,242,232,241,232,240,233,239,233,238,234,237,235,236,235,235,236,234,237,234,238,234,238,233,238,232,238,231,238,230,237,229,237,228,236,227,235,227,234,227,233,227,232,227,231,226,230,225,229,225,228,224,227,223,226,223,225,222,224,221,223,221,222,220,221,219,220,219,219,218,218,218,217,218,216,218
188,224,188,225,187,226,186,227,186,228,185,229,184,230,183,231,182,232,183,231,184,231,185,232,186,233,186,234,186,235,186,236,185,237,185,238,185,239,185,240,185,241,185,242,186,243,186,244,186,245,187,246,187,247,187,248,187,249,188,249,189,250,189,251,190,252,191,252,192,253,193,253,194,253,195,253,196,254,197,254,198,254,199,254,200,255,201,255,202,255,203,255,204,255,205,255,206,255,207,255,208,255,209,254,210,253,210,252,210,251,210,250,209,249,208,248,207,247,207,246,206,245,205,244,205,243,204,242,203,241,203,240,203,239,202,238,202,237,201,236,201,235,201,234,200,233,199,232,198,231,198,230,197,229,196,228,195,227,194,227,193,226,192,226,191,225,190,224,189,224
259,235,260,236,259,237,258,238,257,239,256,240,255,241,254,241,253,241,252,242,252,243,252,244,251,245,251,246,251,247,250,248,250,249,250,250,250,251,249,252,249,253,248,254,248,255,248,256,247,257,247,258,247,259,246,260,246,261,246,262,245,263,245,264,245,265,244,266,244,267,244,268,244,269,243,270,243,271,243,272,243,273,243,274,243,275,243,276,242,277,242,278,242,279,242,280,243,281,244,282,245,282,246,283,247,283,248,283,249,283,250,283,251,283,252,283,253,283,254,283,255,282,256,282,257,281,258,281,259,280,260,280,261,280,262,279,263,279,264,278,265,277,265,276,266,275,266,274,267,273,267,272,268,271,269,270,269,269,270,268,270,267,271,266,272,265,272,264,273,263,274,262,274,261,275,260,276,259,277,258,278,257,279,256,280,255,281,255,282,254,283,253,282,253,281,253,280,252,279,252,278,252,277,252,276,251,275,251,274,250,273,250,272,249,271,249,270,248,269,247,268,246,268,245,267,244,267,243,267,242,266,241,266,240,265,239,264,238,263,237,263,236,262,235,261,235,260,235
248,238,247,239,247,240,246,241,245,241,244,241,243,241,242,241,242,242,241,243,240,243,239,243,238,244,237,244,236,244,235,244,234,244,233,245,232,246,231,246,230,247,229,247,228,248,227,248,226,249,225,249,224,250,223,250,222,251,222,252,221,253,220,253,219,254,219,255,218,256,218,257,217,258,217,259,216,260,216,261,216,262,216,263,216,264,215,265,215,266,215,267,215,268,215,269,214,270,214,271,214,272,214,273,214,274,214,275,214,276,214,277,214,278,213,279,214,280,215,281,216,282,216,283,217,283,218,284,219,285,220,285,221,285,222,286,223,286,224,286,225,286,226,286,227,286,228,286,229,286,230,286,231,285,232,285,233,284,234,284,235,284,236,283,237,283,238,282,239,281,240,281,241,280,241,279,241,278,241,277,242,276,242,275,242,274,242,273,242,272,242,271,242,270,243,269,243,268,243,267,243,266,244,265,244,264,244,263,245,262,245,261,245,260,246,259,246,258,246,257,247,256,247,255,247,254,248,253,248,252,249,251,249,250,249,249,249,248,250,247,250,246,250,245,251,244,251,243,251,242,252,241,252,240,251,240,250,239,249,239
311,246,310,247,309,247,308,247,307,247,306,248,305,248,304,249,303,249,302,250,301,251,300,252,299,253,299,254,298,255,298,256,298,257,298,258,298,259,298,260,299,261,300,262,301,262,302,263,303,263,304,263,305,264,306,264,307,264,308,263,309,263,310,263,311,262,312,262,313,261,314,260,315,259,316,258,316,257,317,256,318,255,318,254,318,253,318,252,318,251,317,250,317,249,317,248,316,247,315,247,314,246,313,247,312,247
176,402,175,403,174,403,173,403,172,404,171,404,170,405,170,406,169,407,168,408,168,409,168,410,168,411,168,412,167,413,167,414,167,415,167,416,167,417,167,418,167,419,167,420,168,421,168,422,168,423,168,424,169,425,169,426,169,427,170,428,171,429,171,430,172,430,173,431,174,432,175,432,176,432,177,432,178,432,179,432,180,431,181,431,182,430,182,429,183,428,184,427,185,426,186,425,187,424,187,423,188,422,188,421,189,420,189,419,189,418,189,417,190,416,190,415,190,414,190,413,190,412,190,411,190,410,189,409,189,408,188,407,187,406,186,405,185,404,184,403,183,403,182,402,181,402,180,402,179,402,178,402,177,402
201,405,200,406,199,406,198,407,197,408,196,408,196,409,195,410,194,411,194,412,193,413,193,414,192,415,192,416,192,417,192,418,192,419,192,420,192,421,192,422,193,423,193,424,194,425,194,426,195,427,196,428,197,429,198,430,199,430,200,430,201,430,202,430,203,430,204,430,205,430,206,430,207,430,208,429,209,429,210,429,211,428,212,428,213,427,214,426,215,425,215,424,216,423,217,422,217,421,217,420,217,419,217,418,217,417,217,416,217,415,217,414,217,413,216,412,216,411,215,410,214,409,213,408,213,407,212,407,211,406,210,406,209,405,208,405,207,405,206,405,205,405,204,405,203,405,202,405
149,408,148,409,147,409,146,409,145,409,144,409,143,409,142,410,141,410,140,411,139,412,139,413,138,414,137,415,137,416,136,417,135,418,134,419,134,420,133,421,132,422,131,423,131,424,130,425,129,425,130,426,130,427,131,428,131,429,131,430,132,431,132,432,132,433,133,434,133,435,133,436,134,437,134,438,134,439,135,440,136,440,137,440,138,440,139,440,140,440,141,440,142,439,143,439,144,439,145,438,146,438,147,438,148,438,149,437,150,437,151,436,152,436,153,435,154,435,155,434,156,434,157,433,157,432,158,431,158,430,159,429,159,428,159,427,159,426,159,425,159,424,159,423,159,422,159,421,160,420,160,419,159,418,159,417,159,416,159,415,159,414,158,413,157,412,156,412,155,411,155,410,154,410,153,409,152,409,151,408,150,408
345,417,344,418,343,418,342,418,341,419,340,419,339,420,338,420,337,421,336,422,335,423,335,424,334,425,334,426,333,427,333,428,333,429,333,430,333,431,332,432,332,433,332,434,333,435,333,436,334,437,334,438,334,439,335,440,335,441,336,442,337,443,338,444,339,445,340,446,341,446,342,446,343,447,344,447,345,447,346,447,347,447,348,447,349,447,350,447,351,447,352,446,353,446,354,446,355,445,356,445,357,444,358,443,359,443,360,442,361,441,361,440,362,439,363,438,363,437,363,436,363,435,364,434,364,433,364,432,364,431,364,430,363,429,363,428,363,427,362,426,361,425,361,424,360,424,359,423,358,422,357,421,356,421,355,420,354,419,353,419,352,418,351,418,350,418,349,417,348,417,347,417,346,417
228,418,227,419,226,419,225,420,224,420,223,421,222,422,221,423,220,424,220,425,219,426,219,427,219,428,219,429,219,430,219,431,219,432,220,433,221,434,222,435,222,436,223,436,224,437,225,438,226,439,227,439,228,439,229,439,230,439,231,439,232,438,233,438,234,438,235,437,236,437,237,436,238,435,238,434,239,433,240,432,240,431,240,430,241,429,241,428,240,427,240,426,240,425,239,424,239,423,238,422,237,421,236,420,235,419,234,419,233,419,232,418,231,418,230,418,229,418
125,424,124,425,123,425,122,425,121,426,120,427,120,428,119,429,119,430,119,431,118,432,118,433,118,434,118,435,119,436,119,437,119,438,120,439,121,440,121,441,122,442,123,442,124,443,125,443,126,444,127,444,128,444,129,444,130,444,131,443,132,443,133,442,134,441,134,440,133,439,133,438,133,437,132,436,132,435,132,434,131,433,131,432,131,431,130,430,130,429,130,428,129,427,129,426,128,425,127,424,126,424
310,428,309,429,308,429,307,429,306,430,305,430,304,431,303,432,302,433,302,434,301,435,301,436,300,437,300,438,300,439,300,440,299,441,299,442,299,443,299,444,299,445,299,446,299,447,300,448,301,449,302,450,303,450,304,451,305,452,306,452,307,452,308,452,309,453,310,452,311,452,312,451,313,451,314,450,315,449,316,449,317,448,318,447,319,446,320,445,321,444,321,443,322,442,322,441,322,440,322,439,322,438,322,437,322,436,322,435,321,434,321,433,320,432,319,431,318,431,317,430,316,430,315,429,314,429,313,429,312,429,311,428
250,430,249,431,248,431,247,431,246,432,245,432,244,433,243,433,242,434,241,435,240,436,239,437,239,438,239,439,239,440,239,441,239,442,239,443,239,444,239,445,240,446,241,447,242,448,243,448,244,449,245,449,246,450,247,450,248,450,249,450,250,450,251,450,252,449,253,449,254,449,255,448,256,448,257,447,258,446,259,445,259,444,259,443,259,442,259,441,259,440,259,439,259,438,258,437,258,436,257,435,256,434,256,433,255,432,254,432,253,431,252,431,251,430
373,434,372,435,372,436,372,437,371,438,371,439,370,440,370,441,369,442,369,443,369,444,369,445,368,446,368,447,368,448,368,449,368,450,368,451,369,452,369,453,369,454,370,455,371,456,372,457,373,457,374,458,375,458,376,458,377,459,378,459,379,459,380,459,381,458,382,458,383,458,384,458,385,458,386,457,387,457,388,457,388,456,389,455,389,454,390,453,390,452,391,451,391,450,392,449,392,448,392,447,393,446,393,445,394,444,394,443,395,442,394,441,394,440,394,439,394,438,393,438,392,437,391,437,390,436,389,436,388,436,387,435,386,435,385,435,384,435,383,434,382,434,381,434,380,434,379,434,378,434,377,434,376,434,375,434,374,434
103,435,102,436,101,436,100,436,99,437,98,437,97,438,96,438,95,439,94,440,93,441,92,442,92,443,92,444,91,445,91,446,91,447,90,448,90,449,90,450,90,451,91,452,91,453,91,454,91,455,92,456,92,457,92,458,92,459,93,459,94,460,95,461,96,461,97,462,98,462,99,462,100,462,101,462,102,462,103,462,104,462,105,462,106,462,107,462,108,461,109,461,110,460,111,460,112,459,113,458,114,458,115,457,116,456,116,455,116,454,116,453,117,452,117,451,118,450,118,449,118,448,118,447,118,446,118,445,118,444,118,443,118,442,117,441,117,440,116,439,115,438,114,437,113,437,112,436,111,436,110,436,109,436,108,435,107,435,106,435,105,435,104,435
179,437,178,438,177,438,176,438,175,439,174,439,173,440,172,440,171,441,170,441,169,442,168,443,167,443,166,444,165,444,164,444,163,445,162,446,162,447,161,448,161,449,160,450,160,451,159,452,159,453,159,454,159,455,158,456,158,457,158,458,158,459,158,460,158,461,158,462,158,463,158,464,158,465,159,466,159,467,159,468,159,469,160,470,160,471,161,472,161,473,162,474,162,475,163,476,164,477,164,478,165,478,166,479,167,480,168,481,169,482,170,482,171,482,172,483,173,483,174,484,175,484,176,484,177,484,178,484,179,484,180,484,181,484,182,484,183,484,184,484,185,484,186,484,187,484,188,483,189,483,190,483,191,482,192,482,193,482,194,481,195,481,196,480,197,479,198,479,199,478,200,477,201,477,202,476,203,476,204,475,205,474,206,474,207,473,207,472,208,471,209,470,209,469,209,468,209,467,209,466,210,465,210,464,210,463,211,462,211,461,211,460,210,459,210,458,210,457,210,456,210,455,210,454,209,453,209,452,209,451,208,450,208,449,207,448,207,447,206,446,205,445,204,444,203,443,202,443,201,442,200,442,199,441,198,441,197,441,196,440,195,440,194,440,193,440,192,439,191,439,190,439,189,439,188,438,187,438,186,438,185,438,184,438,183,438,182,438,181,437,180,437
400,440,399,441,398,441,397,442,396,442,395,443,395,444,394,445,394,446,393,447,393,448,393,449,392,450,392,451,391,452,391,453,390,454,390,455,389,456,389,457,389,458,390,459,390,460,391,461,392,462,393,463,394,463,395,464,396,464,397,465,398,465,399,465,400,466,401,466,402,466,403,466,404,466,405,466,406,466,407,466,408,466,409,465,410,465,410,464,411,463,412,462,412,461,413,460,413,459,413,458,414,457,414,456,414,455,414,454,414,453,414,452,414,451,413,450,413,449,413,448,413,447,412,446,412,445,411,444,410,443,410,442,409,442,408,441,407,441,406,440,405,440,404,440,403,440,402,440,401,440
328,446,327,447,326,447,325,447,324,447,323,448,322,448,322,449,321,450,321,451,321,452,320,453,320,454,320,455,320,456,320,457,320,458,320,459,320,460,321,461,321,462,321,463,322,464,323,465,323,466,324,467,325,468,326,468,327,469,328,469,329,469,330,469,331,469,332,469,333,469,334,469,335,469,336,469,337,468,338,468,339,467,340,467,341,466,342,466,343,465,344,464,344,463,345,462,345,461,345,460,346,459,346,458,346,457,345,456,345,455,345,454,344,453,344,452,343,451,342,450,341,449,340,448,339,448,338,448,337,447,336,447,335,446,334,446,333,446,332,446,331,446,330,446,329,446
259,452,258,453,257,454,256,454,255,455,254,456,254,457,253,458,253,459,252,460,252,461,252,462,252,463,252,464,253,465,253,466,253,467,254,468,255,469,256,469,257,470,258,471,259,471,260,471,261,471,262,472,263,472,264,472,265,472,266,472,267,471,268,471,269,471,270,471,271,471,272,470,273,469,274,468,274,467,275,466,275,465,276,464,276,463,276,462,277,461,277,460,276,459,276,458,275,457,275,456,274,455,273,455,272,454,271,453,270,453,269,453,268,452,267,452,266,452,265,452,264,452,263,452,262,452,261,452,260,452
301,455,300,456,299,456,298,456,297,457,296,458,296,459,295,460,294,461,294,462,293,463,292,464,292,465,292,466,291,467,291,468,291,469,291,470,291,471,291,472,291,473,291,474,292,475,293,476,293,477,294,477,295,478,296,479,297,479,298,480,299,480,300,480,301,480,302,480,303,480,304,480,305,480,306,480,307,480,308,480,309,479,310,479,311,478,312,477,313,476,313,475,313,474,314,473,314,472,314,471,314,470,314,469,313,468,313,467,313,466,313,465,312,464,312,463,311,462,310,461,309,460,309,459,308,458,307,458,306,457,305,456,304,456,303,456,302,455
368,469,367,470,366,470,365,470,364,470,363,471,362,471,361,472,360,472,359,473,358,473,357,474,356,475,355,476,354,477,354,478,353,479,353,480,352,481,352,482,352,483,351,484,351,485,351,486,351,487,351,488,351,489,351,490,351,491,351,492,351,493,351,494,352,495,352,496,352,497,352,498,352,499,352,500,352,501,352,502,351,503,352,504,353,504,354,504,355,504,356,505,356,506,356,507,356,506,357,505,357,504,358,503,359,503,360,504,361,503,362,503,363,503,364,504,364,503,365,502,366,502,367,501,368,500,369,500,370,499,371,499,372,498,373,498,374,498,375,497,376,497,377,497,378,496,379,495,380,495,380,494,380,493,380,492,380,491,379,490,379,489,379,488,379,487,379,486,379,485,379,484,379,483,379,482,379,481,379,480,379,479,379,478,379,477,379,476,379,475,379,474,378,473,377,472,376,472,375,471,374,471,373,470,372,470,371,470,370,470,369,470
387,469,386,470,385,470,384,471,383,471,382,472,381,473,380,473,380,474,380,475,380,476,380,477,380,478,380,479,380,480,380,481,380,482,380,483,380,484,380,485,380,486,380,487,380,488,380,489,380,490,381,491,381,492,381,493,381,494,381,495,382,496,383,497,384,497,385,498,386,498,387,499,388,500,389,500,390,500,391,500,392,500,393,500,394,500,395,500,396,500,397,499,398,499,399,499,400,498,401,498,402,497,403,496,404,495,404,494,405,493,405,492,406,491,406,490,406,489,406,488,406,487,406,486,406,485,406,484,406,483,405,482,405,481,404,480,404,479,403,478,402,477,401,476,400,475,399,474,398,473,397,472,396,472,395,471,394,470,393,470,392,469,391,469,390,469,389,469,388,469
143,473,142,474,141,474,140,474,139,474,138,475,137,475,136,475,135,476,134,477,133,478,132,479,131,479,130,480,129,481,128,481,127,482,126,483,125,483,124,484,123,485,122,485,121,486,120,486,119,487,118,488,117,489,116,490,115,491,114,492,113,493,112,494,112,495,111,496,110,497,110,498,109,499,109,500,109,501,109,502,109,503,109,504,110,505,110,506,110,507,109,508,110,509,110,510,111,510,112,510,113,511,114,510,115,511,116,511,117,511,118,511,119,511,120,511,121,511,122,511,123,511,124,511,125,511,126,511,127,511,128,511,129,511,130,511,131,511,132,511,133,511,134,511,135,511,136,511,137,511,138,511,139,511,140,510,141,511,142,511,143,511,144,511,145,511,146,511,147,511,148,511,149,511,150,511,151,511,152,511,153,511,154,510,155,510,156,510,157,510,158,509,159,508,159,507,159,506,160,505,160,504,160,503,161,502,161,501,161,500,161,499,162,498,161,497,161,496,161,495,161,494,161,493,161,492,161,491,161,490,161,489,161,488,160,487,160,486,160,485,159,484,159,483,159,482,158,481,157,480,157,479,156,478,155,478,154,477,153,476,152,475,151,475,150,474,149,474,148,474,147,474,146,473,145,473,144,473
216,476,215,477,214,477,213,478,212,478,211,479,210,480,209,480,208,481,207,482,206,483,205,484,204,485,203,486,202,487,201,488,200,489,199,490,198,491,197,492,197,493,196,494,196,495,196,496,196,497,196,498,196,499,195,500,195,501,195,502,195,503,195,504,195,505,195,506,196,507,197,508,197,509,197,510,198,510,199,511,200,511,201,511,202,511,203,511,204,511,205,511,206,511,207,511,208,511,209,511,210,511,211,511,212,511,213,511,214,511,215,511,216,511,217,511,218,511,219,511,220,511,221,511,222,511,223,511,224,511,225,511,226,511,227,511,228,511,229,511,230,511,231,511,232,511,233,511,234,511,235,511,236,511,237,511,238,510,239,510,240,510,241,510,242,509,243,508,243,507,243,506,244,505,244,504,244,503,244,502,244,501,244,500,244,499,243,498,243,497,243,496,243,495,242,494,242,493,242,492,241,491,241,490,240,489,240,488,239,487,239,486,238,485,237,484,236,483,235,482,234,481,233,480,232,479,231,479,230,478,229,477,228,477,227,477,226,476,225,476,224,476,223,476,222,476,221,476,220,476,219,476,218,476,217,476
259,479,258,480,257,481,256,481,255,482,254,483,253,484,253,485,253,486,253,487,253,488,253,489,254,490,254,491,254,492,254,493,254,494,255,495,255,496,255,497,256,498,256,499,257,500,257,501,257,502,258,502,259,503,260,504,261,505,261,506,262,507,263,508,264,508,265,509,266,509,267,509,268,510,269,510,270,510,271,510,272,510,273,510,274,511,275,511,276,510,277,510,278,510,279,510,280,510,281,510,282,509,283,508,284,508,285,508,285,507,285,506,285,505,285,504,286,503,285,502,285,501,285,500,286,499,286,498,286,497,286,496,286,495,286,494,285,493,285,492,285,491,285,490,285,489,285,488,284,487,284,486,283,485,283,484,282,483,281,482,280,481,279,481,278,480,277,480,276,480,275,479,274,479,273,479,272,479,271,479,270,479,269,479,268,479,267,479,266,479,265,479,264,479,263,479,262,479,261,479,260,479
321,479,320,480,319,481,318,482,317,483,316,484,316,485,315,486,314,486,314,487,313,488,313,489,313,490,313,491,313,492,313,493,314,494,314,495,314,496,314,497,315,498,316,499,317,500,318,501,319,502,320,503,321,503,322,503,323,503,324,503,325,503,326,503,327,503,328,503,329,502,330,502,331,502,332,503,333,503,334,503,335,503,336,503,337,502,338,502,339,502,339,501,340,500,341,499,341,498,341,497,341,496,341,495,341,494,340,493,340,492,340,491,340,490,340,489,339,488,339,487,339,486,339,485,338,484,337,483,336,483,335,482,334,481,333,480,332,479,331,479,330,479,329,479,328,479,327,479,326,479,325,479,324,479,323,479,322,479
76,484,75,485,74,486,74,487,74,488,73,489,73,490,73,491,73,492,72,493,73,494,73,495,74,496,74,497,75,498,76,499,77,500,78,500,79,501,80,501,81,501,82,501,83,501,84,502,85,502,86,501,87,501,88,501,89,500,90,500,90,499,91,498,91,497,91,496,92,495,92,494,92,493,92,492,91,491,91,490,90,489,90,488,89,487,88,486,87,485,86,485,85,484,84,484,83,484,82,484,81,484,80,484,79,484,78,484,77,484
