269,0,268,1,267,2,268,3,268,4,269,4,270,5,271,5,272,6,273,6,274,6,275,6,276,6,277,6,278,6,279,6,280,6,281,5,282,4,283,4,283,3,284,2,284,1,284,0,283,0,282,0,281,0,280,0,279,0,278,0,277,0,276,0,275,0,274,0,273,0,272,0,271,0,270,0
117,108,116,109,115,110,114,111,113,112,112,113,112,114,111,115,111,116,111,117,110,118,110,119,110,120,110,121,110,122,111,123,111,124,112,125,113,126,114,127,115,128,116,128,117,129,118,129,119,129,120,129,121,129,122,129,123,128,124,128,125,127,126,126,127,125,127,124,128,123,128,122,129,121,129,120,129,119,129,118,129,117,129,116,128,115,128,114,128,113,128,112,127,111,126,110,125,109,124,109,123,108,122,108,121,108,120,108,119,108,118,108
199,157,198,158,197,158,196,159,195,160,195,161,195,162,194,163,194,164,195,165,195,166,196,167,197,168,198,168,199,169,200,169,201,169,202,170,203,169,203,168,203,167,203,166,204,165,204,164,204,163,204,162,204,161,204,160,205,159,204,158,203,158,202,158,201,157,200,157
206,159,205,160,205,161,205,162,205,163,205,164,205,165,204,166,204,167,204,168,204,169,204,170,205,170,206,171,207,172,208,173,209,173,210,174,211,175,212,175,213,175,214,176,215,176,216,176,217,177,218,177,219,176,220,176,221,175,222,175,223,175,224,175,225,174,226,174,227,174,228,174,229,174,230,174,231,173,232,173,233,173,234,173,235,172,235,171,236,170,236,169,237,168,236,167,236,166,236,165,236,164,235,163,234,162,233,161,232,161,231,161,230,160,229,160,228,160,227,160,226,160,225,160,224,159,223,159,222,159,221,159,220,159,219,160,218,160,217,160,216,160,215,160,214,160,213,159,212,159,211,159,210,159,209,159,208,159,207,159
203,170,202,171,201,172,200,172,199,173,198,173,197,173,196,174,195,174,194,174,193,175,192,175,191,176,190,176,189,177,188,178,187,179,186,180,186,181,185,182,185,183,184,184,184,185,184,186,184,187,184,188,183,189,183,190,183,191,184,191,185,191,186,192,187,192,188,192,189,193,190,193,191,194,192,194,193,195,194,196,195,196,196,197,197,198,198,198,199,199,200,199,201,198,202,198,203,197,204,197,205,196,206,196,207,195,208,194,209,193,209,192,210,191,211,190,211,189,212,188,212,187,212,186,213,185,213,184,213,183,212,182,212,181,212,180,212,179,211,178,211,177,211,176,210,175,209,174,208,174,207,173,206,172,205,171,204,171
231,174,230,175,229,175,228,175,227,175,226,175,225,175,224,176,223,176,222,176,221,176,220,177,219,177,218,178,217,178,217,179,216,180,216,181,215,182,214,183,214,184,214,185,214,186,214,187,215,188,215,189,216,190,216,191,216,192,217,193,218,194,218,195,219,196,220,196,221,197,222,197,223,196,224,196,225,195,226,195,227,194,228,193,229,192,230,191,231,191,232,190,233,189,234,188,235,188,236,187,237,187,238,186,239,186,240,185,241,185,242,184,241,183,241,182,241,181,240,180,240,179,240,178,239,178,238,177,237,176,236,176,235,175,235,174,234,174,233,174,232,174
242,185,241,186,240,186,239,187,238,187,237,188,236,188,235,189,234,189,233,190,232,191,231,192,230,192,229,193,228,194,227,195,226,196,225,196,226,196,227,197,228,198,228,199,229,200,229,201,230,202,230,203,231,204,231,205,231,206,232,207,232,208,233,208,234,209,235,209,236,209,237,209,238,210,239,210,240,209,241,209,242,208,243,207,244,207,245,206,246,205,247,205,248,204,249,203,250,202,251,202,252,201,253,200,254,199,255,199,256,198,256,197,256,196,257,195,257,194,257,193,257,192,256,191,255,190,254,189,253,188,252,187,252,186,251,185,250,185,249,185,248,185,247,185,246,185,245,185,244,185,243,185
272,186,271,187,270,187,269,188,268,188,268,189,267,190,267,191,266,192,266,193,266,194,266,195,267,196,268,196,269,197,270,198,271,198,272,199,273,199,274,200,275,200,276,199,277,199,278,198,278,197,279,196,280,195,280,194,281,193,281,192,281,191,281,190,280,189,280,188,279,187,278,187,277,186,276,186,275,186,274,186,273,186
183,192,183,193,182,194,182,195,182,196,182,197,182,198,181,199,181,200,180,201,180,202,180,203,180,204,180,205,180,206,180,207,180,208,180,209,180,210,180,211,181,211,182,211,183,211,184,211,185,211,186,211,187,210,188,210,189,210,190,210,191,210,192,210,193,211,194,211,195,211,196,212,197,211,197,210,198,209,199,208,200,207,200,206,201,205,201,204,200,203,199,202,199,201,199,200,198,199,197,199,196,198,195,197,194,197,193,196,192,195,191,195,190,194,189,194,188,193,187,193,186,193,185,192,184,192
264,196,263,197,262,197,261,198,260,198,259,199,258,199,257,199,256,199,255,200,254,200,253,201,252,202,251,203,250,203,249,204,248,205,247,206,246,206,245,207,244,208,243,208,242,209,241,210,240,210,239,211,238,211,238,212,238,213,237,214,237,215,236,216,236,217,236,218,236,219,236,220,237,221,237,222,238,223,239,224,240,225,240,226,241,227,242,228,243,228,244,228,245,228,246,227,247,227,248,227,249,227,250,226,251,226,252,226,253,225,254,225,255,225,256,225,257,225,258,225,259,225,259,224,259,223,260,222,260,221,261,220,262,219,262,218,263,217,263,216,264,215,265,214,266,213,267,213,268,212,269,212,270,211,271,210,272,209,273,209,274,208,274,207,275,206,275,205,275,204,274,203,274,202,274,201,273,200,272,200,271,199,270,199,269,198,268,197,267,197,266,196,265,196
209,204,208,205,207,205,206,205,205,205,204,206,203,206,202,205,201,206,201,207,200,208,199,209,198,210,198,211,197,212,197,213,197,214,197,215,198,216,198,217,198,218,199,219,199,220,199,221,199,222,200,223,200,224,201,225,201,226,201,227,200,228,200,229,200,230,200,231,201,232,202,233,203,233,204,234,205,235,206,235,207,235,208,235,209,235,209,234,210,233,211,232,212,231,213,230,214,229,215,228,216,227,217,226,218,225,219,225,220,224,221,223,222,222,222,221,223,220,223,219,224,218,224,217,225,216,225,215,225,214,224,213,224,212,224,211,223,210,222,209,221,208,220,207,219,207,218,207,217,206,216,206,215,206,214,205,213,205,212,205,211,204,210,204
187,211,186,212,185,212,184,212,183,212,182,212,181,212,180,212,180,213,180,214,179,215,179,216,178,217,178,218,178,219,178,220,177,221,177,222,177,223,178,224,178,225,179,226,179,227,180,228,181,228,182,228,183,229,184,229,185,229,186,229,187,228,188,228,189,227,190,227,191,226,192,225,193,224,193,223,194,222,194,221,194,220,195,219,195,218,195,217,195,216,195,215,196,214,196,213,195,212,194,212,193,212,192,211,191,211,190,211,189,211,188,211
215,230,214,231,213,231,212,232,211,233,210,234,210,235,210,236,210,237,210,238,211,238,212,239,213,239,214,239,215,239,216,239,217,239,218,238,219,237,220,236,220,235,221,234,221,233,220,232,219,231,218,230,217,230,216,230
300,232,299,233,298,233,297,234,296,234,295,235,294,236,293,237,292,238,291,239,290,240,289,241,289,242,288,243,287,244,287,245,287,246,287,247,287,248,287,249,287,250,287,251,287,252,287,253,287,254,288,255,289,256,290,256,291,257,292,258,293,258,294,258,295,258,296,257,297,257,298,256,299,256,300,255,301,254,301,253,302,252,303,251,304,250,304,249,304,248,305,247,305,246,305,245,305,244,306,243,306,242,306,241,306,240,307,239,307,238,307,237,306,236,307,235,306,234,305,233,304,232,303,232,302,232,301,232
222,234,221,235,221,236,220,237,219,238,218,239,217,240,216,240,215,240,214,240,213,240,212,240,211,239,210,239,209,239,208,240,207,240,206,241,205,242,204,242,203,241,202,242,202,243,201,244,200,244,199,245,198,246,198,247,197,248,197,249,197,250,197,251,197,252,197,253,197,254,198,255,198,256,199,257,199,258,200,259,200,260,201,261,202,262,203,262,204,263,205,263,206,263,207,263,208,263,209,263,210,263,211,263,212,262,213,261,214,261,215,261,216,260,217,259,218,258,219,257,220,256,221,255,222,254,223,253,224,252,225,251,226,250,227,249,228,248,229,247,230,246,231,245,232,244,233,243,233,242,234,241,234,240,233,239,233,238,232,237,231,236,230,235,229,235,228,234,227,234,226,234,225,234,224,234,223,234
279,234,278,235,277,235,276,236,275,236,274,237,273,238,272,238,271,239,270,240,269,241,268,242,267,243,266,243,265,244,264,245,264,246,264,247,263,248,263,249,263,250,262,251,262,252,262,253,263,254,264,255,264,256,265,257,266,258,267,259,268,259,269,259,270,259,271,259,272,258,273,258,274,257,275,256,276,256,277,255,278,254,279,253,280,252,281,251,282,250,283,249,283,248,284,247,285,246,286,245,286,244,286,243,286,242,286,241,286,240,286,239,286,238,285,237,284,236,283,235,282,235,281,234,280,234
240,238,239,239,238,239,237,240,236,240,235,241,234,242,234,243,233,244,232,245,231,246,230,247,229,248,228,249,227,250,226,251,225,252,224,253,223,254,222,255,221,256,220,257,219,258,218,259,217,260,216,261,216,262,216,263,216,264,216,265,217,266,218,267,219,268,220,268,221,268,222,268,223,268,224,267,225,267,226,267,227,266,228,265,229,265,230,264,231,263,232,262,233,261,234,261,235,260,235,259,236,258,237,257,238,256,239,256,240,255,241,254,241,253,242,252,243,251,244,250,244,249,245,248,245,247,246,246,247,245,247,244,248,243,249,242,248,241,247,240,247,239,246,239,245,238,244,238,243,238,242,238,241,238
258,238,257,239,256,239,255,240,254,240,253,241,252,242,251,242,250,243,249,243,248,244,248,245,247,246,246,247,246,248,245,249,245,250,244,251,243,252,242,253,242,254,241,255,240,256,240,257,239,258,239,259,239,260,240,261,240,262,241,263,242,264,243,265,244,265,245,265,246,265,247,265,248,265,249,265,250,265,251,264,252,264,253,263,254,262,255,262,256,261,257,260,257,259,258,258,258,257,258,256,259,255,259,254,260,253,261,252,261,251,262,250,262,249,262,248,263,247,263,246,263,245,264,244,264,243,264,242,264,241,264,240,263,239,262,238,261,238,260,238,259,238
321,253,320,254,319,254,318,255,317,255,317,256,316,257,315,258,315,259,315,260,315,261,315,262,315,263,315,264,316,265,316,266,317,267,318,268,319,268,320,268,321,269,322,269,323,269,324,269,325,268,326,267,327,267,328,266,329,265,330,264,330,263,330,262,330,261,331,260,331,259,331,258,330,257,330,256,330,255,329,254,328,254,327,254,326,253,325,253,324,253,323,253,322,253
304,257,303,258,302,258,301,259,300,260,299,261,298,262,297,262,297,263,296,264,295,265,295,266,294,267,294,268,293,269,293,270,293,271,292,272,292,273,292,274,292,275,293,276,293,277,293,278,294,279,295,280,296,281,297,281,298,282,299,282,300,282,301,282,302,282,303,282,304,281,305,281,306,280,307,280,308,280,309,279,309,278,310,277,310,276,311,275,311,274,312,273,311,272,312,271,312,270,312,269,311,268,312,267,311,266,311,265,311,264,311,263,310,262,310,261,309,260,309,259,308,258,307,258,306,257,305,257
260,265,259,266,258,266,257,267,256,268,255,268,254,269,253,270,252,271,252,272,252,273,251,274,251,275,251,276,250,277,250,278,249,279,249,280,249,281,248,282,248,283,248,284,247,285,247,286,247,287,247,288,247,289,248,289,249,289,250,290,251,290,252,290,253,290,254,290,255,290,256,289,257,289,258,289,259,288,260,288,261,287,262,286,263,285,264,284,265,283,266,283,267,282,268,281,269,280,270,279,271,278,271,277,271,276,272,275,272,274,272,273,272,272,272,271,272,270,271,269,271,268,270,267,269,266,268,266,267,266,266,265,265,265,264,265,263,265,262,265,261,265
243,269,242,270,241,270,240,271,239,272,238,272,237,273,236,274,236,275,235,276,234,277,233,278,232,279,232,280,231,281,231,282,231,283,231,284,231,285,231,286,232,287,232,288,233,289,234,290,235,291,236,291,237,292,238,292,239,292,240,291,241,291,242,290,243,290,244,289,245,289,246,288,246,287,246,286,246,285,247,284,247,283,247,282,248,281,248,280,248,279,249,278,249,277,250,276,250,275,250,274,251,273,251,272,251,271,250,270,249,270,248,269,247,269,246,269,245,269,244,269
273,280,272,281,271,281,270,282,269,282,268,283,267,284,266,284,265,285,264,286,264,287,263,288,262,289,261,290,260,291,260,292,259,293,258,294,258,295,257,296,257,297,256,298,256,299,255,300,255,301,255,302,255,303,255,304,255,305,256,306,256,307,257,307,258,308,259,308,260,308,261,308,262,308,263,308,264,307,265,307,266,307,267,308,268,308,269,308,270,308,271,307,272,306,273,305,274,305,275,304,276,303,277,302,278,302,279,301,280,301,280,300,281,299,282,298,283,297,283,296,284,295,285,294,285,293,286,292,286,291,286,290,285,289,285,288,285,287,284,286,284,285,283,284,283,283,282,282,281,281,280,281,279,280,278,280,277,280,276,280,275,280,274,280
306,291,305,292,304,292,303,293,302,293,301,294,300,295,299,296,298,297,297,298,296,299,296,300,296,301,295,302,295,303,295,304,295,305,295,306,296,307,296,308,297,308,298,309,299,309,300,309,301,310,302,310,303,310,304,310,305,309,306,309,307,308,308,308,309,307,310,306,311,305,311,304,312,303,312,302,312,301,313,300,313,299,313,298,313,297,313,296,313,295,313,294,312,293,311,292,310,292,309,291,308,291,307,291
285,300,284,301,283,301,282,301,281,302,280,302,279,303,278,304,277,304,276,304,275,305,274,306,273,306,272,307,271,308,270,309,269,309,270,310,269,311,268,312,267,313,267,314,266,315,266,316,266,317,266,318,266,319,266,320,267,321,268,322,269,322,270,323,271,323,272,323,273,323,274,324,275,324,276,324,277,323,278,322,279,322,280,321,281,320,281,319,282,318,283,317,284,316,284,315,285,314,286,313,287,312,288,311,288,310,289,309,290,308,290,307,291,306,291,305,291,304,291,303,290,302,290,301,289,301,288,301,287,300,286,300
326,423,325,424,324,425,323,425,322,426,321,427,320,428,320,429,319,430,319,431,318,432,318,433,318,434,318,435,318,436,319,437,319,438,320,439,321,440,322,441,323,442,324,443,325,443,326,443,327,443,328,444,329,444,330,445,331,445,332,445,332,444,333,443,334,443,334,442,335,441,336,441,336,440,337,439,338,438,338,437,339,436,339,435,339,434,339,433,339,432,339,431,339,430,339,429,339,428,338,427,337,426,336,425,335,424,334,424,333,423,332,423,331,423,330,423,329,423,328,423,327,423
303,430,302,431,301,431,300,432,299,433,298,434,298,435,298,436,297,437,297,438,297,439,297,440,297,441,298,442,298,443,299,444,299,445,300,446,301,447,302,447,303,447,304,447,305,447,306,447,307,447,308,447,309,447,310,447,311,447,312,447,313,446,314,445,314,444,314,443,314,442,315,441,315,440,315,439,315,438,314,437,314,436,314,435,313,434,313,433,312,432,311,431,310,431,309,431,308,430,307,430,306,430,305,430,304,430
359,431,358,432,357,432,356,432,355,432,354,433,353,434,352,435,352,436,351,437,351,438,351,439,350,440,350,441,350,442,350,443,350,444,350,445,350,446,350,447,351,448,351,449,352,450,353,451,354,452,355,452,356,453,357,454,358,454,359,454,360,454,361,454,362,455,363,455,364,455,365,455,366,454,367,454,368,454,369,454,370,453,371,453,372,453,373,452,374,451,375,450,376,449,376,448,377,447,377,446,377,445,377,444,377,443,377,442,377,441,376,440,376,439,375,438,375,437,374,436,373,435,372,434,371,434,370,433,369,433,368,433,367,432,366,432,365,432,364,431,363,431,362,431,361,431,360,431
402,441,401,442,400,442,399,443,399,444,399,445,398,446,398,447,398,448,398,449,398,450,398,451,398,452,398,453,399,454,399,455,400,456,401,456,402,457,403,457,404,458,405,458,406,459,407,459,408,460,409,459,410,459,411,458,412,457,413,456,414,455,415,454,415,453,415,452,415,451,415,450,415,449,415,448,414,447,414,446,413,445,412,444,411,443,410,442,409,442,408,441,407,441,406,441,405,441,404,441,403,441
333,445,332,446,331,446,331,447,330,448,329,448,328,449,327,449,326,450,325,451,324,452,324,453,323,454,323,455,322,456,322,457,322,458,321,459,321,460,321,461,321,462,321,463,321,464,321,465,321,466,321,467,321,468,321,469,321,470,322,471,322,472,322,473,323,474,324,475,325,476,326,477,327,477,328,478,329,478,330,479,331,479,332,479,333,479,334,479,335,479,336,479,337,478,338,478,339,478,340,477,341,477,342,477,343,476,344,475,345,474,346,474,346,473,347,472,347,471,348,470,348,469,348,468,348,467,349,466,349,465,349,464,349,463,349,462,350,461,350,460,349,459,350,458,349,457,350,456,349,455,349,454,349,453,348,452,348,451,347,450,346,449,345,448,344,447,343,447,342,446,341,446,340,446,339,446,338,446,337,446,336,446,335,446,334,445
299,447,298,448,297,449,296,450,296,451,295,452,295,453,295,454,295,455,295,456,295,457,295,458,295,459,295,460,296,461,296,462,297,463,298,464,299,465,300,465,301,465,302,465,303,465,304,465,305,465,306,465,307,465,308,464,309,464,310,464,311,463,312,462,313,461,314,460,314,459,315,458,315,457,315,456,315,455,315,454,315,453,315,452,314,451,314,450,313,449,313,448,312,448,311,448,310,448,309,448,308,448,307,448,306,448,305,448,304,448,303,448,302,448,301,448,300,447
398,456,397,457,396,458,395,459,395,460,395,461,394,462,394,463,394,464,394,465,394,466,393,467,393,468,393,469,394,470,394,471,394,472,394,473,394,474,395,475,396,476,397,477,398,477,399,477,400,477,401,477,402,476,403,476,404,476,405,475,406,474,407,473,407,472,408,471,408,470,408,469,408,468,408,467,408,466,408,465,408,464,407,463,407,462,407,461,407,460,406,460,405,459,404,459,403,458,402,458,401,457,400,457,399,456
373,460,372,461,371,461,370,461,369,462,368,462,367,462,366,463,365,464,364,464,363,465,362,466,361,467,361,468,361,469,360,470,360,471,360,472,359,473,360,474,359,475,360,476,360,477,360,478,360,479,360,480,361,481,362,482,362,483,363,484,364,485,365,485,366,486,367,486,368,486,369,486,370,486,371,486,372,486,373,486,374,485,375,485,376,485,377,484,378,484,379,484,380,483,381,483,382,483,383,482,384,482,385,481,386,481,387,480,388,479,389,478,390,477,390,476,391,475,390,474,391,473,391,472,391,471,391,470,391,469,390,468,390,467,390,466,389,466,388,465,387,464,387,463,386,462,385,462,384,462,383,461,382,461,381,460,380,460,379,460,378,460,377,460,376,460,375,460,374,460
284,461,283,462,282,463,282,464,282,465,281,466,281,467,281,468,281,469,281,470,281,471,281,472,282,473,282,474,282,475,282,476,283,477,283,478,284,479,285,480,286,481,287,481,288,482,289,482,290,482,291,482,292,481,293,481,294,481,295,480,296,480,297,479,298,478,299,477,299,476,299,475,299,474,299,473,299,472,298,471,298,470,297,469,297,468,296,467,296,466,295,465,294,464,294,463,293,463,292,462,291,462,290,461,289,461,288,461,287,461,286,461,285,461
423,470,422,471,421,472,420,473,419,474,419,475,418,476,417,477,417,478,417,479,417,480,417,481,418,482,418,483,418,484,419,485,420,486,421,486,422,487,423,487,424,488,425,488,426,488,427,488,428,487,429,487,429,486,430,485,430,484,431,483,431,482,431,481,431,480,431,479,431,478,431,477,430,476,430,475,429,474,429,473,428,472,427,471,426,471,425,470,424,470
403,484,402,485,401,485,400,485,399,485,398,486,397,486,396,487,395,488,395,489,394,490,394,491,393,492,393,493,393,494,393,495,393,496,393,497,393,498,393,499,393,500,394,501,394,502,394,503,395,504,395,505,396,506,396,507,397,508,398,509,399,509,400,510,401,510,402,510,403,510,404,511,405,510,406,510,407,510,408,510,409,510,410,510,411,510,412,510,413,510,414,509,414,508,415,507,416,506,417,505,418,504,418,503,419,502,419,501,419,500,419,499,420,498,420,497,419,496,419,495,419,494,418,493,418,492,417,491,417,490,416,489,415,488,414,487,413,487,412,486,411,486,410,485,409,485,408,484,407,484,406,484,405,484,404,484
287,485,286,486,285,486,284,487,284,488,283,489,283,490,283,491,283,492,283,493,283,494,283,495,283,496,284,497,285,498,285,499,286,500,287,501,288,502,289,503,290,503,291,504,292,504,293,504,294,504,295,504,296,504,297,504,298,504,299,504,300,503,301,503,302,503,303,502,303,501,304,500,304,499,304,498,305,497,305,496,305,495,304,494,304,493,303,492,303,491,303,490,302,490,301,489,300,489,299,488,298,487,297,487,296,487,295,487,294,486,293,486,292,486,291,486,290,485,289,485,288,485
368,491,367,492,366,492,365,492,364,492,363,493,362,493,361,494,360,495,359,495,358,496,357,497,356,498,355,499,354,500,353,501,353,502,353,503,352,504,352,505,352,506,351,507,351,508,351,509,351,510,351,511,352,511,353,511,354,511,355,511,356,511,357,511,358,511,359,511,360,511,361,511,362,511,363,511,364,511,365,511,366,511,367,511,368,511,369,511,370,511,371,511,372,511,373,511,374,511,375,511,376,511,377,511,378,511,379,511,380,511,381,511,382,511,383,511,384,511,385,511,386,511,387,511,388,510,389,510,389,509,389,508,389,507,389,506,388,505,388,504,387,503,387,502,386,501,386,500,385,499,384,498,383,497,382,496,381,495,380,495,379,494,378,494,377,493,376,493,375,493,374,492,373,492,372,492,371,491,370,491,369,491
332,496,331,497,330,497,329,497,328,497,327,497,326,497,325,498,324,498,323,499,322,500,321,500,321,501,320,502,319,503,318,504,317,505,317,506,316,507,316,508,316,509,317,510,318,510,319,510,320,511,321,511,322,511,323,511,324,511,325,511,326,511,327,511,328,511,329,511,330,511,331,511,332,511,333,511,334,511,335,511,336,511,337,511,338,511,339,511,340,511,341,510,342,510,343,510,344,509,345,508,346,507,346,506,346,505,346,504,345,503,345,502,344,501,343,500,342,499,341,498,340,498,339,498,338,497,337,497,336,497,335,497,334,496,333,496
