118,104,117,105,116,105,115,105,114,106,113,107,112,107,112,108,111,109,110,110,110,111,109,112,109,113,108,114,108,115,108,116,108,117,107,118,107,119,107,120,107,121,107,122,107,123,107,124,107,125,107,126,108,127,108,128,108,129,108,130,109,131,110,132,110,133,111,133,112,134,113,134,114,134,115,134,116,134,117,134,118,134,119,133,120,133,121,132,122,131,123,130,123,129,124,128,125,127,126,126,126,125,127,124,127,123,128,122,128,121,128,120,129,119,129,118,129,117,129,116,129,115,128,114,128,113,128,112,128,111,128,110,127,109,127,108,126,107,125,106,124,106,123,105,122,105,121,104,120,104,119,104
219,129,218,130,217,130,217,131,216,132,216,133,217,134,217,135,218,135,219,136,220,137,221,137,222,136,223,136,223,135,224,134,224,133,225,132,225,131,224,130,223,129,222,129,221,129,220,129
224,136,223,137,222,137,221,138,220,138,220,139,219,140,220,141,221,142,221,143,222,144,223,145,224,146,224,147,225,148,226,149,226,150,227,151,227,152,228,153,228,154,228,155,229,156,229,157,230,157,231,157,232,158,233,159,234,159,235,160,236,160,237,161,238,161,239,161,240,161,241,162,242,162,243,162,244,162,245,163,246,163,247,163,248,164,249,164,250,163,251,162,252,161,253,160,254,159,255,158,256,158,256,157,256,156,256,155,256,154,256,153,256,152,255,151,255,150,254,149,253,148,252,147,251,146,250,145,249,144,248,144,247,143,246,142,245,141,244,141,243,141,242,140,241,140,240,140,239,139,238,139,237,139,236,138,235,138,234,138,233,137,232,137,231,137,230,137,229,136,228,136,227,137,226,137,225,137
203,139,202,140,201,140,200,140,199,140,198,141,197,141,196,141,195,142,195,143,194,144,193,145,192,146,192,147,191,148,190,149,190,150,189,151,189,152,188,153,189,154,189,155,189,156,189,157,190,158,190,159,191,160,192,161,193,162,194,162,195,162,196,163,197,163,198,163,199,163,200,162,201,162,202,162,203,162,204,161,205,161,206,161,207,160,208,159,209,159,209,158,209,157,209,156,209,155,209,154,208,153,208,152,208,151,208,150,209,149,209,148,209,147,209,146,209,145,210,144,210,143,210,142,210,141,209,140,208,140,207,140,206,140,205,139,204,139
218,141,217,142,216,142,215,142,214,142,213,142,212,142,211,142,211,143,211,144,210,145,210,146,210,147,210,148,210,149,209,150,209,151,209,152,209,153,210,154,210,155,210,156,210,157,210,158,210,159,211,159,212,159,213,159,214,160,214,161,215,161,216,162,217,162,218,163,219,164,220,164,221,164,222,164,223,163,224,163,225,162,226,161,226,160,227,159,228,158,228,157,228,156,227,155,227,154,227,153,226,152,226,151,225,150,225,149,224,148,223,147,223,146,222,145,221,144,220,143,220,142,219,141
164,143,163,144,162,144,161,144,160,144,159,145,158,145,158,146,157,147,157,148,157,149,156,150,156,151,156,152,155,153,156,154,156,155,156,156,156,157,157,158,158,159,158,160,159,161,160,161,161,162,162,162,163,162,164,162,165,161,166,161,167,161,168,161,169,161,170,161,171,161,172,162,173,161,174,161,175,160,176,160,177,159,178,158,179,158,180,157,180,156,180,155,179,154,179,153,178,152,177,151,176,150,176,149,175,148,174,147,173,146,172,145,172,144,171,143,170,143,169,143,168,143,167,143,166,143,165,143
255,159,254,160,253,161,252,162,251,163,250,164,249,165,250,166,250,167,250,168,250,169,250,170,250,171,250,172,250,173,250,174,250,175,250,176,250,177,250,178,250,179,250,180,250,181,250,182,249,183,249,184,248,185,247,186,246,187,245,187,244,188,244,189,244,190,244,191,244,192,245,193,245,194,246,194,247,195,248,195,249,196,250,196,251,196,252,197,253,197,254,196,255,196,256,195,257,194,258,193,259,192,260,191,260,190,261,189,261,188,262,187,262,186,263,185,263,184,264,183,264,182,265,181,266,180,267,179,267,178,268,177,268,176,269,175,269,174,270,173,270,172,270,171,269,170,269,169,269,168,269,167,268,166,267,165,266,164,266,163,265,162,264,161,263,161,262,160,261,160,260,160,259,160,258,159,257,159,256,159
181,160,180,161,179,161,178,161,177,161,176,162,175,161,174,162,173,162,172,163,171,164,170,165,169,165,168,166,168,167,167,168,167,169,167,170,166,171,167,172,167,173,168,174,168,175,168,176,169,177,169,178,169,179,170,180,171,180,172,181,173,181,174,182,175,182,176,183,177,183,178,183,179,183,180,182,181,182,182,182,183,181,184,180,185,180,186,179,187,179,188,178,189,177,190,176,191,175,192,174,193,173,193,172,194,171,194,170,194,169,194,168,194,167,194,166,193,165,192,164,192,163,191,163,190,162,189,161,188,161,187,160,186,160,185,160,184,160,183,160,182,160
235,161,234,162,233,162,232,162,231,163,230,164,229,165,229,166,228,167,228,168,228,169,228,170,228,171,228,172,229,173,229,174,229,175,230,176,230,177,231,178,231,179,232,180,233,181,234,181,235,182,236,183,237,183,238,184,239,185,240,186,241,186,242,186,243,186,244,187,245,186,246,186,247,185,248,184,248,183,249,182,249,181,249,180,249,179,249,178,249,177,249,176,249,175,249,174,249,173,249,172,249,171,249,170,249,169,249,168,249,167,249,166,248,165,247,164,246,164,245,164,244,163,243,163,242,163,241,163,240,162,239,162,238,162,237,162,236,161
212,164,211,165,210,165,209,165,208,165,207,165,206,165,205,165,204,165,203,165,202,165,201,165,200,166,200,167,199,168,199,169,199,170,199,171,199,172,199,173,199,174,198,175,199,176,199,177,200,178,200,179,200,180,201,181,201,182,202,183,203,184,204,185,204,186,205,187,206,188,207,188,208,189,209,190,210,190,211,190,212,189,213,189,214,188,215,188,216,187,216,186,217,185,218,184,219,183,220,182,221,182,222,181,223,180,224,179,224,178,225,177,225,176,225,175,225,174,225,173,225,172,225,171,224,170,223,169,223,168,222,167,221,166,220,166,219,165,218,165,217,165,216,165,215,165,214,165,213,164
155,169,154,170,153,170,152,170,151,170,150,171,149,171,148,172,147,173,146,174,145,175,144,176,143,177,143,178,143,179,143,180,142,181,142,182,142,183,142,184,142,185,142,186,142,187,143,188,143,189,143,190,144,190,145,191,146,191,147,191,148,191,149,191,150,191,151,191,152,190,153,190,154,190,155,189,156,189,157,189,158,188,159,188,160,187,161,186,162,185,163,185,164,184,165,183,166,182,167,181,168,180,168,179,168,178,168,177,167,176,167,175,167,174,166,173,166,172,165,172,164,171,163,171,162,170,161,170,160,170,159,170,158,169,157,169,156,169
169,180,168,181,167,182,166,183,165,184,164,185,163,186,162,186,161,187,160,188,159,189,159,190,159,191,158,192,158,193,157,194,157,195,157,196,157,197,157,198,157,199,156,200,156,201,156,202,156,203,156,204,156,205,156,206,157,207,157,208,158,209,159,209,160,210,161,210,162,211,163,211,164,211,165,211,166,211,167,211,168,211,169,210,170,209,171,208,171,207,172,206,172,205,173,204,173,203,174,202,175,201,176,200,176,199,176,198,176,197,176,196,176,195,177,194,177,193,178,192,178,191,178,190,178,189,178,188,178,187,178,186,177,185,177,184,176,184,175,183,174,183,173,182,172,182,171,181,170,181
228,181,227,182,226,182,225,183,224,184,224,185,223,186,223,187,222,188,222,189,222,190,222,191,221,192,221,193,221,194,221,195,221,196,222,197,222,198,223,199,224,200,225,200,226,200,227,200,228,200,229,200,230,200,231,200,232,200,233,199,234,200,235,199,236,198,237,198,238,197,239,196,239,195,239,194,239,193,240,192,239,191,239,190,239,189,239,188,239,187,239,186,238,185,237,184,236,184,235,183,234,182,233,182,232,181,231,181,230,181,229,181
294,182,293,183,292,183,291,184,291,185,290,186,290,187,290,188,290,189,290,190,290,191,290,192,290,193,290,194,290,195,291,196,291,197,292,198,293,199,294,199,295,199,296,200,297,199,298,199,299,198,300,197,300,196,301,195,301,194,301,193,302,192,302,191,301,190,301,189,301,188,301,187,300,186,299,185,298,184,297,184,296,183,295,182
200,186,199,187,198,187,197,188,197,189,196,190,195,191,194,192,194,193,194,194,193,195,193,196,192,197,192,198,192,199,192,200,192,201,192,202,193,203,194,203,195,204,196,204,197,204,198,204,199,204,200,204,201,205,202,205,203,205,204,204,205,203,206,203,207,202,208,201,208,200,209,199,210,198,210,197,210,196,210,195,210,194,210,193,209,192,209,191,208,190,207,189,206,189,205,188,204,187,203,187,202,187,201,186
273,188,272,189,271,189,270,189,269,190,268,190,267,191,266,192,266,193,266,194,265,195,265,196,266,197,266,198,266,199,266,200,266,201,266,202,267,203,267,204,268,205,268,206,268,207,269,208,270,209,271,210,272,210,273,211,274,211,275,211,276,211,277,211,278,211,279,211,280,210,281,210,282,209,283,208,284,207,285,206,285,205,285,204,285,203,286,202,286,201,286,200,286,199,286,198,286,197,286,196,286,195,285,194,284,193,283,192,283,191,282,191,281,190,280,189,279,189,278,188,277,188,276,188,275,188,274,188
182,197,181,198,180,198,179,199,178,200,177,200,176,201,175,202,174,203,174,204,173,205,173,206,172,207,172,208,171,209,170,210,169,211,169,212,169,213,169,214,169,215,169,216,170,216,171,217,172,217,173,217,174,218,175,218,176,218,177,218,178,219,179,219,180,219,181,219,182,218,183,218,184,217,185,217,186,217,187,217,188,216,189,216,189,215,189,214,189,213,189,212,189,211,189,210,190,209,190,208,190,207,191,206,191,205,191,204,191,203,191,202,191,201,190,200,189,199,188,198,187,198,186,197,185,197,184,197,183,197
303,199,302,200,301,200,300,200,299,201,298,201,297,202,296,203,295,204,294,205,293,206,292,207,291,208,290,209,289,210,288,211,287,212,287,213,286,214,285,215,285,216,285,217,285,218,285,219,286,220,286,221,286,222,287,223,287,224,288,224,289,224,290,224,291,224,292,224,293,224,294,223,295,222,296,221,297,220,298,219,299,218,300,217,300,216,301,215,302,214,303,213,304,212,304,211,305,210,306,209,307,208,308,207,309,206,310,205,311,204,310,203,310,202,309,201,308,200,307,200,306,199,305,199,304,199
192,203,192,204,192,205,192,206,191,207,191,208,191,209,190,210,190,211,190,212,190,213,190,214,190,215,190,216,191,217,192,217,193,217,194,218,195,218,196,218,197,219,198,219,199,218,200,217,201,217,202,216,203,216,203,215,204,214,204,213,204,212,204,211,205,210,204,209,204,208,203,207,203,206,202,206,201,206,200,205,199,205,198,205,197,205,196,205,195,205,194,204,193,204
216,204,215,205,214,205,213,205,212,205,211,206,210,206,209,207,208,207,207,208,207,209,206,210,205,211,205,212,205,213,205,214,204,215,204,216,204,217,205,218,205,219,206,220,206,221,207,222,207,223,208,224,209,224,210,225,211,225,212,226,213,226,214,226,215,226,216,225,217,225,218,224,219,224,220,224,221,224,222,224,223,223,224,223,225,223,226,222,227,222,228,221,229,220,229,219,230,218,230,217,230,216,231,215,231,214,231,213,230,212,230,211,230,210,229,209,228,208,227,207,226,206,225,206,224,205,223,205,222,205,221,205,220,205,219,205,218,204,217,204
255,204,254,205,253,206,252,207,252,208,251,209,251,210,251,211,251,212,251,213,251,214,251,215,252,216,253,217,254,218,255,219,255,220,256,220,257,221,258,222,259,222,260,223,261,223,262,223,263,224,264,224,265,225,266,225,267,224,268,224,269,223,270,223,271,222,272,221,273,220,273,219,274,218,274,217,274,216,275,215,274,214,273,213,272,213,271,212,270,211,269,210,269,209,268,209,267,208,266,207,265,207,264,206,263,206,262,205,261,205,260,205,259,204,258,204,257,204,256,204
311,205,310,206,309,207,308,208,307,209,306,210,305,211,305,212,304,213,303,214,302,215,301,216,301,217,300,218,299,219,298,220,297,221,296,222,295,223,294,224,294,225,294,226,294,227,295,228,296,229,297,230,298,230,299,231,300,231,301,231,302,231,303,231,304,231,305,230,306,230,307,230,308,229,309,229,310,228,311,227,312,226,312,225,313,224,314,223,315,222,315,221,316,220,317,219,317,218,318,217,319,216,319,215,319,214,320,213,320,212,320,211,320,210,319,209,318,208,317,207,316,206,315,206,314,205,313,205,312,205
168,217,167,218,166,219,165,220,164,220,163,221,162,222,162,223,162,224,161,225,161,226,161,227,161,228,161,229,161,230,160,231,159,232,159,233,159,234,159,235,159,236,159,237,159,238,159,239,160,240,161,240,162,240,163,240,164,240,165,240,166,240,167,239,168,239,169,239,170,239,171,239,172,239,173,239,174,239,175,238,176,237,177,236,178,236,179,236,179,235,179,234,178,233,178,232,178,231,178,230,178,229,178,228,179,227,179,226,179,225,179,224,180,223,180,222,180,221,180,220,179,220,178,220,177,219,176,219,175,219,174,219,173,218,172,218,171,218,170,217,169,217
188,217,187,218,186,218,185,218,184,218,183,219,182,219,181,220,181,221,181,222,181,223,180,224,180,225,180,226,180,227,179,228,179,229,179,230,179,231,179,232,179,233,180,234,180,235,180,236,180,237,181,236,182,237,183,237,184,238,185,238,186,238,187,238,188,238,189,238,190,237,191,237,192,237,193,236,194,236,195,236,196,235,197,235,198,234,199,234,200,233,200,232,201,231,201,230,201,229,201,228,201,227,201,226,201,225,200,224,200,223,200,222,199,221,198,220,197,220,196,219,195,219,194,219,193,218,192,218,191,218,190,217,189,217
238,219,237,220,236,221,235,221,234,221,233,222,232,223,231,223,230,224,230,225,229,226,229,227,228,228,228,229,228,230,228,231,228,232,229,233,229,234,230,235,231,235,232,236,233,237,234,238,235,238,236,238,237,239,238,239,239,239,240,240,241,240,242,240,243,240,244,240,245,239,246,239,247,238,247,237,248,236,248,235,248,234,248,233,248,232,248,231,248,230,248,229,248,228,248,227,249,226,249,225,249,224,250,223,249,222,248,222,247,222,246,221,245,221,244,220,243,220,242,220,241,219,240,219,239,219
251,223,250,224,250,225,250,226,249,227,249,228,249,229,249,230,249,231,249,232,249,233,249,234,249,235,249,236,248,237,249,238,250,239,251,240,252,241,253,241,254,241,255,241,256,241,257,241,258,240,259,239,260,239,261,238,262,237,263,236,264,235,265,234,266,233,267,232,267,231,267,230,267,229,267,228,267,227,266,226,265,226,264,225,263,225,262,224,261,224,260,224,259,223,258,223,257,223,256,223,255,224,254,223,253,224,252,224
313,227,312,228,311,228,310,229,309,230,308,230,308,231,307,232,307,233,306,234,306,235,305,236,306,237,307,238,308,239,308,240,309,241,310,242,311,243,312,243,313,244,314,244,315,245,316,245,317,244,318,244,319,243,320,243,321,243,322,242,323,241,324,240,325,239,325,238,326,237,326,236,326,235,326,234,326,233,325,232,324,231,323,230,322,229,321,228,320,228,319,228,318,227,317,227,316,227,315,227,314,227
285,231,284,232,283,232,282,233,281,233,280,233,279,234,278,234,277,235,276,236,275,237,274,238,273,239,272,240,272,241,271,242,270,243,270,244,270,245,270,246,270,247,270,248,270,249,270,250,270,251,270,252,271,253,271,254,272,255,273,256,274,256,275,257,276,257,277,257,278,257,279,257,280,257,281,258,281,257,282,256,282,255,283,254,283,253,284,252,284,251,285,250,286,249,287,248,288,247,288,246,289,245,290,245,291,244,292,243,293,242,294,241,295,240,296,239,296,238,297,237,298,236,298,235,297,234,296,234,295,233,294,232,293,232,292,231,291,231,290,231,289,231,288,231,287,231,286,231
205,232,204,233,203,233,202,234,201,234,200,234,199,235,198,235,197,236,196,236,195,237,194,237,193,237,192,238,191,238,190,238,189,239,188,239,187,239,186,239,185,239,184,239,183,238,182,238,181,238,180,238,179,239,178,240,177,240,176,240,175,241,174,242,174,243,173,244,173,245,173,246,173,247,173,248,173,249,173,250,174,251,174,252,175,253,176,254,177,255,178,255,179,256,180,256,181,256,182,257,183,258,184,258,185,258,186,258,187,258,188,258,189,257,190,257,191,256,192,255,193,255,194,254,195,253,196,252,197,251,198,250,199,249,200,248,201,247,202,246,203,245,204,245,205,244,206,243,207,243,208,242,209,241,210,240,211,239,211,238,212,237,212,236,212,235,212,234,211,233,210,232,209,232,208,232,207,232,206,232
221,236,220,237,219,237,218,238,217,238,216,238,215,238,214,239,213,240,212,240,211,241,210,242,209,242,208,243,208,244,207,245,206,246,206,247,205,248,205,249,205,250,205,251,205,252,205,253,205,254,205,255,206,256,206,257,207,258,207,259,207,260,208,260,209,260,210,260,211,260,212,260,213,260,214,260,215,261,216,260,217,259,218,259,219,259,220,258,221,258,222,257,223,257,224,256,224,255,225,254,226,253,227,252,228,251,229,250,229,249,229,248,229,247,229,246,229,245,230,244,230,243,230,242,230,241,230,240,230,239,229,238,228,238,227,237,226,237,225,237,224,237,223,236,222,236
299,236,298,237,297,238,297,239,296,240,295,241,294,242,293,243,292,244,291,245,290,246,289,246,289,247,288,248,287,249,286,250,285,251,285,252,284,253,284,254,283,255,283,256,282,257,282,258,283,258,284,259,285,260,286,261,287,262,288,262,289,262,290,263,291,263,292,264,293,263,294,263,295,263,296,263,297,263,298,263,299,262,300,262,301,261,302,260,303,260,304,259,305,258,306,257,306,256,307,255,308,254,308,253,308,252,309,251,309,250,309,249,309,248,309,247,309,246,309,245,309,244,309,243,309,242,308,241,307,240,307,239,306,238,305,237,304,237,303,237,302,236,301,236,300,236
233,239,232,240,231,240,231,241,231,242,231,243,231,244,230,245,230,246,230,247,230,248,230,249,230,250,230,251,231,252,232,253,232,254,233,255,234,255,235,256,236,256,237,257,238,257,239,257,240,258,241,258,242,257,243,256,244,255,244,254,245,253,245,252,245,251,245,250,245,249,246,248,246,247,245,246,245,245,244,244,244,243,243,242,243,241,242,241,241,241,240,241,239,240,238,240,237,240,236,239,235,239,234,239
252,243,251,244,250,245,249,245,248,246,247,247,247,248,246,249,246,250,246,251,246,252,246,253,245,254,245,255,244,256,243,257,242,258,241,259,241,260,241,261,242,262,242,263,243,264,244,265,245,266,246,267,247,267,248,267,249,268,250,268,251,267,252,267,253,267,254,267,255,266,256,266,257,265,258,264,259,263,260,262,261,261,261,260,261,259,262,258,262,257,262,256,262,255,263,254,263,253,263,252,263,251,263,250,263,249,263,248,262,247,262,246,262,245,261,244,260,244,259,243,258,243,257,243,256,243,255,244,254,243,253,244
316,251,315,252,314,253,313,254,312,255,312,256,312,257,312,258,312,259,312,260,312,261,313,262,313,263,314,264,314,265,315,266,316,267,317,267,318,268,319,268,320,269,321,269,322,269,323,269,324,269,325,268,326,268,327,267,328,267,329,267,330,266,330,265,331,264,331,263,332,262,332,261,332,260,332,259,332,258,331,257,331,256,330,255,329,254,328,253,327,252,326,252,325,251,324,251,323,251,322,251,321,251,320,251,319,251,318,251,317,251
222,258,221,259,220,259,220,260,219,261,218,260,218,261,217,262,216,261,215,262,214,263,213,263,212,264,211,265,210,265,210,266,210,267,210,268,210,269,210,270,210,271,210,272,209,273,209,274,208,275,208,276,208,277,208,278,209,279,210,280,211,280,212,280,213,280,214,280,215,280,216,279,217,279,218,279,219,279,220,279,221,278,222,278,223,277,224,277,225,277,226,276,227,275,228,274,229,274,230,274,231,273,232,272,233,272,234,271,235,270,236,269,237,268,237,267,237,266,237,265,237,264,236,263,235,262,234,261,233,260,232,260,231,259,230,259,229,259,228,258,227,258,226,258,225,258,224,258,223,258
200,260,199,261,198,261,197,261,196,261,195,262,194,263,193,264,192,264,191,264,191,265,191,266,191,267,190,268,190,269,190,270,190,271,190,272,189,273,189,274,189,275,189,276,189,277,189,278,190,279,190,280,190,281,191,282,191,283,192,283,193,284,194,284,195,284,196,284,197,283,198,283,199,282,200,281,201,280,202,280,203,279,204,278,205,278,206,277,207,277,207,276,207,275,208,274,208,273,209,272,209,271,209,270,209,269,209,268,209,267,209,266,209,265,209,264,208,263,207,262,206,261,205,261,204,261,203,261,202,261,201,260
341,262,340,263,339,263,338,264,337,265,336,265,335,266,334,267,334,268,333,269,333,270,333,271,333,272,333,273,334,274,334,275,335,275,336,276,337,276,338,276,339,276,340,276,341,276,342,276,343,275,344,275,345,274,346,273,347,272,347,271,348,270,348,269,348,268,348,267,349,266,349,265,348,264,348,263,347,262,346,262,345,262,344,262,343,262,342,262
268,263,267,264,266,264,265,265,264,265,263,266,262,267,261,267,261,268,260,269,259,270,259,271,259,272,258,273,258,274,258,275,258,276,258,277,258,278,258,279,258,280,258,281,258,282,258,283,258,284,259,285,260,286,261,287,262,288,263,288,264,288,265,289,266,289,267,288,268,288,269,288,270,288,271,288,272,287,273,287,274,286,275,286,276,285,277,284,278,284,279,283,279,282,280,281,280,280,281,279,281,278,281,277,281,276,281,275,281,274,280,273,280,272,280,271,280,270,279,269,279,268,278,267,277,266,276,265,275,264,274,264,273,263,272,263,271,263,270,263,269,263
299,263,298,264,297,264,296,264,295,264,294,264,293,264,292,265,291,265,290,266,289,266,288,267,288,268,287,269,287,270,287,271,286,272,286,273,286,274,286,275,286,276,286,277,286,278,286,279,287,280,287,281,288,282,288,283,288,284,289,285,289,286,290,287,291,287,292,288,293,288,294,289,295,288,296,288,297,288,298,288,299,288,300,287,301,287,302,287,303,286,304,286,305,285,306,284,307,284,307,283,308,282,309,281,310,280,310,279,311,278,311,277,312,276,312,275,313,274,313,273,313,272,313,271,313,270,313,269,313,268,313,267,312,266,311,266,310,265,309,264,308,264,307,263,306,263,305,263,304,263,303,263,302,263,301,263,300,263
234,276,233,277,232,277,231,277,230,277,229,277,228,277,227,278,226,278,225,278,224,279,223,279,222,279,221,279,220,280,219,281,219,282,218,283,218,284,217,285,216,286,216,287,215,288,215,289,215,290,215,291,215,292,216,293,216,294,217,295,218,296,219,296,220,296,221,296,222,296,223,296,224,296,225,295,226,295,227,295,228,294,229,294,230,293,231,293,232,292,233,292,234,291,235,291,236,290,237,290,238,289,239,289,240,288,241,287,242,286,243,285,244,284,245,283,245,282,245,281,245,280,244,279,244,278,243,277,242,277,241,277,240,277,239,276,238,276,237,276,236,276,235,276
334,276,333,277,332,277,331,277,330,277,329,277,328,278,327,278,326,278,325,279,324,280,323,281,323,282,323,283,323,284,323,285,323,286,323,287,323,288,323,289,323,290,324,291,324,292,325,293,326,294,327,295,328,295,329,294,330,294,331,294,332,294,333,293,334,293,335,292,336,292,337,292,338,291,339,290,340,289,341,288,342,287,343,286,343,285,343,284,343,283,344,282,343,281,343,280,342,279,341,278,340,277,339,277,338,277,337,277,336,277,335,276
204,283,203,284,202,284,201,284,201,285,200,286,200,287,200,288,200,289,201,290,202,291,203,291,204,292,205,291,206,291,207,291,208,290,209,289,209,288,209,287,209,286,209,285,208,284,207,284,206,284,205,284
262,289,261,290,260,290,259,290,258,290,257,291,256,291,255,291,254,292,253,293,253,294,252,295,252,296,252,297,251,298,251,299,252,300,252,301,253,302,254,303,255,304,255,305,256,306,256,307,257,308,258,309,259,310,260,311,261,311,262,311,263,312,264,312,265,312,266,312,267,312,268,312,269,312,270,312,271,311,272,311,273,310,274,309,275,308,276,307,277,306,277,305,277,304,277,303,278,302,278,301,278,300,278,299,278,298,277,297,277,296,276,295,276,294,275,294,274,293,273,292,272,292,271,292,270,292,269,291,268,291,267,291,266,290,265,290,264,290,263,290
303,291,302,292,301,292,300,292,299,293,298,293,297,294,296,295,295,296,295,297,294,298,293,299,293,300,293,301,292,302,292,303,292,304,292,305,291,306,290,306,291,307,291,308,291,309,291,310,291,311,291,312,292,312,293,313,294,314,295,315,296,316,297,316,298,315,299,315,300,315,301,314,302,313,303,313,304,312,305,311,306,311,307,310,308,309,309,308,309,307,310,306,311,305,312,304,312,303,313,302,313,301,314,300,314,299,314,298,314,297,315,296,314,295,314,294,314,293,313,292,312,291,311,291,310,291,309,291,308,291,307,291,306,291,305,291,304,291
344,291,343,292,342,292,341,292,340,292,339,292,338,292,337,293,336,293,335,293,334,294,333,294,332,295,331,295,330,295,329,295,328,296,327,297,326,298,325,298,324,299,323,299,322,300,321,301,320,302,319,303,319,304,319,305,319,306,319,307,320,308,321,309,322,309,323,310,324,310,325,310,326,310,327,310,328,310,329,310,330,310,331,310,332,309,333,309,334,309,335,308,336,308,337,307,338,307,339,306,340,306,341,306,342,305,343,305,344,304,345,304,346,304,347,303,348,303,349,302,350,302,351,301,352,301,353,300,353,299,354,298,354,297,354,296,354,295,353,294,353,293,352,292,351,292,350,292,349,291,348,291,347,291,346,291,345,291
241,302,240,303,239,304,238,304,237,305,236,306,236,307,235,308,235,309,235,310,235,311,236,312,236,313,237,314,238,315,239,316,239,317,240,317,241,318,242,319,243,319,244,320,245,320,246,321,247,321,248,321,249,320,250,320,251,319,252,319,253,318,254,317,254,316,255,315,255,314,255,313,255,312,255,311,255,310,255,309,254,308,254,307,253,306,253,305,252,304,251,304,250,303,249,303,248,303,247,302,246,302,245,302,244,302,243,302,242,302
283,305,282,306,281,306,280,306,279,306,278,306,277,307,276,308,275,309,274,310,273,311,272,312,271,312,270,313,269,313,269,314,268,315,267,316,266,317,265,318,265,319,264,320,264,321,264,322,264,323,264,324,265,325,265,326,265,327,266,328,267,328,268,328,269,329,270,329,271,329,272,329,273,329,274,329,275,328,276,328,277,327,278,326,279,325,280,324,281,323,282,323,283,322,283,321,284,320,285,319,286,318,287,317,287,316,288,315,289,314,289,313,290,312,290,311,290,310,290,309,290,308,290,307,289,306,288,306,287,305,286,305,285,305,284,305
330,314,329,315,328,315,327,315,326,316,325,316,324,317,323,318,322,319,321,320,320,321,320,322,320,323,319,324,319,325,319,326,319,327,320,328,321,329,322,330,323,330,324,331,325,331,326,331,327,331,328,331,329,331,330,332,331,332,331,331,332,330,333,330,334,329,335,329,335,328,336,327,337,326,337,325,338,324,338,323,338,322,338,321,338,320,337,319,337,318,336,317,335,316,334,315,333,315,332,315,331,314
308,317,307,318,306,318,305,318,304,318,303,319,302,320,301,321,300,321,299,322,299,323,298,324,297,325,296,326,295,327,294,328,293,329,293,330,292,331,291,332,291,333,290,334,290,335,290,336,289,337,289,338,290,339,290,340,291,341,292,341,293,341,294,340,295,340,296,339,297,338,298,338,299,337,300,336,301,336,302,335,303,335,304,334,305,333,306,332,307,332,308,331,309,331,310,330,311,330,312,329,313,328,314,328,315,327,316,326,316,325,317,324,317,323,317,322,316,321,316,320,315,319,314,319,313,319,312,318,311,318,310,317,309,317
323,331,322,332,321,333,320,334,319,335,318,336,317,337,316,338,316,339,315,340,314,341,314,342,314,343,315,344,316,344,317,344,318,344,319,344,320,345,321,344,322,343,323,342,324,341,325,340,326,339,327,338,328,337,329,336,330,335,331,334,331,333,330,333,329,332,328,332,327,332,326,332,325,332,324,332
339,333,338,334,337,334,336,334,335,335,334,335,333,335,332,335,331,335,330,336,329,337,328,338,327,339,326,340,325,341,324,342,323,343,322,344,321,345,320,346,320,347,321,348,321,349,322,349,323,349,324,350,325,349,326,349,327,349,328,349,329,348,330,348,331,348,332,347,333,347,334,347,335,346,336,346,337,346,338,346,339,345,340,345,341,345,342,345,343,344,344,344,345,345,346,345,347,344,348,344,349,343,350,343,351,342,352,342,353,342,354,341,354,340,354,339,354,338,354,337,353,336,353,335,352,335,351,334,350,334,349,334,348,334,347,333,346,333,345,333,344,333,343,333,342,333,341,333,340,333
304,335,303,336,302,336,301,337,300,337,299,338,298,339,297,339,296,340,297,341,296,342,296,343,296,344,296,345,296,346,296,347,297,348,297,349,297,350,297,351,297,352,298,353,298,354,298,355,299,355,300,356,301,356,302,356,303,356,304,356,305,356,306,355,307,354,308,353,308,352,309,351,309,350,310,349,310,348,310,347,310,346,311,345,312,344,313,343,313,342,313,341,313,340,312,339,311,338,311,337,310,336,309,335,308,335,307,335,306,335,305,335
344,346,343,347,342,347,341,348,340,348,339,348,338,348,337,349,336,349,335,349,334,350,333,350,332,350,331,351,330,351,329,351,328,352,327,353,326,353,325,353,324,353,323,354,322,354,321,355,320,356,319,356,318,357,317,358,317,359,316,360,316,361,315,362,315,363,315,364,315,365,316,366,316,367,317,368,318,368,319,368,320,369,321,369,322,369,323,368,324,368,325,367,326,367,327,366,328,366,329,365,330,364,331,363,332,362,333,362,334,361,335,360,336,360,337,360,338,360,339,359,340,359,341,358,342,357,343,357,344,356,345,355,346,355,347,354,348,354,349,353,350,352,351,351,352,350,352,349,352,348,351,347,350,347,349,346,348,346,347,346,346,346,345,346
355,353,354,354,353,354,352,354,351,354,350,355,349,356,348,356,347,355,346,356,345,356,344,357,344,358,343,359,342,359,341,359,340,360,339,360,338,361,337,361,336,362,335,363,334,364,333,365,332,366,331,367,331,368,331,369,332,370,332,371,333,372,334,372,335,372,336,372,337,372,338,371,339,371,340,371,341,371,342,371,343,370,344,370,345,370,346,369,347,369,348,368,349,368,350,368,351,368,352,367,353,367,354,367,355,367,356,367,357,367,358,368,359,367,360,367,361,367,362,367,363,367,363,366,364,365,365,364,366,363,366,362,366,361,366,360,366,359,366,358,365,357,365,356,364,355,363,354,362,353,361,353,360,353,359,353,358,353,357,353,356,353
359,368,358,369,357,369,356,369,355,370,354,369,353,369,352,370,351,370,350,370,349,371,348,371,347,371,346,371,345,372,344,372,343,372,342,372,341,372,340,373,339,374,338,374,337,375,336,375,335,375,334,376,333,376,332,377,331,378,330,379,330,380,329,381,329,382,328,383,328,384,328,385,328,386,328,387,329,388,329,389,330,389,331,389,332,389,333,389,334,389,335,388,336,388,337,387,338,387,339,386,340,385,341,385,342,385,343,384,344,384,345,384,346,383,347,383,348,383,349,383,350,383,351,383,352,382,353,382,354,382,355,382,356,382,357,382,358,381,359,381,360,380,361,380,362,380,363,380,364,379,365,378,366,378,366,377,367,376,367,375,367,374,367,373,367,372,367,371,366,370,365,369,364,368,363,368,362,368,361,368,360,368
352,383,351,384,350,384,349,384,348,384,347,384,346,384,345,385,344,385,343,385,342,386,341,386,340,386,339,387,338,388,337,388,336,389,335,389,334,390,334,391,333,392,332,393,332,394,332,395,332,396,332,397,333,397,334,398,335,398,336,398,337,399,338,398,339,398,340,398,341,397,342,397,343,397,344,396,345,396,346,395,347,395,348,394,349,394,350,393,351,393,352,392,353,392,354,391,355,390,356,389,356,388,356,387,357,386,357,385,357,384,357,383,356,383,355,383,354,383,353,383
358,393,357,394,356,394,355,394,354,394,353,395,352,395,351,396,350,396,349,396,348,396,347,396,346,397,345,397,344,397,343,398,342,398,341,398,340,399,339,399,338,399,338,400,337,401,336,401,335,402,335,403,335,404,335,405,336,406,337,406,338,407,339,407,340,407,341,407,342,408,343,408,344,408,345,408,346,408,347,408,348,407,349,407,350,407,351,407,352,407,353,406,354,406,355,406,356,405,357,405,358,405,359,405,360,404,361,404,362,404,363,403,364,403,365,402,366,401,367,401,367,400,368,399,369,398,369,397,369,396,368,395,367,394,366,393,365,393,364,393,363,393,362,393,361,393,360,393,359,393
377,405,376,406,375,406,374,406,373,407,372,407,371,408,370,409,369,409,368,410,367,410,366,410,365,411,364,412,363,413,362,414,361,415,360,415,359,416,358,417,357,417,356,418,355,418,354,419,353,419,352,420,352,421,352,422,352,423,353,424,354,425,355,425,356,425,357,426,358,426,359,426,360,426,361,426,362,426,363,426,364,426,365,426,366,426,367,426,368,426,369,425,370,425,371,425,372,424,373,424,374,424,375,423,376,422,377,421,378,420,379,419,379,418,380,417,380,416,380,415,381,414,381,413,381,412,381,411,381,410,381,409,381,408,380,407,379,406,378,405
353,407,352,408,351,408,350,409,349,409,348,409,347,409,346,409,345,409,344,410,343,410,342,410,341,410,340,411,339,411,338,412,337,412,337,413,337,414,337,415,338,416,339,416,340,417,341,417,342,417,343,418,344,418,345,418,346,418,347,418,348,418,349,418,350,418,351,418,352,419,353,418,354,418,355,417,356,417,357,416,358,416,359,415,360,414,361,414,362,413,363,412,364,411,365,410,365,409,364,408,363,408,362,408,361,407,360,408,359,408,358,408,357,408,356,408,355,408,354,407
390,409,389,410,388,410,387,411,386,412,385,412,385,413,384,414,384,415,383,416,383,417,383,418,383,419,383,420,383,421,383,422,384,422,385,423,386,423,387,424,388,424,389,424,390,424,391,424,392,424,393,424,394,424,395,424,396,424,397,424,398,424,399,424,400,424,400,423,401,422,401,421,402,420,403,419,403,418,403,417,404,416,404,415,403,414,403,413,402,412,401,411,400,410,399,410,398,410,397,409,396,409,395,409,394,409,393,409,392,409,391,409
325,421,324,422,323,422,322,422,321,422,320,423,319,424,318,425,318,426,317,427,317,428,317,429,317,430,318,431,318,432,319,433,320,434,320,435,321,436,322,436,323,436,324,436,325,435,326,435,327,435,328,434,329,433,330,433,331,433,332,432,333,431,334,431,334,430,334,429,335,428,335,427,334,426,334,425,333,424,332,423,331,423,330,422,329,422,328,422,327,422,326,422
381,423,380,424,379,425,378,426,377,427,377,428,377,429,377,430,377,431,377,432,377,433,378,434,379,435,380,435,381,436,382,436,383,436,384,436,385,436,386,436,387,435,388,435,389,435,390,435,391,436,392,437,393,437,394,437,395,437,396,437,397,437,398,437,399,437,400,437,401,437,402,437,403,436,404,435,405,435,406,434,406,433,406,432,406,431,405,430,405,429,404,428,403,427,402,426,401,426,400,425,399,425,398,425,397,425,396,425,395,425,394,425,393,425,392,425,391,425,390,425,389,425,388,425,387,425,386,424,385,424,384,423,383,423,382,423
301,427,300,428,299,429,298,430,297,431,296,432,296,433,295,434,295,435,296,436,296,437,296,438,296,439,297,440,297,441,298,442,299,443,300,443,301,444,302,445,303,445,304,445,305,446,306,445,307,445,308,445,309,445,310,444,311,443,311,442,312,441,312,440,313,439,313,438,313,437,313,436,313,435,313,434,313,433,312,432,311,431,311,430,310,430,309,429,309,428,308,428,307,427,306,427,305,427,304,427,303,427,302,427
286,438,285,439,284,439,283,440,282,441,282,442,281,443,280,444,280,445,279,446,279,447,279,448,279,449,278,450,279,451,279,452,279,453,279,454,280,455,280,456,281,457,281,458,282,458,283,459,284,460,285,460,286,459,287,459,288,459,289,459,290,459,291,458,292,458,293,457,294,456,295,455,295,454,296,453,296,452,296,451,296,450,296,449,296,448,296,447,296,446,296,445,296,444,295,443,295,442,295,441,294,440,293,439,292,439,291,438,290,438,289,438,288,438,287,438
391,438,390,439,389,440,389,441,388,442,388,443,389,444,389,445,390,446,391,447,392,448,393,449,394,450,395,450,396,451,397,451,398,451,399,452,400,452,401,453,402,454,403,454,404,455,405,455,406,455,407,455,408,455,409,455,410,455,411,455,412,455,413,455,414,455,415,454,416,453,417,452,417,451,418,450,418,449,418,448,418,447,418,446,417,445,416,444,415,443,414,443,413,442,412,442,411,441,410,441,409,440,408,440,407,440,406,439,405,439,404,439,403,438,402,438,401,438,400,438,399,438,398,438,397,438,396,438,395,438,394,438,393,438,392,438
330,446,329,447,328,447,327,447,326,447,325,447,324,448,323,448,322,449,321,450,320,451,319,452,318,453,318,454,318,455,317,456,317,457,316,458,316,459,316,460,315,461,315,462,315,463,315,464,315,465,315,466,315,467,316,468,316,469,316,470,317,471,318,472,318,473,319,474,320,475,320,476,321,477,322,478,323,479,324,480,325,480,326,481,327,481,328,481,329,482,330,482,331,482,332,482,333,482,334,482,335,482,336,482,337,481,338,481,339,481,340,481,341,481,342,480,343,480,344,480,345,479,346,478,347,477,348,476,348,475,349,474,349,473,350,472,350,471,350,470,351,469,351,468,351,467,351,466,351,465,351,464,351,463,351,462,351,461,350,460,350,459,350,458,349,457,349,456,349,455,348,454,348,453,347,452,346,451,346,450,345,449,344,448,343,448,342,447,341,447,340,447,339,447,338,447,337,446,336,446,335,446,334,446,333,446,332,446,331,446
367,457,366,458,365,458,364,458,363,459,362,459,361,460,360,460,359,461,358,462,357,463,357,464,356,465,355,466,355,467,354,468,354,469,354,470,353,471,353,472,353,473,352,474,352,475,352,476,352,477,352,478,352,479,353,480,353,481,353,482,353,483,354,484,354,485,355,486,356,487,356,488,357,489,358,490,359,491,360,491,361,492,362,492,363,493,364,493,365,494,366,494,367,495,368,494,369,494,370,495,371,494,372,494,373,494,374,493,375,493,376,492,377,492,378,492,379,491,380,490,381,489,382,488,383,487,384,486,384,485,385,484,385,483,386,482,386,481,386,480,386,479,387,478,387,477,387,476,387,475,387,474,387,473,387,472,387,471,387,470,387,469,386,468,386,467,386,466,385,465,384,464,384,463,383,462,382,461,381,460,380,459,379,459,378,459,377,458,376,457,375,457,374,457,373,457,372,457,371,457,370,457,369,457,368,457
274,459,273,460,273,461,272,462,271,463,271,464,271,465,271,466,271,467,272,468,272,469,272,470,273,471,273,472,274,473,275,474,276,474,277,475,278,475,279,475,280,475,281,475,282,474,283,474,284,473,285,472,285,471,286,470,286,469,286,468,286,467,286,466,286,465,286,464,286,463,285,462,285,461,284,461,283,460,282,459,281,459,280,459,279,459,278,459,277,459,276,459,275,459
423,468,422,469,421,469,420,470,419,470,418,471,418,472,417,473,417,474,417,475,417,476,417,477,417,478,417,479,417,480,417,481,416,482,417,483,417,484,418,485,418,486,419,487,419,488,420,488,421,489,422,489,423,490,424,490,425,490,426,490,427,490,428,490,429,490,430,490,431,490,432,490,433,490,434,490,435,489,435,488,435,487,435,486,435,485,435,484,435,483,435,482,435,481,435,480,434,479,434,478,433,477,433,476,433,475,433,474,433,473,432,472,431,471,430,471,429,470,428,469,427,469,426,469,425,468,424,468
399,477,398,478,397,478,396,478,395,479,394,479,394,480,393,481,392,481,391,482,391,483,390,484,390,485,389,486,389,487,388,488,388,489,387,490,387,491,387,492,386,493,386,494,386,495,385,496,385,497,385,498,386,499,386,500,385,501,386,502,386,503,387,504,387,505,388,506,388,507,389,508,389,509,390,509,391,509,392,510,393,510,394,510,395,510,396,511,397,511,398,511,399,511,400,511,401,511,402,511,403,511,404,511,405,511,406,511,407,511,408,511,409,510,410,510,411,510,412,510,413,509,413,508,414,507,414,506,415,505,416,504,416,503,417,502,417,501,417,500,417,499,418,498,418,497,418,496,418,495,418,494,418,493,418,492,418,491,418,490,419,489,418,488,418,487,417,486,417,485,416,484,416,483,415,482,414,481,413,480,412,479,411,478,410,478,409,478,408,477,407,477,406,477,405,477,404,477,403,477,402,477,401,477,400,477
149,482,148,483,147,483,146,483,145,484,144,484,143,484,142,485,141,486,141,487,140,488,140,489,140,490,139,491,139,492,139,493,140,494,140,495,140,496,141,497,141,498,142,499,143,500,144,500,145,501,146,501,147,501,148,501,149,501,150,501,151,500,152,500,153,499,154,499,155,498,156,497,157,496,157,495,158,494,158,493,158,492,159,491,159,490,159,489,158,488,158,487,157,486,156,485,155,484,154,484,153,483,152,483,151,482,150,482
323,491,322,492,321,492,320,493,319,493,318,494,317,495,317,496,316,497,316,498,315,499,315,500,314,501,314,502,313,503,313,504,312,505,312,506,312,507,311,508,311,509,311,510,312,510,313,511,314,511,315,511,316,511,317,511,318,511,319,511,320,511,321,511,322,511,323,511,324,511,325,511,326,511,327,511,328,511,329,511,330,511,331,511,332,511,333,511,334,511,335,511,336,511,337,511,338,511,339,511,340,511,341,511,342,511,343,511,344,511,345,511,346,511,347,511,348,511,349,510,349,509,349,508,349,507,349,506,349,505,348,504,348,503,348,502,348,501,347,500,347,499,346,498,346,497,345,496,344,495,343,495,342,494,341,494,340,493,339,493,338,493,337,492,336,492,335,492,334,491,333,491,332,491,331,491,330,491,329,491,328,491,327,491,326,491,325,491,324,491
283,496,282,497,281,497,280,497,279,498,278,499,277,500,276,501,276,502,275,503,275,504,275,505,275,506,275,507,276,508,276,509,277,510,278,511,279,511,280,511,281,511,282,511,283,511,284,511,285,511,286,511,287,511,288,511,289,511,290,511,291,511,292,511,293,511,294,511,295,511,296,511,297,511,298,511,299,510,300,510,300,509,300,508,300,507,300,506,299,505,298,504,297,503,296,502,295,501,294,500,293,499,292,498,291,497,290,497,289,497,288,497,287,496,286,496,285,496,284,496
177,498,176,499,175,499,174,500,173,501,172,502,171,503,171,504,171,505,170,506,170,507,170,508,170,509,170,510,171,510,172,510,173,511,174,511,175,511,176,511,177,511,178,511,179,511,180,511,181,511,182,511,183,511,184,510,185,509,186,508,186,507,186,506,186,505,186,504,186,503,186,502,185,501,184,500,183,499,182,498,181,498,180,498,179,498,178,498
364,498,363,499,362,499,361,500,360,500,359,501,358,502,357,502,357,503,356,504,356,505,355,506,355,507,354,508,354,509,353,510,354,510,355,510,356,510,357,511,358,511,359,511,360,511,361,511,362,511,363,511,364,511,365,511,366,511,367,511,368,511,369,511,370,511,371,511,372,511,373,511,374,511,375,511,376,511,377,511,378,511,379,511,380,511,381,511,382,511,383,511,384,511,385,511,386,511,387,510,388,510,388,509,388,508,387,507,387,506,386,505,386,504,385,503,385,502,384,501,383,501,382,500,381,499,380,499,379,499,378,499,377,498,376,498,375,498,374,498,373,498,372,498,371,498,370,498,369,498,368,498,367,498,366,498,365,498
417,503,417,504,416,505,415,506,415,507,414,508,414,509,413,510,413,511,414,511,415,511,416,511,417,511,418,511,419,511,420,511,421,511,422,511,423,511,424,511,425,511,426,511,427,511,428,511,429,511,430,511,431,511,432,510,433,510,433,509,432,508,432,507,431,506,431,505,430,505,429,504,428,504,427,503,426,503,425,503,424,503,423,503,422,503,421,503,420,503,419,503,418,503
139,505,138,506,137,506,136,507,135,508,134,509,134,510,134,511,135,511,136,511,137,511,138,511,139,511,140,511,141,511,142,511,143,511,144,511,145,511,146,511,147,511,148,511,149,511,150,511,150,510,150,509,149,508,148,507,148,506,147,506,146,505,145,505,144,505,143,505,142,505,141,505,140,505
