89,69,88,70,87,70,86,71,85,71,84,72,83,73,82,74,82,75,82,76,81,77,81,78,81,79,81,80,81,81,81,82,81,83,82,84,82,85,83,86,84,87,85,87,86,88,87,88,88,88,89,88,90,88,91,88,92,88,93,88,94,87,95,87,96,86,97,85,98,84,98,83,99,82,99,81,99,80,99,79,99,78,99,77,99,76,99,75,99,74,98,73,97,72,96,71,95,70,94,70,93,69,92,69,91,69,90,69
150,96,149,97,148,97,147,98,146,98,145,98,144,99,143,100,142,101,142,102,141,103,141,104,140,105,140,106,140,107,141,108,142,109,143,110,144,111,145,112,146,113,147,113,148,113,149,113,150,113,151,113,152,112,153,112,154,112,155,112,156,112,157,111,158,111,159,110,160,109,161,108,162,107,163,106,163,105,163,104,163,103,164,102,163,101,162,100,161,99,161,98,160,98,159,97,158,97,157,97,156,96,155,96,154,96,153,96,152,96,151,96
172,99,171,100,170,100,169,100,168,100,167,101,166,101,165,102,164,103,164,104,164,105,164,106,164,107,165,108,165,109,166,110,167,111,168,112,169,112,170,113,171,113,172,113,173,113,174,113,175,114,176,114,177,114,178,114,179,114,180,114,181,114,182,114,183,113,184,113,185,112,186,112,187,111,188,110,189,110,188,109,189,108,189,107,189,106,188,105,188,104,187,103,187,102,186,102,185,101,184,101,183,100,182,100,181,100,180,100,179,100,178,100,177,100,176,100,175,99,174,99,173,99
137,106,136,107,135,107,134,107,133,108,132,109,131,110,130,110,129,111,129,112,129,113,128,114,127,115,127,116,127,117,127,118,127,119,126,120,126,121,126,122,126,123,126,124,126,125,127,126,127,127,127,128,127,129,127,130,127,131,128,131,129,131,130,132,131,132,132,132,133,133,134,133,135,133,136,133,137,134,138,134,139,134,140,134,141,135,142,135,143,136,144,137,144,136,144,135,145,134,146,133,146,132,147,131,147,130,148,129,148,128,149,127,149,126,150,125,150,124,151,123,150,122,149,121,148,120,147,119,147,118,147,117,146,116,146,115,146,114,145,113,144,112,143,111,142,110,141,109,140,108,139,107,139,106,138,106
66,107,65,108,64,108,63,109,62,110,62,111,61,112,61,113,61,114,61,115,61,116,61,117,62,118,63,118,64,119,65,119,66,119,67,119,68,119,69,118,70,118,71,117,72,116,73,115,73,114,73,113,73,112,73,111,72,110,71,109,71,108,70,108,69,107,68,107,67,107
188,111,187,112,186,113,185,113,184,114,183,114,182,115,181,115,180,116,179,117,178,118,178,119,177,120,176,121,176,122,175,123,176,124,176,125,176,126,176,127,176,128,176,129,177,130,177,131,178,132,178,133,179,133,180,134,180,135,181,136,182,137,183,137,184,138,185,138,186,139,187,139,188,140,189,140,190,141,191,141,192,141,193,141,194,141,195,141,196,142,197,142,198,141,199,141,200,141,201,141,202,140,203,139,204,139,205,138,206,137,206,136,207,135,207,134,208,133,208,132,208,131,208,130,208,129,208,128,208,127,208,126,208,125,208,124,208,123,208,122,207,121,207,120,207,119,206,118,206,117,206,116,205,115,204,114,203,113,202,113,201,112,200,112,199,112,198,111,197,111,196,111,195,111,194,111,193,111,192,111,191,111,190,111,189,111
220,113,219,114,218,114,218,115,217,116,217,117,217,118,216,119,216,120,217,121,217,122,217,123,218,124,219,125,220,126,220,127,221,127,222,128,223,128,224,129,225,130,226,129,227,129,228,129,229,129,230,129,231,128,232,127,233,126,234,125,235,124,235,123,235,122,234,121,233,120,232,119,231,118,230,117,229,116,228,116,227,115,226,115,225,114,224,114,223,113,222,113,221,113
165,121,164,122,163,122,162,122,161,122,160,122,159,122,158,122,157,123,156,123,155,123,154,123,153,124,152,123,151,124,151,125,150,126,150,127,149,128,149,129,148,130,148,131,147,132,147,133,146,134,145,135,145,136,145,137,145,138,146,139,147,140,147,141,148,142,148,143,149,143,150,143,151,144,152,144,153,144,154,143,155,143,156,143,157,143,158,143,159,143,160,142,161,142,162,142,163,142,164,142,165,142,166,142,167,141,168,141,169,141,170,141,171,141,171,140,171,139,172,138,173,137,173,136,174,135,174,134,174,133,175,132,175,131,176,130,175,129,175,128,175,127,175,126,175,125,175,124,174,123,173,123,172,122,171,122,170,122,169,122,168,122,167,121,166,121
227,130,226,131,225,131,224,131,223,132,222,132,221,133,220,134,219,135,218,136,218,137,217,138,217,139,217,140,217,141,217,142,217,143,217,144,218,145,218,146,219,147,220,148,220,149,221,150,222,151,222,152,223,153,223,154,224,154,225,155,226,155,227,155,228,155,229,155,230,155,231,155,232,155,233,155,234,155,235,155,236,155,236,154,237,153,238,152,239,152,240,151,241,150,242,149,243,148,244,148,245,147,246,146,247,145,248,144,249,143,250,142,250,141,251,140,251,139,252,138,252,137,252,136,251,135,250,134,249,133,248,133,247,132,246,131,245,131,244,131,243,131,242,131,241,131,240,131,239,131,238,131,237,131,236,131,235,130,234,130,233,130,232,130,231,130,230,130,229,130,228,130
126,132,125,133,124,134,123,135,122,136,122,137,121,138,121,139,121,140,121,141,121,142,121,143,122,144,122,145,122,146,122,147,123,148,123,149,123,150,124,151,124,152,124,153,124,154,124,155,124,156,125,157,125,158,125,159,125,160,125,161,125,162,125,163,126,164,126,165,127,166,127,167,128,168,129,169,130,169,131,170,132,170,133,171,134,171,135,171,136,171,137,171,138,171,139,170,140,170,141,169,142,168,143,167,144,166,144,165,145,164,145,163,145,162,146,161,146,160,147,159,147,158,147,157,148,156,148,155,148,154,147,153,147,152,147,151,148,150,148,149,148,148,147,147,147,146,147,145,147,144,147,143,147,142,146,141,146,140,145,139,144,138,143,137,142,136,141,136,140,135,139,135,138,135,137,135,136,134,135,134,134,134,133,134,132,133,131,133,130,133,129,132,128,132,127,132
167,142,166,143,165,143,164,143,163,143,162,143,161,143,160,143,159,144,158,144,157,144,156,144,155,144,154,144,153,145,152,145,151,145,151,146,150,147,149,148,149,149,149,150,149,151,149,152,150,153,150,154,149,155,150,156,150,157,151,158,151,159,152,160,152,161,153,162,154,163,154,164,155,165,156,166,157,166,158,167,159,167,160,168,161,168,162,168,163,169,164,169,165,169,166,170,167,170,168,170,169,170,170,171,171,170,172,170,173,170,174,169,175,169,176,169,177,168,178,168,179,167,180,166,181,165,182,164,182,163,182,162,183,161,183,160,183,159,183,158,183,157,183,156,183,155,183,154,182,153,182,152,182,151,181,150,181,149,180,148,179,147,179,146,178,146,177,145,176,144,175,144,174,143,173,142,172,142,171,142,170,142,169,142,168,142
253,142,252,143,251,144,250,145,249,146,248,147,247,148,246,148,246,149,245,150,244,150,244,151,243,152,243,153,242,154,241,154,240,154,240,155,240,156,239,157,238,157,238,158,238,159,238,160,239,161,239,162,239,163,240,164,241,165,242,166,242,167,242,168,242,169,243,169,244,168,245,168,246,168,247,167,248,167,249,166,250,165,251,165,252,164,253,164,254,164,255,163,256,163,257,163,258,162,259,162,260,162,261,162,262,161,263,161,264,161,265,161,266,160,267,160,268,160,269,159,270,159,270,158,270,157,270,156,270,155,269,154,269,153,269,152,269,151,269,150,268,149,267,148,267,147,266,146,265,145,264,144,263,144,262,144,261,143,260,143,259,142,258,142,257,142,256,142,255,142,254,142
209,144,208,145,207,145,206,146,205,146,205,147,204,148,203,149,203,150,203,151,202,152,202,153,203,154,203,155,203,156,204,157,204,158,205,158,206,158,207,158,208,158,209,158,210,159,211,159,212,160,213,160,214,160,215,161,216,161,217,162,218,162,219,161,220,162,220,161,221,160,221,159,222,158,222,157,222,156,223,155,222,154,222,153,221,152,221,151,220,150,219,149,219,148,218,147,217,146,217,145,216,146,215,146,214,145,213,144,212,144,211,144,210,144
225,156,224,157,223,157,223,158,222,159,222,160,221,161,221,162,221,163,222,164,222,165,222,166,223,167,223,168,224,169,224,170,225,171,226,170,227,170,228,170,229,170,230,170,231,170,232,170,233,169,234,169,235,169,235,168,236,167,236,166,237,165,237,164,237,163,238,162,238,161,237,160,237,159,237,158,237,157,237,156,236,156,235,156,234,156,233,156,232,156,231,156,230,156,229,156,228,156,227,156,226,156
204,159,203,160,202,160,201,161,200,161,199,162,198,162,197,163,196,164,195,165,194,166,194,167,193,168,192,169,192,170,191,171,191,172,191,173,191,174,191,175,192,176,192,177,192,178,193,179,193,180,194,181,194,182,195,182,196,183,197,183,198,184,199,184,200,184,201,183,202,183,203,183,204,184,205,185,206,185,207,185,208,186,209,186,210,186,211,186,212,186,213,186,213,185,214,184,215,183,216,182,216,181,217,180,217,179,218,178,218,177,218,176,218,175,218,174,219,173,219,172,219,171,219,170,219,169,219,168,219,167,218,166,218,165,217,164,217,163,216,162,215,162,214,161,213,161,212,161,211,160,210,160,209,159,208,159,207,159,206,159,205,159
156,167,155,168,154,169,153,170,152,171,151,172,150,173,149,174,148,175,149,176,150,177,151,178,151,179,152,180,152,181,153,182,154,183,155,184,156,185,157,186,158,187,159,188,160,189,161,190,162,191,163,192,164,193,165,194,166,195,167,196,167,197,168,198,169,199,169,200,170,201,170,202,171,203,171,204,171,205,172,206,172,207,173,208,173,209,174,210,174,211,175,212,175,213,176,213,177,213,178,212,179,212,180,211,181,210,182,210,183,209,184,208,184,207,185,206,186,205,186,204,187,203,187,202,187,201,187,200,187,199,187,198,187,197,186,196,185,195,184,194,184,193,183,192,183,191,182,190,181,189,181,188,181,187,182,186,182,185,182,184,182,183,183,182,183,181,184,180,185,179,185,178,186,177,186,176,186,175,187,174,186,174,185,175,184,175,183,174,183,175,182,176,181,175,180,175,179,174,178,174,177,174,176,174,175,174,174,173,173,173,172,173,171,172,170,172,169,171,168,171,167,171,166,171,165,170,164,170,163,170,162,169,161,169,160,169,159,168,158,168,157,167
233,170,232,171,231,171,230,171,229,171,228,171,227,171,226,171,225,172,224,173,224,174,224,175,223,176,223,177,223,178,223,179,223,180,224,181,224,182,224,183,224,184,224,185,225,185,226,186,227,187,228,187,229,188,230,188,231,188,232,187,232,186,233,185,234,185,235,184,236,183,236,182,237,181,237,180,237,179,237,178,238,177,238,176,238,175,238,174,237,173,236,172,235,171,235,170,234,170
146,176,145,177,144,177,143,178,142,178,141,179,141,180,140,181,139,182,139,183,138,184,138,185,137,186,136,187,135,188,135,189,134,190,134,191,134,192,133,193,133,194,133,195,132,196,132,197,132,198,132,199,132,200,132,201,132,202,132,203,132,204,132,205,132,206,133,207,133,208,134,209,134,210,134,211,135,212,135,213,136,214,137,215,137,216,138,217,139,218,140,219,141,220,142,221,143,222,144,222,145,223,146,223,147,223,148,222,149,221,150,221,151,220,152,220,153,220,154,220,155,219,156,219,157,219,158,219,159,219,160,219,161,219,162,219,163,219,164,219,165,218,166,218,167,218,168,217,169,217,170,217,171,216,172,216,173,216,174,215,175,214,174,213,174,212,173,211,173,210,172,209,172,208,171,207,171,206,170,205,170,204,170,203,169,202,169,201,168,200,168,199,167,198,166,197,166,196,165,195,164,194,163,193,162,192,161,191,160,190,159,189,158,188,157,187,156,186,155,185,154,184,153,183,152,182,151,181,151,180,150,179,150,178,149,177,148,176,147,176
237,183,236,184,235,185,234,186,233,186,233,187,232,188,231,189,231,190,231,191,230,192,230,193,230,194,230,195,230,196,230,197,230,198,229,199,229,200,229,201,229,202,229,203,229,204,230,205,230,206,230,207,231,208,231,209,232,210,233,211,234,211,235,212,236,212,237,212,238,212,239,211,240,211,241,211,242,210,243,210,244,209,245,208,246,207,246,206,247,205,248,204,248,203,248,202,249,201,249,200,249,199,249,198,249,197,249,196,249,195,248,194,248,193,248,192,247,191,247,190,246,189,245,188,244,187,243,187,242,186,241,185,240,185,239,184,238,184
222,185,221,186,220,186,219,187,218,187,217,188,216,188,215,189,214,189,213,190,212,190,211,191,210,192,209,192,208,193,207,194,207,195,207,196,207,197,207,198,207,199,208,200,209,201,209,202,210,203,211,204,212,204,213,205,214,206,215,206,216,207,217,208,218,208,219,208,220,208,221,208,222,208,223,208,224,207,225,207,225,206,226,205,226,204,227,203,228,202,228,201,228,200,228,199,229,198,229,197,229,196,229,195,229,194,229,193,229,192,230,191,230,190,230,189,229,189,228,188,227,188,226,187,225,186,224,186,223,185
305,200,304,201,303,201,302,202,301,203,300,204,299,205,298,206,297,207,297,208,296,209,296,210,295,211,295,212,294,213,293,214,293,215,292,216,291,217,291,218,291,219,290,220,290,221,290,222,290,223,291,224,291,225,292,226,293,227,294,228,295,228,296,228,297,228,298,228,299,228,300,228,301,227,302,227,303,226,304,226,305,226,306,225,307,225,308,224,309,224,310,224,311,224,312,224,313,223,314,223,315,222,316,222,317,221,318,220,319,219,320,218,321,217,321,216,321,215,321,214,321,213,320,212,320,211,320,210,319,210,318,209,317,208,316,207,315,206,315,205,314,204,314,203,313,202,312,201,311,200,310,200,309,200,308,200,307,200,306,200
204,207,203,208,202,208,201,208,200,208,199,209,198,210,197,211,196,212,196,213,196,214,197,215,197,216,198,217,198,218,199,219,199,220,199,221,198,222,198,223,198,224,198,225,198,226,198,227,197,228,196,228,197,229,197,230,197,231,197,232,197,233,197,234,198,235,199,236,199,237,199,238,200,239,201,240,202,241,203,241,204,241,205,241,206,241,207,240,207,239,208,238,209,238,210,237,211,236,211,235,212,234,213,234,214,233,215,232,215,231,215,230,215,229,215,228,214,227,213,226,213,225,212,224,212,223,211,222,211,221,211,220,211,219,211,218,211,217,211,216,211,215,211,214,212,213,212,212,212,211,213,210,212,210,211,209,210,208,209,207,208,207,207,207,206,207,205,207
189,219,188,220,187,220,186,221,185,222,184,223,183,224,183,225,182,226,182,227,182,228,183,229,183,230,184,231,184,232,184,233,184,234,185,235,185,236,185,237,184,238,184,239,183,240,182,240,182,241,182,242,182,243,181,244,181,245,181,246,181,247,181,248,181,249,181,250,181,251,181,252,181,253,181,254,182,254,183,255,184,255,185,255,186,255,187,256,188,255,189,256,190,255,191,255,192,254,193,254,194,253,195,252,196,252,197,251,198,250,199,249,199,248,200,247,199,246,199,245,199,244,199,243,199,242,199,241,199,240,199,239,198,238,197,237,197,236,197,235,196,234,196,233,196,232,196,231,196,230,195,229,195,228,195,227,195,226,195,225,194,224,194,223,194,222,193,221,192,221,191,220,190,219
258,219,257,220,256,220,255,221,254,222,253,223,252,224,251,224,250,224,249,224,248,225,247,226,246,226,246,227,245,228,244,229,244,230,244,231,244,232,244,233,244,234,244,235,244,236,244,237,245,238,245,239,246,240,246,241,247,242,248,243,249,243,250,243,251,244,252,244,253,244,254,244,255,244,256,244,257,245,258,245,259,245,260,245,261,246,262,246,263,246,264,246,265,246,266,245,267,245,268,245,269,244,270,243,271,242,272,241,272,240,273,239,273,238,273,237,274,236,274,235,274,234,274,233,273,232,273,231,272,230,272,229,271,228,271,227,270,226,270,225,269,224,268,223,268,222,267,221,266,220,265,220,264,220,263,219,262,219,261,219,260,219,259,219
170,234,169,235,168,235,167,236,167,237,166,238,166,239,165,240,164,241,164,242,163,243,162,244,161,245,161,246,160,247,161,248,161,249,161,250,161,251,162,252,162,253,162,254,163,255,163,256,164,257,165,257,166,258,167,259,168,259,169,259,170,259,171,260,172,260,173,259,174,259,175,259,176,258,177,257,178,257,179,256,179,255,180,254,180,253,180,252,180,251,180,250,180,249,180,248,180,247,180,246,180,245,180,244,181,243,181,242,181,241,181,240,180,239,179,238,178,237,177,236,176,235,175,235,174,234,173,234,172,234,171,234
301,235,300,236,299,236,298,237,297,237,296,237,295,237,294,238,293,238,292,239,291,239,290,240,289,240,288,241,287,242,286,243,286,244,286,245,285,246,285,247,286,248,286,249,286,250,286,251,286,252,287,253,287,254,288,254,289,254,290,255,291,256,291,257,292,256,293,256,294,255,295,255,296,254,297,254,298,254,299,253,300,253,301,253,302,252,303,252,304,252,305,251,306,251,307,251,308,250,309,250,310,249,311,249,312,248,313,247,314,246,315,245,316,244,317,243,317,242,316,241,316,240,315,239,315,238,314,237,313,236,312,236,311,235,310,235,309,235,308,235,307,235,306,235,305,235,304,235,303,235,302,235
335,237,334,238,333,239,333,240,332,241,332,242,331,243,331,244,331,245,331,246,331,247,331,248,331,249,330,250,330,251,330,252,331,253,332,254,333,255,334,256,335,257,336,257,337,257,338,257,339,257,340,257,341,257,342,256,343,256,344,255,345,255,346,254,347,253,347,252,348,251,349,250,349,249,349,248,349,247,350,246,349,245,349,244,349,243,348,242,348,241,347,241,346,240,345,239,344,238,343,237,342,237,341,237,340,237,339,237,338,237,337,237,336,237
216,242,215,243,214,243,213,243,212,243,211,243,210,243,209,244,208,244,207,245,206,246,205,247,205,248,205,249,204,250,204,251,203,252,203,253,203,254,203,255,202,256,203,257,203,258,204,259,205,260,205,261,206,262,207,263,208,264,208,265,209,266,210,267,210,268,211,269,212,270,212,271,213,272,214,272,215,273,216,272,217,273,218,274,218,275,217,276,218,276,219,276,220,276,221,276,222,276,223,276,224,276,225,276,226,275,227,275,228,275,229,275,230,275,229,275,228,275,227,274,227,273,227,272,227,271,227,270,227,269,227,268,227,267,227,266,226,265,227,264,226,263,226,262,227,261,227,260,226,259,226,258,226,257,226,256,225,255,225,254,225,253,225,252,224,251,224,250,224,249,224,248,223,247,222,246,221,245,220,244,220,243,219,243,218,243,217,243
318,243,317,244,316,245,315,246,314,247,313,248,312,249,311,250,310,250,309,251,308,251,307,252,306,252,305,252,304,253,303,253,302,253,301,254,300,254,299,254,298,255,297,255,296,255,295,256,294,256,293,257,292,257,292,258,292,259,293,260,293,261,294,262,295,263,295,264,296,265,297,266,297,267,298,268,299,269,300,270,301,271,302,272,303,273,304,274,305,274,306,275,307,276,308,276,309,277,310,277,311,278,312,279,313,279,314,280,315,280,316,280,317,281,318,281,319,280,320,280,321,280,322,280,323,280,324,279,325,279,326,278,327,278,328,278,329,277,328,276,328,275,329,274,329,273,329,272,329,271,329,270,329,269,328,268,328,267,328,266,328,265,328,264,327,263,327,262,327,261,326,260,326,259,326,258,326,257,326,256,326,255,326,254,326,253,325,252,325,251,325,250,325,249,325,248,325,247,324,246,323,245,322,244,321,244,320,244,319,243
237,247,236,248,235,248,234,248,233,249,232,250,231,250,230,250,230,251,229,252,229,253,228,254,228,255,228,256,228,257,228,258,228,259,228,260,229,261,230,262,230,263,231,264,231,265,232,266,233,266,234,267,235,267,236,267,237,267,238,267,239,267,240,267,241,267,242,266,243,266,244,265,245,265,246,264,247,263,248,262,248,261,249,260,249,259,250,258,251,258,251,257,251,256,251,255,250,254,249,253,249,252,248,251,247,250,246,250,245,250,244,249,243,249,242,249,241,248,240,248,239,248,238,247
198,256,197,257,196,257,195,257,194,257,193,257,192,258,191,259,190,259,189,259,188,260,187,260,186,260,185,261,184,262,183,262,182,263,181,264,180,265,180,266,179,267,179,268,179,269,179,270,179,271,179,272,179,273,179,274,180,275,180,276,180,277,181,278,181,279,181,280,182,281,182,282,182,283,183,284,184,285,185,286,185,287,186,287,187,288,188,288,189,287,190,287,191,287,192,287,193,288,194,287,195,287,196,288,197,288,198,288,199,287,200,286,201,285,202,284,203,283,204,282,205,281,206,280,207,280,208,279,208,278,209,277,210,277,210,276,210,275,211,274,212,273,211,272,211,271,211,270,210,269,209,268,209,267,208,266,207,265,207,264,206,263,205,262,204,261,204,260,203,259,202,258,202,257,201,256,200,257,199,257
339,264,338,265,337,265,336,266,335,266,334,267,333,268,332,269,331,269,330,270,330,271,330,272,330,273,330,274,329,275,329,276,330,277,331,277,332,277,333,277,334,277,335,278,336,278,337,278,338,279,339,279,340,279,341,279,342,279,343,280,344,280,345,280,346,280,347,280,348,279,349,279,350,279,351,279,352,279,353,279,354,279,355,278,356,277,357,276,357,275,357,274,357,273,358,272,358,271,358,270,357,269,357,268,356,267,355,266,354,266,353,265,352,265,351,265,350,264,349,264,348,265,347,264,346,264,345,264,344,264,343,264,342,264,341,264,340,264
234,274,233,275,232,275,231,276,230,276,229,276,228,276,227,276,226,276,225,277,224,277,223,277,222,277,221,277,220,277,219,277,218,277,217,277,216,278,215,277,216,278,215,279,214,280,213,280,212,280,211,280,210,281,209,281,208,280,207,281,206,281,205,282,204,283,203,284,202,285,201,286,200,287,199,288,198,289,198,290,199,291,200,292,200,293,201,294,202,294,203,295,204,295,205,295,206,295,207,295,208,295,209,295,210,296,211,296,212,296,213,296,214,297,215,297,216,297,217,297,218,297,219,298,220,298,221,298,222,297,223,297,224,297,225,296,226,296,227,296,228,295,229,295,230,295,231,294,232,294,232,293,233,292,234,292,235,292,236,291,237,290,238,290,239,289,239,288,240,287,241,286,241,285,241,284,241,283,241,282,240,281,240,280,239,279,239,278,238,277,238,276,238,275,237,274,236,274,235,274
338,280,337,281,336,281,335,282,334,282,333,282,332,283,331,283,330,284,329,285,328,286,328,287,327,288,327,289,327,290,327,291,327,292,328,293,328,294,329,295,329,296,329,297,330,298,331,299,332,300,333,300,334,301,335,301,336,301,337,301,338,301,339,301,340,301,341,301,342,301,343,301,344,302,345,302,346,301,347,300,348,300,349,299,350,299,351,298,352,297,353,296,354,295,354,294,355,293,355,292,355,291,355,290,355,289,354,288,354,287,353,286,353,285,352,284,351,284,350,283,349,282,348,282,347,281,346,281,345,281,344,281,343,281,342,280,341,280,340,280,339,280
315,286,314,287,313,287,312,288,311,289,310,289,310,290,310,291,309,292,308,293,307,293,306,293,305,294,304,293,303,294,302,293,301,294,300,295,299,295,298,296,297,296,296,296,295,297,294,298,293,298,292,298,291,298,290,298,289,298,288,299,287,300,287,301,286,302,286,303,285,304,285,305,284,306,284,307,284,308,284,309,284,310,285,311,286,312,286,313,287,313,288,314,288,315,289,315,290,316,291,316,292,316,293,316,294,316,295,316,296,315,297,315,298,315,299,314,300,314,301,313,302,313,303,313,304,312,305,311,306,311,306,310,307,309,308,308,308,307,309,306,310,305,310,304,311,303,311,302,311,301,311,300,311,299,311,298,312,297,311,296,312,295,313,294,314,293,315,293,316,292,316,291,316,290,315,289,315,288,315,287
254,290,253,291,252,291,251,292,250,292,249,292,248,293,247,293,246,294,246,295,245,296,245,297,245,298,245,299,245,300,245,301,244,302,244,303,245,304,245,305,245,306,244,307,245,308,246,309,247,310,248,311,249,312,250,312,251,313,252,314,253,314,254,314,255,314,256,314,257,313,258,313,259,312,260,311,261,311,261,310,262,309,263,308,263,307,264,306,265,305,265,304,266,303,267,302,267,301,267,300,266,299,267,298,267,297,266,296,266,295,265,294,265,293,264,293,263,292,262,291,261,291,260,291,259,291,258,291,257,290,256,290,255,290
231,295,230,296,229,296,228,296,227,297,226,297,225,297,224,298,223,298,222,298,221,299,220,299,219,300,218,301,217,302,217,303,216,304,216,305,216,306,216,307,216,308,217,309,217,310,218,311,219,312,220,312,221,313,222,313,223,314,224,314,225,314,226,314,227,313,228,313,229,313,230,313,231,313,232,312,233,311,234,310,235,309,236,308,237,308,238,307,239,307,240,306,241,306,241,305,241,304,241,303,241,302,240,301,241,300,240,299,240,298,239,297,238,297,237,296,236,296,235,296,234,295,233,295,232,295
273,301,272,302,271,302,270,302,269,302,268,302,267,303,266,304,266,305,265,306,264,307,264,308,263,309,262,310,262,311,263,312,263,313,263,314,263,315,263,316,263,317,264,318,265,319,265,320,266,320,267,321,268,321,269,321,270,321,271,322,272,322,273,322,274,321,275,320,276,320,277,319,278,318,279,317,279,316,280,315,280,314,281,313,282,312,282,311,283,310,283,309,283,308,283,307,283,306,282,305,282,304,281,303,280,302,279,302,278,301,277,301,276,301,275,301,274,301
332,301,331,302,330,302,329,303,328,303,327,304,326,304,325,305,324,306,323,307,322,308,322,309,322,310,321,311,321,312,321,313,321,314,322,315,322,316,322,317,322,318,322,319,323,320,323,321,324,321,325,322,326,322,327,323,328,324,329,325,330,326,331,327,332,328,332,329,333,330,334,331,335,331,336,332,337,332,338,332,339,332,340,332,341,332,342,332,343,332,344,332,345,332,346,332,347,332,348,332,349,331,350,331,351,331,352,330,353,329,354,328,354,327,355,326,355,325,355,324,355,323,355,322,355,321,355,320,354,319,354,318,353,317,353,316,352,315,352,314,352,313,352,312,352,311,352,310,352,309,351,308,350,307,350,306,349,305,348,304,347,303,346,302,345,303,344,303,343,302,342,302,341,302,340,302,339,302,338,302,337,302,336,302,335,302,334,302,333,301
242,306,241,307,240,307,239,308,238,308,237,309,236,309,235,310,234,311,233,312,232,313,231,314,231,315,231,316,231,317,232,318,232,319,233,320,233,321,234,322,235,323,236,324,237,325,238,326,239,327,240,327,241,327,242,327,243,327,244,327,245,326,246,326,247,325,248,325,249,324,250,323,251,322,252,321,252,320,252,319,252,318,252,317,252,316,252,315,251,314,250,313,249,313,248,312,247,311,246,310,245,309,244,308,243,307
257,323,256,324,255,324,254,324,253,325,252,326,251,326,250,326,250,327,249,328,248,329,248,330,247,331,247,332,246,333,246,334,246,335,247,336,248,337,248,338,249,339,250,339,251,340,252,340,253,341,254,341,255,342,256,342,257,342,258,342,259,342,260,342,261,342,262,342,263,342,264,341,265,340,266,339,267,338,267,337,268,336,268,335,268,334,268,333,268,332,268,331,268,330,268,329,268,328,267,327,267,326,266,325,265,324,264,324,263,324,262,324,261,323,260,323,259,323,258,323
282,325,281,326,280,326,279,326,278,327,277,327,276,328,275,328,274,329,273,330,273,331,272,332,271,333,271,334,270,335,270,336,269,337,269,338,269,339,269,340,269,341,269,342,269,343,270,344,270,345,271,345,272,346,273,346,274,346,275,346,276,345,277,345,278,344,279,344,280,343,281,343,282,342,283,341,284,340,284,339,285,338,285,337,286,336,287,335,287,334,288,333,289,332,289,331,290,330,290,329,289,328,289,327,288,326,287,326,286,325,285,325,284,325,283,325
322,330,321,331,320,331,319,331,318,332,317,332,316,333,315,334,314,335,313,336,312,337,312,338,311,339,311,340,310,341,310,342,309,343,309,344,309,345,308,346,308,347,308,348,308,349,308,350,309,351,309,352,309,353,310,354,310,355,311,356,312,356,313,356,314,356,315,356,316,356,317,356,318,356,319,356,320,356,321,355,322,355,323,354,324,354,325,353,326,352,327,351,328,351,329,350,330,350,331,349,332,349,333,348,334,348,335,347,336,346,337,346,338,346,339,345,340,344,340,343,341,342,341,341,341,340,341,339,341,338,340,337,340,336,339,335,339,334,338,333,337,333,336,333,335,332,334,332,333,331,332,331,331,331,330,331,329,330,328,330,327,330,326,330,325,330,324,330,323,330
388,395,387,396,386,397,385,398,385,399,385,400,385,401,385,402,386,403,386,404,387,405,388,406,389,407,390,408,391,409,392,410,393,411,394,412,395,413,396,414,397,414,398,415,399,415,400,415,401,415,402,415,403,414,403,413,403,412,403,411,403,410,403,409,403,408,403,407,402,406,402,405,401,404,400,403,399,402,399,401,398,400,398,399,397,398,396,397,395,397,394,396,393,395,392,395,391,395,390,395,389,395
371,405,370,406,369,406,368,407,367,407,366,408,365,409,365,410,364,411,363,412,363,413,362,414,362,415,362,416,362,417,362,418,363,419,363,420,364,420,365,421,366,422,367,422,368,422,369,422,370,422,371,422,372,422,373,422,374,422,375,421,376,420,377,419,378,419,379,418,380,417,381,416,381,415,381,414,382,413,382,412,382,411,382,410,382,409,382,408,381,407,380,406,379,405,378,405,377,405,376,405,375,405,374,405,373,405,372,405
387,414,386,415,385,415,384,415,383,415,382,416,381,417,380,418,379,419,378,420,377,420,376,421,375,422,374,423,374,424,374,425,374,426,374,427,375,428,375,429,376,430,376,431,377,432,378,433,379,434,380,435,381,435,382,436,383,436,384,437,385,438,386,439,387,439,388,440,389,440,390,441,391,442,392,443,393,443,394,444,395,444,396,445,397,446,398,446,399,447,400,447,401,447,402,448,403,447,404,446,405,445,406,444,407,443,408,442,409,441,410,440,411,440,412,439,413,438,414,438,415,437,416,437,416,436,417,435,417,434,417,433,417,432,417,431,416,430,416,429,416,428,415,427,415,426,414,425,414,424,413,423,413,422,412,421,411,420,410,419,409,418,408,418,407,417,406,417,405,417,404,416,403,415,402,416,401,416,400,416,399,416,398,416,397,415,396,415,395,415,394,415,393,415,392,414,391,414,390,414,389,414,388,414
308,415,307,416,306,417,305,418,304,419,304,420,304,421,304,422,303,423,303,424,303,425,303,426,303,427,303,428,304,429,304,430,305,431,306,432,307,433,308,433,309,433,310,433,311,433,312,433,313,433,314,433,315,433,316,432,317,432,318,432,319,431,320,431,321,430,322,429,322,428,323,427,323,426,323,425,323,424,323,423,322,422,322,421,322,420,321,419,320,419,319,418,318,417,317,416,316,416,315,415,314,415,313,415,312,415,311,415,310,415,309,415
297,424,296,425,295,425,294,425,293,425,292,426,291,427,290,427,289,428,288,429,287,430,286,431,285,432,285,433,284,434,284,435,283,436,283,437,282,438,282,439,282,440,282,441,282,442,282,443,282,444,283,445,283,446,284,447,285,448,286,448,287,448,288,448,289,448,290,448,291,448,292,448,293,447,294,447,295,447,296,446,297,445,298,445,298,444,299,443,299,442,300,441,300,440,301,439,301,438,301,437,301,436,301,435,302,434,302,433,302,432,302,431,301,430,301,429,301,428,300,427,299,426,299,425,298,425
162,438,161,439,160,439,159,439,158,439,157,440,156,441,155,442,154,443,154,444,153,445,153,446,153,447,153,448,153,449,153,450,154,451,154,452,155,453,156,453,157,453,158,453,159,452,160,452,161,452,162,452,163,452,164,452,165,452,166,452,167,452,168,452,169,452,170,453,171,452,172,451,172,450,173,449,173,448,173,447,173,446,173,445,173,444,172,443,171,442,171,441,170,441,169,440,168,439,167,439,166,439,165,438,164,438,163,438
415,438,414,439,413,439,412,440,411,441,410,441,409,442,408,443,407,444,406,445,405,446,404,447,403,448,403,449,404,450,404,451,404,452,405,453,406,454,407,455,408,456,409,456,410,457,411,457,412,457,413,456,414,456,415,456,416,456,417,456,418,456,419,455,420,455,421,454,422,453,423,452,423,451,424,450,424,449,424,448,424,447,423,446,423,445,422,444,422,443,421,442,421,441,420,440,419,440,418,440,417,439,416,438
347,441,346,442,345,442,344,442,343,443,342,443,341,444,340,444,339,445,338,445,337,446,336,447,336,448,335,449,334,450,334,451,334,452,333,453,333,454,333,455,333,456,333,457,333,458,333,459,333,460,333,461,333,462,333,463,333,464,334,465,334,466,335,467,335,468,336,469,337,470,338,471,339,472,340,472,341,472,342,473,343,473,344,474,345,474,346,475,347,475,348,475,349,475,350,475,351,474,352,474,353,474,354,473,355,473,356,473,357,472,358,472,359,471,360,470,361,470,362,469,363,468,364,467,364,466,365,465,365,464,365,463,365,462,365,461,365,460,365,459,365,458,365,457,365,456,365,455,364,454,364,453,364,452,363,451,363,450,362,449,361,448,360,447,360,446,359,445,358,445,357,444,356,443,355,443,354,443,353,442,352,442,351,442,350,442,349,442,348,441
311,445,310,446,309,446,308,446,307,447,306,447,305,448,304,448,303,449,302,450,301,450,300,451,300,452,299,453,298,454,298,455,297,456,297,457,296,458,296,459,295,460,295,461,295,462,295,463,296,464,296,465,296,466,296,467,296,468,297,469,297,470,298,471,298,472,299,473,300,474,300,475,301,476,302,477,303,478,304,479,305,480,306,480,307,481,308,481,309,482,310,482,311,482,312,482,313,482,314,482,315,482,316,483,317,483,318,482,319,482,320,482,321,482,322,481,323,481,324,480,325,479,326,479,327,478,327,477,328,476,329,475,329,474,330,473,330,472,330,471,330,470,330,469,331,468,331,467,331,466,331,465,331,464,331,463,331,462,331,461,330,460,330,459,330,458,330,457,329,456,329,455,328,454,328,453,327,452,326,451,325,450,324,449,323,448,322,447,321,447,320,446,319,446,318,446,317,446,316,445,315,445,314,445,313,445,312,445
276,450,275,451,274,451,273,451,272,451,271,451,270,451,269,451,268,452,267,452,266,453,265,454,265,455,264,456,264,457,264,458,264,459,264,460,264,461,265,462,265,463,266,464,267,465,268,466,269,467,270,467,271,467,272,468,273,469,274,469,275,469,276,470,277,470,278,470,279,470,280,470,281,470,282,469,283,469,284,468,285,467,286,467,287,466,288,465,288,464,288,463,288,462,288,461,288,460,288,459,288,458,289,457,289,456,289,455,289,454,288,453,287,453,286,452,285,451,284,451,283,450,282,450,281,450,280,450,279,450,278,450,277,450
159,453,158,454,157,454,156,454,155,454,154,455,153,456,153,457,153,458,152,459,152,460,151,461,151,462,151,463,151,464,151,465,151,466,151,467,151,468,151,469,151,470,152,471,153,472,154,473,155,473,156,474,157,475,158,475,159,475,160,475,161,475,162,475,163,475,164,474,165,474,166,473,167,473,168,473,169,472,170,471,171,470,172,469,172,468,173,467,173,466,174,465,174,464,174,463,174,462,174,461,174,460,174,459,174,458,173,457,172,456,171,455,170,454,169,453,168,453,167,453,166,453,165,453,164,453,163,453,162,453,161,453,160,453
195,454,194,455,193,455,192,456,191,456,190,457,189,458,188,458,187,459,187,460,186,461,185,462,185,463,185,464,185,465,185,466,185,467,185,468,185,469,185,470,186,471,186,472,187,473,188,474,189,475,190,476,191,476,192,476,193,477,194,477,195,477,196,477,197,477,198,477,199,476,200,476,201,476,202,475,203,474,204,473,205,472,205,471,206,470,206,469,206,468,207,467,207,466,207,465,207,464,207,463,207,462,206,461,206,460,205,459,204,458,204,457,203,456,202,456,201,455,200,455,199,455,198,454,197,454,196,454
423,457,422,458,421,458,420,458,419,458,418,459,417,460,416,461,416,462,416,463,416,464,416,465,417,466,417,467,417,468,418,469,418,470,419,471,420,472,421,473,422,474,423,475,424,476,425,477,426,477,427,477,428,477,429,477,430,478,431,478,432,478,433,478,434,477,435,477,436,476,437,476,438,475,439,474,439,473,439,472,440,471,440,470,440,469,440,468,440,467,440,466,440,465,439,464,439,463,438,462,437,461,436,460,435,459,434,459,433,458,432,458,431,457,430,457,429,457,428,457,427,457,426,457,425,457,424,457
131,460,130,461,129,461,128,461,127,461,126,462,125,463,124,463,123,464,122,465,121,466,121,467,120,468,120,469,120,470,119,471,119,472,119,473,119,474,120,475,120,476,121,477,122,478,123,479,124,479,125,480,126,480,127,480,128,480,129,480,130,480,131,480,132,479,133,479,134,478,135,478,136,477,137,477,138,476,139,475,139,474,140,473,140,472,140,471,141,470,141,469,141,468,141,467,140,466,140,465,139,464,139,463,138,462,137,462,136,461,135,461,134,460,133,460,132,460
384,460,383,461,382,461,381,461,380,461,379,461,378,462,377,462,376,463,375,463,374,464,373,465,372,466,371,467,370,468,370,469,369,470,369,471,369,472,368,473,368,474,368,475,368,476,368,477,368,478,368,479,368,480,368,481,369,482,369,483,370,484,371,485,371,486,372,487,373,488,374,489,375,489,376,490,377,490,378,491,379,491,380,492,381,492,382,493,383,493,384,494,385,494,386,494,387,494,388,494,389,494,390,494,391,494,392,494,393,493,394,492,395,491,396,490,397,489,398,488,399,487,400,486,401,485,401,484,402,483,402,482,402,481,403,480,403,479,403,478,403,477,403,476,403,475,403,474,403,473,403,472,402,471,402,470,401,469,401,468,400,467,400,466,399,465,398,464,397,464,396,463,395,462,394,462,393,461,392,461,391,461,390,460,389,460,388,460,387,460,386,460,385,460
213,468,212,469,211,470,210,471,209,472,208,473,207,474,207,475,207,476,206,477,206,478,206,479,206,480,206,481,206,482,206,483,207,484,207,485,208,486,209,487,210,488,211,489,212,490,213,491,214,491,215,491,216,491,217,490,218,490,219,489,220,489,221,488,222,488,223,487,224,486,225,485,226,484,226,483,227,482,227,481,228,480,228,479,228,478,228,477,229,476,229,475,228,474,228,473,227,472,226,471,225,470,224,470,223,470,222,469,221,469,220,469,219,469,218,469,217,468,216,468,215,468,214,468
173,469,172,470,171,471,170,472,169,473,169,474,169,475,169,476,170,477,170,478,171,479,172,480,173,481,173,482,174,482,175,483,176,484,177,484,178,484,179,484,180,484,181,483,182,482,182,481,183,480,183,479,183,478,183,477,183,476,183,475,183,474,182,473,182,472,181,471,180,470,179,470,178,469,177,469,176,469,175,469,174,469
271,477,270,478,269,479,268,480,268,481,267,482,267,483,267,484,267,485,266,486,266,487,266,488,266,489,266,490,266,491,266,492,267,493,267,494,267,495,268,496,268,497,269,498,270,498,271,499,272,499,273,500,274,500,275,500,276,500,277,500,278,500,279,500,280,500,281,499,282,498,283,497,284,497,284,496,285,495,286,494,286,493,286,492,287,491,287,490,287,489,287,488,287,487,287,486,287,485,286,484,286,483,286,482,285,481,285,480,284,479,283,478,282,478,281,477,280,477,279,477,278,477,277,477,276,477,275,477,274,477,273,477,272,477
431,479,430,480,429,480,428,481,427,482,427,483,426,484,426,485,426,486,426,487,425,488,425,489,425,490,426,491,426,492,426,493,427,494,428,495,428,496,428,497,429,498,430,499,431,500,432,501,433,501,434,502,435,502,436,502,437,502,438,502,439,502,440,501,441,501,442,500,442,499,443,498,443,497,443,496,443,495,443,494,444,493,444,492,444,491,444,490,444,489,444,488,444,487,444,486,443,485,443,484,442,483,441,482,440,481,439,481,438,481,437,480,436,480,435,480,434,479,433,479,432,479
409,483,408,484,407,484,406,484,405,485,404,485,403,486,402,485,401,486,400,487,399,488,398,489,397,490,396,491,395,492,394,493,393,494,392,495,392,496,392,497,391,498,391,499,391,500,391,501,392,502,392,503,392,504,392,505,393,506,394,507,394,508,395,509,396,510,397,510,398,510,399,510,400,510,401,511,402,511,403,511,404,511,405,511,406,511,407,511,408,511,409,511,410,511,411,511,412,511,413,511,414,511,415,511,416,510,417,510,418,510,419,510,420,509,421,508,422,507,422,506,423,505,423,504,423,503,424,502,424,501,424,500,424,499,424,498,425,497,425,496,426,495,425,495,424,494,425,493,425,492,425,491,424,490,423,490,422,489,422,488,421,487,420,486,419,486,418,485,417,485,416,484,415,484,414,483,413,483,412,483,411,483,410,483
120,485,119,486,118,486,117,486,116,486,115,487,114,487,113,488,112,489,111,490,111,491,111,492,111,493,110,494,110,495,110,496,110,497,110,498,110,499,110,500,111,501,111,502,112,503,113,504,114,504,115,505,116,505,117,506,118,506,119,506,120,506,121,506,122,506,123,506,124,505,125,505,126,504,127,503,128,502,129,501,130,500,130,499,131,498,131,497,131,496,132,495,132,494,132,493,132,492,132,491,131,490,130,489,129,488,128,487,127,486,126,486,125,486,124,485,123,485,122,485,121,485
201,488,200,489,199,489,198,489,197,490,196,490,195,491,194,491,193,492,193,493,192,494,192,495,191,496,191,497,191,498,191,499,191,500,191,501,191,502,192,503,193,504,194,505,195,506,196,506,197,507,198,507,199,507,200,507,201,507,202,507,203,506,204,506,205,505,206,505,207,504,208,504,208,503,209,502,209,501,210,500,210,499,210,498,210,497,210,496,210,495,210,494,209,493,209,492,208,491,207,490,206,489,205,489,204,488,203,488,202,488
222,490,221,491,220,491,219,492,218,492,217,493,216,494,215,494,214,495,214,496,213,497,212,498,212,499,212,500,212,501,212,502,212,503,212,504,211,505,210,506,209,507,209,508,208,509,208,510,208,511,209,511,210,511,211,511,212,511,213,511,214,511,215,511,216,511,217,511,218,511,219,511,220,511,221,511,222,511,223,511,224,511,225,510,226,509,227,508,228,508,229,507,230,507,231,506,232,505,232,504,232,503,233,502,233,501,233,500,233,499,233,498,232,497,232,496,232,495,231,494,231,493,230,492,229,491,228,491,227,490,226,490,225,490,224,490,223,490
94,496,93,497,92,497,91,497,90,498,89,498,88,499,88,500,87,501,86,502,86,503,86,504,86,505,86,506,87,507,87,508,87,509,87,510,88,511,89,511,90,511,91,511,92,511,93,511,94,511,95,511,96,511,97,511,98,511,99,511,100,511,101,511,102,511,103,511,104,511,105,511,106,510,107,509,107,508,107,507,107,506,107,505,106,504,106,503,105,502,105,501,104,500,103,499,102,498,101,498,100,497,99,497,98,497,97,496,96,496,95,496
