429,46,428,47,427,47,426,47,425,48,424,48,423,49,422,50,421,50,420,51,419,52,419,53,419,54,419,55,419,56,420,57,421,58,422,58,423,58,424,58,425,58,426,58,427,58,428,58,429,58,430,57,431,56,432,55,432,54,433,53,433,52,433,51,433,50,433,49,432,48,431,47,430,47
62,49,61,50,60,51,59,51,58,52,57,53,57,54,56,55,55,56,55,57,55,58,54,59,54,60,55,61,55,62,55,63,56,64,57,65,58,66,58,67,59,68,60,68,61,69,62,70,63,70,64,70,65,70,66,70,67,70,68,69,69,68,70,67,70,66,71,65,71,64,71,63,71,62,71,61,71,60,71,59,70,58,70,57,69,56,69,55,68,54,68,53,67,52,66,51,66,50,65,50,64,49,63,49
151,77,150,78,149,78,148,79,148,80,147,81,147,82,147,83,147,84,147,85,147,86,148,87,148,88,149,89,150,90,151,91,152,92,153,93,153,94,154,95,155,96,156,97,157,98,158,99,159,100,160,100,161,100,162,101,163,101,164,101,165,100,166,100,167,99,168,99,169,98,170,98,171,97,172,96,173,95,173,94,174,93,174,92,175,91,175,90,175,89,175,88,174,87,174,86,173,85,172,84,171,83,170,83,169,82,168,81,167,81,166,81,165,80,164,80,163,79,162,79,161,78,160,78,159,78,158,78,157,77,156,77,155,77,154,77,153,77,152,77
132,87,131,88,130,89,129,90,129,91,128,92,128,93,127,94,127,95,127,96,126,97,126,98,126,99,126,100,125,101,125,102,125,103,125,104,125,105,125,106,125,107,125,108,125,109,126,110,126,111,127,112,128,113,129,113,130,114,131,114,132,115,133,114,134,114,135,114,136,114,137,114,138,114,139,113,140,113,141,112,142,112,143,111,144,110,145,109,146,108,146,107,147,106,147,105,148,104,148,103,149,102,149,101,149,100,149,99,149,98,149,97,148,96,148,95,147,94,147,93,146,92,145,91,144,90,143,89,142,88,141,88,140,87,139,87,138,87,137,87,136,87,135,87,134,87,133,87
185,89,184,90,183,90,182,91,181,91,180,92,179,93,178,94,177,95,177,96,177,97,177,98,177,99,177,100,177,101,177,102,178,103,179,104,180,105,180,106,181,106,182,107,183,108,184,108,185,109,186,109,187,110,188,110,189,110,190,110,191,111,192,111,193,111,194,111,195,111,196,111,197,110,198,110,199,110,200,109,201,109,202,108,202,107,203,106,203,105,204,104,204,103,204,102,204,101,204,100,204,99,204,98,204,97,204,96,203,95,202,94,201,93,200,93,199,92,198,92,197,91,196,91,195,91,194,91,193,90,192,90,191,90,190,89,189,89,188,89,187,89,186,89
214,102,213,103,212,103,211,103,210,103,209,103,208,104,207,105,206,106,205,107,205,108,204,109,204,110,204,111,204,112,204,113,204,114,204,115,204,116,204,117,205,118,205,119,206,120,206,121,207,122,208,123,209,123,210,124,211,124,212,125,213,125,214,125,215,125,216,125,217,125,218,124,219,124,220,124,221,124,222,123,223,123,224,122,225,122,226,121,226,120,227,119,228,118,229,117,229,116,230,115,230,114,230,113,230,112,230,111,230,110,229,109,229,108,228,107,227,106,226,105,225,104,224,104,223,104,222,103,221,103,220,103,219,103,218,102,217,102,216,102,215,102
114,105,113,106,112,106,112,107,112,108,111,109,111,110,110,111,110,112,110,113,110,114,110,115,110,116,110,117,110,118,110,119,110,120,111,121,111,122,111,123,111,124,111,125,111,126,111,127,111,128,111,129,111,130,111,131,111,132,112,133,112,134,112,135,112,136,113,137,113,138,114,139,115,140,116,141,117,141,118,141,119,141,120,141,121,141,122,141,123,141,124,141,125,140,126,140,127,139,128,138,129,138,130,137,131,137,132,136,133,135,134,134,135,134,135,133,136,132,137,132,137,131,138,130,138,129,138,128,138,127,139,126,139,125,139,124,139,123,138,122,138,121,137,120,136,119,135,118,134,118,133,117,132,116,131,115,130,115,129,114,128,114,127,113,126,112,125,111,125,110,124,109,123,108,122,108,121,107,120,107,119,106,118,106,117,105,116,105,115,105
153,114,152,115,151,115,150,115,149,115,148,115,147,115,146,116,145,116,144,117,144,118,143,119,143,120,143,121,143,122,143,123,142,124,142,125,143,126,144,127,145,128,146,129,147,130,148,131,149,132,150,132,151,133,152,133,153,133,154,133,155,134,156,134,157,134,158,134,159,134,160,135,161,134,162,134,163,134,164,134,165,134,166,133,167,133,168,132,169,131,170,130,171,129,172,128,172,127,172,126,173,125,173,124,173,123,173,122,173,121,172,120,172,119,171,118,170,118,169,117,168,117,167,117,166,116,165,116,164,116,163,116,162,115,161,115,160,115,159,114,158,114,157,114,156,114,155,114,154,114
243,119,242,120,241,120,240,120,239,121,238,121,237,122,236,122,235,123,234,124,234,125,233,126,233,127,232,128,232,129,232,130,231,131,231,132,232,133,232,134,232,135,233,135,234,136,235,137,236,137,237,138,238,139,239,139,240,140,241,141,242,141,243,142,244,142,245,143,246,144,247,144,248,144,249,144,250,144,251,144,252,143,252,142,253,141,254,140,255,139,255,138,256,137,257,136,258,135,259,134,260,133,261,132,261,131,260,130,259,129,259,128,258,127,258,126,257,125,256,124,255,124,254,123,253,123,252,122,251,121,250,121,249,121,248,120,247,120,246,120,245,120,244,120
182,123,181,124,180,124,179,125,178,125,177,126,176,126,175,127,174,128,173,128,173,129,173,130,173,131,172,132,172,133,172,134,172,135,172,136,172,137,173,138,173,139,174,140,174,141,175,142,176,143,177,144,178,145,179,146,180,146,181,147,182,148,183,148,184,148,185,149,186,149,187,150,188,150,189,150,190,149,191,149,192,149,193,148,194,147,194,146,195,145,196,144,196,143,196,142,196,141,196,140,196,139,196,138,196,137,196,136,196,135,196,134,196,133,195,132,195,131,194,130,194,129,193,128,192,127,191,126,190,125,189,124,188,124,187,124,186,123,185,123,184,123,183,123
262,132,261,133,260,134,259,135,258,136,257,137,256,138,256,139,255,140,254,141,253,142,253,143,252,144,252,145,253,146,254,147,255,148,256,149,257,149,258,150,259,150,260,151,261,152,262,152,263,153,264,154,265,154,266,155,267,155,268,156,269,156,270,157,271,157,272,157,273,157,274,156,275,155,276,154,276,153,276,152,277,151,277,150,277,149,277,148,277,147,276,146,276,145,275,144,274,143,274,142,273,141,273,140,272,139,271,138,270,137,269,137,268,136,267,135,266,135,265,135,264,134,263,133
231,135,230,136,229,137,229,138,228,139,228,140,227,141,227,142,226,143,226,144,226,145,226,146,226,147,226,148,226,149,226,150,226,151,226,152,226,153,227,154,227,155,227,156,227,157,228,158,228,159,228,160,229,161,230,162,231,163,232,163,233,164,234,165,235,165,236,166,237,166,238,165,239,165,240,164,241,163,242,162,242,161,243,160,243,159,244,158,244,157,244,156,245,155,245,154,245,153,246,152,246,151,246,150,246,149,246,148,247,147,247,146,247,145,246,145,245,144,244,143,243,143,242,142,241,142,240,141,239,140,238,140,237,139,236,138,235,138,234,137,233,136,232,136
132,137,131,138,130,138,129,139,128,139,127,140,126,141,125,141,124,142,124,143,123,144,123,145,123,146,122,147,122,148,121,149,121,150,121,151,121,152,121,153,121,154,121,155,121,156,122,157,122,158,123,159,123,160,124,161,125,162,126,163,127,164,128,164,129,164,130,164,131,164,132,165,133,165,134,164,135,164,136,164,137,164,138,164,139,163,140,163,141,162,142,162,143,161,144,161,145,160,146,160,147,160,148,159,149,159,150,159,151,159,152,159,153,159,154,159,155,158,156,158,157,157,158,156,159,155,159,154,160,153,160,152,160,151,160,150,160,149,160,148,159,147,159,146,158,145,158,144,157,143,156,142,155,142,154,141,153,141,152,141,151,141,150,140,149,140,148,140,147,140,146,140,145,139,144,139,143,139,142,139,141,139,140,139,139,138,138,138,137,138,136,138,135,138,134,138,133,138
95,138,94,139,93,140,92,141,91,142,91,143,91,144,91,145,91,146,91,147,92,148,93,149,94,149,95,149,96,149,97,150,98,150,99,149,100,148,101,147,101,146,102,145,102,144,102,143,102,142,101,141,100,140,99,139,98,138,97,138,96,138
186,157,185,158,184,158,183,158,183,159,182,160,181,161,181,162,181,163,181,164,181,165,181,166,182,167,182,168,183,168,184,168,185,167,186,167,187,167,188,166,189,165,190,164,191,163,192,162,193,161,192,160,191,159,190,158,189,158,188,158,187,157
213,157,212,158,211,158,210,159,209,160,209,161,208,162,208,163,208,164,209,165,209,166,209,167,209,168,210,169,210,170,210,171,210,172,211,173,211,174,212,175,212,176,212,177,213,178,213,179,214,180,214,181,215,182,216,183,217,184,218,184,219,184,220,184,221,185,222,185,223,186,224,185,225,185,226,185,227,185,228,184,229,183,230,183,231,183,232,182,233,182,234,181,235,180,236,180,236,179,237,178,238,178,238,177,239,176,239,175,239,174,239,173,239,172,239,171,238,170,238,169,237,168,237,167,236,167,235,166,234,166,233,165,232,164,231,164,230,163,229,162,228,161,227,161,226,160,225,160,224,160,223,159,222,159,221,159,220,158,219,158,218,158,217,158,216,157,215,157,214,157
268,158,267,159,266,159,265,160,264,160,263,161,262,161,261,162,260,163,259,164,258,165,257,166,256,166,255,167,254,166,253,166,252,166,251,166,250,165,249,165,248,165,247,165,246,165,245,165,244,166,243,167,242,168,242,169,241,170,241,171,241,172,240,173,240,174,240,175,241,176,241,177,242,178,243,178,244,179,245,179,246,180,247,180,248,180,249,180,250,180,251,180,252,180,253,180,254,180,255,180,256,180,257,180,258,180,259,180,260,180,261,180,262,180,263,180,264,180,265,179,266,178,267,177,268,177,269,176,270,175,271,175,272,174,273,173,273,172,274,171,274,170,275,169,275,168,275,167,274,166,274,165,273,164,273,163,273,162,272,161,272,160,272,159,271,158,270,159,269,159
199,160,198,161,197,161,196,162,195,162,194,162,193,162,192,163,191,164,190,165,189,166,188,167,187,168,186,168,185,168,184,169,183,169,182,169,182,170,181,171,181,172,181,173,181,174,180,175,180,176,180,177,181,178,181,179,182,180,182,181,183,182,184,182,185,182,186,182,187,182,188,182,189,182,190,182,191,182,192,182,193,181,194,181,195,181,196,181,197,180,198,179,199,178,200,178,201,178,202,178,203,177,204,177,205,176,206,175,207,174,208,173,209,172,209,171,209,170,209,169,208,168,208,167,208,166,208,165,207,164,207,163,207,162,206,162,205,162,204,161,203,161,202,161,201,161,200,161
295,165,294,166,293,166,292,167,291,167,290,167,289,168,288,169,287,169,286,170,285,170,284,171,283,172,282,173,282,174,281,175,280,175,280,176,279,177,278,178,278,179,277,180,276,181,276,182,275,183,274,184,274,185,275,186,275,187,275,188,276,189,277,190,278,190,279,190,280,190,281,190,282,189,283,189,284,189,285,188,286,188,287,187,288,187,289,186,290,186,291,185,292,185,293,184,294,184,295,184,296,183,297,183,298,182,299,181,300,180,301,179,302,178,302,177,302,176,302,175,302,174,302,173,301,172,301,171,301,170,301,169,300,168,299,167,299,166,298,165,297,165,296,165
140,170,139,171,138,171,137,171,136,172,135,172,135,173,134,174,133,175,133,176,132,177,132,178,131,179,131,180,131,181,131,182,131,183,131,184,131,185,131,186,131,187,131,188,131,189,132,190,132,191,132,192,133,193,133,194,134,195,135,196,136,197,137,198,138,199,139,199,140,199,141,199,142,199,143,199,144,199,145,199,146,198,147,198,148,198,149,197,150,197,151,197,152,196,153,195,154,195,155,194,156,193,157,192,158,192,159,191,159,190,160,189,161,188,162,188,163,187,164,186,164,185,165,184,166,183,166,182,166,181,166,180,167,179,167,178,166,177,166,176,166,175,165,174,164,174,163,173,162,172,161,172,160,171,159,171,158,171,157,171,156,171,155,170,154,170,153,170,152,170,151,170,150,170,149,170,148,170,147,170,146,170,145,170,144,170,143,170,142,170,141,170
305,179,304,180,303,181,303,182,303,183,302,184,302,185,302,186,302,187,302,188,302,189,302,190,303,191,304,192,305,192,306,192,307,192,308,192,309,193,310,193,311,193,312,193,311,192,310,191,310,190,311,189,312,189,312,188,313,187,313,186,313,185,313,184,312,183,312,182,311,181,310,180,309,180,308,179,307,179,306,179
246,181,247,182,246,183,245,183,245,184,246,185,246,186,247,187,247,188,248,189,249,190,249,191,250,192,250,193,251,194,251,195,251,196,252,197,252,198,252,199,253,200,254,200,255,201,256,201,257,201,258,201,259,201,260,201,261,201,262,201,263,202,264,201,265,201,266,201,267,200,268,200,269,199,270,198,271,197,270,196,271,195,271,194,272,193,273,192,274,191,274,190,275,189,274,188,274,187,274,186,273,185,273,184,272,183,271,183,270,183,269,182,268,182,267,182,266,182,265,182,264,181,263,181,262,181,261,181,260,181,259,181,258,181,257,181,256,181,255,181,254,181,253,181,252,181,251,181,250,181,249,181,248,181,247,181
193,182,192,183,191,183,190,183,189,183,188,183,187,183,186,183,185,183,184,183,183,183,182,183,181,184,181,185,180,186,180,187,180,188,180,189,179,190,180,191,180,192,180,193,181,193,182,194,183,195,184,196,185,197,186,198,187,199,188,199,189,199,190,199,191,199,192,199,193,200,194,200,195,200,196,200,197,200,198,201,199,201,200,202,201,202,202,202,203,201,204,201,205,201,206,200,207,200,208,199,209,198,210,197,211,196,212,195,213,194,214,193,214,192,214,191,214,190,214,189,214,188,214,187,213,186,213,185,212,184,212,183,211,182,210,182,209,182,208,182,207,182,206,182,205,182,204,183,203,183,202,183,201,183,200,183,199,183,198,183,197,182,196,182,195,182,194,182
234,182,233,183,232,183,231,184,230,185,229,185,229,186,229,187,229,188,228,189,228,190,228,191,228,192,228,193,228,194,228,195,229,196,229,197,229,198,229,199,230,200,231,201,232,202,233,203,234,203,235,204,236,204,237,204,238,204,239,204,240,204,241,204,242,204,243,203,244,203,245,203,246,202,247,202,248,201,249,200,250,200,251,199,251,198,251,197,250,196,250,195,250,194,249,193,249,192,248,191,248,190,247,189,246,188,246,187,245,186,245,185,244,184,244,183,243,183,242,183,241,183,240,183,239,183,238,183,237,183,236,183,235,183
167,189,166,190,165,191,164,191,163,191,162,192,161,192,160,192,159,192,158,193,157,193,156,194,155,195,154,196,153,196,152,197,151,198,151,199,150,200,149,201,149,202,149,203,148,204,148,205,147,206,147,207,147,208,147,209,148,209,149,209,150,210,151,210,152,210,153,211,154,211,155,211,156,211,157,212,158,212,159,212,160,213,161,213,162,213,163,214,163,213,164,212,165,211,166,211,167,210,168,209,169,208,170,207,171,207,172,206,173,205,174,205,175,204,176,203,177,202,178,202,179,201,180,200,179,199,179,198,180,197,180,196,180,195,180,194,179,193,179,192,179,191,178,190,177,190,176,190,175,189,174,189,173,189,172,189,171,189,170,189,169,189,168,189
215,193,214,194,213,195,212,196,211,197,210,198,209,199,208,200,208,201,208,202,208,203,208,204,208,205,208,206,208,207,208,208,208,209,209,210,210,211,211,212,212,213,212,214,213,215,214,215,215,216,216,216,217,216,218,217,219,217,220,218,221,218,222,218,223,218,224,218,225,218,226,218,227,218,228,217,229,217,230,216,231,215,231,214,231,213,231,212,232,211,231,210,232,209,231,208,231,207,231,206,231,205,231,204,231,203,230,202,229,201,229,200,228,199,228,198,227,197,226,197,225,196,225,195,224,195,223,195,222,195,221,195,220,195,219,194,218,194,217,194,216,193
281,194,280,195,279,195,278,195,277,196,276,196,275,197,274,197,273,198,272,198,271,198,270,199,269,200,268,201,269,202,268,203,268,204,267,205,267,206,267,207,267,208,267,209,267,210,267,211,268,212,268,213,269,214,269,215,270,216,270,217,271,217,272,218,273,219,274,220,275,220,276,221,277,222,278,222,279,223,280,223,281,224,282,225,283,226,284,227,285,227,286,228,287,228,288,228,289,229,289,228,290,227,291,226,292,225,293,224,293,223,294,222,295,221,296,220,297,219,297,218,298,217,299,216,299,215,300,214,301,213,301,212,300,211,300,210,300,209,300,208,299,207,299,206,299,205,299,204,299,203,300,202,299,202,298,201,298,200,298,199,297,198,296,197,295,196,294,196,293,195,292,195,291,195,290,194,289,194,288,194,287,194,286,194,285,194,284,194,283,194,282,194
187,200,186,201,185,201,184,201,183,201,182,202,181,202,180,201,179,202,178,203,177,203,176,204,175,205,174,206,173,206,172,207,171,208,170,208,169,209,168,210,167,211,166,212,165,212,164,213,164,214,164,215,165,216,165,217,166,218,167,219,167,220,168,221,169,220,170,221,171,221,172,222,173,221,174,221,175,220,176,220,177,220,178,219,179,219,180,219,181,219,182,218,183,218,184,218,185,218,186,218,187,219,188,219,189,219,189,218,190,217,190,216,191,215,192,214,193,213,194,212,195,211,196,210,197,209,198,209,199,208,199,207,200,206,200,205,200,204,201,203,200,203,199,202,198,202,197,201,196,201,195,201,194,201,193,201,192,200,191,200,190,200,189,200,188,200
119,203,118,204,117,204,116,205,115,206,114,207,114,208,114,209,114,210,114,211,114,212,115,213,115,214,116,215,117,216,118,216,119,217,120,218,121,218,122,218,123,218,124,218,125,218,126,218,127,217,128,217,129,216,130,215,131,214,131,213,131,212,131,211,131,210,131,209,131,208,130,207,129,206,128,205,127,204,126,204,125,204,124,203,123,203,122,203,121,203,120,203
200,208,199,209,198,210,197,210,196,211,195,212,194,213,193,214,192,215,191,216,191,217,190,218,190,219,190,220,191,221,191,222,192,223,193,224,193,225,194,226,195,227,195,228,196,229,197,228,198,228,199,228,200,227,201,227,202,226,203,226,204,226,205,225,206,225,207,224,208,224,209,224,210,223,211,223,212,222,213,222,214,221,214,220,213,219,213,218,213,217,213,216,212,215,211,214,211,213,210,212,209,211,208,210,207,210,206,210,205,210,204,209,203,209,202,209,201,209
146,210,146,211,146,212,145,213,145,214,145,215,144,216,144,217,144,218,144,219,144,220,144,221,144,222,144,223,144,224,145,225,145,226,145,227,146,228,147,229,147,230,148,231,149,231,150,232,151,233,152,233,153,234,154,235,155,235,156,235,157,236,158,236,159,237,160,237,161,237,162,236,163,236,164,236,165,235,166,235,166,234,166,233,167,232,168,232,168,231,168,230,168,229,168,228,168,227,167,226,167,225,167,224,167,223,167,222,167,221,166,220,166,219,165,218,164,217,164,216,163,215,162,214,161,214,160,214,159,213,158,213,157,213,156,212,155,212,154,212,153,212,152,211,151,211,150,211,149,210,148,210,147,210
308,210,307,211,306,211,305,211,304,212,303,212,302,213,301,214,300,215,300,216,299,217,298,218,298,219,297,220,296,221,295,222,294,223,294,224,293,225,292,226,291,227,290,228,290,229,289,230,289,231,289,232,289,233,288,234,288,235,288,236,288,237,289,238,289,239,290,240,291,240,292,240,293,240,294,240,295,239,296,238,297,238,298,237,299,237,300,236,301,236,302,235,303,235,304,235,305,234,306,234,306,233,307,232,308,231,309,230,310,229,311,228,311,227,312,226,313,225,314,224,314,223,314,222,315,221,315,220,315,219,315,218,315,217,315,216,315,215,315,214,315,213,314,212,314,211,313,211,312,210,311,210,310,210,309,210
182,219,181,220,180,220,179,220,178,220,177,221,176,221,175,221,174,222,173,222,172,223,172,224,172,225,171,226,170,226,170,227,169,228,169,229,169,230,169,231,169,232,169,233,170,234,170,235,170,236,171,237,172,238,173,239,174,239,175,240,176,241,177,242,178,243,179,243,180,244,181,244,182,244,183,245,184,245,185,245,186,245,187,246,188,245,189,245,190,245,191,244,192,244,193,243,193,242,194,241,195,240,195,239,195,238,195,237,195,236,195,235,195,234,195,233,195,232,195,231,195,230,195,229,194,228,194,227,193,226,192,225,192,224,191,223,190,222,190,221,189,220,188,220,187,220,186,219,185,219,184,219,183,219
329,219,328,220,327,220,326,221,325,221,324,222,323,222,322,222,321,222,320,222,319,223,318,223,317,223,318,224,318,225,318,226,318,227,317,228,318,229,318,230,318,231,318,232,318,233,318,234,318,235,319,236,319,237,320,238,320,239,321,240,321,241,322,242,323,242,324,243,325,243,326,244,327,244,328,243,329,243,330,242,330,241,331,240,332,239,333,238,333,237,334,236,334,235,334,234,335,233,335,232,336,231,336,230,336,229,336,228,336,227,336,226,336,225,336,224,336,223,335,222,334,221,333,220,332,219,331,219,330,219
214,222,213,223,212,223,211,224,210,224,209,225,208,225,207,225,206,226,205,226,204,227,203,227,202,227,201,228,200,228,199,229,198,229,197,229,196,230,196,231,196,232,196,233,196,234,196,235,196,236,196,237,196,238,196,239,197,240,197,241,197,242,198,243,199,244,200,244,201,244,202,244,203,245,204,244,205,244,206,244,207,245,208,245,209,245,210,244,211,244,212,243,213,243,214,242,215,241,216,240,217,239,218,238,218,237,219,236,219,235,219,234,220,233,220,232,220,231,220,230,220,229,219,228,219,227,218,226,218,225,217,224,216,223,215,222
237,234,236,235,235,235,234,235,233,236,233,237,232,238,232,239,232,240,233,241,233,242,233,243,234,244,234,245,234,246,235,246,236,247,237,248,238,249,239,250,240,251,240,252,241,253,242,253,243,253,244,254,245,254,246,254,247,253,248,254,249,254,250,254,251,255,252,255,252,254,253,253,253,252,254,251,255,250,255,249,256,248,256,247,256,246,256,245,256,244,255,243,254,242,253,241,252,241,251,240,250,239,249,238,248,238,247,237,246,237,245,236,244,236,243,235,242,235,241,235,240,234,239,234,238,234
307,234,306,235,305,235,304,236,303,236,302,236,301,237,300,237,299,238,298,238,297,239,296,239,295,240,294,241,294,242,294,243,294,244,294,245,294,246,294,247,293,248,293,249,293,250,294,251,294,252,294,253,294,254,295,255,295,256,296,257,297,258,298,259,298,260,299,260,300,261,301,261,302,262,303,262,304,263,305,263,306,263,307,263,308,264,309,264,310,264,311,263,312,263,313,262,314,261,315,261,316,260,316,259,317,258,318,257,318,256,319,255,319,254,319,253,319,252,320,251,320,250,320,249,320,248,320,247,320,246,319,245,319,244,319,243,319,242,318,241,317,240,317,239,316,239,315,238,314,237,313,236,312,236,311,235,310,235,309,235,308,235
165,236,164,237,163,237,162,237,161,238,160,238,160,239,159,240,159,241,159,242,159,243,159,244,159,245,159,246,159,247,159,248,160,249,160,250,161,251,161,252,162,253,163,254,164,254,165,255,166,255,167,256,168,256,169,257,170,258,171,258,172,258,173,259,174,259,175,259,176,260,177,260,178,260,179,260,180,260,181,260,182,260,183,260,184,260,185,259,186,259,187,258,188,257,188,256,189,255,189,254,189,253,189,252,189,251,189,250,188,249,188,248,187,247,186,246,185,246,184,246,183,246,182,245,181,245,180,245,179,244,178,244,177,243,176,242,175,241,174,240,173,240,172,239,171,238,170,237,169,236,168,236,167,236,166,236
336,236,335,237,334,238,333,239,332,240,331,241,331,242,330,243,329,244,329,245,328,246,328,247,328,248,328,249,328,250,328,251,328,252,328,253,329,254,329,255,330,256,331,257,332,257,333,258,334,258,335,258,336,258,337,257,338,257,339,256,340,256,341,256,342,255,343,254,343,253,344,252,344,251,344,250,344,249,344,248,344,247,344,246,344,245,344,244,345,243,345,242,345,241,344,240,344,239,343,238,342,237,341,236,340,236,339,236,338,236,337,236
224,245,223,246,222,246,221,246,220,246,219,247,218,248,217,248,216,249,216,250,215,251,215,252,214,253,214,254,214,255,213,256,213,257,214,258,214,259,215,260,215,261,216,262,217,263,217,264,218,265,219,266,220,266,221,267,222,267,223,268,224,268,225,268,226,268,227,268,228,268,229,268,230,268,231,268,232,268,233,268,234,268,235,268,236,267,237,267,238,267,239,266,239,265,239,264,239,263,240,262,240,261,240,260,241,259,241,258,241,257,241,256,240,255,240,254,240,253,239,252,239,251,238,250,237,249,236,248,235,247,234,247,233,246,232,246,231,246,230,246,229,245,228,245,227,245,226,245,225,245
204,253,203,254,202,254,201,255,200,255,199,256,198,256,197,257,196,257,195,258,194,259,193,259,192,260,191,261,190,261,189,262,188,263,187,263,186,264,185,265,185,266,185,267,186,268,186,269,186,270,186,271,187,272,188,273,188,274,189,275,190,276,191,276,192,277,193,278,194,279,195,280,196,280,197,280,198,280,199,280,200,280,201,279,202,279,203,279,204,278,205,277,206,276,207,276,208,275,209,275,210,274,211,273,212,272,213,271,214,271,215,270,215,269,215,268,215,267,215,266,215,265,215,264,215,263,215,262,214,261,214,260,213,259,213,258,212,257,212,256,211,256,210,255,209,254,208,253,207,253,206,253,205,253
246,261,245,262,244,263,243,264,242,265,242,266,241,267,240,267,239,268,238,268,237,268,236,268,235,269,234,269,233,269,232,269,231,269,230,269,229,269,228,269,227,269,226,269,225,269,224,269,223,270,222,270,221,270,220,270,219,270,218,270,217,271,216,271,215,271,214,272,213,272,212,273,211,274,210,275,209,276,209,277,210,278,209,279,208,280,207,281,206,282,205,283,204,283,204,284,203,285,202,286,201,286,200,287,200,288,200,289,199,290,199,291,199,292,199,293,199,294,199,295,200,296,201,297,202,298,203,298,204,299,205,299,206,299,207,299,208,299,209,299,210,298,211,298,212,298,213,298,214,297,215,297,216,297,217,296,218,296,219,295,220,295,221,295,222,294,223,293,224,293,225,292,226,291,227,291,228,290,229,289,230,289,231,288,232,287,233,286,234,285,235,284,236,283,236,282,237,281,238,281,238,280,239,279,240,278,241,277,241,276,241,275,242,274,242,273,243,272,243,271,243,270,244,269,244,268,245,267,246,266,247,265,248,264,249,263,249,262,250,261,251,262,250,261,249,262,248,261,247,262
292,263,291,264,290,265,289,266,288,267,288,268,288,269,288,270,288,271,288,272,288,273,288,274,289,275,290,276,291,277,292,278,293,278,294,279,295,279,296,280,297,280,298,279,299,279,300,279,301,279,302,278,303,278,304,277,305,278,306,278,307,277,307,276,307,275,306,274,306,273,306,272,306,271,305,270,305,269,305,268,304,268,303,267,302,266,301,265,300,265,299,264,298,264,297,263,296,263,295,263,294,263,293,263
184,265,183,266,182,266,181,266,180,266,179,266,178,266,177,267,176,267,176,268,176,269,175,270,175,271,176,272,176,273,177,274,177,275,178,276,178,277,178,278,179,279,180,280,181,281,182,282,183,282,184,283,185,284,186,285,187,285,188,286,189,287,190,287,191,287,192,286,193,286,194,285,194,284,195,283,195,282,195,281,194,280,193,279,192,278,191,277,190,277,189,276,188,275,187,274,187,273,186,272,185,271,185,270,185,269,185,268,184,267,184,266
267,265,266,266,265,266,264,266,263,267,262,267,261,268,260,268,259,269,258,270,257,270,256,271,255,272,254,273,254,274,253,275,252,276,252,277,251,278,251,279,251,280,251,281,251,282,251,283,251,284,251,285,252,286,252,287,253,288,253,289,254,290,255,291,256,291,257,291,258,292,259,292,260,292,261,292,262,292,263,292,264,292,265,291,266,291,267,290,268,290,269,289,270,288,271,287,271,286,272,285,273,284,274,283,275,282,275,281,276,280,276,279,277,278,277,277,277,276,277,275,277,274,277,273,277,272,277,271,276,270,276,269,275,268,274,267,273,267,272,266,271,266,270,265,269,265,268,265
311,281,310,282,309,282,308,282,307,282,306,282,305,282,304,282,303,282,302,282,301,283,300,283,300,284,299,285,299,286,298,287,298,288,297,289,296,290,296,291,296,292,296,293,297,294,297,295,298,296,298,297,299,298,299,299,300,300,300,301,300,302,301,302,302,302,303,303,304,304,305,304,306,305,307,305,308,305,309,306,310,306,311,306,312,306,313,306,314,306,315,306,316,305,317,304,318,304,319,303,320,303,321,302,322,301,323,300,323,299,324,298,324,297,324,296,325,295,325,294,325,293,325,292,325,291,325,290,325,289,324,288,324,287,323,286,322,286,321,285,320,285,319,285,318,284,317,284,316,284,315,283,314,283,313,282,312,282
282,284,281,285,280,285,279,286,278,286,277,287,277,288,276,289,276,290,276,291,275,292,276,293,275,294,275,295,275,296,275,297,275,298,276,299,277,299,278,300,279,301,280,302,281,303,282,304,283,305,284,306,285,307,286,307,287,308,288,308,289,308,290,307,291,307,292,307,293,306,294,306,295,306,296,305,297,305,298,304,298,303,299,302,299,301,299,300,298,299,298,298,297,297,297,296,296,295,296,294,295,293,295,292,295,291,294,291,293,291,292,290,291,289,290,288,290,287,289,286,288,285,287,284,286,284,285,284,284,284,283,284
347,285,346,286,345,286,344,287,343,287,342,287,341,288,340,288,339,289,338,289,337,290,336,290,335,291,334,292,333,293,333,294,332,295,332,296,332,297,332,298,332,299,331,300,331,301,331,302,331,303,331,304,331,305,331,306,331,307,331,308,331,309,332,310,333,311,334,312,335,313,336,313,337,313,338,313,339,314,340,314,341,313,342,313,343,313,344,312,345,311,346,310,347,310,348,309,349,309,350,308,350,307,351,306,352,305,352,304,352,303,353,302,353,301,353,300,353,299,353,298,353,297,353,296,354,295,354,294,353,293,354,292,353,291,353,290,352,289,352,288,351,287,350,286,349,285,348,285
239,287,238,288,237,288,236,288,235,289,234,289,233,290,232,291,231,292,230,293,229,294,228,295,227,296,226,297,226,298,225,299,225,300,224,301,224,302,224,303,224,304,224,305,224,306,225,307,225,308,226,309,227,310,228,311,229,311,230,311,231,312,232,312,233,312,234,312,235,312,236,312,237,312,238,312,239,313,240,313,241,313,242,313,243,313,244,314,245,314,246,314,247,314,248,314,249,314,250,313,251,313,252,312,253,312,254,311,255,310,256,309,256,308,257,307,257,306,258,305,258,304,258,303,258,302,258,301,258,300,258,299,258,298,258,297,258,296,257,295,256,294,255,293,254,292,253,291,252,290,251,290,250,289,249,288,248,288,247,288,246,288,245,288,244,287,243,287,242,287,241,287,240,287
274,298,273,299,272,299,271,299,270,299,269,299,268,300,267,300,266,301,265,301,264,302,263,303,262,304,262,305,261,306,261,307,261,308,261,309,260,310,260,311,261,312,261,313,261,314,261,315,261,316,261,317,261,318,261,319,262,319,263,320,264,321,265,321,266,322,267,322,268,323,269,323,270,324,271,324,272,325,273,324,274,324,275,323,276,323,277,323,278,322,279,322,280,321,281,321,282,321,282,320,283,319,284,318,285,317,285,316,286,315,286,314,287,313,287,312,287,311,287,310,287,309,286,308,285,308,284,307,283,306,282,305,281,304,280,303,279,302,278,301,277,300,276,300,275,299
330,314,329,315,328,315,327,315,326,316,325,316,324,317,323,318,322,318,321,319,321,320,320,321,319,322,318,323,318,324,317,325,317,326,317,327,316,328,316,329,316,330,316,331,316,332,316,333,317,334,318,335,319,336,320,337,321,337,322,337,323,338,324,338,325,337,326,337,327,337,328,336,329,336,330,335,331,335,332,334,333,333,334,332,335,332,336,331,337,330,338,329,339,329,340,328,341,327,341,326,341,325,342,324,342,323,343,322,342,321,343,320,343,319,342,318,341,317,341,316,340,315,339,315,338,314,337,314,336,314,335,314,334,314,333,314,332,314,331,314
262,320,261,321,260,321,259,321,258,322,257,323,256,324,255,325,255,326,254,327,254,328,253,329,253,330,253,331,253,332,253,333,254,334,254,335,255,336,256,336,257,337,258,337,259,338,260,338,261,338,262,338,263,338,264,337,265,337,266,336,267,336,267,335,268,334,269,333,270,332,270,331,271,330,271,329,271,328,271,327,271,326,271,325,270,325,269,324,268,324,267,323,266,323,265,322,264,322,263,321
287,321,286,322,285,322,284,322,283,322,282,322,281,323,281,324,281,325,280,326,279,327,279,328,278,329,278,330,278,331,278,332,278,333,278,334,278,335,279,336,279,337,280,338,280,339,281,340,281,341,282,342,283,343,284,344,285,345,286,346,287,347,288,347,289,348,290,348,291,348,292,349,293,349,294,349,295,350,296,350,297,350,298,350,299,349,300,349,301,349,302,349,303,348,304,348,305,347,306,347,307,347,308,346,309,345,310,344,310,343,311,342,311,341,311,340,312,339,312,338,313,337,313,336,313,335,314,334,314,333,315,332,315,331,315,330,315,329,315,328,315,327,314,326,314,325,313,324,312,323,311,322,310,322,309,322,308,322,307,322,306,322,305,322,304,322,303,323,302,323,301,323,300,323,299,323,298,323,297,323,296,323,295,323,294,322,293,322,292,321,291,321,290,321,289,321,288,321
373,410,372,411,371,411,370,411,369,412,368,413,367,414,366,415,365,416,365,417,365,418,365,419,365,420,365,421,366,422,366,423,366,424,366,425,366,426,366,427,366,428,366,429,366,430,367,431,368,431,369,432,370,433,371,434,372,434,373,435,374,435,375,435,376,436,377,437,378,437,379,437,380,438,381,438,382,438,383,438,384,439,385,439,386,439,387,440,388,440,389,440,390,440,391,441,392,441,393,441,394,441,395,441,396,441,397,441,398,440,399,440,400,440,401,440,402,439,403,439,404,438,404,437,405,436,406,435,406,434,406,433,406,432,405,431,405,430,405,429,404,428,403,427,402,426,401,426,400,425,399,424,398,424,397,423,396,422,395,422,394,421,393,421,392,420,391,419,390,419,389,418,388,417,387,416,386,415,385,414,384,413,383,412,382,411,381,411,380,410,379,410,378,410,377,410,376,410,375,410,374,410
352,413,351,414,350,414,349,414,348,414,347,414,346,415,345,415,344,416,343,417,342,418,341,418,341,419,340,420,340,421,340,422,340,423,340,424,340,425,341,426,342,427,343,428,344,429,345,429,346,430,347,430,348,430,349,431,350,431,351,431,352,431,353,431,354,430,355,430,356,430,357,430,358,430,359,430,360,430,361,430,362,430,363,430,364,430,365,430,365,429,365,428,365,427,365,426,365,425,365,424,365,423,365,422,364,421,364,420,364,419,364,418,364,417,364,416,363,417,362,416,361,416,360,415,359,415,358,414,357,414,356,414,355,413,354,413,353,413
311,417,310,418,309,418,308,418,307,419,306,419,305,420,304,420,303,421,302,422,301,423,301,424,300,425,300,426,299,427,299,428,299,429,299,430,299,431,299,432,299,433,299,434,300,435,300,436,301,437,301,438,302,439,302,440,303,440,304,441,305,441,306,441,307,442,308,442,309,441,310,441,311,441,312,440,313,440,314,440,315,439,316,438,317,437,318,436,319,436,320,435,321,434,321,433,322,432,323,431,323,430,323,429,323,428,324,427,324,426,324,425,324,424,324,423,324,422,323,421,323,420,322,419,321,419,320,418,319,418,318,417,317,417,316,417,315,417,314,417,313,417,312,417
167,429,166,430,165,430,164,431,163,431,162,432,161,432,160,433,160,434,159,435,158,435,158,436,158,437,159,438,159,439,159,440,159,441,160,442,160,443,160,444,160,445,160,446,159,447,159,448,159,449,159,450,159,451,159,452,159,453,160,454,161,455,162,455,163,455,164,456,165,456,166,456,167,455,168,455,169,455,170,454,171,453,172,453,173,452,174,451,175,450,175,449,176,448,177,447,178,446,178,445,179,444,179,443,179,442,179,441,180,440,180,439,180,438,179,437,179,436,179,435,178,434,178,433,177,432,176,431,175,431,174,430,173,430,172,429,171,429,170,429,169,429,168,429
134,431,133,432,132,432,131,432,130,433,129,434,129,435,128,436,128,437,127,438,127,439,127,440,127,441,127,442,126,443,126,444,127,445,127,446,127,447,128,448,128,449,128,450,129,451,129,452,130,453,130,454,131,455,132,456,133,457,134,457,135,458,136,458,137,458,138,459,139,459,140,459,141,459,142,459,143,459,144,458,145,458,146,458,147,457,148,457,149,456,150,455,150,454,150,453,151,452,151,451,151,450,151,449,151,448,150,447,150,446,150,445,149,444,149,443,148,442,148,441,147,440,147,439,146,438,146,437,145,436,144,435,143,434,142,433,141,433,140,432,139,432,138,431,137,431,136,431,135,431
202,432,201,433,200,433,199,434,198,434,197,435,196,435,195,436,194,436,193,437,192,438,191,438,190,439,189,440,188,441,187,442,187,443,186,444,186,445,185,446,185,447,185,448,185,449,185,450,185,451,185,452,185,453,185,454,185,455,186,456,187,457,188,458,189,459,190,459,191,459,192,459,193,459,194,458,195,458,196,458,197,457,198,457,199,457,200,456,201,456,202,455,203,455,204,454,205,454,206,453,207,453,208,452,209,452,210,451,211,451,212,450,213,450,214,450,215,449,216,448,216,447,217,446,218,445,218,444,218,443,218,442,218,441,217,440,217,439,216,438,215,437,214,436,213,435,212,435,211,434,210,434,209,433,208,433,207,432,206,432,205,432,204,432,203,432
289,435,288,436,287,437,286,438,286,439,285,440,284,441,284,442,284,443,283,444,283,445,283,446,283,447,283,448,283,449,283,450,284,451,284,452,285,453,285,454,286,455,287,456,288,457,289,457,290,457,291,458,292,458,293,458,294,458,295,457,296,456,297,456,298,455,298,454,299,453,300,452,300,451,301,450,301,449,301,448,302,447,302,446,302,445,302,444,302,443,301,442,301,441,301,440,300,440,299,439,298,438,297,437,296,437,295,436,294,436,293,435,292,435,291,435,290,435
362,438,361,439,360,439,359,439,358,439,357,440,356,440,355,441,354,441,353,441,352,442,351,443,350,444,349,445,348,446,348,447,348,448,347,449,347,450,346,451,346,452,346,453,345,454,345,455,345,456,345,457,345,458,346,459,346,460,346,461,347,462,347,463,348,464,348,465,348,466,349,467,350,467,351,468,352,468,353,469,354,469,355,470,356,470,357,470,358,470,359,471,360,471,361,471,362,471,363,471,364,471,365,471,366,471,367,471,368,471,369,470,370,470,371,470,372,469,373,469,374,468,375,468,376,467,377,467,378,466,379,465,380,464,380,463,381,462,382,461,382,460,382,459,382,458,382,457,382,456,382,455,382,454,382,453,382,452,382,451,382,450,381,449,381,448,381,447,380,446,380,445,379,444,378,443,377,442,376,441,375,441,374,440,373,440,372,440,371,439,370,439,369,439,368,439,367,439,366,439,365,438,364,438,363,438
417,444,416,445,415,445,414,446,413,447,413,448,413,449,413,450,413,451,413,452,413,453,413,454,413,455,413,456,414,457,414,458,414,459,415,460,415,461,416,462,416,463,416,464,416,465,417,466,418,467,418,468,419,469,420,469,421,470,422,471,423,471,424,472,425,472,426,472,427,472,428,472,429,472,430,472,431,471,432,471,433,470,434,469,435,468,436,467,436,466,437,465,437,464,437,463,437,462,437,461,436,460,436,459,436,458,435,457,435,456,434,455,433,454,433,453,432,452,431,451,430,450,429,449,428,448,427,447,426,447,425,446,424,445,423,445,422,444,421,444,420,444,419,444,418,444
327,445,326,446,325,446,324,446,323,447,322,447,321,448,320,448,319,449,319,450,318,451,318,452,318,453,317,454,316,455,316,456,315,457,315,458,315,459,315,460,314,461,314,462,314,463,314,464,314,465,314,466,314,467,314,468,314,469,315,470,315,471,316,472,317,473,317,474,318,474,319,475,320,476,321,476,322,476,323,477,324,477,325,478,326,478,327,479,328,480,329,479,330,479,331,479,332,479,333,480,334,480,335,480,336,480,337,480,338,479,339,479,340,479,341,479,342,479,343,479,344,478,345,477,346,477,346,476,347,475,347,474,348,473,348,472,348,471,348,470,349,469,349,468,348,467,347,466,347,465,347,464,346,463,346,462,345,461,345,460,345,459,344,458,344,457,343,456,342,455,341,454,341,453,340,452,340,451,339,450,338,449,337,448,336,447,335,446,334,446,333,446,332,445,331,445,330,445,329,445,328,445
114,449,113,450,112,450,111,451,110,452,109,453,108,454,108,455,107,456,107,457,107,458,107,459,107,460,107,461,108,462,109,463,110,464,111,464,112,465,113,466,114,466,115,466,116,466,117,466,118,466,119,466,120,466,121,466,122,465,123,465,124,464,125,463,126,462,126,461,127,460,127,459,127,458,127,457,127,456,127,455,127,454,126,453,125,452,124,451,123,450,122,450,121,449,120,449,119,449,118,449,117,449,116,449,115,449
215,450,214,451,213,451,212,451,211,452,210,452,209,453,208,453,207,454,206,454,205,455,205,456,205,457,204,458,204,459,203,460,203,461,203,462,203,463,203,464,203,465,203,466,203,467,204,468,204,469,205,470,206,471,207,471,208,472,209,472,210,472,211,472,212,472,213,472,214,472,215,472,216,471,217,471,218,470,219,469,220,468,221,467,222,466,223,465,223,464,223,463,223,462,223,461,223,460,222,459,222,458,222,457,222,456,221,455,220,454,220,453,219,452,218,451,217,451,216,450
231,453,230,454,229,455,228,456,227,457,226,458,226,459,226,460,226,461,225,462,225,463,225,464,225,465,226,466,226,467,227,468,228,469,228,470,229,471,229,472,230,472,231,472,232,473,233,473,234,473,235,473,236,473,237,473,238,472,239,472,240,471,241,470,242,469,242,468,243,467,243,466,243,465,243,464,242,463,242,462,242,461,242,460,242,459,241,458,240,457,239,456,238,455,237,455,236,454,235,454,234,453,233,453,232,453
277,462,276,463,275,463,274,464,273,465,273,466,273,467,272,468,272,469,272,470,272,471,272,472,272,473,272,474,272,475,272,476,273,477,273,478,274,479,275,480,276,480,277,481,278,481,279,481,280,481,281,481,282,481,283,480,284,480,285,479,285,478,286,477,287,476,288,475,288,474,288,473,288,472,288,471,288,470,288,469,288,468,287,467,287,466,286,465,285,464,284,463,283,463,282,462,281,462,280,462,279,462,278,462
109,466,108,467,107,467,106,468,105,468,105,469,104,470,103,471,103,472,103,473,103,474,103,475,103,476,104,477,105,478,105,479,106,479,107,480,108,480,109,481,110,481,111,480,112,480,113,480,114,480,115,479,116,478,117,477,117,476,117,475,117,474,117,473,117,472,117,471,116,470,116,469,115,468,115,467,114,467,113,467,112,466,111,466,110,466
385,468,384,469,383,469,382,469,381,469,380,470,379,470,378,471,377,471,376,472,375,473,374,474,373,475,373,476,372,477,372,478,371,479,371,480,371,481,370,482,370,483,371,484,370,485,370,486,371,487,371,488,372,489,372,490,373,491,373,492,374,493,375,493,376,494,377,494,378,495,379,495,380,496,381,496,382,495,383,495,384,495,385,495,386,495,387,494,388,494,389,493,390,493,391,492,392,491,393,490,394,489,395,488,396,487,397,487,398,486,399,485,400,485,401,484,401,483,401,482,402,481,402,480,402,479,402,478,402,477,401,476,401,475,401,474,400,473,400,472,399,471,398,470,397,470,396,469,395,469,394,468,393,468,392,468,391,468,390,468,389,468,388,468,387,468,386,468
156,469,155,470,154,470,153,470,152,471,151,471,150,472,149,473,148,474,147,474,146,475,145,476,144,476,143,477,143,478,142,479,142,480,142,481,142,482,142,483,142,484,142,485,141,486,141,487,141,488,141,489,140,490,140,491,140,492,139,493,139,494,139,495,139,496,140,497,140,498,140,499,140,500,141,501,141,502,142,503,143,504,144,505,144,506,145,507,146,507,147,508,148,508,149,509,150,510,151,510,152,510,153,511,154,511,155,511,156,511,157,511,158,511,159,511,160,511,161,511,162,511,163,511,164,511,165,511,166,511,167,511,168,511,169,511,170,511,171,511,172,511,173,511,174,511,175,510,176,510,177,510,178,510,179,509,180,509,181,508,182,507,182,506,183,505,184,504,185,503,186,502,186,501,186,500,187,499,187,498,187,497,187,496,188,495,188,494,188,493,188,492,189,491,188,490,188,489,188,488,188,487,187,486,187,485,187,484,186,483,186,482,186,481,185,480,185,479,184,478,183,477,182,476,181,475,180,474,179,474,178,473,177,473,176,473,175,472,174,472,173,472,172,472,171,471,170,471,169,471,168,471,167,470,166,470,165,470,164,469,163,469,162,469,161,469,160,469,159,469,158,469,157,469
88,472,87,473,86,473,85,473,84,474,83,475,82,475,81,476,80,476,80,477,79,478,78,479,77,480,77,481,76,482,76,483,76,484,76,485,75,486,75,487,75,488,75,489,75,490,75,491,76,492,76,493,77,494,77,495,78,496,79,496,80,497,81,498,82,499,83,500,84,500,85,500,86,499,87,499,88,498,89,498,90,497,91,497,92,496,93,496,94,495,95,494,94,493,95,492,95,491,95,490,96,489,96,488,96,487,96,486,96,485,96,484,96,483,96,482,96,481,96,480,96,479,96,478,95,477,95,476,95,475,94,474,93,473,92,472,91,472,90,472,89,472
312,476,311,477,310,477,309,477,308,477,307,478,306,478,305,479,304,480,304,481,303,482,302,483,302,484,301,485,301,486,300,487,300,488,300,489,299,490,299,491,299,492,299,493,299,494,299,495,299,496,299,497,299,498,299,499,300,500,300,501,300,502,301,503,301,504,301,505,302,506,302,507,303,508,304,509,304,510,305,510,306,510,307,511,308,511,309,511,310,511,311,511,312,511,313,511,314,511,315,511,316,511,317,511,318,511,319,511,320,511,321,511,322,511,323,511,324,511,325,511,326,511,327,510,328,510,329,510,330,510,331,510,331,509,332,508,333,508,334,507,335,506,336,505,336,504,336,503,337,502,337,501,337,500,337,499,337,498,337,497,337,496,337,495,337,494,336,493,335,492,335,491,335,490,334,489,334,488,333,487,333,486,332,485,331,484,330,483,329,482,328,481,327,480,326,479,325,479,324,478,323,478,322,477,321,477,320,477,319,477,318,477,317,476,316,476,315,476,314,476,313,476
241,480,240,481,239,481,238,481,237,481,236,481,235,482,234,482,233,483,232,483,231,484,230,485,230,486,229,487,229,488,229,489,229,490,229,491,228,492,229,493,229,494,229,495,229,496,230,497,231,498,231,499,232,499,233,500,234,500,235,501,236,501,237,501,238,501,239,501,240,501,241,501,242,501,243,501,244,501,245,501,246,501,247,501,248,500,249,500,250,500,251,499,252,498,252,497,253,496,253,495,253,494,253,493,253,492,253,491,253,490,253,489,253,488,252,487,252,486,252,485,251,484,250,483,250,482,249,481,248,481,247,481,246,480,245,480,244,480,243,480,242,480
433,482,432,483,431,484,430,485,429,486,429,487,428,488,428,489,427,490,427,491,427,492,427,493,427,494,427,495,427,496,427,497,428,498,429,499,429,500,430,500,431,501,432,501,433,502,434,502,435,502,436,502,437,503,438,502,439,502,440,502,441,501,442,501,443,500,444,499,445,498,446,497,447,496,447,495,447,494,447,493,446,492,446,491,445,490,445,489,444,488,444,487,443,486,442,485,441,484,440,484,439,483,438,483,437,483,436,482,435,482,434,482
270,485,269,486,268,487,267,488,267,489,267,490,267,491,267,492,267,493,266,494,266,495,267,496,267,497,267,498,268,499,268,500,268,501,269,502,270,503,270,504,271,504,272,505,273,505,274,505,275,505,276,505,277,504,278,504,279,504,280,504,281,504,282,504,283,503,284,502,285,502,286,501,286,500,287,499,287,498,287,497,287,496,287,495,287,494,288,493,288,492,288,491,287,490,287,489,286,488,285,487,284,487,283,486,282,486,281,486,280,486,279,485,278,485,277,485,276,485,275,485,274,485,273,485,272,485,271,485
401,485,400,486,399,486,398,487,397,488,396,488,395,489,394,490,393,491,392,492,391,493,391,494,390,495,390,496,390,497,390,498,389,499,389,500,389,501,388,502,388,503,388,504,388,505,388,506,388,507,388,508,388,509,389,510,389,511,390,511,391,511,392,511,393,511,394,511,395,511,396,511,397,511,398,511,399,511,400,511,401,511,402,511,403,511,404,511,405,511,406,511,407,511,408,511,409,511,410,511,411,511,412,511,413,511,414,511,415,511,416,511,417,511,418,511,419,511,420,510,421,510,421,509,422,508,422,507,422,506,422,505,423,504,423,503,423,502,423,501,423,500,423,499,423,498,423,497,423,496,423,495,422,494,422,493,421,492,420,491,420,490,419,489,418,488,417,488,416,487,415,486,414,486,413,485,412,485,411,485,410,485,409,485,408,485,407,485,406,485,405,485,404,485,403,485,402,485
120,497,119,498,118,498,117,498,116,498,115,499,114,499,113,500,112,501,111,501,110,502,109,503,108,504,107,505,106,506,105,507,104,508,103,508,103,509,102,510,103,510,104,511,105,511,106,510,107,510,108,511,109,511,110,511,111,511,112,511,113,511,114,511,115,511,116,511,117,511,118,511,119,511,120,511,121,511,122,511,123,511,124,511,125,511,126,511,127,511,128,511,129,511,130,511,131,511,132,511,133,511,134,511,135,511,136,511,137,510,138,510,139,510,140,510,139,509,139,508,139,507,138,506,137,505,136,504,135,503,134,502,133,502,132,501,131,501,130,500,129,500,128,499,127,499,126,498,125,498,124,498,123,498,122,498,121,498
283,504,282,505,281,505,280,506,279,506,278,507,278,508,277,509,277,510,277,511,278,511,279,511,280,511,281,511,282,511,283,511,284,511,285,511,286,511,287,511,288,511,289,511,290,511,291,511,292,511,293,511,294,511,295,511,296,510,295,509,294,508,293,507,292,507,291,506,290,505,289,505,288,505,287,505,286,504,285,504,284,504
