101,23,100,24,100,25,100,26,101,27,102,27,103,27,104,26,104,25,104,24,103,23,102,23
165,28,164,29,163,29,162,29,161,30,161,31,160,32,160,33,159,34,159,35,158,36,158,37,159,38,159,39,160,40,160,41,161,42,162,43,163,44,164,44,165,44,166,44,167,44,168,44,169,44,170,44,171,43,172,43,173,43,174,42,175,41,176,40,176,39,176,38,176,37,176,36,175,35,175,34,175,33,174,32,173,31,172,30,171,29,170,29,169,28,168,28,167,28,166,28
58,51,57,52,56,52,55,53,54,54,54,55,53,56,53,57,52,58,52,59,51,60,51,61,51,62,51,63,52,64,53,65,53,66,54,67,55,68,55,69,56,69,57,70,58,70,59,70,60,71,61,71,62,71,63,72,64,71,65,71,66,71,67,71,68,71,69,70,70,69,71,68,71,67,71,66,71,65,72,64,72,63,71,62,71,61,71,60,71,59,71,58,71,57,70,56,69,55,69,54,68,53,67,53,66,52,65,51,64,51,63,51,62,51,61,51,60,51,59,51
133,73,132,74,131,74,130,74,129,75,128,75,127,76,126,76,125,77,124,78,123,78,123,79,124,80,124,81,124,82,125,83,125,84,126,85,126,86,127,87,128,87,129,86,130,86,131,86,132,85,133,85,134,84,135,84,136,83,137,82,138,81,139,81,139,80,140,79,141,78,141,77,141,76,141,75,140,74,139,74,138,74,137,73,136,73,135,73,134,73
121,77,120,78,119,78,118,79,117,79,116,80,115,80,114,81,113,81,112,82,111,83,110,83,110,84,110,85,110,86,110,87,110,88,109,89,109,90,109,91,109,92,109,93,109,94,109,95,109,96,110,96,111,97,112,98,113,99,114,99,115,98,116,98,117,98,118,98,119,98,120,98,121,97,122,96,122,95,123,94,124,93,124,92,125,91,125,90,126,89,126,88,126,87,125,86,125,85,124,84,124,83,123,82,123,81,123,80,122,79,122,78
187,88,186,89,185,89,184,89,183,90,182,90,181,91,180,91,179,92,178,92,177,93,177,94,177,95,176,96,176,97,176,98,176,99,176,100,176,101,176,102,176,103,176,104,177,104,178,105,179,106,180,107,180,108,181,108,182,109,183,110,184,111,185,111,186,112,187,112,188,112,189,112,190,112,191,112,192,112,193,112,194,112,195,112,196,112,197,111,198,111,199,110,200,109,201,109,202,108,202,107,203,106,204,105,204,104,204,103,205,102,205,101,205,100,205,99,204,98,204,97,203,96,202,95,202,94,201,94,200,93,199,92,198,91,197,91,196,91,195,90,194,90,193,89,192,89,191,89,190,89,189,89,188,89
215,99,214,100,213,100,212,101,212,102,211,103,210,103,209,104,208,105,207,106,206,107,206,108,205,109,204,110,203,111,202,112,201,113,201,114,200,115,200,116,199,117,199,118,199,119,199,120,199,121,199,122,199,123,200,124,201,125,201,126,202,126,203,127,204,128,205,128,206,129,207,129,208,130,209,130,210,131,211,131,212,132,213,132,214,132,215,132,216,132,217,131,218,131,219,131,220,130,221,130,222,129,223,128,224,127,224,126,225,125,225,124,226,123,226,122,227,121,227,120,227,119,228,118,227,117,228,116,228,115,228,114,228,113,228,112,228,111,228,110,228,109,227,108,227,107,227,106,227,105,226,104,225,103,224,102,223,102,222,102,221,101,220,101,219,101,218,100,217,100,216,100
112,103,111,104,110,104,110,105,109,106,108,107,108,108,108,109,107,110,107,111,107,112,107,113,107,114,106,115,106,116,106,117,106,118,106,119,107,120,107,121,108,122,108,123,109,124,110,125,111,125,112,125,113,124,114,124,115,123,116,123,117,123,118,122,119,122,120,122,121,121,122,121,123,121,124,120,125,120,125,119,125,118,125,117,125,116,124,115,123,114,122,113,121,112,121,111,121,110,120,109,119,108,118,108,117,107,116,106,115,105,115,104,114,103,113,103
238,116,237,117,236,117,235,118,234,119,233,120,232,121,232,122,232,123,232,124,231,125,231,126,230,127,230,128,230,129,230,130,229,131,229,132,229,133,229,134,229,135,228,136,228,137,228,138,228,139,228,140,229,141,229,142,230,143,231,144,231,145,232,145,233,146,234,146,235,146,236,147,237,146,238,147,239,146,240,146,241,146,242,146,243,146,244,145,245,145,246,145,247,144,248,144,249,143,250,142,251,142,252,141,252,140,253,139,253,138,254,137,253,136,253,135,253,134,253,133,253,132,253,131,252,130,252,129,252,128,251,127,251,126,250,125,250,124,249,123,248,122,247,121,246,120,245,119,244,118,243,117,242,117,241,116,240,116,239,116
126,120,125,121,124,121,123,122,122,122,121,122,120,123,119,123,118,123,117,124,116,124,115,124,114,125,113,125,112,126,111,126,110,126,110,127,110,128,110,129,110,130,110,131,110,132,110,133,110,134,111,135,111,136,111,137,112,138,112,139,113,140,114,141,114,142,115,143,116,143,117,144,118,145,119,146,120,145,121,145,122,145,123,145,124,145,125,144,126,144,127,144,127,143,128,142,128,141,128,140,128,139,128,138,128,137,128,136,128,135,128,134,128,133,128,132,128,131,128,130,128,129,128,128,128,127,128,126,128,125,128,124,128,123,127,122,127,121,127,120
179,121,178,122,177,122,176,123,175,123,174,124,173,125,172,126,171,127,171,128,171,129,171,130,171,131,171,132,170,133,171,134,171,135,171,136,172,137,172,138,172,139,173,140,173,141,174,142,174,143,175,144,176,145,177,146,178,147,178,148,179,148,180,149,181,150,182,151,183,151,184,152,185,152,186,153,187,153,188,153,189,152,190,152,191,152,192,151,193,151,194,150,194,149,195,148,195,147,196,146,196,145,196,144,196,143,197,142,197,141,197,140,197,139,197,138,196,137,196,136,196,135,196,134,195,133,195,132,195,131,194,130,194,129,193,128,192,127,191,126,190,125,189,124,188,123,187,123,186,122,185,122,184,122,183,122,182,121,181,121,180,121
261,133,260,134,259,134,258,135,257,136,256,136,255,137,254,138,254,139,253,140,253,141,253,142,253,143,253,144,253,145,254,146,254,147,255,148,255,149,256,149,257,150,258,151,259,152,260,153,261,154,262,154,263,155,264,156,265,156,266,155,267,155,268,154,269,154,270,153,271,152,272,152,273,151,274,151,274,150,274,149,274,148,274,147,274,146,274,145,274,144,273,143,273,142,272,141,272,140,271,139,271,138,270,137,269,136,268,136,267,135,266,135,265,134,264,134,263,134,262,134
96,137,95,138,94,138,93,139,92,140,91,141,90,142,90,143,89,144,89,145,89,146,89,147,90,148,90,149,91,150,92,151,93,151,94,152,95,151,96,151,97,151,98,150,99,149,100,149,101,148,101,147,102,146,102,145,103,144,103,143,103,142,103,141,102,140,101,139,100,138,99,137,98,137,97,137
151,141,150,142,149,142,148,142,147,142,146,142,145,142,144,142,143,143,142,143,141,143,140,143,139,143,138,143,137,143,136,144,135,144,134,144,133,144,132,144,131,144,130,144,129,145,128,145,127,145,126,145,125,145,124,146,123,146,122,146,121,146,120,146,119,147,118,147,118,148,117,149,116,150,116,151,116,152,116,153,115,154,115,155,115,156,115,157,115,158,115,159,116,160,116,161,116,162,117,163,118,164,119,165,119,166,120,167,121,167,122,167,123,167,124,167,125,168,126,168,127,168,128,167,129,167,130,167,131,167,132,167,133,166,134,166,135,166,136,166,137,165,138,165,139,165,140,165,141,165,142,164,143,164,144,163,145,163,146,162,147,162,148,162,149,161,150,161,151,161,152,161,153,161,154,160,155,160,156,160,157,159,158,158,158,157,159,156,160,155,160,154,160,153,160,152,161,151,161,150,161,149,161,148,160,147,160,146,159,145,158,144,157,143,156,142,155,141,154,141,153,141,152,141
208,148,207,149,206,149,205,149,204,149,203,149,202,150,201,151,200,152,199,152,199,153,198,154,197,155,197,156,196,157,195,158,194,159,193,160,192,160,191,161,190,161,189,162,188,162,187,163,186,164,185,165,184,166,183,166,182,167,181,167,180,168,179,169,179,170,178,171,178,172,178,173,178,174,178,175,178,176,178,177,178,178,178,179,178,180,178,181,178,182,178,183,178,184,178,185,178,186,179,187,179,188,180,189,180,190,181,191,182,192,183,192,184,193,185,194,186,195,187,195,188,196,189,196,190,196,191,197,192,197,193,198,194,198,195,198,196,197,197,197,198,197,199,196,200,196,201,196,202,196,203,195,204,194,205,193,206,192,207,191,208,190,209,189,209,188,210,187,211,186,211,185,212,184,213,183,214,182,215,181,216,180,217,179,217,178,217,177,216,176,216,175,216,174,216,173,216,172,216,171,216,170,216,169,216,168,216,167,216,166,216,165,216,164,217,163,216,162,216,161,216,160,217,159,217,158,217,157,218,156,218,155,218,154,218,153,219,152,219,151,218,150,217,150,216,150,215,150,214,150,213,150,212,149,211,149,210,149,209,149
228,149,227,150,226,151,225,152,224,152,224,153,223,154,222,154,222,155,222,156,221,157,220,158,220,159,219,160,219,161,219,162,218,163,217,164,218,165,217,166,217,167,217,168,217,169,217,170,217,171,217,172,217,173,217,174,217,175,217,176,218,177,218,178,218,179,219,179,220,178,221,178,222,179,223,179,224,179,225,180,226,180,227,180,228,180,229,180,230,180,231,180,232,180,233,180,234,180,235,180,236,180,237,181,238,181,237,180,238,179,239,179,240,179,241,178,242,177,242,176,242,175,243,174,243,173,243,172,244,171,244,170,244,169,244,168,244,167,244,166,245,165,245,164,244,163,244,162,244,161,244,160,244,159,243,158,243,157,243,156,242,155,242,154,241,153,241,152,240,151,239,150,238,150,237,149,236,149,235,149,234,149,233,149,232,149,231,149,230,149,229,149
275,151,274,152,273,152,272,153,271,153,270,154,269,155,268,155,267,156,266,156,265,157,265,158,264,159,265,160,265,161,266,162,266,163,267,164,267,165,267,166,268,167,268,168,268,169,268,170,269,171,269,172,269,173,270,174,270,175,270,176,271,177,271,178,272,179,273,179,274,179,275,179,276,179,277,179,278,179,279,179,280,178,281,177,282,176,283,175,284,174,285,173,286,172,286,171,286,170,286,169,286,168,286,167,286,166,286,165,286,164,286,163,285,162,284,161,284,160,283,159,283,158,283,157,283,156,282,155,281,154,281,153,280,152,279,152,278,152,277,152,276,152
262,160,261,161,260,161,259,162,258,163,257,164,256,164,255,165,254,166,253,166,252,167,251,168,250,168,249,168,250,169,250,170,249,171,249,172,249,173,249,174,248,175,248,176,248,177,248,178,247,179,248,180,247,181,247,182,248,183,247,184,248,185,248,186,247,187,248,188,248,189,249,190,250,191,251,192,252,193,253,193,254,194,255,194,256,194,257,194,258,195,259,195,260,195,261,194,262,193,263,193,264,192,265,191,266,190,267,189,268,188,269,187,270,186,270,185,270,184,271,183,271,182,272,181,272,180,271,179,270,178,270,177,269,176,269,175,269,174,268,173,268,172,268,171,267,170,267,169,267,168,267,167,266,166,266,165,266,164,265,163,265,162,264,161,264,160,263,160
164,166,163,167,162,168,161,168,160,168,159,168,158,168,157,168,156,168,155,168,154,169,153,169,152,169,151,169,150,169,149,169,148,169,147,169,146,169,145,169,144,169,143,169,142,169,141,169,140,169,139,170,138,170,137,170,136,171,135,171,134,172,133,173,132,174,132,175,131,176,131,177,131,178,130,179,130,180,130,181,130,182,130,183,130,184,130,185,130,186,130,187,131,188,131,189,131,190,131,191,132,192,133,193,134,194,135,195,136,196,137,196,138,197,139,197,140,197,141,197,142,197,143,196,144,196,145,195,146,195,147,194,148,194,149,193,150,193,151,192,152,192,153,191,154,191,155,191,156,190,157,190,158,190,159,189,160,189,161,189,162,188,163,188,164,187,165,187,166,187,167,187,168,186,168,185,168,184,169,183,169,182,170,181,170,180,171,179,171,178,171,177,171,176,171,175,171,174,170,173,170,172,170,171,170,170,170,169,169,168,168,167,167,166,166,166,165,166
304,180,303,181,302,182,301,183,301,184,301,185,300,186,300,187,299,188,299,189,298,190,298,191,298,192,298,193,299,193,300,193,301,193,302,193,303,194,304,194,305,195,306,195,307,195,308,195,309,195,310,195,311,195,312,194,313,193,314,192,314,191,314,190,315,189,315,188,314,187,314,186,313,185,312,184,311,183,310,182,309,181,308,181,307,180,306,180,305,181
236,182,235,183,234,183,233,183,232,183,231,184,230,184,229,185,228,186,227,187,226,188,225,189,224,190,223,190,223,191,223,192,223,193,223,194,223,195,223,196,223,197,223,198,224,199,224,200,225,201,226,202,227,203,228,204,229,203,230,203,231,203,232,203,233,203,234,203,235,203,236,203,237,203,238,203,239,203,240,203,241,203,242,204,243,203,244,203,245,202,246,201,247,200,247,199,248,198,248,197,248,196,248,195,248,194,248,193,248,192,248,191,248,190,247,189,247,188,246,188,245,187,244,186,243,185,243,184,242,184,241,183,240,183,239,182,238,182,237,182
271,186,270,187,269,188,268,189,267,190,266,191,265,192,264,193,263,194,262,194,261,195,260,196,260,197,259,198,258,199,257,199,256,200,255,201,254,201,253,202,252,203,251,203,250,204,249,204,248,205,247,205,246,205,245,205,244,206,243,206,242,205,241,206,240,206,239,207,238,207,237,207,236,207,235,208,234,208,234,209,233,210,232,211,232,212,232,213,232,214,232,215,232,216,232,217,232,218,232,219,232,220,233,221,234,222,235,223,236,224,237,225,238,226,239,226,240,226,241,226,242,227,243,227,244,227,245,227,246,228,247,227,248,227,249,227,250,227,251,226,252,225,253,224,254,223,255,223,256,222,257,222,258,221,259,221,260,221,261,220,262,220,263,220,264,221,265,220,266,220,267,220,268,220,269,220,270,220,270,219,270,218,271,217,272,216,273,216,273,215,273,214,273,213,273,212,273,211,273,210,272,209,272,208,272,207,272,206,272,205,272,204,272,203,272,202,272,201,273,200,273,199,274,198,274,197,275,196,276,195,277,195,277,194,277,193,277,192,278,191,277,190,277,189,277,188,276,187,275,187,274,187,273,186,272,186
168,187,167,188,166,188,165,188,164,188,163,189,162,189,161,190,160,190,159,190,158,191,157,191,156,191,155,192,154,192,153,192,152,193,151,193,150,194,149,194,148,195,147,195,146,196,145,196,144,197,143,197,142,198,141,198,141,199,141,200,141,201,141,202,141,203,141,204,141,205,140,206,141,207,140,208,141,209,141,210,141,211,141,212,141,213,141,214,142,215,142,216,143,217,143,218,144,219,145,220,145,221,146,222,147,222,148,223,149,223,150,224,151,224,152,223,153,222,154,221,155,221,156,220,157,219,158,219,159,219,160,219,160,218,160,217,160,216,160,215,160,214,160,213,161,212,161,211,162,210,162,209,163,208,164,207,165,206,166,206,167,205,168,204,169,204,170,204,171,203,172,203,173,202,174,201,175,201,176,200,177,199,177,198,178,197,178,196,177,195,177,194,177,193,177,192,176,191,176,190,175,190,174,189,173,189,172,189,171,188,170,187,169,187
218,187,217,188,216,188,215,189,214,189,213,189,212,190,211,190,210,190,209,190,208,191,207,192,206,193,205,194,204,195,203,196,202,197,202,198,202,199,201,200,200,201,200,202,200,203,200,204,200,205,201,206,201,207,201,208,202,208,203,208,204,208,205,209,206,209,207,209,208,209,209,210,210,210,211,211,212,212,213,213,214,214,215,214,216,214,217,214,218,215,219,214,220,214,221,215,222,215,223,215,224,215,225,214,226,214,227,214,226,213,227,212,227,211,227,210,227,209,227,208,227,207,227,206,227,205,227,204,226,203,225,202,224,201,223,200,223,199,222,198,222,197,222,196,222,195,222,194,222,193,222,192,222,191,222,190,222,189,221,188,220,188,219,188
286,193,285,194,284,194,283,194,282,195,281,195,280,195,279,196,278,196,277,196,276,197,275,197,275,198,274,199,274,200,273,201,273,202,273,203,273,204,273,205,273,206,273,207,273,208,273,209,274,210,274,211,274,212,274,213,274,214,274,215,275,215,276,216,277,217,277,218,278,218,279,219,280,220,281,221,282,222,282,223,283,222,284,221,285,221,285,220,286,219,287,218,288,218,289,217,290,217,291,216,292,216,293,216,294,215,295,215,296,214,297,214,298,213,298,212,299,211,299,210,299,209,299,208,299,207,299,206,299,205,299,204,299,203,299,202,299,201,298,200,298,199,297,198,297,197,296,196,295,196,294,196,293,195,292,195,291,195,290,194,289,194,288,194,287,194
118,203,117,204,116,204,115,205,114,206,114,207,113,208,113,209,113,210,113,211,113,212,114,213,114,214,115,215,116,216,117,217,118,218,119,219,120,219,121,219,122,219,123,219,124,219,125,219,126,218,127,218,128,217,129,216,129,215,130,214,130,213,130,212,130,211,130,210,130,209,130,208,130,207,129,206,128,205,127,204,126,204,125,204,124,203,123,203,122,203,121,203,120,203,119,203
202,209,201,210,200,210,199,210,198,211,197,211,196,212,195,212,194,213,194,214,193,215,194,216,193,217,193,218,193,219,193,220,193,221,194,222,194,223,194,224,195,225,196,225,197,226,198,227,199,227,200,227,201,227,202,228,203,228,204,228,205,227,206,227,207,227,208,227,209,226,210,226,211,225,212,225,213,224,213,223,213,222,213,221,213,220,213,219,213,218,213,217,213,216,214,215,213,214,212,213,211,212,210,211,209,211,208,210,207,210,206,210,205,210,204,209,203,209
314,213,313,214,312,214,311,214,310,214,309,215,308,215,307,215,306,215,305,215,304,215,303,216,302,215,301,216,300,216,299,217,299,218,299,219,299,220,298,221,298,222,298,223,297,224,297,225,297,226,296,227,296,228,295,229,295,230,294,231,294,232,294,233,295,234,296,235,297,236,298,237,299,237,300,238,301,238,302,239,302,240,303,240,304,240,305,240,306,240,307,240,308,240,309,240,310,240,311,240,312,240,313,241,314,241,315,241,316,241,316,240,317,239,318,239,319,238,320,237,321,236,322,236,323,235,324,235,325,234,326,235,326,236,327,237,328,236,329,236,330,235,330,234,330,233,329,232,330,231,329,230,329,229,329,228,329,227,328,226,327,226,326,225,325,224,325,223,324,222,324,221,324,220,323,219,323,218,322,217,322,216,321,215,320,214,319,214,318,213,317,213,316,213,315,213
225,215,224,216,223,216,222,216,222,217,221,218,221,219,220,220,219,220,218,221,217,222,216,223,216,224,215,225,214,225,213,225,212,226,211,226,210,227,209,227,208,228,207,228,206,228,205,228,204,229,203,229,202,230,201,230,200,231,199,232,198,232,197,233,196,233,195,234,195,235,195,236,195,237,195,238,195,239,195,240,196,241,196,242,196,243,197,244,197,245,197,246,198,246,199,246,200,246,201,246,202,246,203,246,204,247,205,247,206,247,207,247,208,247,209,247,210,246,211,246,212,246,213,245,214,245,215,244,216,243,217,243,218,243,219,242,220,241,221,240,222,239,223,238,224,237,225,236,226,235,227,234,227,233,228,232,228,231,229,230,230,230,230,229,231,228,232,227,232,226,232,225,232,224,232,223,231,222,231,221,231,220,230,219,229,218,228,217,227,216,226,216
178,219,177,220,176,220,175,221,174,221,173,222,172,222,171,223,170,223,170,224,170,225,169,226,168,226,167,227,167,228,167,229,167,230,167,231,167,232,166,233,166,234,165,235,165,236,164,237,163,238,162,238,161,239,160,239,159,240,158,240,157,241,158,242,157,243,158,244,158,245,158,246,158,247,158,248,159,249,159,250,160,251,161,252,162,253,163,254,164,255,165,255,166,256,167,257,168,258,169,258,170,259,171,260,172,260,173,260,174,261,175,261,176,261,177,261,178,261,179,261,180,261,181,261,182,261,183,260,184,260,185,259,186,259,187,260,186,261,187,261,188,261,189,260,190,260,191,259,192,259,193,259,192,258,192,257,193,256,193,255,194,254,194,253,195,252,195,251,195,250,195,249,196,248,197,249,197,248,196,247,196,246,196,245,196,244,195,243,195,242,195,241,194,240,194,239,194,238,194,237,194,236,194,235,193,234,193,233,192,232,192,231,191,230,191,229,191,228,190,227,190,226,189,225,189,224,188,223,187,222,186,222,185,221,184,220,183,220,182,220,181,220,180,219,179,219
258,222,257,223,256,223,255,224,254,224,253,225,252,226,251,227,251,228,251,229,251,230,251,231,251,232,251,233,251,234,252,235,252,236,252,237,253,238,253,239,254,240,254,241,255,241,256,242,257,242,258,243,259,243,260,243,261,244,262,244,263,244,264,244,265,244,266,245,267,245,268,245,269,245,270,246,271,246,272,246,273,246,274,246,275,246,276,246,277,246,278,245,279,244,280,243,279,242,279,241,279,240,279,239,280,238,280,237,279,236,279,235,278,234,278,233,278,232,277,231,277,230,277,229,277,228,276,227,277,226,277,225,276,225,275,225,274,224,273,224,272,223,271,223,270,222,269,222,268,222,267,222,266,222,265,222,264,222,263,222,262,222,261,222,260,222,259,222
237,231,236,232,235,232,234,233,233,234,232,235,232,236,232,237,231,238,231,239,231,240,230,241,230,242,230,243,231,244,231,245,230,246,231,247,232,248,233,249,233,250,234,251,234,252,235,253,236,254,236,255,237,255,238,255,239,256,240,256,241,256,242,257,243,258,244,258,245,257,246,257,247,256,248,256,249,255,250,254,251,254,252,253,253,252,253,251,253,250,254,249,254,248,254,247,254,246,254,245,254,244,254,243,254,242,253,241,253,240,252,239,252,238,251,237,250,236,249,235,248,234,247,233,246,233,245,232,244,232,243,232,242,231,241,231,240,231,239,231,238,231
334,237,333,238,332,238,331,238,330,239,329,240,328,241,328,242,328,243,328,244,327,245,327,246,327,247,326,248,327,249,327,250,327,251,327,252,327,253,327,254,328,255,328,256,329,257,330,258,331,258,332,259,333,259,334,259,335,259,336,258,337,258,338,258,339,257,340,256,341,255,342,254,343,253,343,252,343,251,344,250,344,249,344,248,344,247,343,246,343,245,343,244,343,243,343,242,343,241,342,240,341,239,340,238,339,238,338,237,337,237,336,237,335,237
301,241,301,242,300,243,299,244,298,245,297,246,297,247,297,248,296,249,296,250,296,251,296,252,296,253,296,254,296,255,296,256,297,257,297,258,298,259,299,260,300,261,301,261,302,262,303,263,304,264,305,264,306,265,307,265,308,265,309,265,310,265,311,264,312,264,313,263,314,263,315,262,315,261,316,260,317,260,317,259,318,258,319,257,319,256,320,255,320,254,321,253,321,252,321,251,320,250,320,249,320,248,320,247,320,246,319,245,318,244,317,243,316,242,315,242,314,242,313,242,312,241,311,241,310,241,309,241,308,241,307,241,306,241,305,241,304,241,303,241,302,241
220,246,219,247,218,247,217,247,216,247,215,248,214,248,213,249,212,249,211,250,211,251,211,252,210,253,210,254,209,255,209,256,209,257,209,258,208,259,208,260,209,261,209,262,210,263,211,264,212,265,213,266,214,267,215,268,216,267,217,267,218,268,219,268,220,268,221,268,222,267,223,267,224,267,225,266,226,266,227,266,228,265,229,265,230,264,231,263,232,262,233,262,234,261,235,260,235,259,236,258,236,257,236,256,235,255,235,254,234,253,233,252,233,251,232,250,232,249,231,248,230,247,229,246,228,246,227,246,226,246,225,246,224,246,223,246,222,246,221,246
343,257,342,258,341,258,340,258,339,258,338,259,337,259,336,259,335,260,334,260,333,261,332,262,331,262,330,262,329,263,328,264,328,265,327,266,327,267,326,268,326,269,326,270,326,271,326,272,326,273,327,274,327,275,328,276,329,277,330,277,331,278,332,278,333,278,334,278,335,278,336,277,337,277,338,277,339,276,340,276,341,275,342,275,343,274,344,273,345,273,346,272,347,271,347,270,348,269,348,268,349,267,349,266,350,265,350,264,350,263,351,262,351,261,351,260,350,259,350,258,349,258,348,258,347,257,346,257,345,257,344,257
199,259,198,260,197,260,196,260,195,260,194,260,193,260,192,260,191,260,190,261,189,261,188,262,187,262,186,262,185,263,184,264,183,265,182,266,181,266,180,266,179,266,178,267,177,268,176,268,176,269,175,270,174,270,174,271,175,272,176,273,176,274,177,275,177,276,178,277,179,277,180,278,181,278,182,279,182,280,183,281,184,282,185,283,186,284,187,285,188,286,189,286,190,286,191,286,192,287,193,287,194,287,195,286,196,286,197,285,198,284,199,283,199,282,200,281,201,280,202,279,203,278,204,277,205,277,206,277,207,277,208,277,209,277,210,277,211,277,212,277,213,276,214,275,214,274,214,273,215,272,215,271,214,270,215,269,214,268,213,267,212,266,211,265,210,264,209,263,208,262,208,261,207,260,206,260,205,260,204,260,203,259,202,259,201,259,200,259
292,260,291,261,290,261,289,261,288,262,287,263,286,264,285,265,284,266,284,267,284,268,284,269,284,270,284,271,284,272,284,273,284,274,285,275,286,276,287,277,288,278,289,279,290,279,291,280,292,280,293,281,294,282,295,282,296,282,297,283,298,283,299,283,300,283,301,283,302,283,303,283,304,283,305,283,306,283,307,282,308,282,309,281,310,280,311,279,311,278,312,277,313,276,313,275,313,274,313,273,313,272,312,271,312,270,311,269,310,268,309,267,308,266,307,266,306,266,305,265,304,265,303,264,302,263,301,262,300,262,299,261,298,260,297,260,296,260,295,260,294,260,293,260
234,270,233,271,232,271,231,272,230,272,229,273,228,273,227,273,226,274,225,274,224,273,223,273,222,273,222,274,221,275,220,275,220,276,220,277,220,278,220,279,220,280,219,281,218,282,217,282,216,283,216,284,215,285,215,286,215,287,214,288,214,289,215,290,215,291,216,292,216,293,217,293,218,294,219,294,220,294,221,294,222,294,223,294,224,294,225,294,226,293,227,293,228,292,229,292,230,291,231,290,232,290,233,289,234,289,235,288,236,287,236,286,237,285,238,284,239,284,240,283,240,282,241,281,242,280,242,279,243,278,243,277,243,276,243,275,243,274,243,273,242,273,241,272,240,272,239,272,238,271,237,271,236,270,235,270
285,282,284,283,283,283,282,284,281,284,280,285,279,285,278,285,277,286,276,286,276,287,275,288,274,289,274,290,274,291,274,292,274,293,274,294,274,295,274,296,274,297,275,298,275,299,275,300,275,301,276,302,277,303,277,304,278,305,278,306,279,306,280,307,281,307,282,308,283,308,284,308,285,309,286,309,287,309,288,309,289,309,290,308,291,308,292,308,293,307,294,306,295,306,296,305,297,305,298,304,299,303,300,302,300,301,301,300,302,299,302,298,303,297,303,296,303,295,303,294,303,293,302,292,301,291,301,290,300,289,299,288,298,287,297,286,296,286,295,285,294,284,293,284,292,283,291,283,290,282,289,282,288,282,287,282,286,282
336,283,335,284,334,284,333,285,332,285,331,285,330,286,329,286,328,287,327,288,326,289,325,290,325,291,324,292,324,293,324,294,324,295,324,296,324,297,325,298,326,299,326,300,327,301,327,302,328,303,329,303,330,303,331,302,332,302,333,301,334,301,335,300,336,299,337,299,338,298,339,298,340,297,341,297,342,296,343,296,344,295,345,295,346,294,347,294,347,293,346,292,346,291,345,290,345,289,345,288,344,287,343,286,342,285,341,284,340,284,339,283,338,283,337,283
236,288,235,289,234,290,233,290,232,291,231,291,230,292,229,293,228,293,227,294,226,294,226,295,225,296,225,297,224,298,223,299,222,300,222,301,222,302,222,303,222,304,223,305,224,306,224,307,224,308,225,309,225,310,226,311,227,312,228,312,229,312,230,312,231,312,232,312,233,312,234,311,235,311,236,310,237,310,238,309,239,308,240,307,241,306,242,305,243,304,243,303,244,302,245,301,245,300,245,299,245,298,246,297,246,296,246,295,246,294,246,293,245,292,245,291,244,290,243,290,242,289,241,289,240,289,239,289,238,289,237,289
273,309,272,310,271,310,270,310,269,311,268,311,267,312,266,312,265,313,264,313,263,314,262,314,261,315,260,315,259,316,258,316,257,317,256,318,255,319,255,320,254,321,254,322,253,323,253,324,253,325,253,326,253,327,253,328,254,329,254,330,254,331,254,332,255,333,256,334,257,335,258,335,259,335,260,335,261,335,262,335,263,335,264,335,265,335,266,334,267,334,268,334,269,333,270,333,271,332,272,332,273,331,274,330,275,330,276,329,277,329,278,328,279,327,280,326,280,325,281,324,282,323,282,322,283,321,283,320,284,319,284,318,284,317,284,316,284,315,284,314,284,313,283,312,282,311,281,311,280,311,279,311,278,310,277,310,276,310,275,309,274,309
331,314,330,315,329,315,328,315,327,316,326,316,325,316,324,317,323,317,322,318,321,319,320,320,319,321,319,322,318,323,318,324,317,325,316,325,316,326,316,327,317,328,317,329,317,330,317,331,317,332,317,333,317,334,317,335,317,336,318,337,319,337,320,337,321,337,322,338,323,338,324,338,325,337,326,337,327,337,328,337,329,337,330,336,331,335,332,335,333,334,334,333,335,332,336,331,336,330,337,329,338,328,339,327,339,326,340,325,340,324,340,323,341,322,341,321,341,320,341,319,340,318,339,317,338,317,337,317,336,316,335,316,334,315,333,315,332,314
293,317,292,318,291,318,290,318,289,319,288,319,287,320,286,320,285,320,284,321,283,322,283,323,282,324,281,325,281,326,280,327,279,328,279,329,279,330,279,331,278,332,278,333,279,334,279,335,279,336,280,337,281,338,282,339,283,339,284,339,285,339,286,339,287,340,288,340,289,340,290,340,291,340,292,340,293,341,294,341,295,341,296,341,297,341,298,341,299,341,300,341,301,341,302,341,303,341,304,341,305,341,306,341,307,341,308,340,309,340,310,339,311,339,312,338,313,338,314,337,315,336,316,335,316,334,316,333,316,332,316,331,316,330,316,329,316,328,315,327,315,326,315,325,314,324,313,324,312,323,311,322,310,322,309,321,308,321,307,321,306,320,305,320,304,320,303,320,302,319,301,319,300,319,299,318,298,318,297,317,296,317,295,317,294,317
351,412,350,413,349,413,348,413,347,414,346,414,345,414,344,415,343,415,342,416,341,416,341,417,340,418,340,419,339,420,339,421,339,422,339,423,339,424,339,425,339,426,340,427,340,428,341,429,341,430,342,431,343,432,344,433,345,433,346,434,347,434,348,435,349,435,350,435,351,435,352,434,353,434,354,434,355,434,356,433,357,433,358,433,359,433,360,432,361,432,362,431,363,431,364,430,365,429,366,429,367,429,368,429,368,428,368,427,368,426,368,425,368,424,368,423,368,422,367,421,367,420,367,419,367,418,367,417,367,416,367,415,367,414,366,414,365,414,364,414,363,414,362,413,361,413,360,412,359,412,358,412,357,412,356,412,355,412,354,412,353,412,352,412
308,417,307,418,306,419,305,419,304,420,303,421,302,422,302,423,301,424,301,425,300,426,300,427,300,428,300,429,300,430,300,431,300,432,300,433,301,434,302,435,303,436,304,437,305,438,306,438,307,439,308,439,309,439,310,439,311,439,312,439,313,439,314,439,315,439,316,438,317,437,318,437,319,436,319,435,319,434,320,433,320,432,320,431,320,430,321,429,320,428,320,427,320,426,320,425,320,424,320,423,320,422,319,421,318,420,317,419,316,418,315,418,314,417,313,417,312,417,311,417,310,417,309,417
390,420,389,421,388,421,387,422,386,422,385,423,384,424,384,425,384,426,383,427,383,428,383,429,383,430,383,431,383,432,383,433,384,434,384,435,384,436,385,437,386,438,387,439,388,439,389,440,390,441,391,441,392,442,393,442,394,442,395,442,396,442,397,442,398,442,399,442,400,441,401,441,402,441,403,440,404,440,405,439,406,438,406,437,407,436,407,435,408,434,407,433,407,432,408,431,408,430,407,429,407,428,407,427,406,426,405,425,404,424,403,423,402,423,401,422,400,422,399,421,398,421,397,420,396,420,395,420,394,420,393,420,392,420,391,420
154,421,153,422,152,422,151,422,150,423,149,423,148,424,148,425,147,426,147,427,146,428,146,429,146,430,146,431,147,432,147,433,147,434,148,435,148,436,149,437,150,438,151,439,152,439,153,440,154,440,155,440,156,440,157,440,158,440,159,440,160,440,161,441,162,440,162,439,163,438,163,437,164,436,164,435,165,434,165,433,165,432,165,431,166,430,165,429,164,428,163,427,162,426,162,425,161,424,160,423,159,423,158,422,157,422,156,422,155,421
180,422,179,423,178,423,177,424,176,424,175,425,174,425,173,426,172,426,171,427,170,428,169,428,168,429,167,430,166,431,166,432,166,433,166,434,165,435,165,436,164,437,164,438,163,439,163,440,162,441,163,442,164,443,165,444,166,444,167,445,168,445,169,445,170,445,171,446,172,445,173,445,174,445,175,444,176,444,177,443,178,443,179,442,180,441,181,440,182,439,182,438,183,437,184,437,185,436,186,435,186,434,187,433,188,432,188,431,188,430,189,429,189,428,189,427,188,426,188,425,187,424,186,423,185,423,184,422,183,422,182,422,181,422
132,428,131,429,130,429,129,430,128,430,127,431,126,432,126,433,125,434,125,435,125,436,124,437,124,438,124,439,124,440,123,441,124,442,124,443,125,444,125,445,126,446,127,447,128,448,129,448,130,448,131,449,132,449,133,449,134,448,135,448,136,448,137,448,138,447,139,447,140,446,141,445,142,444,143,443,144,442,144,441,144,440,145,439,145,438,145,437,145,436,145,435,145,434,144,433,144,432,143,431,143,430,142,429,141,428,140,428,139,428,138,428,137,428,136,428,135,428,134,428,133,428
203,429,202,430,201,430,200,431,199,431,198,431,197,432,196,433,195,434,194,435,194,436,193,437,193,438,193,439,193,440,193,441,193,442,193,443,194,444,194,445,195,446,196,447,197,448,198,449,199,450,200,450,201,451,202,451,203,451,204,451,205,452,206,452,207,452,208,452,209,452,210,452,211,452,212,452,213,452,214,451,215,451,216,450,217,449,218,448,219,447,219,446,219,445,220,444,220,443,220,442,219,441,219,440,219,439,219,438,218,437,218,436,217,435,216,434,216,433,215,432,214,431,213,431,212,430,211,430,210,429,209,429,208,429,207,429,206,429,205,429,204,429
288,435,287,436,286,436,285,437,284,438,284,439,283,440,283,441,282,442,282,443,282,444,282,445,282,446,282,447,282,448,282,449,282,450,282,451,282,452,282,453,282,454,283,455,283,456,284,457,285,458,286,458,287,459,288,459,289,459,290,459,291,459,292,459,293,459,294,459,295,459,296,458,297,458,298,457,299,456,300,455,301,454,302,453,303,452,303,451,304,450,304,449,304,448,304,447,304,446,304,445,304,444,303,443,303,442,302,441,301,440,301,439,300,438,299,437,298,437,297,436,296,436,295,436,294,435,293,435,292,435,291,435,290,435,289,435
354,438,353,439,352,440,351,441,351,442,350,443,349,444,349,445,348,446,348,447,348,448,348,449,348,450,348,451,348,452,348,453,347,454,348,455,347,456,348,457,348,458,348,459,349,460,349,461,349,462,349,463,350,463,351,464,351,465,352,466,353,467,354,468,355,468,356,468,357,469,358,469,359,469,360,470,361,470,362,470,363,470,364,470,365,470,366,470,367,470,368,469,369,469,370,470,371,470,372,469,373,468,374,468,375,467,376,466,377,466,377,465,378,464,379,463,380,462,380,461,381,460,381,459,381,458,382,457,382,456,382,455,382,454,382,453,382,452,381,451,381,450,381,449,381,448,380,447,379,446,379,445,378,444,377,443,376,442,375,441,374,441,373,440,372,440,371,440,370,439,369,439,368,439,367,438,366,438,365,438,364,438,363,438,362,438,361,438,360,438,359,438,358,438,357,438,356,438,355,438
231,440,230,441,229,441,228,441,227,441,226,442,225,442,224,443,223,444,223,445,222,446,222,447,222,448,222,449,222,450,222,451,222,452,223,453,223,454,223,455,224,456,224,457,224,458,224,459,224,460,224,461,224,462,224,463,224,464,224,465,224,466,225,467,225,468,225,469,226,470,226,471,227,472,228,472,229,472,230,473,231,473,232,473,233,473,234,473,235,473,236,473,237,473,238,472,239,472,240,471,241,471,242,470,243,470,243,469,244,468,244,467,245,466,245,465,245,464,245,463,245,462,245,461,244,460,244,459,243,458,242,457,241,456,240,455,240,454,239,453,238,452,238,451,238,450,237,449,237,448,237,447,236,446,236,445,236,444,235,443,235,442,234,441,233,441,232,441
111,442,110,443,109,443,108,443,107,444,106,445,105,445,105,446,104,447,104,448,103,449,103,450,103,451,103,452,103,453,102,454,102,455,103,456,104,457,105,457,106,458,107,459,108,459,109,459,110,459,111,459,112,459,113,459,114,459,115,459,116,459,117,458,118,457,119,456,119,455,120,454,121,453,121,452,121,451,121,450,121,449,121,448,121,447,120,446,120,445,119,444,118,443,117,443,116,443,115,443,114,442,113,442,112,442
414,443,413,444,412,444,411,445,411,446,410,447,410,448,410,449,410,450,410,451,409,452,409,453,410,454,410,455,410,456,410,457,410,458,411,459,411,460,411,461,412,462,412,463,413,464,413,465,414,466,414,467,415,468,416,469,417,469,418,469,419,470,420,470,421,470,422,469,423,469,424,468,425,468,426,467,427,466,428,465,429,464,429,463,430,462,430,461,430,460,430,459,431,458,431,457,430,456,430,455,430,454,429,453,429,452,429,451,428,450,428,449,427,448,426,447,425,446,424,446,423,445,422,444,421,444,420,443,419,443,418,443,417,443,416,443,415,443
324,445,323,446,322,446,321,447,320,447,319,447,318,448,317,449,316,450,316,451,315,452,315,453,314,454,314,455,313,456,313,457,313,458,312,459,312,460,312,461,311,462,311,463,311,464,311,465,311,466,312,467,312,468,312,469,313,470,313,471,314,472,314,473,315,474,315,475,316,476,317,477,316,478,317,478,318,479,319,479,320,480,321,481,322,481,323,482,324,482,325,483,326,483,327,483,328,483,329,483,330,483,331,483,332,483,333,483,334,482,335,482,336,482,337,481,338,481,339,481,340,480,341,480,342,479,343,479,344,478,345,477,345,476,346,475,346,474,346,473,347,472,347,471,347,470,348,469,348,468,348,467,348,466,349,465,348,464,348,463,348,462,348,461,348,460,347,459,347,458,347,457,346,456,346,455,345,454,344,453,343,452,343,451,342,450,341,449,340,449,339,448,338,447,337,447,336,446,335,446,334,445,333,445,332,445,331,445,330,445,329,445,328,445,327,445,326,445,325,445
277,462,276,463,275,463,274,464,273,465,272,466,272,467,272,468,272,469,272,470,272,471,272,472,272,473,272,474,272,475,272,476,273,477,273,478,274,479,274,480,275,481,276,481,277,481,278,482,279,482,280,482,281,482,282,482,283,481,284,481,285,480,286,480,287,479,288,479,288,478,289,477,290,476,290,475,290,474,290,473,290,472,290,471,290,470,290,469,290,468,289,467,288,466,287,465,286,464,285,463,284,463,283,462,282,462,281,462,280,462,279,462,278,462
87,465,86,466,85,467,84,468,84,469,83,470,82,470,81,471,80,472,79,473,78,474,77,475,76,476,75,477,74,478,74,479,73,480,73,481,73,482,72,483,72,484,72,485,72,486,72,487,72,488,72,489,72,490,72,491,73,492,74,493,75,494,76,495,77,496,78,496,79,496,80,497,81,497,82,497,83,497,84,497,85,497,86,497,87,497,88,496,89,496,90,495,91,494,92,493,92,492,93,491,94,490,94,489,94,488,95,487,95,486,95,485,96,484,96,483,96,482,96,481,96,480,96,479,96,478,96,477,95,476,95,475,95,474,95,473,95,472,95,471,95,470,95,469,95,468,94,467,93,466,92,466,91,465,90,465,89,465,88,465
388,465,387,466,386,466,385,466,384,466,383,466,382,467,381,467,380,467,379,468,378,468,377,468,376,469,375,468,374,469,373,469,372,470,371,471,371,472,370,473,370,474,369,475,369,476,368,477,368,478,368,479,368,480,368,481,368,482,368,483,368,484,368,485,368,486,368,487,369,488,369,489,369,490,370,491,370,492,371,493,372,494,373,495,374,496,374,497,375,497,376,498,377,499,378,500,379,501,380,501,381,502,382,503,383,504,383,505,384,504,385,503,386,502,386,501,387,500,388,499,389,498,389,497,390,496,390,495,391,494,392,493,393,492,393,491,394,490,395,489,396,488,397,487,398,487,399,486,400,485,401,484,402,484,403,483,404,482,403,481,403,480,403,479,403,478,402,477,402,476,401,475,401,474,400,473,400,472,399,471,399,470,398,469,397,468,396,468,395,467,394,467,393,466,392,466,391,466,390,465,389,465
105,467,104,468,103,469,103,470,102,471,102,472,102,473,102,474,103,475,103,476,104,477,105,478,105,479,106,479,107,480,108,480,109,480,110,481,111,481,112,481,113,480,114,480,115,479,116,478,116,477,117,476,117,475,117,474,116,473,116,472,115,471,114,470,113,469,112,469,111,468,110,468,109,468,108,467,107,467,106,467
153,468,152,469,151,469,150,469,149,470,148,470,147,471,146,472,145,472,144,473,143,474,142,475,141,476,141,477,140,478,140,479,140,480,139,481,139,482,139,483,139,484,139,485,139,486,139,487,139,488,138,489,138,490,138,491,138,492,138,493,138,494,139,495,139,496,139,497,140,498,141,499,141,500,141,501,142,502,142,503,143,503,144,504,144,505,145,506,146,507,147,507,148,508,149,509,150,509,151,510,152,510,153,510,154,510,155,510,156,510,157,511,158,511,159,511,160,511,161,511,162,511,163,511,164,511,165,511,166,511,167,511,168,511,169,511,170,510,171,510,172,510,173,510,174,510,175,510,176,509,177,509,178,509,179,508,180,508,181,507,182,506,183,505,184,504,185,503,185,502,186,501,186,500,187,499,187,498,187,497,187,496,188,495,188,494,188,493,188,492,188,491,188,490,188,489,188,488,188,487,188,486,188,485,187,484,187,483,187,482,186,481,185,480,185,479,184,478,183,477,182,476,181,475,180,474,179,473,178,473,177,472,176,472,175,471,174,471,173,471,172,470,171,470,170,470,169,469,168,469,167,469,166,469,165,468,164,468,163,468,162,468,161,468,160,468,159,468,158,468,157,468,156,468,155,468,154,468
428,477,427,478,426,478,425,478,424,479,423,479,422,480,421,481,420,482,420,483,419,484,419,485,418,486,418,487,418,488,418,489,418,490,418,491,418,492,419,493,419,494,420,495,420,496,420,497,421,498,421,499,422,500,422,501,423,502,423,503,423,504,424,505,425,505,426,505,427,505,428,504,429,504,430,503,431,502,432,502,433,501,433,500,434,499,435,498,435,497,435,496,435,495,435,494,435,493,436,492,435,491,435,490,436,489,436,488,435,487,435,486,435,485,435,484,434,483,434,482,433,481,432,480,432,479,431,478,430,478,429,477
308,479,307,480,306,480,305,481,304,482,303,483,302,484,301,484,300,485,300,486,300,487,299,488,299,489,299,490,299,491,298,492,298,493,298,494,298,495,299,496,299,497,299,498,299,499,299,500,300,501,300,502,300,503,301,504,301,505,302,506,302,507,303,508,303,509,304,509,305,510,306,510,307,510,308,510,309,510,310,510,311,510,312,511,313,511,314,510,315,511,316,511,317,510,318,511,319,511,320,511,321,510,322,511,323,510,324,510,325,510,326,509,326,508,327,507,327,506,328,505,329,504,329,503,330,502,331,501,332,500,332,499,333,498,333,497,333,496,333,495,333,494,332,493,332,492,331,491,330,490,329,489,328,488,328,487,327,486,327,485,326,484,325,484,324,483,323,483,322,482,321,482,320,481,319,480,318,480,317,479,316,479,315,479,314,479,313,479,312,479,311,479,310,479,309,479
404,483,403,484,402,485,401,485,400,486,399,487,398,488,397,488,396,489,395,490,394,491,394,492,393,493,392,494,391,495,391,496,390,497,390,498,389,499,388,500,387,501,387,502,386,503,385,504,384,505,384,506,384,507,385,508,386,509,387,510,388,510,389,510,390,511,391,511,392,511,393,511,394,511,395,511,396,511,397,511,398,511,399,511,400,511,401,511,402,511,403,511,404,511,405,511,406,511,407,511,408,511,409,511,410,511,411,511,412,511,413,511,414,511,415,511,416,511,417,510,418,510,419,510,420,510,420,509,421,508,422,507,423,506,423,505,422,504,422,503,422,502,421,501,421,500,420,499,420,498,419,497,419,496,419,495,418,494,418,493,417,492,416,491,416,490,415,490,414,489,413,488,412,488,411,487,410,486,409,486,408,485,407,485,406,484,405,483
274,484,273,485,272,485,271,485,270,486,269,487,268,488,268,489,268,490,268,491,267,492,267,493,268,494,268,495,268,496,267,497,268,498,268,499,268,500,269,500,270,501,270,502,271,503,272,504,273,505,274,505,275,506,276,506,277,506,278,507,279,508,279,509,280,509,281,509,282,509,283,510,284,510,285,510,286,509,287,509,286,508,285,507,285,506,284,505,285,504,285,503,286,502,287,501,287,500,287,499,288,498,288,497,288,496,288,495,288,494,288,493,288,492,287,491,287,490,286,489,285,488,284,487,283,487,282,486,281,486,280,485,279,485,278,485,277,485,276,485,275,485
242,487,241,488,240,488,239,488,238,488,237,489,236,489,235,490,234,491,234,492,233,493,234,494,234,495,234,496,235,497,235,498,236,499,236,500,236,501,237,502,237,503,238,504,238,505,239,506,239,507,239,508,239,507,240,506,241,507,242,508,242,509,243,509,244,509,245,510,246,510,247,510,248,510,249,510,250,511,251,511,252,511,253,511,254,511,255,511,256,511,257,511,258,511,259,511,260,511,261,511,262,510,263,510,264,510,264,509,265,508,266,507,266,506,267,505,267,504,267,503,268,502,268,501,267,500,267,499,267,498,266,497,265,497,264,496,263,495,263,494,262,494,261,493,260,492,259,492,258,491,257,491,256,490,255,490,254,490,253,489,252,489,251,489,250,489,249,489,248,488,247,488,246,488,245,488,244,488,243,487
346,494,345,495,344,495,343,495,342,495,341,496,340,496,339,496,338,497,337,497,336,497,335,498,334,498,333,499,333,500,332,501,331,502,330,503,330,504,329,505,328,506,328,507,327,508,327,509,326,510,326,511,327,511,328,511,329,511,330,511,331,511,332,511,333,511,334,511,335,511,336,511,337,511,338,511,339,511,340,511,341,511,342,511,343,511,344,511,345,511,346,511,347,511,348,511,349,511,350,511,351,511,352,511,353,511,354,511,355,511,356,511,357,511,358,511,359,511,360,511,361,511,362,511,363,510,364,509,364,508,364,507,364,506,363,505,363,504,362,503,362,502,361,501,360,500,359,499,359,498,358,498,357,497,356,497,355,496,354,495,353,495,352,495,351,494,350,494,349,494,348,494,347,494
220,495,219,496,218,496,217,496,216,497,215,497,214,497,214,498,213,499,212,499,211,499,210,500,209,500,208,501,207,502,207,503,206,504,206,505,206,506,205,507,205,508,206,509,207,510,208,510,209,511,210,511,211,511,212,510,213,510,214,510,215,510,216,510,217,510,218,510,219,510,220,510,221,510,222,510,223,510,224,510,225,510,226,510,227,510,228,510,229,510,230,510,231,510,232,510,233,510,234,510,235,510,236,510,237,509,238,509,238,508,238,507,238,506,237,505,237,504,236,503,236,502,235,501,234,501,233,500,232,499,232,498,231,498,230,497,229,497,228,497,227,497,226,496,225,496,224,495,223,495,222,495,221,495
122,496,121,497,120,497,119,497,118,497,117,497,116,498,115,498,114,499,113,500,112,500,112,501,111,502,110,502,109,503,108,504,107,504,106,505,105,506,104,507,103,508,103,509,102,510,103,511,104,511,105,511,106,511,107,511,108,511,109,511,110,511,111,511,112,511,113,511,114,511,115,511,116,511,117,511,118,511,119,511,120,511,121,511,122,511,123,511,124,511,125,511,126,511,127,511,128,511,129,511,130,511,131,511,132,511,133,511,134,511,135,511,136,511,137,511,138,511,139,511,140,511,141,511,142,511,143,510,143,509,142,508,142,507,141,506,140,505,139,504,139,503,138,503,137,502,136,501,135,501,134,500,133,500,132,499,131,499,130,498,129,498,128,497,127,497,126,497,125,497,124,497,123,496
77,503,76,504,75,504,74,505,73,506,72,507,72,508,72,509,72,510,73,510,74,511,75,511,76,511,77,511,78,511,79,511,80,511,81,511,82,511,83,511,84,510,85,510,86,510,87,510,88,510,88,509,88,508,88,507,87,506,86,506,85,505,84,504,83,504,82,503,81,503,80,503,79,503,78,503
