85,7,84,8,83,8,82,8,81,9,80,10,80,11,79,12,78,13,78,14,78,15,78,16,79,17,79,18,80,19,81,20,81,21,82,21,83,22,84,22,85,22,86,22,87,22,88,22,89,22,90,22,91,22,92,22,93,21,94,21,95,20,95,19,96,18,96,17,97,16,97,15,97,14,97,13,96,12,96,11,95,10,94,9,93,8,92,8,91,8,90,8,89,7,88,7,87,7,86,7
57,11,56,12,55,12,54,13,53,14,52,15,52,16,52,17,52,18,51,19,51,20,52,21,52,22,52,23,53,24,54,24,55,24,56,24,57,24,58,24,59,23,60,23,61,23,62,22,63,21,64,20,65,19,65,18,65,17,65,16,65,15,64,14,64,13,63,12,62,12,61,11,60,11,59,11,58,11
87,26,86,27,85,28,84,29,84,30,84,31,83,32,83,33,83,34,83,35,83,36,84,37,84,38,84,39,85,39,86,40,87,40,88,40,89,41,90,41,91,41,92,41,93,41,94,40,95,39,96,39,97,38,98,37,98,36,99,35,99,34,99,33,99,32,99,31,98,30,98,29,97,28,96,28,95,27,94,27,93,27,92,26,91,26,90,26,89,26,88,26
82,39,81,40,80,40,79,40,78,40,77,41,77,42,77,43,77,44,77,45,78,46,78,47,78,48,79,49,79,50,80,51,80,52,81,53,81,54,82,55,83,56,83,57,84,58,84,59,85,60,86,61,86,62,87,62,88,62,89,63,90,63,91,63,92,62,93,62,94,62,95,61,96,61,97,60,98,60,99,59,100,59,101,58,102,57,103,56,104,55,105,54,106,54,107,53,108,52,108,51,108,50,108,49,108,48,108,47,108,46,107,46,106,45,105,45,104,44,103,44,102,44,101,44,100,44,99,44,98,43,97,43,96,43,95,43,94,43,93,43,92,42,91,42,90,42,89,42,88,41,87,41,86,41,85,40,84,40,83,39
108,53,107,54,106,55,105,55,104,56,103,57,102,58,101,59,101,60,101,61,101,62,100,63,100,64,100,65,100,66,100,67,100,68,100,69,101,70,101,71,102,72,103,72,104,73,105,73,106,73,107,73,108,73,109,73,110,72,111,72,112,72,113,71,114,70,115,69,116,68,116,67,116,66,117,65,117,64,117,63,117,62,117,61,117,60,116,59,116,58,115,57,115,56,114,55,113,54,112,54,111,54,110,54,109,53
141,78,140,79,139,79,138,80,137,80,136,81,135,82,134,83,133,84,133,85,132,86,131,85,130,86,129,87,128,88,127,88,126,89,125,89,124,90,123,91,123,92,122,93,121,94,121,95,120,96,120,97,120,98,119,99,119,100,119,101,119,102,119,103,120,104,121,105,122,106,123,107,124,107,125,108,126,108,127,109,128,109,129,110,130,110,131,110,132,111,133,111,134,110,135,110,136,110,137,110,138,109,139,108,140,107,141,106,141,105,142,104,143,103,144,102,145,101,146,100,147,99,148,99,149,99,149,98,150,97,150,96,151,95,152,94,153,93,154,92,155,91,155,90,156,89,156,88,156,87,156,86,155,85,154,84,153,83,153,82,152,82,151,81,150,81,149,80,148,80,147,79,146,79,145,79,144,79,143,78,142,78
92,88,91,89,90,89,89,90,88,91,88,92,87,93,87,94,87,95,88,96,88,97,89,98,89,99,90,100,91,100,92,101,93,101,94,101,95,101,96,101,97,101,98,101,99,101,100,100,100,99,101,98,101,97,101,96,101,95,101,94,102,93,101,92,101,91,100,90,99,90,98,89,97,89,96,89,95,88,94,88,93,88
186,92,185,93,184,93,183,94,182,94,181,94,181,95,180,96,179,97,179,98,178,99,178,100,178,101,179,102,179,103,179,104,180,105,180,106,181,107,182,108,182,109,183,110,184,111,185,112,186,113,187,113,188,114,188,115,189,115,190,116,191,116,192,117,193,117,194,118,194,119,195,119,196,120,197,120,198,121,199,122,200,123,201,124,202,124,203,125,204,126,205,126,206,127,207,127,208,128,209,128,210,129,211,130,212,130,213,130,214,130,215,130,216,130,217,130,218,129,219,128,219,127,220,126,220,125,221,124,221,123,221,122,221,121,220,120,219,119,219,118,218,118,217,117,217,116,216,115,215,114,215,113,214,112,213,111,212,110,211,109,210,108,209,107,208,106,207,105,206,104,205,103,204,102,203,101,203,100,202,99,201,98,200,98,199,97,198,96,197,96,196,95,195,95,194,94,193,94,192,94,191,93,190,93,189,93,188,92,187,92
147,100,146,101,145,102,144,103,143,104,142,105,142,106,141,107,140,108,139,109,138,110,137,111,138,112,138,113,138,114,138,115,138,116,138,117,138,118,138,119,139,120,140,120,141,121,142,121,143,121,144,122,145,122,146,122,147,123,148,123,149,123,150,124,151,124,152,124,153,124,154,125,155,125,156,124,156,123,156,122,157,121,157,120,157,119,158,118,158,117,158,116,158,115,158,114,158,113,158,112,158,111,158,110,158,109,158,108,158,107,157,106,156,105,155,104,154,103,153,102,152,101,151,100,150,100,149,100,148,100
137,120,136,121,135,122,134,123,133,123,132,124,131,125,130,126,130,127,129,128,129,129,128,130,128,131,128,132,128,133,128,134,128,135,128,136,129,137,129,138,129,139,130,140,130,141,131,142,132,143,133,144,134,145,135,145,136,146,137,146,138,146,139,146,140,146,141,146,142,145,143,145,144,146,145,145,146,144,147,143,148,142,149,141,150,141,151,140,152,139,153,138,153,137,153,136,154,135,154,134,154,133,154,132,154,131,154,130,154,129,155,128,155,127,155,126,154,126,153,125,152,125,151,125,150,125,149,124,148,124,147,124,146,123,145,123,144,123,143,122,142,122,141,122,140,121,139,121,138,120
225,121,224,122,223,122,222,123,222,124,221,125,221,126,220,127,220,128,219,129,218,130,217,131,218,132,218,133,217,134,217,135,217,136,216,137,216,138,216,139,216,140,216,141,216,142,216,143,216,144,216,145,216,146,215,147,215,148,215,149,215,150,214,151,214,152,215,153,216,154,217,155,218,156,219,157,220,158,221,158,222,159,223,160,224,161,225,162,225,163,226,164,227,163,228,162,229,161,230,160,231,159,232,158,233,157,234,156,234,155,235,154,236,153,237,152,238,151,239,150,240,149,241,148,242,148,243,147,244,146,245,146,246,145,247,145,248,144,248,143,248,142,248,141,248,140,248,139,248,138,248,137,248,136,247,135,247,134,246,133,246,132,245,131,244,130,243,130,242,129,241,128,240,127,239,126,238,125,237,125,236,124,235,123,234,122,233,121,232,121,231,121,230,121,229,121,228,121,227,121,226,121
198,126,197,127,196,127,195,128,194,129,193,130,192,131,191,132,191,133,190,134,190,135,189,136,189,137,189,138,188,139,188,140,188,141,189,142,189,143,189,144,189,145,189,146,190,147,191,148,192,149,193,150,194,151,195,151,196,151,197,152,198,152,199,152,200,152,201,152,202,152,203,153,204,153,205,153,206,154,207,153,208,153,209,153,210,152,211,152,212,152,213,151,214,150,214,149,214,148,214,147,215,146,215,145,215,144,215,143,215,142,215,141,215,140,215,139,215,138,215,137,214,136,214,135,213,134,212,133,212,132,211,131,210,130,209,129,208,129,207,128,206,128,205,127,204,127,203,126,202,126,201,126,200,126,199,126
160,136,159,137,158,137,157,137,156,138,155,138,154,138,153,139,152,140,151,141,150,142,149,142,148,143,147,144,146,145,145,146,144,147,144,148,144,149,144,150,144,151,144,152,144,153,143,154,143,155,144,156,144,157,144,158,144,159,145,160,145,161,146,162,147,163,148,164,149,164,150,165,151,165,152,166,153,166,154,166,155,166,156,166,157,166,158,166,159,166,160,165,161,165,162,165,163,165,164,166,164,165,165,164,166,164,167,163,168,163,169,162,170,161,171,160,172,159,173,158,174,157,175,156,176,155,177,155,177,154,177,153,177,152,178,151,178,150,178,149,179,148,179,147,179,146,180,145,180,144,179,144,178,144,177,143,176,142,175,141,174,141,173,140,172,139,171,139,170,138,169,137,168,137,167,137,166,136,165,136,164,136,163,136,162,136,161,136
181,144,181,145,180,146,180,147,180,148,179,149,179,150,179,151,178,152,178,153,178,154,178,155,179,156,179,157,179,158,179,159,179,160,180,161,181,162,180,163,181,162,182,163,183,163,184,163,185,163,186,163,187,162,188,162,189,161,190,161,191,161,192,160,193,160,193,159,194,158,195,157,195,156,195,155,195,154,195,153,195,152,194,152,193,151,192,150,191,149,190,148,189,149,188,148,187,148,186,147,185,147,184,146,183,145,182,145
248,145,247,146,246,146,245,147,244,147,243,148,242,149,241,149,240,150,239,151,238,152,237,153,236,154,235,155,235,156,234,157,233,158,232,159,231,160,230,161,229,162,228,163,227,164,227,165,227,166,228,167,228,168,229,169,230,169,231,169,232,170,233,171,234,172,235,173,236,173,237,173,238,174,239,175,240,176,241,176,242,176,243,176,244,177,245,177,246,177,247,177,248,177,249,176,249,175,250,174,251,173,251,172,252,171,252,170,253,169,253,168,253,167,254,166,254,165,254,164,255,163,255,162,255,161,255,160,256,159,256,158,256,157,255,156,255,155,254,154,254,153,254,152,253,151,252,150,252,149,251,148,250,147,249,146
262,152,261,153,260,154,259,154,259,155,258,156,257,156,257,157,257,158,257,159,256,160,256,161,256,162,256,163,255,164,255,165,255,166,254,167,254,168,254,169,253,170,253,171,252,172,252,173,251,174,250,175,250,176,249,177,249,178,250,178,251,179,252,179,253,180,254,181,255,181,256,182,257,183,258,184,259,185,260,186,261,187,262,188,262,189,263,190,264,190,265,191,266,191,267,191,268,190,269,190,270,189,271,188,272,187,273,186,274,185,275,184,276,184,277,183,278,182,279,182,280,181,280,180,280,179,280,178,280,177,280,176,279,175,279,174,280,173,279,172,279,171,279,170,279,169,278,168,278,167,278,166,277,165,277,164,277,163,276,162,276,161,275,160,274,159,273,158,273,157,272,156,271,155,270,154,269,153,268,153,267,152,266,152,265,152,264,152,263,152
178,163,177,164,176,164,175,164,174,165,173,165,172,165,171,166,170,166,169,166,168,167,167,167,166,167,165,166,164,167,163,168,162,168,161,169,160,169,159,170,158,170,157,171,156,171,155,172,154,172,153,172,152,173,151,173,150,173,149,173,148,173,147,173,146,174,145,174,144,175,143,175,142,175,141,175,140,176,139,177,138,177,138,178,137,179,136,179,135,180,135,181,134,182,134,183,133,184,133,185,133,186,133,187,133,188,134,189,134,190,134,191,135,192,135,193,136,194,136,195,137,196,138,197,139,198,139,199,140,200,141,201,142,202,143,203,144,203,145,203,146,203,147,203,148,203,149,203,150,203,151,203,152,203,153,203,154,203,155,203,156,203,157,203,158,203,159,202,160,202,161,202,161,201,161,200,161,199,161,198,161,197,161,196,162,195,162,194,162,193,162,192,163,191,163,190,163,189,164,188,164,187,165,186,165,185,166,184,167,183,168,182,169,181,170,180,171,179,172,178,173,177,174,176,175,175,176,174,177,173,178,172,179,171,179,170,180,169,181,168,180,167,180,166,180,165,180,164,179,163
186,168,185,169,184,169,183,169,182,169,181,169,180,170,180,171,179,172,178,173,177,174,176,175,175,176,174,177,173,178,172,179,171,180,170,181,169,182,168,183,167,184,166,185,166,186,165,187,165,188,164,189,164,190,164,191,163,192,163,193,163,194,163,195,162,196,162,197,162,198,162,199,162,200,162,201,162,202,163,202,164,203,165,203,166,204,167,205,168,206,169,206,170,206,171,207,172,207,173,207,174,207,175,207,176,207,177,207,178,207,179,207,180,207,181,206,182,205,183,205,184,204,185,204,186,203,187,203,187,202,187,201,188,200,188,199,189,198,189,197,188,196,189,195,189,194,190,193,190,192,191,191,192,190,192,189,193,188,193,187,193,186,193,185,193,184,193,183,192,182,192,181,192,180,191,179,191,178,191,177,190,176,190,175,189,174,189,173,189,172,188,171,188,170,188,169,188,168,187,168
243,178,243,179,242,180,241,180,240,181,239,181,238,181,237,182,237,183,236,184,236,185,235,186,234,187,235,188,235,189,236,190,236,191,236,192,237,193,237,194,238,195,238,196,239,197,240,197,241,198,242,199,243,199,244,200,245,200,246,201,247,201,248,202,249,202,250,203,251,203,252,203,253,202,254,202,255,201,256,200,257,200,258,199,259,199,260,198,261,197,261,196,262,195,262,194,262,193,262,192,262,191,262,190,261,189,261,188,260,187,259,186,258,185,257,184,256,183,255,182,254,182,253,181,252,180,251,180,250,179,249,179,248,178,247,178,246,178,245,178,244,178
219,182,218,183,217,183,216,183,215,184,214,184,213,184,212,185,211,185,210,186,209,187,208,187,207,188,206,189,205,190,204,191,204,192,203,193,203,194,203,195,202,196,202,197,201,198,201,199,201,200,201,201,201,202,201,203,201,204,202,205,203,206,204,207,205,208,206,208,207,208,208,208,209,208,210,208,211,208,212,208,213,209,214,209,215,208,216,208,217,207,218,206,219,206,220,206,221,205,222,205,223,204,223,203,224,202,224,201,225,200,226,199,227,198,227,197,228,196,229,195,229,194,230,193,230,192,230,191,230,190,230,189,230,188,230,187,229,186,228,185,227,184,226,183,225,183,224,182,223,183,222,183,221,182,220,182
280,182,279,183,278,183,277,184,276,185,275,185,274,186,273,187,272,188,271,189,270,190,269,191,268,191,267,192,267,193,267,194,267,195,267,196,267,197,266,198,266,199,265,200,265,201,265,202,265,203,264,204,264,205,264,206,264,207,263,208,263,209,263,210,262,211,262,212,262,213,262,214,262,215,262,216,262,217,262,218,262,219,261,220,261,221,261,222,261,223,261,224,261,225,260,226,260,227,261,227,262,227,263,227,264,228,265,228,266,228,267,228,268,227,269,227,270,226,271,226,272,225,273,225,274,224,275,223,276,223,277,222,278,221,279,221,279,220,280,219,281,219,282,218,282,217,283,216,284,215,285,214,285,213,286,212,286,211,287,210,287,209,288,208,288,207,289,206,289,205,290,204,290,203,291,202,291,201,292,200,291,199,291,198,291,197,291,196,290,195,290,194,290,193,289,192,289,191,289,190,288,190,287,189,287,188,286,187,285,186,284,185,283,184,282,183,281,182
238,197,237,198,236,198,235,198,234,198,233,198,232,199,231,199,230,200,229,200,228,201,227,201,226,201,226,202,227,203,228,204,229,205,230,206,231,207,232,208,233,209,233,210,234,211,235,212,236,213,236,214,237,215,238,216,238,217,239,218,240,219,240,220,241,221,241,222,241,223,242,224,242,225,242,226,243,227,243,228,244,228,245,228,246,229,247,229,248,230,248,231,249,230,250,230,251,229,252,229,253,229,254,229,255,228,256,228,257,228,258,227,259,227,259,226,260,225,260,224,260,223,260,222,260,221,260,220,261,219,261,218,261,217,261,216,261,215,261,214,261,213,261,212,260,211,259,211,258,210,257,209,256,208,255,208,254,207,253,206,252,205,252,204,251,204,250,204,249,203,248,203,247,202,246,202,245,201,244,201,243,200,242,200,241,199,240,198,239,198
296,200,295,201,294,201,293,201,292,201,292,202,291,203,291,204,290,205,290,206,289,207,289,208,288,209,288,210,287,211,287,212,286,213,286,214,285,215,284,216,283,217,283,218,282,219,281,220,280,220,281,221,282,221,283,222,284,223,285,224,286,225,287,226,288,227,289,228,290,229,291,230,292,231,293,232,294,232,295,233,296,234,297,234,298,233,299,233,300,233,301,233,302,232,303,232,304,231,305,230,306,229,307,228,308,227,308,226,309,225,309,224,310,223,310,222,310,221,311,220,311,219,310,218,310,217,311,216,311,215,311,214,311,213,310,212,310,211,310,210,309,209,309,208,308,207,308,206,307,205,306,204,306,203,305,202,304,201,303,200,302,200,301,200,300,200,299,200,298,200,297,200
190,203,189,204,188,204,187,204,186,204,185,205,184,205,183,206,182,206,181,207,180,208,179,208,179,209,179,210,179,211,179,212,179,213,179,214,179,215,180,216,180,217,181,218,181,219,182,220,182,221,183,222,183,223,184,224,185,225,186,226,186,227,187,227,188,228,189,228,190,228,191,228,192,228,193,228,194,227,195,227,196,227,197,226,198,225,199,224,200,224,201,224,202,223,203,222,204,221,205,220,205,219,206,218,206,217,206,216,207,215,207,214,206,213,205,212,205,211,204,210,204,209,204,208,203,207,202,206,201,205,200,205,199,205,198,204,197,204,196,204,195,204,194,204,193,204,192,204,191,204
225,203,224,204,223,205,222,206,221,206,220,207,219,208,218,208,217,208,216,209,215,209,214,210,213,210,212,210,213,211,213,212,212,213,212,214,211,215,210,216,209,217,209,218,208,219,208,220,207,221,206,220,205,221,206,221,207,221,208,222,209,222,210,223,211,224,211,225,211,226,212,227,212,228,213,229,214,229,215,230,216,231,216,232,217,233,218,234,219,235,220,236,221,237,222,238,223,238,224,239,225,239,226,240,227,240,228,240,229,240,230,240,231,239,232,239,233,239,234,238,235,237,236,237,237,236,238,235,239,234,240,233,240,232,240,231,241,230,241,229,242,228,242,227,241,226,241,225,241,224,240,223,240,222,240,221,239,220,239,219,238,218,237,217,237,216,236,215,235,214,235,213,234,212,233,211,232,210,232,209,231,208,230,207,229,206,228,205,227,204,226,203
258,228,257,229,256,229,255,229,254,230,253,230,252,230,251,230,250,231,249,231,248,232,248,233,247,234,246,234,245,235,244,235,243,236,242,236,241,237,240,238,239,239,238,240,237,241,237,242,236,243,235,244,235,245,235,246,234,247,234,248,234,249,234,250,235,251,235,252,235,253,236,254,236,255,236,256,236,257,237,257,238,258,239,258,240,258,241,258,242,258,243,258,244,258,245,258,246,258,247,257,247,256,248,255,249,255,250,255,251,254,252,253,252,252,253,251,254,250,255,249,255,248,256,247,257,246,258,245,258,244,259,243,260,242,261,241,262,240,263,239,263,238,264,237,265,236,265,235,266,234,266,233,266,232,266,231,266,230,266,229,265,229,264,229,263,228,262,228,261,228,260,228,259,228
215,236,214,237,213,237,212,237,211,238,210,238,209,238,208,239,207,238,206,239,206,240,206,241,206,242,206,243,205,244,205,245,206,246,207,246,208,247,209,247,210,248,211,248,212,249,213,249,214,249,215,249,216,249,217,249,218,249,219,248,220,248,221,247,222,246,223,246,224,245,224,244,225,243,225,242,226,241,225,240,224,240,223,239,222,239,221,238,220,237,219,236,218,236,217,236,216,236
290,247,289,248,288,248,287,249,286,249,285,250,284,250,285,251,284,252,283,252,282,251,283,252,282,253,281,254,280,254,279,253,278,253,277,253,276,253,276,254,275,255,274,255,275,255,276,256,275,257,274,258,273,259,272,260,271,261,270,262,269,263,269,264,270,265,270,266,270,267,270,268,271,268,272,269,273,269,274,270,275,270,276,271,277,271,278,271,279,271,280,271,281,272,282,271,283,272,284,273,285,274,286,275,287,276,288,277,289,277,290,278,291,278,292,278,293,278,294,278,295,277,296,277,297,277,298,277,299,276,300,275,301,275,302,274,303,274,304,273,305,273,306,272,307,271,308,271,308,270,309,269,309,268,310,267,310,266,311,265,311,264,311,263,312,262,312,261,312,260,313,259,313,258,313,257,313,256,313,255,313,254,312,253,311,252,310,251,309,251,308,251,307,251,306,251,305,251,304,251,303,251,302,251,301,250,300,250,299,251,298,251,297,250,296,249,295,249,294,249,293,248,292,248,291,247
254,257,253,258,252,259,251,259,250,260,249,260,248,260,247,259,247,258,246,259,245,259,244,259,243,259,242,259,241,259,240,259,239,259,240,260,241,261,241,262,241,263,241,264,241,265,241,266,240,267,240,268,240,269,239,270,239,271,239,272,238,273,238,274,238,275,237,276,237,277,236,278,236,279,236,280,235,281,236,281,237,282,238,283,239,283,240,284,241,284,242,285,243,285,244,286,245,286,246,285,247,284,248,284,249,284,250,283,251,283,252,283,253,282,254,282,255,282,256,281,257,281,257,280,257,279,258,278,259,278,260,277,261,276,262,275,263,274,264,273,265,272,266,271,267,270,268,269,269,268,269,267,269,266,269,265,268,264,268,263,268,262,268,261,267,260,266,259,265,258,264,258,263,258,262,258,261,258,260,258,259,257,258,257,257,257,256,258,255,258
233,258,232,259,231,259,230,259,229,259,228,259,227,259,226,260,225,260,224,261,223,261,222,261,221,261,220,261,219,261,218,261,217,261,216,261,215,261,214,260,213,260,212,261,211,261,210,261,209,261,208,261,207,261,206,261,205,261,204,262,203,262,202,262,201,262,200,263,199,264,198,265,197,266,197,267,197,268,197,269,197,270,198,271,198,272,198,273,199,274,200,275,200,276,201,277,202,278,203,279,204,280,205,281,206,282,207,283,208,284,209,284,210,285,211,285,212,285,213,286,214,286,215,286,216,286,217,286,218,286,219,286,220,286,221,286,222,285,223,285,224,285,225,285,226,284,227,284,228,284,229,283,230,283,231,282,232,282,233,282,234,281,235,280,235,279,235,278,236,277,236,276,237,275,237,274,237,273,238,272,238,271,238,270,239,269,239,268,239,267,240,266,240,265,240,264,240,263,240,262,240,261,239,260,238,259,237,259,236,259,235,258,234,258
153,407,152,408,151,408,150,408,149,408,148,409,147,409,146,410,145,410,144,411,143,411,142,412,141,413,140,414,139,414,138,415,137,416,136,417,135,417,134,418,133,419,132,420,131,420,130,421,129,421,128,422,127,422,126,423,125,423,124,423,123,424,122,424,121,425,120,426,119,426,119,427,118,428,117,429,117,430,117,431,116,432,116,433,116,434,116,435,116,436,116,437,117,438,117,439,118,440,118,441,119,442,120,443,121,444,122,445,123,445,124,446,125,446,126,446,127,446,128,446,129,446,130,446,131,446,132,445,133,445,134,444,135,444,136,443,137,443,138,442,139,441,140,441,141,440,142,440,143,439,144,438,145,438,146,438,147,438,148,438,149,438,150,437,151,437,152,436,153,436,154,435,155,434,156,433,157,432,158,431,159,430,160,429,160,428,161,427,162,426,162,425,163,424,163,423,164,422,165,421,165,420,165,419,165,418,165,417,165,416,165,415,165,414,165,413,165,412,164,411,163,410,162,409,161,409,160,408,159,408,158,407,157,407,156,407,155,407,154,407
178,407,177,408,176,408,175,408,174,409,173,409,172,409,171,410,170,410,169,411,168,412,167,412,166,412,166,413,166,414,166,415,166,416,166,417,166,418,166,419,166,420,167,421,168,422,168,423,169,424,170,425,171,426,172,427,173,427,174,428,175,428,176,429,177,429,178,430,179,430,180,430,181,430,182,430,183,429,184,429,185,429,186,428,186,427,187,426,188,425,188,424,188,423,188,422,189,421,189,420,189,419,189,418,188,417,188,416,188,415,187,414,187,413,186,412,186,411,185,411,184,410,184,409,183,409,182,408,181,408,180,408,179,407
209,411,208,412,207,412,206,412,205,412,204,412,203,413,202,413,201,414,200,414,199,415,198,416,197,417,196,418,196,419,195,420,195,421,195,422,195,423,195,424,195,425,195,426,195,427,196,428,196,429,197,430,198,431,199,432,200,432,201,433,202,433,203,434,204,434,205,434,206,435,207,435,208,435,209,435,210,435,211,435,212,435,213,435,214,435,215,435,216,434,217,434,218,433,219,433,220,432,221,432,221,431,222,430,222,429,222,428,222,427,223,426,223,425,223,424,223,423,222,422,222,421,222,420,222,419,221,418,220,417,220,416,219,415,218,414,217,414,216,413,215,412,214,412,213,412,212,411,211,411,210,411
335,417,334,418,333,418,332,418,331,419,330,419,329,420,328,420,327,421,326,421,325,422,325,423,324,424,323,424,323,425,322,426,322,427,322,428,322,429,322,430,322,431,322,432,322,433,322,434,322,435,322,436,322,437,323,438,323,439,324,440,325,441,326,441,327,441,328,442,329,442,330,442,331,442,332,443,333,443,334,443,335,443,336,443,337,443,338,443,339,442,340,442,341,442,342,441,343,441,344,440,345,440,346,439,347,439,348,438,349,437,350,436,350,435,351,434,351,433,351,432,351,431,351,430,351,429,351,428,351,427,350,426,350,425,349,424,348,423,348,422,347,422,346,421,345,420,344,419,343,419,342,418,341,418,340,417,339,417,338,417,337,417,336,417
233,425,232,426,231,426,230,426,229,426,228,426,227,426,226,427,225,427,225,428,224,429,223,429,223,430,222,431,223,432,222,433,222,434,221,435,221,436,221,437,221,438,221,439,221,440,221,441,221,442,222,443,222,444,223,445,224,446,225,447,226,447,227,447,228,447,229,447,230,447,231,447,232,447,233,447,234,447,235,446,236,446,237,445,238,445,239,445,239,444,240,443,241,442,242,441,242,440,242,439,242,438,242,437,242,436,242,435,242,434,242,433,241,432,241,431,241,430,240,429,239,428,238,427,237,427,236,426,235,426,234,425
362,437,361,438,360,438,359,439,358,439,357,440,356,441,356,442,355,443,354,444,354,445,354,446,353,447,353,448,353,449,353,450,354,451,354,452,354,453,355,454,356,455,357,456,357,457,358,457,359,458,360,459,361,459,362,460,363,460,364,461,365,460,366,460,367,460,368,459,369,459,370,458,371,458,372,458,373,457,374,456,375,455,376,454,377,453,377,452,377,451,377,450,377,449,377,448,377,447,377,446,376,445,376,444,375,443,374,442,373,441,373,440,372,439,371,439,370,439,369,438,368,438,367,437,366,437,365,437,364,437,363,437
176,438,175,439,174,439,173,439,172,440,171,440,170,441,169,441,168,441,167,442,166,442,165,443,164,443,163,444,162,444,161,445,160,446,160,447,159,448,158,449,158,450,157,451,157,452,157,453,157,454,157,455,157,456,157,457,156,458,156,459,156,460,156,461,157,462,157,463,157,464,157,465,157,466,157,467,158,468,158,469,158,470,159,471,159,472,160,473,160,474,161,475,162,476,163,477,164,478,165,479,166,480,167,481,168,482,169,482,170,483,171,484,172,484,173,485,174,485,175,485,176,486,177,486,178,486,179,486,180,486,181,486,182,486,183,487,184,487,185,487,186,487,187,487,188,487,189,486,190,486,191,486,192,486,193,486,194,485,195,485,196,484,197,484,198,483,199,482,200,481,201,480,202,479,203,478,203,477,204,476,204,475,205,474,205,473,206,472,206,471,207,470,207,469,207,468,207,467,207,466,207,465,207,464,207,463,207,462,207,461,207,460,206,459,206,458,206,457,205,456,205,455,204,454,204,453,204,452,203,451,203,450,202,449,201,448,201,447,200,446,199,445,198,444,197,443,196,443,195,442,194,442,193,442,192,441,191,441,190,441,189,441,188,441,187,441,186,441,185,440,184,440,183,439,182,439,181,438,180,438,179,438,178,438,177,438
247,439,246,440,245,440,244,440,243,440,243,441,242,442,241,443,240,444,240,445,239,446,239,447,239,448,239,449,239,450,240,451,240,452,240,453,241,454,242,455,242,456,243,457,244,458,245,459,246,459,247,459,248,460,249,460,250,460,251,460,252,460,253,460,254,460,255,459,256,458,257,458,258,457,259,456,260,456,260,455,261,454,262,453,262,452,262,451,262,450,262,449,261,448,261,447,261,446,261,445,261,444,260,443,259,442,258,441,257,440,256,440,255,439,254,439,253,439,252,439,251,439,250,439,249,439,248,439
385,439,384,440,383,440,382,440,381,441,380,442,380,443,379,444,379,445,378,446,378,447,378,448,378,449,378,450,378,451,378,452,378,453,378,454,378,455,379,456,379,457,380,458,380,459,381,460,381,461,382,461,383,462,384,463,384,464,385,464,386,464,387,465,388,464,389,464,390,464,391,464,392,463,393,463,394,462,395,462,396,462,397,461,398,460,399,460,400,459,400,458,401,457,401,456,400,455,400,454,400,453,401,452,400,451,400,450,400,449,400,448,400,447,400,446,399,445,398,444,397,443,396,442,395,441,394,440,393,440,392,439,391,439,390,439,389,439,388,439,387,439,386,439
95,440,94,441,93,441,92,442,91,443,91,444,90,445,90,446,89,447,89,448,89,449,88,450,88,451,88,452,88,453,88,454,89,455,89,456,89,457,89,458,90,459,91,460,92,461,93,462,94,463,95,463,96,464,97,464,98,464,99,465,100,465,101,465,102,465,103,465,104,465,105,465,106,465,107,465,108,464,109,464,110,463,111,463,112,462,113,461,114,460,114,459,115,458,115,457,115,456,116,455,116,454,116,453,116,452,116,451,116,450,115,449,115,448,114,447,113,446,112,445,112,444,111,443,110,442,109,442,108,441,107,441,106,441,105,440,104,440,103,440,102,440,101,440,100,440,99,440,98,440,97,440,96,440
318,444,317,445,316,445,315,446,314,446,313,447,312,448,312,449,311,450,311,451,310,452,310,453,310,454,310,455,310,456,310,457,310,458,310,459,310,460,311,461,311,462,312,463,313,464,314,465,315,466,316,466,317,467,318,468,319,468,320,469,321,468,322,469,323,469,324,470,325,471,326,471,327,471,328,471,329,472,330,472,331,471,332,471,333,471,334,470,335,469,335,468,335,467,336,466,337,465,338,465,338,464,339,463,339,462,339,461,339,460,339,459,339,458,339,457,339,456,339,455,338,454,338,453,337,452,336,451,336,450,335,449,334,449,333,448,333,447,332,447,331,446,330,446,329,445,328,445,327,444,326,444,325,444,324,444,323,444,322,444,321,444,320,444,319,444
81,463,80,464,79,464,78,464,77,465,76,465,75,466,74,466,73,467,72,468,71,469,71,470,70,471,70,472,70,473,69,474,69,475,69,476,70,477,70,478,70,479,71,480,72,481,72,482,73,483,74,483,75,484,76,484,77,484,78,484,79,484,80,485,81,485,82,485,83,485,84,485,85,484,86,484,87,484,88,484,89,483,90,483,91,483,92,482,93,481,94,480,94,479,95,478,95,477,95,476,95,475,95,474,95,473,95,472,95,471,94,470,94,469,93,468,92,467,91,466,90,465,89,465,88,464,87,464,86,464,85,463,84,463,83,463,82,463
261,464,260,465,259,465,258,465,257,466,256,467,256,468,255,469,254,470,254,471,254,472,254,473,254,474,254,475,254,476,255,477,255,478,256,479,256,480,257,481,258,482,259,482,260,483,261,483,262,483,263,483,264,484,265,484,266,484,267,484,268,484,269,484,270,483,271,483,272,483,273,482,274,481,275,480,276,479,276,478,276,477,277,476,277,475,277,474,277,473,276,472,276,471,276,470,275,469,274,468,273,467,272,466,271,466,270,465,269,464,268,464,267,464,266,464,265,464,264,464,263,464,262,464
135,466,134,467,133,467,132,467,131,467,130,468,129,468,128,469,127,469,126,470,125,471,124,472,123,473,122,474,121,475,120,476,119,477,118,478,117,479,116,480,115,481,115,482,114,483,113,484,113,485,112,486,112,487,112,488,112,489,111,490,111,491,111,492,111,493,111,494,110,495,110,496,110,497,110,498,111,499,111,500,111,501,111,502,111,503,111,504,112,505,112,506,113,507,113,508,114,509,114,510,115,510,116,510,117,510,118,510,119,510,120,510,121,511,122,511,123,511,124,511,125,511,126,511,127,511,128,511,129,511,130,511,131,511,132,511,133,511,134,511,135,511,136,511,137,511,138,511,139,511,140,511,141,511,142,511,143,511,144,511,145,510,146,510,147,510,148,510,149,510,150,509,151,509,152,508,153,508,154,507,155,506,156,505,157,504,158,503,158,502,159,501,159,500,159,499,159,498,160,497,160,496,160,495,160,494,160,493,160,492,160,491,160,490,160,489,160,488,159,487,159,486,159,485,159,484,158,483,158,482,158,481,157,480,157,479,156,478,156,477,155,476,154,475,154,474,153,473,152,472,151,471,150,471,149,470,148,469,147,469,146,469,145,468,144,468,143,468,142,468,141,467,140,467,139,467,138,467,137,466,136,466
377,467,376,468,375,468,374,468,373,469,372,470,372,471,371,472,370,473,370,474,370,475,370,476,370,477,370,478,370,479,370,480,370,481,370,482,370,483,371,484,371,485,371,486,371,487,371,488,371,489,371,490,372,491,372,492,373,493,374,494,375,495,376,496,377,496,378,497,379,497,380,498,381,498,382,498,383,498,384,498,385,498,386,498,387,498,388,497,389,497,390,497,391,496,392,496,393,495,394,495,395,495,396,495,397,494,398,493,398,492,399,491,399,490,399,489,399,488,399,487,400,486,400,485,400,484,400,483,400,482,400,481,399,480,399,479,399,478,398,477,398,476,397,475,396,474,395,473,394,472,393,471,392,470,391,469,390,469,389,468,388,467,387,467,386,467,385,467,384,467,383,467,382,467,381,467,380,467,379,467,378,467
354,468,353,469,352,470,351,470,350,470,349,471,348,472,347,473,346,474,345,475,345,476,344,477,344,478,343,479,343,480,343,481,342,482,342,483,342,484,342,485,342,486,342,487,342,488,342,489,342,490,342,491,343,492,344,493,344,494,345,494,346,495,347,495,348,496,349,496,350,496,351,497,352,497,353,497,354,498,355,498,356,498,357,499,358,499,359,499,360,500,361,499,362,499,363,498,364,497,365,497,366,497,366,496,367,495,368,494,369,494,370,493,371,492,371,491,370,490,370,489,370,488,370,487,370,486,370,485,370,484,369,483,369,482,369,481,369,480,369,479,369,478,369,477,369,476,369,475,369,474,368,473,367,472,366,471,365,470,364,470,363,469,362,468,361,468,360,468,359,468,358,468,357,468,356,468,355,468
310,472,309,473,308,474,307,474,306,475,305,476,305,477,304,478,304,479,304,480,304,481,303,482,303,483,303,484,303,485,303,486,303,487,303,488,304,489,304,490,305,491,306,492,306,493,307,494,308,495,309,495,310,496,311,496,312,497,313,497,314,497,315,497,316,497,317,497,318,498,319,498,320,498,321,498,322,498,323,497,324,497,325,497,326,497,327,496,328,496,329,495,330,494,330,493,331,492,331,491,332,490,333,489,333,488,333,487,333,486,333,485,333,484,333,483,332,482,331,481,331,480,330,479,329,478,328,477,327,476,326,475,325,474,324,474,323,473,322,473,321,472,320,472,319,472,318,472,317,472,316,472,315,472,314,472,313,472,312,472,311,472
217,483,216,484,215,484,214,484,213,484,212,485,211,485,210,486,209,487,208,488,207,489,206,489,205,490,204,491,204,492,203,493,202,494,201,495,201,496,200,497,200,498,199,499,199,500,199,501,198,502,198,503,198,504,198,505,197,506,197,507,196,508,196,509,196,510,197,510,198,510,199,511,200,511,201,511,202,511,203,511,204,511,205,511,206,511,207,511,208,511,209,511,210,511,211,511,212,511,213,511,214,511,215,511,216,511,217,511,218,511,219,511,220,511,221,511,222,511,223,511,224,511,225,511,226,511,227,511,228,511,229,511,230,511,231,511,232,511,233,511,234,511,235,511,236,511,237,511,238,511,239,511,240,511,241,511,242,510,243,510,244,509,244,508,245,507,245,506,245,505,245,504,244,503,244,502,244,501,244,500,243,499,243,498,242,497,241,496,241,495,240,494,240,493,239,492,238,491,237,490,236,489,235,488,234,487,233,486,232,486,231,485,230,485,229,484,228,484,227,484,226,483,225,483,224,483,223,483,222,483,221,483,220,483,219,483,218,483
76,488,75,489,74,489,73,490,72,491,71,492,70,493,70,494,70,495,69,496,69,497,69,498,69,499,70,500,70,501,70,502,71,503,71,504,72,505,73,505,74,506,75,507,76,507,77,507,78,508,79,508,80,508,81,507,82,507,83,507,83,506,84,505,85,505,86,504,87,503,87,502,88,501,88,500,89,499,89,498,89,497,89,496,89,495,89,494,89,493,88,492,88,491,87,490,86,489,85,489,84,489,83,488,82,488,81,488,80,488,79,488,78,488,77,488
256,489,255,490,254,490,253,491,252,492,252,493,251,494,251,495,250,496,250,497,250,498,250,499,250,500,250,501,250,502,250,503,250,504,250,505,251,506,251,507,252,508,253,509,254,510,255,510,256,511,257,511,258,511,259,511,260,511,261,511,262,510,263,510,264,510,265,510,266,510,267,511,268,511,269,511,270,511,271,511,272,511,273,510,274,511,275,511,276,511,277,510,278,510,279,510,280,510,281,509,282,508,282,507,283,506,283,505,283,504,283,503,283,502,283,501,282,500,282,499,281,498,281,497,280,496,279,495,279,494,278,493,277,493,276,492,275,492,274,491,273,491,272,490,271,490,270,490,269,490,268,490,267,490,266,489,265,489,264,489,263,489,262,489,261,489,260,489,259,489,258,489,257,489
393,498,392,499,391,500,390,500,389,501,388,502,387,503,387,504,387,505,386,506,386,507,386,508,386,509,386,510,386,511,387,511,388,511,389,511,390,511,391,511,392,511,393,511,394,511,395,511,396,511,397,511,398,511,399,511,400,511,401,511,402,511,403,511,404,511,405,511,406,511,407,511,408,511,409,511,410,510,410,509,410,508,410,507,409,506,409,505,408,504,407,503,407,502,406,501,405,500,404,499,403,499,402,498,401,498,400,498,399,498,398,498,397,498,396,498,395,498,394,498
316,505,315,506,314,506,313,507,312,507,311,508,310,508,309,509,309,510,309,511,310,511,311,511,312,511,313,511,314,511,315,511,316,511,317,511,318,511,319,511,320,511,321,511,322,511,323,511,324,511,325,511,326,511,327,511,328,511,329,511,330,510,329,509,328,508,328,507,327,507,326,506,325,506,324,506,323,505,322,505,321,505,320,505,319,505,318,505,317,505
