119,97,118,98,118,99,117,100,116,101,115,102,115,103,115,104,114,105,114,106,114,107,113,108,113,109,113,110,113,111,112,112,112,113,112,114,111,115,111,116,111,117,111,118,111,119,111,120,112,121,113,122,113,123,114,123,115,124,116,124,117,124,118,124,119,124,120,124,121,124,122,123,123,123,124,122,125,122,126,121,127,120,128,119,128,118,129,117,129,116,129,115,129,114,130,113,130,112,130,111,130,110,131,109,131,108,131,107,131,106,131,105,130,104,130,103,130,102,129,101,128,100,127,99,126,98,125,98,124,97,123,97,122,97,121,97,120,97
190,128,189,129,188,129,187,130,186,130,185,131,184,131,183,132,182,133,182,134,181,135,181,136,181,137,180,138,180,139,180,140,180,141,179,142,179,143,180,144,180,145,181,146,181,147,182,147,183,148,184,148,185,149,186,149,187,148,188,148,189,148,190,147,191,147,192,147,193,146,194,146,195,146,196,146,197,145,198,145,199,145,200,145,201,145,201,144,201,143,202,142,202,141,203,140,204,139,204,138,204,137,204,136,203,135,203,134,203,133,202,132,202,131,201,130,200,129,199,128,198,128,197,128,196,128,195,128,194,128,193,128,192,128,191,128
197,146,196,147,195,147,194,147,193,147,192,148,191,148,190,148,189,149,188,149,187,149,186,150,185,150,185,151,185,152,184,153,183,154,183,155,182,156,182,157,182,158,182,159,182,160,181,161,182,162,182,163,183,164,184,165,185,165,186,165,187,166,188,166,189,166,190,166,191,166,192,166,193,165,194,165,195,164,196,164,197,164,198,163,199,163,200,162,201,162,202,161,203,160,204,159,205,158,205,157,205,156,206,155,206,154,206,153,206,152,206,151,205,150,205,149,204,148,203,147,202,147,201,146,200,146,199,146,198,146
173,152,172,153,171,153,170,153,169,154,168,154,167,155,166,156,165,157,164,158,163,159,162,160,162,161,161,162,161,163,160,164,160,165,159,166,159,167,159,168,158,169,158,170,158,171,157,172,157,173,158,173,159,174,160,174,161,174,162,175,163,175,164,175,165,175,166,174,167,173,168,172,169,171,170,170,171,169,172,168,173,167,174,167,175,166,176,165,177,164,178,164,179,163,179,162,180,161,179,160,179,159,179,158,179,157,179,156,179,155,178,154,178,153,177,152,176,152,175,152,174,152
251,154,250,155,249,156,248,157,247,157,246,158,245,158,244,159,243,159,242,159,241,159,240,159,239,160,238,160,237,160,236,160,235,161,234,161,233,162,233,163,234,164,235,165,236,166,236,167,237,168,237,169,238,170,238,171,239,172,239,173,240,174,240,175,241,176,242,177,243,178,244,178,245,179,246,179,247,178,248,178,249,178,250,178,251,178,252,178,253,178,254,178,255,178,256,178,257,179,258,179,259,178,260,177,261,176,261,175,262,174,263,173,263,172,264,171,264,170,264,169,264,168,264,167,264,166,264,165,263,164,263,163,262,162,262,161,261,160,260,159,259,158,258,157,257,157,256,156,255,156,254,155,253,155,252,155
228,161,227,162,226,162,225,162,224,162,223,163,222,163,221,164,220,164,219,165,218,165,217,166,216,166,215,167,214,168,213,168,213,169,213,170,213,171,213,172,213,173,213,174,213,175,213,176,213,177,213,178,213,179,213,180,214,181,214,182,214,183,215,184,215,185,216,186,216,187,217,188,218,188,219,189,220,190,221,191,222,191,223,192,224,193,225,193,226,193,227,192,228,192,229,192,230,192,231,191,232,191,233,190,234,190,235,189,236,189,237,188,238,187,238,186,239,185,239,184,239,183,239,182,240,181,240,180,240,179,240,178,240,177,240,176,239,175,239,174,238,173,238,172,237,171,237,170,236,169,236,168,235,167,235,166,234,165,233,164,232,163,231,163,230,162,229,162
202,162,201,163,200,163,199,164,198,164,197,165,196,165,195,165,194,166,193,166,192,167,191,167,191,168,190,169,190,170,189,171,189,172,188,173,188,174,188,175,187,176,187,177,187,178,187,179,187,180,188,181,188,182,189,183,190,184,191,185,192,185,193,185,194,185,195,186,196,186,197,186,198,186,199,186,200,187,201,187,202,187,203,187,204,187,205,187,206,186,207,185,208,184,209,183,210,182,211,181,211,180,211,179,212,178,212,177,212,176,212,175,212,174,212,173,212,172,212,171,212,170,212,169,212,168,211,167,210,166,209,165,208,164,207,163,206,162,205,162,204,162,203,162
180,163,179,164,178,165,177,165,176,166,175,167,174,168,173,168,172,169,171,170,170,171,169,172,168,173,167,174,166,175,165,176,166,177,166,178,166,179,167,180,167,181,167,182,167,183,168,184,168,185,168,186,168,187,169,188,169,189,170,190,171,190,172,190,173,190,174,190,175,189,176,189,177,189,178,188,179,188,180,187,181,186,182,185,183,184,183,183,184,182,184,181,184,180,184,179,184,178,184,177,184,176,184,175,184,174,183,173,183,172,183,171,183,170,182,169,182,168,182,167,182,166,181,165,180,164
247,179,246,180,245,180,244,181,244,182,243,183,243,184,242,185,241,186,240,187,239,188,238,189,237,190,237,191,236,192,235,193,234,194,233,194,232,195,231,195,230,194,230,195,230,196,230,197,230,198,230,199,231,200,231,201,231,202,231,203,231,204,231,205,231,206,231,207,232,208,233,208,234,209,235,209,236,209,237,208,238,207,239,206,240,205,241,204,242,203,243,202,244,201,245,201,246,200,247,199,248,198,248,197,249,196,250,196,251,195,252,194,253,193,254,192,255,191,256,190,256,189,257,188,257,187,258,186,258,185,258,184,258,183,258,182,258,181,258,180,257,180,256,179,255,179,254,179,253,179,252,179,251,179,250,179,249,179,248,179
271,184,270,185,269,185,268,186,267,187,266,188,265,189,264,190,263,190,262,191,261,192,260,193,259,193,258,194,257,194,256,195,255,195,254,196,253,197,252,198,251,199,250,199,249,200,248,201,247,202,246,203,245,204,244,205,244,206,243,207,243,208,243,209,242,210,242,211,242,212,242,213,242,214,242,215,242,216,243,216,244,217,245,218,246,219,247,219,248,219,249,219,250,218,251,217,252,216,253,216,254,215,255,215,256,215,257,215,258,214,259,214,260,213,261,213,262,213,263,212,264,211,265,210,266,210,267,209,268,208,268,207,269,206,270,205,271,205,271,204,272,203,273,202,273,201,274,200,275,199,276,198,277,197,278,196,278,195,279,194,280,193,280,192,281,191,281,190,282,189,282,188,281,188,280,187,279,186,278,186,277,185,276,185,275,184,274,184,273,184,272,184
190,186,189,187,188,188,187,188,186,189,185,189,184,190,183,191,182,191,181,192,180,193,179,194,179,195,178,196,178,197,177,198,177,199,176,200,175,201,175,202,174,203,173,203,173,204,174,205,175,205,176,205,177,205,178,205,179,206,180,206,181,206,182,206,183,206,184,207,185,207,186,207,187,207,188,207,189,207,190,207,191,207,192,207,193,207,194,207,195,207,196,207,197,207,198,207,199,207,200,207,201,207,202,207,203,207,204,207,204,206,205,205,206,204,206,203,207,202,207,201,208,200,208,199,209,198,208,197,208,196,207,195,207,194,207,193,207,192,206,191,206,190,205,189,205,188,204,188,203,188,202,188,201,188,200,188,199,187,198,187,197,187,196,187,195,187,194,186,193,186,192,186,191,186
285,187,284,188,283,188,283,189,282,190,282,191,281,192,281,193,280,194,279,195,279,196,278,197,277,198,276,199,275,200,274,201,274,202,273,203,272,204,272,205,272,206,271,207,271,208,271,209,271,210,271,211,271,212,272,213,273,214,274,214,275,215,276,215,277,215,278,214,279,214,280,213,281,213,282,212,283,211,284,210,285,209,286,208,286,207,287,206,288,205,289,204,289,203,290,202,290,201,290,200,290,199,290,198,290,197,290,196,290,195,290,194,290,193,289,192,289,191,289,190,289,189,288,189,287,188,286,187
224,194,223,195,222,195,221,195,220,196,219,196,218,196,217,196,216,196,215,196,214,196,213,197,212,197,211,198,210,198,209,199,209,200,208,201,208,202,207,203,207,204,207,205,208,206,209,207,210,207,211,207,212,208,213,208,214,209,215,209,216,209,217,210,218,210,219,211,220,211,221,212,222,213,223,213,224,214,225,214,226,213,226,212,227,211,228,211,229,210,230,209,230,208,230,207,230,206,230,205,230,204,230,203,230,202,230,201,230,200,229,199,229,198,229,197,229,196,229,195,228,195,227,194,226,194,225,194
172,205,171,206,172,207,172,208,171,209,171,210,171,211,170,212,170,213,170,214,170,215,170,216,170,217,170,218,170,219,169,220,169,221,170,222,170,223,170,224,170,225,170,226,171,227,171,228,172,229,173,230,174,230,175,231,176,231,177,232,178,232,179,232,180,233,181,233,182,233,183,233,184,233,185,233,186,232,187,232,188,231,189,231,190,231,191,230,192,230,193,229,194,229,195,229,196,228,197,228,198,227,199,227,200,227,201,226,202,226,203,226,204,226,205,225,205,224,205,223,206,222,206,221,206,220,206,219,205,218,205,217,205,216,205,215,205,214,205,213,205,212,205,211,205,210,205,209,205,208,204,208,203,208,202,208,201,208,200,208,199,208,198,208,197,208,196,208,195,208,194,208,193,208,192,208,191,208,190,208,189,208,188,208,187,208,186,208,185,208,184,208,183,207,182,207,181,207,180,207,179,207,178,206,177,206,176,206,175,206,174,206,173,205
296,206,295,207,294,207,293,208,292,208,291,209,290,210,289,210,289,211,288,212,287,213,286,214,285,215,285,216,284,217,284,218,283,219,283,220,282,221,283,222,283,223,284,224,285,225,286,225,287,226,288,226,289,226,290,225,291,224,292,223,293,222,294,221,295,220,296,219,297,218,297,217,298,216,299,215,300,214,301,213,301,212,302,211,303,210,304,209,303,208,302,207,301,206,300,206,299,206,298,206,297,206
304,210,303,211,302,212,302,213,301,214,300,215,299,216,298,217,298,218,297,219,296,220,295,221,294,222,293,223,292,224,291,225,290,226,289,227,289,228,290,229,291,230,292,231,293,232,294,232,295,232,296,233,297,233,298,233,299,233,300,233,301,233,302,233,303,232,304,232,305,232,306,233,307,232,308,231,309,230,310,229,311,228,312,227,313,226,313,225,314,224,314,223,314,222,315,221,315,220,315,219,315,218,315,217,314,216,314,215,314,214,313,213,312,212,311,212,310,211,309,211,308,210,307,210,306,210,305,210
224,225,223,226,222,227,221,228,220,229,219,230,218,230,217,231,216,232,215,233,214,234,213,234,212,235,211,235,210,236,209,236,208,237,207,238,206,239,205,240,204,241,203,242,203,243,202,244,201,245,200,246,200,247,200,248,200,249,200,250,200,251,200,252,200,253,200,254,200,255,199,256,199,257,199,258,199,259,199,260,199,261,199,262,200,262,201,263,202,264,203,263,204,264,205,263,206,263,207,263,208,262,209,262,210,261,211,261,212,261,213,261,214,261,215,260,216,260,217,260,218,259,219,259,220,258,220,257,220,256,221,255,221,254,222,253,223,252,224,251,225,250,226,249,227,248,228,247,229,246,230,245,231,244,232,243,233,242,234,242,235,241,236,240,237,239,238,239,239,238,240,237,241,236,242,235,243,234,242,233,242,232,241,231,240,230,239,229,240,228,240,227,239,226,238,225,237,226,236,226,235,225,234,225,233,225,232,226,231,226,230,226,229,226,228,226,227,226,226,226,225,225
207,226,206,227,205,227,204,227,203,227,202,227,201,227,200,228,199,228,198,228,197,229,196,229,195,230,194,230,193,230,192,231,191,231,190,232,189,232,188,232,187,233,186,233,185,234,184,234,184,235,183,236,182,237,182,238,181,239,180,240,180,241,180,242,179,243,179,244,179,245,179,246,179,247,180,248,180,249,181,250,182,250,183,251,184,251,185,252,186,252,187,252,188,252,189,251,190,251,191,250,192,249,193,249,194,248,195,247,196,246,197,245,198,245,199,245,200,245,201,244,202,243,202,242,203,241,204,240,205,239,206,238,207,237,208,236,209,235,209,234,209,233,210,232,210,231,211,230,212,229,211,228,211,227,210,227,209,227,208,226
313,227,312,228,311,229,310,230,309,231,308,232,307,233,306,234,306,235,306,236,306,237,306,238,305,239,305,240,305,241,305,242,305,243,305,244,306,245,306,246,307,247,307,248,308,249,309,250,310,251,311,252,312,252,313,252,314,252,315,252,316,252,317,251,318,250,318,249,319,248,319,247,320,246,320,245,320,244,320,243,320,242,320,241,321,240,321,239,322,238,322,237,322,236,322,235,322,234,322,233,322,232,321,231,321,230,320,229,319,228,318,228,317,227,316,227,315,227,314,227
243,235,242,236,241,237,240,238,239,239,238,240,237,240,236,241,235,242,234,243,233,243,232,244,231,245,230,246,229,247,228,248,227,249,226,250,225,251,224,252,223,253,222,254,222,255,221,256,221,257,221,258,220,259,221,260,222,261,223,261,224,261,225,261,226,261,227,261,228,261,229,260,230,260,231,260,232,259,233,259,234,258,235,257,236,256,237,255,238,254,239,253,240,253,241,252,241,251,242,250,243,249,244,248,245,247,246,246,247,245,248,244,248,243,249,242,249,241,249,240,249,239,248,238,248,237,247,237,246,236,245,235,244,235
287,235,286,236,285,236,284,237,283,238,282,239,281,239,280,240,279,241,278,242,278,243,277,244,276,245,276,246,275,247,275,248,274,249,274,250,273,251,273,252,273,253,273,254,274,255,274,256,274,257,274,258,275,259,276,260,277,261,278,261,279,261,280,262,281,262,282,262,283,262,284,262,285,261,286,261,287,261,288,260,289,260,290,259,291,258,292,258,293,257,294,256,294,255,295,254,295,253,296,252,296,251,297,250,297,249,297,248,297,247,297,246,297,245,297,244,297,243,297,242,297,241,297,240,297,239,297,238,296,237,295,236,294,236,293,235,292,235,291,235,290,235,289,235,288,235
260,237,259,238,258,238,257,238,256,239,255,240,255,241,254,242,253,242,252,243,251,244,250,245,249,245,248,246,247,246,246,247,245,248,244,249,243,250,242,251,242,252,241,253,240,254,240,255,240,256,240,257,240,258,241,259,242,260,242,261,243,261,244,262,245,262,246,263,247,263,248,264,249,264,250,264,251,265,252,265,253,265,254,266,255,266,256,265,257,265,258,265,259,264,260,263,261,262,262,261,262,260,263,259,263,258,263,257,264,256,264,255,265,254,265,253,265,252,266,251,267,250,267,249,267,248,268,247,268,246,268,245,268,244,268,243,267,242,267,241,266,240,265,239,264,239,263,238,262,238,261,237
332,251,331,252,330,252,329,252,328,252,327,253,326,254,325,254,324,255,323,255,322,256,321,256,320,256,319,257,318,258,317,259,317,260,316,261,316,262,316,263,316,264,316,265,316,266,316,267,317,268,318,269,318,270,319,270,320,271,321,271,322,271,323,272,324,272,325,272,326,272,327,271,328,271,329,271,330,271,331,270,332,269,333,268,334,267,335,266,335,265,336,264,336,263,337,262,337,261,337,260,337,259,337,258,337,257,337,256,337,255,337,254,336,253,335,252,334,251,333,251
298,267,297,268,296,268,295,269,294,270,293,270,292,271,291,272,290,273,290,274,289,275,289,276,288,277,288,278,288,279,288,280,288,281,288,282,288,283,289,284,289,285,290,286,291,287,291,288,292,288,293,289,294,289,295,289,296,289,297,289,298,288,299,288,300,288,301,287,302,287,303,287,304,287,305,286,306,286,307,286,308,286,309,285,310,284,310,283,311,282,311,281,311,280,311,279,311,278,311,277,311,276,311,275,311,274,311,273,310,272,309,271,309,270,308,269,307,269,306,268,305,268,304,268,303,267,302,267,301,267,300,267,299,267
245,268,244,269,243,269,242,270,241,271,240,271,239,272,238,272,237,273,236,273,235,273,234,274,233,274,232,273,231,273,230,274,229,274,228,275,227,276,226,277,225,278,225,279,225,280,225,281,226,282,227,283,228,284,229,285,230,285,231,286,232,287,232,288,233,289,234,290,234,291,235,292,236,292,237,293,238,293,239,293,240,292,241,292,242,292,243,291,244,291,245,290,246,290,247,289,248,288,249,288,250,287,251,287,252,286,253,286,254,285,255,285,256,285,256,284,256,283,256,282,256,281,256,280,256,279,256,278,256,277,257,276,256,275,256,274,255,273,255,272,254,271,253,270,252,270,251,270,250,269,249,269,248,269,247,268,246,268
264,269,263,270,262,270,261,271,260,271,260,272,259,273,258,274,257,275,258,276,257,277,257,278,257,279,257,280,257,281,257,282,257,283,257,284,257,285,258,286,259,287,260,287,261,288,262,288,263,288,264,288,265,288,266,288,267,288,268,287,269,287,270,287,271,286,272,286,273,286,274,285,274,284,275,283,276,282,276,281,277,280,277,279,278,278,277,277,277,276,277,275,276,274,276,273,275,272,274,271,273,271,272,270,271,270,270,269,269,269,268,269,267,269,266,269,265,269
333,280,332,281,331,281,330,281,329,281,328,282,327,283,326,284,325,285,324,286,324,287,323,288,322,289,322,290,321,291,321,292,320,293,320,294,319,295,319,296,319,297,319,298,320,299,320,300,321,301,322,302,323,303,324,303,325,303,326,303,327,303,328,303,329,303,330,303,331,303,332,303,333,302,334,302,335,301,336,300,337,299,337,298,338,297,339,296,339,295,340,294,340,293,340,292,340,291,341,290,341,289,341,288,341,287,341,286,341,285,340,284,340,283,339,282,338,281,337,281,336,280,335,280,334,280
274,286,273,287,272,287,271,287,270,288,269,288,268,288,267,289,266,289,265,290,264,291,263,292,262,293,261,294,261,295,260,296,260,297,259,298,259,299,259,300,259,301,258,302,258,303,258,304,258,305,259,306,260,307,260,308,261,309,262,310,263,311,264,311,265,312,266,312,267,311,268,311,269,311,270,311,271,310,272,309,273,309,274,308,275,308,276,308,277,307,278,307,279,306,280,306,281,305,282,305,283,304,283,303,284,302,285,301,286,300,287,299,287,298,288,297,288,296,288,295,288,294,288,293,287,292,287,291,286,290,286,289,285,288,284,287,283,287,282,286,281,286,280,286,279,286,278,286,277,286,276,286,275,286
309,286,308,287,308,288,307,289,306,289,305,290,304,290,303,291,302,292,301,293,300,293,300,294,299,295,298,296,297,297,297,298,297,299,297,300,297,301,297,302,297,303,297,304,298,305,298,306,299,307,300,308,301,309,302,310,303,310,304,311,305,310,306,310,307,309,308,309,309,308,310,307,311,306,312,305,312,304,313,303,313,302,314,301,315,300,315,299,316,298,316,297,316,296,317,295,317,294,317,293,318,292,318,291,318,290,318,289,317,288,317,287,316,287,315,286,314,286,313,286,312,286,311,286,310,286
284,305,283,306,282,306,281,306,280,307,279,307,278,308,277,308,276,309,275,309,274,309,273,310,272,310,271,311,270,312,269,312,268,313,267,314,267,315,266,316,266,317,265,318,265,319,264,320,264,321,264,322,264,323,264,324,264,325,265,326,266,327,266,328,267,328,268,329,269,329,270,329,271,329,272,329,273,329,274,329,275,328,276,327,277,327,278,326,279,325,280,325,281,324,282,323,283,322,284,322,285,321,286,321,287,320,288,319,289,318,289,317,290,316,290,315,290,314,291,313,291,312,291,311,291,310,290,309,290,308,290,307,289,306,288,305,287,305,286,305,285,305
337,315,336,316,335,316,334,317,333,317,332,317,331,318,330,318,329,319,328,319,327,320,326,321,325,321,324,322,323,322,322,323,321,324,321,325,320,326,319,327,319,328,319,329,319,330,320,331,320,332,321,333,322,334,323,334,324,334,325,334,326,334,327,333,328,333,329,333,330,333,331,333,332,332,333,332,334,332,335,332,336,331,337,331,338,330,339,330,339,329,340,328,341,327,341,326,342,325,342,324,342,323,342,322,342,321,342,320,342,319,342,318,341,317,340,316,339,316,338,315
312,318,311,319,310,319,309,319,308,320,307,321,306,321,305,322,304,323,303,323,302,324,301,325,300,326,300,327,299,328,298,329,297,330,296,331,296,332,296,333,296,334,297,335,298,336,299,336,300,336,301,336,302,336,303,336,304,336,305,335,306,335,307,334,308,333,309,333,310,332,311,331,312,331,313,330,314,329,315,329,316,328,317,327,317,326,318,325,318,324,318,323,319,322,319,321,318,320,318,319,317,319,316,318,315,318,314,318,313,318
305,336,304,337,303,337,302,337,301,337,300,337,299,337,299,338,298,339,298,340,297,341,296,342,296,343,296,344,296,345,296,346,296,347,296,348,297,349,298,350,299,351,300,352,301,352,302,352,303,352,304,351,305,351,306,350,307,349,308,348,309,347,310,346,310,345,310,344,310,343,310,342,310,341,310,340,310,339,309,338,308,337,307,337,306,337
335,339,334,340,333,340,332,340,331,341,330,341,329,341,328,341,327,342,326,342,325,342,324,343,323,343,322,344,321,344,320,345,319,346,319,347,318,348,318,349,318,350,318,351,318,352,319,353,320,353,321,354,322,354,323,354,324,354,325,354,326,354,327,354,328,353,329,353,330,353,331,353,332,352,333,352,334,352,335,351,336,351,337,351,338,350,339,349,340,349,341,349,342,348,343,347,344,347,345,346,346,345,346,344,346,343,345,342,344,341,343,340,342,340,341,340,340,339,339,339,338,339,337,339,336,339
335,352,334,353,333,353,332,353,331,354,330,354,329,354,328,354,327,355,326,355,325,356,324,357,323,358,322,359,321,360,320,361,320,362,320,363,320,364,320,365,321,366,322,366,323,367,324,366,325,366,326,366,327,366,328,365,329,365,330,364,331,364,332,363,333,363,334,362,335,362,336,361,337,360,338,360,338,359,339,358,339,357,340,356,340,355,339,354,339,353,338,352,337,352,336,352
348,359,347,360,346,360,345,361,344,361,343,362,342,362,341,363,340,363,339,364,338,364,337,365,336,365,335,366,334,367,333,367,332,368,332,369,332,370,332,371,332,372,333,373,334,374,335,374,336,374,337,375,338,375,339,375,340,374,341,374,342,374,343,374,344,373,345,373,346,373,347,372,348,372,349,372,350,371,351,370,352,370,353,369,354,369,355,368,356,367,356,366,357,365,357,364,357,363,357,362,357,361,356,360,355,360,354,360,353,359,352,359,351,359,350,359,349,359
353,372,352,373,351,373,350,373,349,374,348,374,347,374,346,374,345,375,344,374,343,375,342,375,341,375,340,375,339,376,338,377,337,378,336,378,335,379,334,379,333,380,332,381,331,382,331,383,330,384,330,385,330,386,330,387,331,388,332,389,333,390,334,390,335,390,336,390,337,390,338,390,339,390,340,390,341,390,342,390,343,389,344,389,345,389,346,388,347,388,348,387,349,387,350,386,351,386,352,386,353,385,354,385,355,384,356,384,357,384,358,383,359,383,360,382,361,381,361,380,361,379,362,378,362,377,362,376,362,375,361,374,360,373,359,372,358,372,357,372,356,372,355,372,354,372
360,416,359,417,358,417,357,418,356,418,355,419,354,419,353,420,353,421,352,422,352,423,352,424,352,425,352,426,352,427,353,428,354,429,355,430,356,430,357,430,358,430,359,430,360,430,361,429,362,429,363,428,364,428,365,428,366,428,367,427,368,426,369,425,370,425,370,424,370,423,370,422,370,421,370,420,370,419,370,418,369,417,368,416,367,416,366,416,365,416,364,416,363,416,362,416,361,416
381,417,380,418,379,418,378,419,378,420,377,421,377,422,377,423,378,424,378,425,379,426,379,427,380,428,381,429,382,429,383,430,384,430,385,430,386,430,387,430,388,430,389,430,390,430,391,429,392,428,392,427,392,426,393,425,393,424,392,423,392,422,391,421,390,420,389,419,388,419,387,418,386,418,385,417,384,417,383,417,382,417
335,425,334,426,333,426,332,426,331,426,330,427,329,427,328,427,327,428,326,428,325,429,324,430,323,431,322,432,322,433,321,434,321,435,321,436,321,437,321,438,321,439,321,440,321,441,322,442,323,443,324,444,325,445,326,445,327,445,328,446,329,446,330,446,331,446,332,447,333,447,334,447,335,447,336,446,337,446,338,446,339,445,340,445,341,444,342,444,343,443,344,443,345,442,345,441,346,440,346,439,347,438,347,437,348,436,348,435,348,434,348,433,348,432,348,431,347,430,346,429,345,428,344,428,343,427,342,427,341,426,340,426,339,426,338,426,337,425,336,425
369,426,368,427,367,428,366,429,366,430,365,431,365,432,365,433,365,434,366,435,366,436,367,437,367,438,368,438,369,439,370,439,371,439,372,439,373,438,374,437,374,436,375,435,376,434,376,433,376,432,376,431,376,430,376,429,375,428,374,427,373,427,372,426,371,426,370,426
305,437,304,438,303,438,302,439,301,440,300,441,300,442,299,443,299,444,299,445,299,446,298,447,298,448,298,449,299,450,299,451,300,452,300,453,301,454,301,455,302,456,303,457,304,457,305,458,306,458,307,458,308,458,309,458,310,458,311,458,312,457,313,457,314,456,315,455,316,454,317,453,317,452,317,451,318,450,318,449,318,448,318,447,317,446,317,445,317,444,316,443,315,442,315,441,314,440,313,439,312,439,311,438,310,438,309,437,308,437,307,437,306,437
363,439,362,440,361,440,360,441,359,442,358,443,357,444,357,445,356,446,356,447,356,448,356,449,356,450,356,451,357,452,357,453,358,454,358,455,359,456,360,456,361,457,362,457,363,458,364,458,365,459,366,459,367,459,368,458,369,458,370,458,371,457,372,457,373,456,374,456,375,455,376,454,376,453,377,452,378,451,378,450,378,449,378,448,378,447,378,446,377,445,377,444,376,443,375,442,374,442,373,441,372,441,371,440,370,440,369,440,368,439,367,439,366,439,365,439,364,439
408,447,407,448,406,448,405,448,404,448,403,449,402,449,401,450,400,451,399,452,399,453,398,454,398,455,398,456,398,457,398,458,398,459,398,460,399,461,399,462,399,463,400,464,401,464,402,465,403,465,404,465,405,466,406,466,407,466,408,466,409,466,410,466,411,466,412,465,413,465,414,464,415,463,416,462,417,461,417,460,418,459,418,458,418,457,418,456,418,455,418,454,417,453,417,452,416,451,415,450,414,449,413,448,412,448,411,448,410,448,409,447
286,450,285,451,284,451,283,451,282,452,281,452,280,453,279,454,279,455,279,456,278,457,278,458,277,459,277,460,277,461,277,462,277,463,277,464,277,465,277,466,278,467,279,468,280,468,281,469,282,469,283,470,284,470,285,470,286,470,287,470,288,470,289,470,290,470,291,469,292,468,293,468,294,467,295,466,296,465,297,464,297,463,297,462,297,461,297,460,297,459,297,458,297,457,297,456,296,455,295,454,294,453,294,452,293,452,292,451,291,451,290,451,289,451,288,450,287,450
334,454,333,455,332,455,331,455,330,455,329,455,328,456,327,456,326,457,325,457,324,458,323,459,322,460,321,461,320,462,320,463,319,464,319,465,318,466,318,467,318,468,318,469,317,470,317,471,317,472,317,473,317,474,317,475,318,476,318,477,318,478,318,479,319,480,319,481,319,482,320,483,320,484,321,485,322,486,323,487,324,488,325,489,326,489,327,490,328,490,329,491,330,491,331,492,332,492,333,492,334,492,335,492,336,492,337,492,338,492,339,491,340,491,341,490,342,490,343,489,344,489,345,488,346,487,347,486,348,485,349,484,350,483,351,482,351,481,352,480,352,479,353,478,353,477,353,476,353,475,353,474,353,473,353,472,353,471,353,470,353,469,352,468,352,467,352,466,351,465,351,464,350,463,350,462,349,461,348,460,347,459,346,458,345,457,344,456,343,456,342,455,341,455,340,455,339,454,338,454,337,454,336,454,335,454
373,463,372,464,371,464,370,464,369,464,368,465,367,466,366,466,365,467,364,468,363,469,362,470,362,471,361,472,361,473,360,474,360,475,360,476,359,477,359,478,359,479,359,480,359,481,359,482,359,483,359,484,360,485,360,486,360,487,360,488,361,489,361,490,362,491,363,492,364,493,364,494,365,495,366,495,367,495,368,495,369,495,370,495,371,495,372,495,373,495,374,495,375,495,376,495,377,496,378,496,379,496,380,496,381,496,382,496,383,496,384,496,385,495,386,494,387,493,388,492,389,491,390,490,391,489,392,488,392,487,392,486,393,485,393,484,393,483,393,482,394,481,394,480,394,479,394,478,394,477,394,476,393,475,393,474,393,473,392,472,392,471,391,470,390,469,389,468,388,467,387,466,386,466,385,465,384,465,383,465,382,464,381,464,380,463,379,463,378,463,377,463,376,463,375,463,374,463
274,469,273,470,272,471,272,472,271,473,271,474,271,475,271,476,271,477,271,478,271,479,270,480,271,481,271,482,271,483,271,484,271,485,271,486,272,487,273,488,274,488,275,488,276,489,277,489,278,489,279,489,280,489,281,489,282,488,283,488,284,487,285,486,286,485,286,484,286,483,286,482,286,481,285,480,284,479,284,478,284,477,284,476,285,475,285,474,284,473,283,473,282,472,281,471,280,471,279,470,278,470,277,470,276,469,275,469
427,473,426,474,426,475,425,476,425,477,425,478,425,479,425,480,425,481,425,482,425,483,426,484,426,485,427,486,427,487,427,488,428,489,429,490,430,490,431,490,432,489,433,489,434,488,434,487,435,486,435,485,436,484,436,483,436,482,437,481,437,480,436,479,436,478,436,477,436,476,435,476,434,475,433,474,432,474,431,473,430,473,429,473,428,473
411,490,410,491,409,491,408,491,407,491,406,492,405,492,404,492,403,493,402,494,401,495,400,496,400,497,399,498,399,499,398,500,398,501,397,502,397,503,397,504,397,505,397,506,396,507,395,508,395,509,395,510,396,510,397,510,398,510,399,510,400,510,401,510,402,511,403,511,404,511,405,511,406,511,407,511,408,511,409,511,410,511,411,511,412,511,413,511,414,511,415,511,416,511,417,511,418,511,419,511,420,511,421,510,422,510,423,510,424,509,425,509,426,508,426,507,427,506,427,505,427,504,427,503,427,502,427,501,426,500,426,499,426,498,426,497,425,496,424,495,423,494,422,494,421,493,420,492,419,492,418,491,417,491,416,491,415,491,414,491,413,490,412,490
365,496,364,497,363,497,362,498,361,499,360,499,359,500,358,501,357,502,356,503,356,504,355,505,355,506,354,507,353,508,353,509,353,510,354,511,355,511,356,511,357,511,358,511,359,511,360,511,361,511,362,511,363,511,364,511,365,511,366,511,367,511,368,511,369,511,370,511,371,511,372,511,373,511,374,511,375,511,376,511,377,511,378,511,379,511,380,511,381,511,382,511,383,511,384,511,385,511,386,511,387,511,388,511,389,511,390,511,391,511,392,511,393,511,394,510,394,509,394,508,393,507,393,506,392,505,391,504,390,503,389,502,388,501,387,500,386,499,385,498,384,497,383,497,382,497,381,497,380,497,379,497,378,497,377,497,376,496,375,496,374,496,373,496,372,496,371,496,370,496,369,496,368,496,367,496,366,496
329,499,328,500,327,501,326,501,325,502,324,502,323,503,322,504,321,505,321,506,320,507,320,508,319,509,319,510,319,511,320,511,321,511,322,511,323,511,324,511,325,511,326,511,327,511,328,511,329,511,330,511,331,511,332,511,333,511,334,511,335,511,336,511,337,511,338,511,339,511,340,511,341,511,342,511,343,511,344,511,345,511,346,511,347,511,348,511,349,511,350,510,350,509,349,509,348,508,347,507,347,506,346,505,346,504,345,503,344,502,343,501,342,501,341,500,340,500,339,499,338,499,337,499,336,499,335,499,334,499,333,499,332,499,331,499,330,499
