100,89,99,90,98,91,97,91,97,92,96,93,95,94,95,95,94,96,94,97,94,98,94,99,94,100,94,101,95,102,95,103,96,104,97,103,98,102,99,102,100,101,101,100,102,100,103,99,104,98,105,98,106,97,107,96,108,95,109,95,108,94,108,93,107,92,107,91,106,90,105,89,104,89,103,89,102,89,101,89
111,95,110,96,109,96,108,96,107,97,106,98,105,99,104,99,103,100,102,101,101,101,100,102,99,103,98,103,97,104,97,105,97,106,97,107,97,108,97,109,97,110,97,111,97,112,97,113,97,114,98,115,99,116,99,117,100,118,101,119,102,119,103,119,104,119,105,119,106,119,107,119,108,118,109,117,110,117,111,116,112,115,112,114,113,113,114,112,115,111,115,110,116,109,117,108,117,107,117,106,116,105,116,104,115,103,115,102,114,101,114,100,113,99,113,98,112,97,112,96
161,100,160,101,159,101,158,102,158,103,157,104,157,105,157,106,157,107,158,108,158,109,158,110,158,111,159,112,159,113,160,114,160,115,160,116,161,117,161,118,162,119,163,120,163,121,164,122,165,123,166,124,167,125,168,125,169,126,170,126,171,126,172,127,173,127,174,127,175,128,176,128,177,127,178,127,178,126,178,125,179,124,180,123,180,122,181,121,182,121,183,121,182,120,183,119,184,119,185,118,185,117,185,116,185,115,186,114,186,113,186,112,186,111,186,110,186,109,186,108,185,107,185,106,184,105,183,104,182,104,181,103,180,103,179,103,178,103,177,102,176,102,175,102,174,102,173,102,172,101,171,101,170,101,169,101,168,100,167,100,166,100,165,100,164,100,163,100,162,100
135,101,134,102,133,103,132,103,131,103,130,104,129,104,128,105,127,105,126,105,125,106,124,106,123,106,122,107,121,107,120,107,119,108,118,108,117,109,116,110,116,111,115,112,114,113,113,114,113,115,112,116,111,117,112,117,113,117,114,118,114,119,114,120,114,121,114,122,114,123,114,124,114,125,114,126,114,127,115,128,116,129,116,130,116,131,116,132,117,133,116,134,117,135,118,136,119,137,120,137,121,138,122,139,123,140,124,141,125,142,126,142,127,143,128,144,129,144,130,145,131,145,132,146,133,147,134,146,135,146,136,145,137,145,138,145,139,145,140,145,141,145,142,145,143,145,144,145,145,145,146,145,147,145,148,145,149,145,150,146,151,145,152,145,153,145,154,145,155,145,156,145,157,144,158,144,159,144,160,144,161,143,162,143,163,143,164,143,165,142,166,141,167,140,167,139,168,138,168,137,168,136,168,135,168,134,168,133,167,132,167,131,167,130,167,129,166,128,166,127,166,126,166,125,165,124,164,123,163,122,162,121,162,120,161,119,160,118,160,117,159,117,158,116,157,116,156,116,155,116,154,115,153,114,152,114,151,113,150,112,149,112,148,111,147,111,146,110,145,109,144,109,143,108,142,107,141,107,140,106,139,106,138,105,137,104,136,103,135,102
193,114,192,115,191,115,190,115,189,116,188,116,187,117,186,118,185,119,184,120,184,121,184,122,184,123,184,124,183,125,183,126,183,127,183,128,183,129,183,130,183,131,183,132,184,133,184,134,184,135,185,136,185,137,186,138,187,139,187,140,188,141,189,142,189,143,190,143,191,144,192,145,193,145,194,146,195,146,196,147,197,147,198,148,199,148,200,149,201,149,202,149,203,149,204,149,205,149,206,150,207,149,208,149,209,149,210,149,211,148,212,148,213,148,214,147,215,146,216,145,217,144,217,143,218,142,218,141,218,140,218,139,218,138,218,137,218,136,218,135,218,134,217,133,217,132,216,131,216,130,215,129,215,128,214,127,213,126,212,125,212,124,211,124,210,123,210,122,209,121,208,120,207,119,206,118,205,117,204,116,203,116,202,115,201,115,200,115,199,114,198,114,197,114,196,114,195,114,194,114
232,129,231,130,230,130,229,131,228,132,227,133,227,134,227,135,227,136,226,137,226,138,227,139,227,140,228,141,228,142,229,143,229,144,230,145,231,145,232,145,233,145,234,145,235,145,236,145,237,145,238,145,239,144,240,144,241,144,241,143,242,142,242,141,242,140,241,139,241,138,240,137,240,136,239,135,239,134,238,133,237,132,237,131,236,131,235,130,234,129,233,129
114,134,114,135,113,136,112,136,111,137,110,138,109,139,108,139,107,140,106,141,105,141,104,142,103,142,102,143,101,143,100,144,99,144,98,144,98,145,98,146,98,147,98,148,98,149,98,150,98,151,98,152,98,153,98,154,99,155,99,156,100,157,101,158,101,159,102,160,102,161,103,162,104,162,105,162,106,162,107,162,108,162,109,162,110,162,111,163,112,163,113,164,114,164,115,165,116,166,117,166,118,167,119,168,120,168,121,168,122,168,123,168,124,168,125,167,126,167,127,166,128,166,129,165,130,164,131,163,132,162,132,161,133,160,133,159,133,158,133,157,133,156,134,155,134,154,134,153,134,152,134,151,134,150,134,149,133,148,132,147,131,146,130,146,129,145,128,145,127,144,126,143,125,143,124,142,123,141,122,140,121,139,120,138,119,138,118,137,117,136,116,135,115,135
239,145,238,146,237,146,236,146,235,146,234,146,233,146,232,146,231,146,230,146,229,146,228,147,228,148,227,149,226,150,225,151,225,152,224,153,224,154,223,155,223,156,223,157,223,158,223,159,223,160,223,161,223,162,223,163,223,164,224,165,225,166,225,167,226,167,227,167,228,168,229,168,230,168,231,168,232,168,233,168,234,167,235,167,236,167,237,167,238,166,239,166,240,166,241,165,242,165,243,164,244,163,245,162,245,161,246,160,247,159,247,158,247,157,247,156,247,155,247,154,247,153,247,152,247,151,246,150,246,149,245,148,244,147,243,147,242,146,241,145,240,145
84,154,83,155,82,155,81,155,80,156,79,157,78,158,78,159,77,160,77,161,77,162,77,163,77,164,78,165,78,166,79,167,80,168,81,168,82,169,83,169,84,169,85,169,86,169,87,169,88,168,89,167,90,166,91,165,92,164,92,163,93,162,93,161,93,160,93,159,93,158,92,157,91,156,91,155,90,155,89,155,88,154,87,154,86,154,85,154
255,155,254,156,253,157,252,157,252,158,251,159,251,160,250,161,250,162,250,163,250,164,251,165,251,166,251,167,251,168,251,169,252,170,252,171,252,172,253,173,253,174,254,175,254,176,255,177,256,178,257,179,258,180,259,180,260,180,261,180,262,181,263,181,264,180,265,180,266,180,267,179,268,178,268,177,269,176,269,175,269,174,269,173,269,172,269,171,269,170,269,169,269,168,269,167,269,166,268,165,268,164,268,163,267,162,267,161,266,160,266,159,265,158,264,157,263,157,262,156,261,156,260,155,259,155,258,155,257,155,256,155
102,162,102,163,101,164,101,165,101,166,101,167,101,168,101,169,101,170,101,171,101,172,102,173,102,174,102,175,103,176,103,177,104,178,104,179,105,180,106,181,106,182,107,183,108,183,109,184,110,184,111,184,112,184,113,183,114,183,115,182,116,181,116,180,117,179,117,178,118,177,118,176,118,175,118,174,118,173,118,172,118,171,118,170,119,169,118,168,117,167,116,167,115,166,114,165,113,165,112,164,111,164,110,163,109,163,108,163,107,163,106,163,105,163,104,163,103,163
143,163,142,164,141,164,140,164,139,164,138,164,137,165,136,166,136,167,135,168,135,169,134,170,134,171,133,172,133,173,132,174,132,175,131,176,130,177,130,178,129,179,129,180,128,181,127,182,126,182,126,183,125,184,124,185,123,186,122,186,121,187,121,188,120,189,119,190,119,191,118,192,118,193,118,194,118,195,117,196,117,197,118,198,117,199,117,200,118,201,118,202,119,203,119,204,119,205,120,206,120,207,120,208,121,209,121,210,122,211,123,212,124,213,125,214,126,215,127,214,128,214,129,213,130,213,131,212,132,212,133,211,134,211,135,211,136,210,137,210,138,210,139,210,140,210,141,210,142,210,143,211,144,211,145,212,146,211,146,210,146,209,147,208,148,207,149,206,149,205,150,204,151,204,151,203,151,202,151,201,151,200,151,199,152,198,152,197,152,196,152,195,152,194,153,193,153,192,154,191,154,190,155,189,155,188,156,187,156,186,157,185,158,184,158,183,159,182,159,181,159,180,160,179,160,178,160,177,160,176,160,175,160,174,160,173,160,172,160,171,159,170,159,169,158,168,157,167,156,166,155,166,154,165,153,165,152,165,151,164,150,164,149,164,148,164,147,164,146,163,145,163,144,163
214,163,213,164,212,164,211,165,210,166,209,167,208,168,208,169,207,170,206,171,206,172,206,173,206,174,207,175,207,176,207,177,208,178,208,179,208,180,208,181,209,182,209,183,209,184,210,185,210,186,211,187,211,188,211,189,212,190,212,191,212,192,212,193,213,192,214,192,215,192,215,191,216,190,217,190,218,189,219,189,219,188,220,187,220,186,221,185,222,184,222,183,223,182,223,181,224,180,224,179,224,178,224,177,225,176,225,175,225,174,225,173,225,172,225,171,225,170,225,169,225,168,224,167,224,166,223,165,222,164,221,164,220,164,219,164,218,163,217,163,216,163,215,163
199,170,198,171,197,172,196,173,195,174,195,175,194,176,194,177,194,178,194,179,194,180,193,181,194,182,193,183,194,184,194,185,194,186,195,187,195,188,195,189,195,190,196,191,196,192,196,193,197,194,197,195,198,196,198,197,199,198,200,197,201,197,202,197,203,198,204,198,205,198,206,198,207,198,207,197,208,196,209,196,210,195,211,195,211,194,211,193,211,192,211,191,211,190,210,189,210,188,210,187,209,186,209,185,208,184,208,183,208,182,207,181,207,180,207,179,207,178,206,177,206,176,206,175,205,174,205,173,205,172,205,171,204,171,203,170,202,170,201,170,200,170
175,174,174,175,173,175,172,175,171,176,170,177,169,177,168,178,167,179,166,180,165,180,164,181,163,181,162,182,161,182,160,182,159,183,159,184,158,185,157,186,157,187,156,188,156,189,155,190,155,191,154,192,154,193,153,194,153,195,153,196,153,197,153,198,152,199,152,200,152,201,152,202,152,203,153,203,154,204,155,204,156,204,157,204,158,204,159,204,160,203,161,203,162,202,163,202,163,201,164,200,165,199,166,199,167,198,168,197,168,196,169,195,170,194,170,193,171,192,172,191,173,190,173,189,174,188,175,187,176,186,177,185,178,184,179,183,180,182,181,181,182,181,183,180,184,180,184,179,184,178,183,177,182,176,181,175,180,175,179,174,178,174,177,174,176,174
246,178,245,179,244,180,243,181,242,182,241,183,240,184,239,185,238,185,237,185,236,186,235,185,234,185,233,185,232,185,231,185,230,184,229,184,228,184,227,185,227,186,227,187,227,188,227,189,227,190,227,191,227,192,227,193,228,194,228,195,229,196,230,197,230,198,230,199,231,199,232,199,233,199,234,200,235,200,236,200,237,200,238,200,239,201,240,201,241,200,242,201,243,200,244,199,245,198,246,197,247,196,248,195,249,194,250,193,251,192,252,192,253,191,254,190,255,189,256,189,257,188,257,187,257,186,257,185,256,184,256,183,255,182,254,181,253,180,252,180,251,179,250,178,249,178,248,178,247,178
185,180,184,181,183,181,182,182,181,182,180,183,179,184,178,185,177,186,176,187,175,188,174,189,174,190,173,191,172,192,171,193,171,194,170,195,169,196,169,197,168,198,168,199,169,200,169,201,170,202,170,203,171,204,171,205,172,205,173,206,174,207,175,207,176,208,177,208,178,208,179,207,180,207,181,207,182,206,183,205,183,204,183,203,184,202,184,201,184,200,185,199,186,199,187,199,188,199,189,199,190,200,191,200,192,201,193,201,194,201,195,201,196,201,197,201,198,200,198,199,198,198,197,197,197,196,196,195,196,194,195,193,195,192,195,191,194,190,194,189,194,188,194,187,193,186,193,185,193,184,192,183,191,183,190,182,189,182,188,182,187,181,186,181
268,183,267,184,266,184,265,185,264,185,263,186,262,187,261,187,260,188,259,188,258,189,257,189,256,190,255,190,254,191,253,192,252,193,251,193,250,194,249,195,248,196,247,197,246,198,245,199,244,200,243,201,243,202,244,203,244,204,245,205,245,206,246,207,247,207,248,208,248,209,249,209,250,210,251,210,252,211,253,212,254,213,255,212,256,213,256,214,257,214,258,214,259,214,260,214,261,213,262,213,263,212,264,212,265,212,266,211,267,211,268,211,269,210,270,209,271,209,272,208,273,208,274,207,275,206,276,206,277,205,277,204,278,203,279,203,279,202,279,201,278,200,277,199,277,198,276,197,276,196,276,195,275,194,275,193,275,192,275,191,275,190,276,189,276,188,276,187,276,186,275,185,274,185,273,184,272,183,271,183,270,183,269,183
298,195,297,196,296,197,295,197,294,197,293,197,292,198,291,198,290,198,289,199,288,199,287,200,286,200,286,201,285,202,284,202,283,203,282,204,282,205,281,206,281,207,281,208,281,209,280,210,280,211,280,212,279,213,279,214,279,215,280,216,280,217,280,218,280,219,280,220,280,221,280,222,280,223,280,224,280,225,279,226,279,227,278,228,278,229,277,230,276,231,275,232,274,233,274,234,275,235,275,236,274,237,273,238,274,239,275,239,276,240,277,241,278,242,279,242,280,242,281,242,282,242,283,242,284,242,285,241,286,241,287,240,288,240,289,239,290,239,291,238,292,237,293,236,294,235,295,234,295,233,296,232,296,231,296,230,297,229,298,228,298,227,299,226,299,225,300,224,300,223,300,222,300,221,300,220,300,219,300,218,301,217,301,216,300,215,301,214,301,213,301,212,302,211,303,211,303,210,304,209,304,208,304,207,304,206,304,205,304,204,304,203,304,202,304,201,304,200,304,199,304,198,304,197,304,196,303,196,302,195,301,195,300,195,299,195
203,199,202,200,201,201,200,201,199,202,198,202,197,202,196,202,197,203,196,204,195,205,195,206,194,207,194,208,193,209,192,210,192,211,192,212,191,213,191,214,191,215,191,216,191,217,191,218,192,219,193,220,193,221,194,221,195,222,196,222,197,222,198,222,199,222,200,222,201,222,202,222,203,221,204,221,205,221,206,220,207,221,208,220,209,220,209,219,210,218,211,217,212,216,212,215,213,214,213,213,214,212,214,211,214,210,214,209,214,208,214,207,214,206,214,205,213,204,213,203,213,202,212,202,211,201,211,200,210,200,209,200,208,200,207,199,206,200,205,199,204,199
229,200,228,201,227,201,226,201,225,201,224,202,223,202,222,203,221,204,220,203,220,204,219,205,219,206,219,207,219,208,218,209,217,210,218,211,217,212,217,213,218,214,218,215,219,216,220,217,220,218,221,218,222,219,223,220,224,220,225,220,226,220,227,221,228,221,229,221,230,222,231,222,232,221,233,220,234,220,235,219,236,219,237,218,238,218,239,218,240,218,241,218,242,218,243,218,243,217,244,216,245,216,244,215,244,214,244,213,245,212,244,211,245,210,245,209,245,208,245,207,244,206,244,205,243,204,243,203,242,202,241,203,240,202,239,202,238,201,237,201,236,201,235,201,234,201,233,200,232,200,231,200,230,200
136,211,135,212,134,212,133,212,132,213,131,213,130,214,129,214,128,215,127,215,127,216,127,217,127,218,127,219,127,220,127,221,127,222,127,223,127,224,127,225,128,226,128,227,129,228,129,229,129,230,130,231,130,232,131,233,131,234,132,235,132,236,133,237,133,238,134,239,134,240,134,241,135,242,136,243,136,244,137,245,138,244,139,243,140,242,141,241,142,241,143,240,144,239,145,238,146,237,145,236,145,235,145,234,146,233,146,232,146,231,147,230,147,229,146,228,146,227,146,226,146,225,146,224,146,223,145,222,145,221,146,220,146,219,146,218,146,217,146,216,146,215,146,214,146,213,145,213,144,212,143,212,142,211,141,211,140,211,139,211,138,211,137,211
269,211,268,212,267,212,266,212,265,213,264,213,263,213,262,214,261,214,260,215,260,216,259,217,258,217,257,218,256,219,255,220,255,221,254,222,254,223,254,224,254,225,254,226,255,227,256,227,257,227,258,228,259,228,260,228,261,229,262,229,263,230,264,230,265,230,266,231,267,231,268,231,269,232,270,232,271,233,272,233,273,233,274,232,275,231,276,230,277,229,277,228,278,227,278,226,279,225,279,224,279,223,279,222,279,221,279,220,279,219,279,218,279,217,279,216,278,215,278,214,277,213,276,213,275,213,274,212,273,212,272,212,271,212,270,212
107,217,106,218,105,218,104,219,103,220,102,221,102,222,101,223,101,224,101,225,100,226,100,227,100,228,100,229,100,230,100,231,100,232,100,233,101,234,102,235,103,236,104,237,105,237,106,238,107,238,108,237,109,237,110,236,111,236,112,235,113,235,114,234,115,234,116,233,116,232,117,231,117,230,118,229,118,228,118,227,118,226,118,225,118,224,118,223,117,222,117,221,116,220,115,219,114,218,113,218,112,217,111,217,110,217,109,217,108,217
237,219,236,220,235,220,234,221,233,221,232,222,231,223,231,224,231,225,232,226,232,227,233,228,234,228,235,229,236,229,237,229,238,229,239,229,240,229,241,228,242,227,242,226,243,225,243,224,243,223,243,222,243,221,243,220,243,219,242,219,241,219,240,219,239,219,238,219
210,220,209,221,208,221,207,222,206,223,205,224,205,225,204,226,203,227,203,228,202,229,202,230,201,231,201,232,201,233,201,234,201,235,201,236,201,237,202,238,202,239,202,240,203,241,204,242,204,243,205,244,206,245,207,245,208,245,209,245,210,245,211,245,212,245,213,244,214,244,215,243,216,242,217,241,218,241,219,240,220,239,221,238,221,237,222,236,222,235,223,234,223,233,223,232,223,231,223,230,223,229,223,228,222,227,222,226,222,225,221,224,220,223,219,222,218,222,217,221,216,221,215,221,214,221,213,220,212,220,211,220
311,226,310,227,309,227,308,227,307,228,306,229,305,229,304,230,303,231,302,231,301,232,301,233,300,234,300,235,299,236,299,237,299,238,300,239,300,240,300,241,301,242,301,243,302,243,303,244,304,244,305,244,306,244,307,245,308,245,309,245,310,245,311,245,312,244,313,244,314,244,315,244,316,244,317,243,318,243,319,242,320,241,321,240,322,239,322,238,323,237,323,236,323,235,323,234,323,233,323,232,322,231,321,230,320,230,319,229,318,229,317,228,316,228,315,227,314,227,313,226,312,226
254,227,253,228,252,228,251,228,250,229,249,229,248,230,247,231,246,232,246,233,246,234,246,235,246,236,246,237,246,238,247,239,247,240,247,241,248,242,249,243,250,244,251,245,252,246,253,246,254,247,255,247,256,247,257,247,258,247,259,247,260,246,261,246,262,246,263,246,264,245,265,245,266,244,267,244,268,243,269,242,270,241,271,240,271,239,271,238,272,237,272,236,272,235,271,234,270,233,269,233,268,232,267,232,266,232,265,231,264,231,263,231,262,230,261,230,260,229,259,229,258,229,257,228,256,228,255,228
186,230,185,231,184,231,183,231,182,231,182,232,181,233,180,233,179,234,179,235,178,236,178,237,178,238,178,239,178,240,178,241,178,242,179,243,179,244,180,244,181,245,182,245,183,245,184,245,185,245,186,244,187,244,188,244,189,244,190,243,191,243,192,243,193,242,194,242,195,242,196,241,196,240,196,239,196,238,196,237,196,236,196,235,196,234,195,233,194,232,193,231,192,231,191,230,190,230,189,230,188,230,187,230
146,238,145,239,144,240,143,241,142,242,141,242,140,243,139,244,138,245,138,246,139,247,140,248,141,249,142,250,143,251,144,252,145,252,146,252,147,252,148,251,149,251,150,250,151,250,152,249,153,248,154,248,155,247,156,246,157,245,158,244,158,243,158,242,158,241,157,241,156,240,155,239,154,239,153,239,152,238,151,238,150,238,149,238,148,238,147,238
162,239,162,240,162,241,161,242,160,242,159,242,159,243,159,244,158,245,157,246,156,247,155,248,154,249,153,249,152,250,151,251,150,251,149,252,148,252,147,253,146,253,146,254,146,255,146,256,146,257,146,258,146,259,146,260,146,261,147,262,147,263,148,264,149,265,150,266,151,266,152,267,153,267,154,268,155,269,156,269,157,270,158,271,159,272,160,273,161,273,162,273,163,274,164,274,165,274,166,274,167,275,168,275,169,275,170,274,171,274,172,273,173,273,174,272,175,271,175,270,176,269,177,269,178,268,178,267,178,266,178,265,178,264,178,263,178,262,177,261,177,260,177,259,177,258,177,257,177,256,177,255,177,254,177,253,177,252,176,251,175,250,174,249,174,248,173,247,173,246,172,245,171,244,171,243,171,242,170,241,169,240,168,240,167,239,166,239,165,239,164,239,163,239
193,243,192,244,191,244,190,244,189,245,188,245,187,245,186,245,185,246,184,246,183,246,182,246,181,246,180,247,180,248,179,249,179,250,178,251,177,251,178,252,178,253,178,254,178,255,178,256,178,257,178,258,178,259,178,260,178,261,179,262,179,263,179,264,179,265,179,266,179,267,179,268,180,267,181,267,182,267,183,266,184,266,185,266,186,266,187,266,188,265,189,265,190,264,191,264,192,263,193,263,194,262,195,262,196,261,197,260,198,259,198,258,199,257,200,256,200,255,201,254,201,253,201,252,201,251,201,250,201,249,200,248,200,247,199,246,198,245,197,244,196,243,195,243,194,243
321,248,320,249,319,249,318,250,317,251,316,251,316,252,315,253,315,254,314,255,314,256,314,257,315,258,315,259,315,260,316,261,316,262,317,263,318,264,318,265,319,266,320,266,321,267,322,268,323,269,324,270,325,270,326,269,327,269,328,268,329,268,330,267,331,267,332,266,333,266,334,265,335,265,335,264,335,263,335,262,335,261,335,260,335,259,335,258,335,257,335,256,334,255,334,254,333,253,333,252,332,251,331,250,330,250,329,249,328,249,327,249,326,248,325,248,324,248,323,248,322,248
289,249,288,250,287,250,286,250,285,251,284,251,283,252,282,253,281,254,281,255,280,256,280,257,280,258,280,259,280,260,281,261,281,262,282,263,282,264,283,265,284,266,285,267,286,268,287,268,288,268,289,268,290,268,291,269,292,269,293,269,294,269,295,269,296,269,297,270,298,270,299,270,300,270,301,271,302,271,303,270,304,269,305,268,306,267,307,266,308,265,308,264,308,263,309,262,309,261,309,260,308,259,308,258,309,257,308,256,308,255,308,254,307,253,306,252,305,252,304,251,303,251,302,251,301,250,300,250,299,250,298,249,297,249,296,249,295,249,294,249,293,249,292,249,291,249,290,249
214,256,213,257,212,257,211,258,210,259,209,260,208,261,207,261,206,262,205,263,204,263,203,263,202,264,201,265,200,265,199,265,198,266,197,266,196,266,195,267,194,267,193,267,192,267,191,267,192,268,193,269,194,270,195,271,196,272,197,273,197,274,198,275,199,276,200,277,200,278,200,279,201,280,202,281,203,281,204,282,204,283,205,284,206,284,207,284,208,284,209,285,210,286,211,287,212,286,213,287,213,288,214,288,215,289,216,289,217,290,218,290,219,291,220,292,221,292,222,291,223,290,224,289,225,289,226,289,227,289,228,288,229,288,230,287,231,286,232,285,233,285,233,284,234,283,234,282,234,281,234,280,233,280,232,279,231,278,232,277,233,276,233,275,233,274,234,273,234,272,234,271,234,270,234,269,234,268,233,267,233,266,232,265,231,264,230,264,229,264,228,263,227,263,226,262,225,262,224,261,223,261,222,260,221,260,220,259,219,258,218,257,217,257,216,256,215,256
334,266,333,267,332,267,331,268,330,268,329,269,328,269,327,270,326,270,325,271,324,271,325,272,324,273,324,274,324,275,324,276,324,277,324,278,323,279,324,280,324,281,325,282,325,283,326,284,327,284,328,284,329,284,330,283,331,283,332,283,333,283,334,282,335,282,336,281,337,280,338,279,339,278,340,277,341,276,341,275,341,274,341,273,341,272,340,271,340,270,339,269,338,268,337,267,336,266,335,266
189,268,188,269,187,270,186,270,185,271,184,271,183,272,182,272,181,273,180,273,179,274,178,275,177,276,176,276,175,277,174,278,173,278,173,279,172,280,172,281,172,282,171,283,170,284,170,285,170,286,170,287,170,288,170,289,171,290,172,290,173,291,174,291,175,291,176,292,177,292,178,293,179,292,180,293,181,293,182,293,183,292,184,292,185,292,186,292,187,292,188,292,189,292,190,291,191,291,192,290,193,290,194,289,195,289,195,288,196,287,197,286,198,285,198,284,199,283,199,282,200,281,200,280,199,279,199,278,199,277,198,276,197,275,196,274,196,273,195,272,194,271,193,270,192,269,191,268,190,268
285,269,284,270,283,270,282,271,281,271,281,272,280,273,279,274,279,275,279,276,279,277,278,278,278,279,278,280,278,281,278,282,278,283,278,284,278,285,278,286,279,287,280,288,280,289,281,290,282,291,283,292,284,293,285,294,286,295,287,295,288,296,289,297,289,298,290,299,290,300,290,301,291,302,292,302,293,303,294,304,295,304,296,305,297,305,298,305,299,305,300,304,301,304,302,304,303,304,304,303,305,303,306,302,307,302,308,301,309,301,310,300,311,299,312,298,313,298,314,297,315,296,316,295,316,294,317,293,317,292,318,291,318,290,318,289,318,288,318,287,317,286,317,285,317,284,316,283,315,283,314,282,313,282,312,281,311,281,310,281,309,280,308,279,307,278,306,277,305,276,304,275,303,274,303,273,302,272,301,272,300,271,299,271,298,271,297,271,296,270,295,270,294,270,293,270,292,270,291,270,290,269,289,269,288,269,287,269,286,269
266,281,265,282,264,282,263,283,262,284,261,285,260,286,260,287,261,288,261,289,262,290,262,291,262,292,263,293,263,294,264,295,264,296,265,297,265,298,265,299,266,300,266,301,266,302,266,303,266,304,267,305,268,306,269,307,270,307,271,308,272,308,273,308,274,309,275,309,276,309,277,309,278,310,279,309,280,309,281,309,282,308,282,307,283,306,284,305,285,304,285,303,285,302,285,301,285,300,284,299,283,298,283,297,283,296,284,295,283,294,283,293,282,292,281,291,280,290,279,289,279,288,278,287,277,286,276,285,275,284,274,283,273,283,272,282,271,282,270,282,269,281,268,281,267,281
249,287,248,288,247,288,246,289,245,289,244,290,243,291,242,291,242,292,241,293,240,294,240,295,240,296,239,297,239,298,239,299,239,300,239,301,239,302,240,303,240,304,241,305,241,306,242,307,243,308,243,309,244,310,245,311,246,312,247,313,248,313,249,313,250,314,251,314,252,314,253,314,254,314,255,314,256,314,257,314,258,313,259,312,260,311,261,310,262,309,263,308,264,307,265,306,265,305,265,304,265,303,265,302,265,301,265,300,264,299,264,298,264,297,263,296,263,295,262,294,262,293,261,292,261,291,261,290,260,289,260,288,259,288,258,288,257,287,256,287,255,287,254,287,253,287,252,287,251,287,250,287
194,290,193,291,192,291,191,292,190,292,190,293,189,294,188,294,187,295,187,296,187,297,187,298,187,299,187,300,187,301,187,302,188,303,189,304,190,305,191,306,192,307,193,308,194,308,195,309,196,309,197,309,198,310,199,310,200,310,201,310,202,310,203,310,204,310,205,310,206,309,207,309,208,308,209,307,209,306,210,305,211,304,212,303,212,302,212,301,213,300,214,299,214,298,214,297,213,296,213,295,212,294,211,293,210,292,209,291,208,291,207,291,206,291,205,291,204,291,203,291,202,290,201,290,200,290,199,290,198,290,197,290,196,290,195,290
230,301,229,302,228,302,227,303,226,304,226,305,226,306,226,307,226,308,226,309,226,310,225,311,225,312,225,313,224,314,224,315,224,316,223,317,223,318,223,319,222,320,222,321,222,322,222,323,222,324,222,325,223,325,224,325,225,325,226,325,227,325,228,324,229,323,230,322,231,321,232,321,233,321,234,320,235,320,236,320,237,320,238,319,239,318,240,317,240,316,240,315,241,314,241,313,241,312,241,311,240,310,241,309,240,308,240,307,240,306,240,305,239,304,239,303,238,302,238,301,237,301,236,301,235,301,234,301,233,301,232,301,231,301
317,307,316,308,315,308,314,309,313,310,312,311,311,312,310,313,309,314,309,315,308,316,307,316,307,317,306,318,305,319,304,320,303,321,302,322,301,323,300,324,299,325,299,326,300,326,301,326,302,327,303,327,304,327,305,327,306,328,307,328,308,328,309,328,310,328,311,329,312,329,313,329,314,329,315,328,316,328,317,327,318,326,319,325,320,325,321,324,322,323,323,323,324,322,325,321,326,320,327,319,328,318,328,317,329,316,329,315,329,314,329,313,329,312,328,311,328,310,327,309,326,309,325,308,324,307,323,307,322,307,321,307,320,307,319,307,318,307
299,327,299,328,298,329,298,330,298,331,297,332,297,333,297,334,296,335,296,336,296,337,295,338,295,339,295,340,294,341,294,342,294,343,294,344,294,345,294,346,294,347,295,348,295,349,296,350,297,351,298,351,299,351,300,352,301,352,302,352,303,352,304,352,305,351,306,351,307,351,308,351,309,350,310,350,311,350,312,349,313,348,314,348,315,347,316,347,317,346,318,345,318,344,318,343,318,342,318,341,318,340,317,339,317,338,317,337,316,336,315,335,315,334,314,333,314,332,314,331,314,330,313,330,312,330,311,330,310,329,309,329,308,329,307,329,306,329,305,328,304,328,303,328,302,328,301,327,300,327
129,409,128,410,127,410,126,411,125,411,124,412,123,413,122,414,122,415,121,416,121,417,120,418,120,419,120,420,119,421,120,422,120,423,121,424,121,425,122,426,122,427,123,428,123,429,124,430,124,431,125,431,126,431,127,432,128,432,129,433,130,433,131,433,132,434,133,434,134,434,135,434,136,434,137,434,138,434,139,434,140,434,141,433,142,432,143,431,143,430,143,429,144,428,144,427,144,426,144,425,144,424,144,423,144,422,144,421,144,420,144,419,144,418,143,417,143,416,142,415,141,414,141,413,140,412,139,412,138,411,137,410,136,410,135,409,134,409,133,409,132,409,131,409,130,409
157,410,156,411,155,411,154,411,153,412,152,413,151,414,150,415,150,416,149,417,149,418,148,419,148,420,148,421,148,422,148,423,148,424,148,425,148,426,149,427,149,428,149,429,150,430,151,431,152,431,153,432,154,432,155,433,156,433,157,434,158,434,159,434,160,434,161,434,162,434,163,434,164,433,165,433,166,432,167,431,168,430,169,429,170,428,170,427,171,426,172,425,172,424,172,423,172,422,172,421,172,420,172,419,172,418,171,417,171,416,170,415,169,414,168,413,167,412,166,412,165,411,164,411,163,411,162,411,161,410,160,410,159,410,158,410
331,411,330,412,329,412,328,412,327,413,326,413,325,413,324,414,323,415,322,416,322,417,322,418,322,419,322,420,322,421,322,422,323,423,323,424,324,425,325,426,326,427,327,427,328,427,329,428,330,428,331,428,332,429,333,429,334,429,335,429,336,430,337,429,338,430,339,430,340,430,341,430,342,429,343,429,344,429,345,429,346,429,347,429,348,428,349,427,350,426,351,425,351,424,351,423,351,422,351,421,351,420,351,419,350,418,349,417,348,416,348,415,347,415,346,414,345,414,344,413,343,413,342,412,341,412,340,412,339,411,338,411,337,411,336,411,335,411,334,411,333,411,332,411
291,414,290,415,289,415,288,415,287,415,286,416,285,417,284,418,284,419,283,420,282,421,283,422,283,423,283,424,283,425,282,426,282,427,282,428,282,429,283,430,283,431,283,432,284,433,284,434,285,435,286,436,287,437,288,437,289,437,290,437,291,438,292,438,293,437,294,437,295,436,296,435,297,435,298,434,299,433,300,432,300,431,301,430,302,429,302,428,302,427,302,426,302,425,302,424,302,423,302,422,301,421,301,420,300,419,299,418,298,417,297,416,296,416,295,415,294,415,293,414,292,414
179,415,178,416,177,416,176,417,175,418,174,419,173,419,173,420,173,421,173,422,173,423,173,424,173,425,173,426,174,427,174,428,174,429,175,430,176,431,177,432,178,433,179,434,180,434,181,435,182,435,183,435,184,435,185,435,186,435,187,434,188,434,189,434,190,433,191,433,192,432,193,431,194,430,194,429,195,428,195,427,195,426,195,425,196,424,195,423,195,422,195,421,195,420,194,419,193,418,192,417,191,417,190,416,189,416,188,416,187,415,186,415,185,415,184,415,183,415,182,415,181,415,180,415
102,416,101,417,100,417,99,417,98,418,97,419,96,420,95,421,95,422,94,423,94,424,94,425,94,426,94,427,94,428,94,429,94,430,95,431,96,432,96,433,97,433,98,434,99,435,100,436,101,436,102,437,103,438,104,438,105,438,106,439,107,440,108,440,109,441,110,441,111,442,112,442,113,442,114,442,115,441,116,441,117,441,118,440,119,439,120,438,121,437,122,436,122,435,123,434,123,433,123,432,123,431,123,430,122,429,122,428,121,427,121,426,120,425,120,424,119,423,119,422,118,421,117,421,116,420,115,419,114,419,113,418,112,418,111,417,110,417,109,417,108,417,107,416,106,416,105,416,104,416,103,416
371,421,370,422,369,422,368,423,367,424,366,425,366,426,366,427,366,428,366,429,366,430,366,431,367,432,367,433,367,434,368,435,368,436,369,437,369,438,370,439,371,440,372,441,373,441,374,442,375,443,376,443,377,443,378,444,379,444,380,445,381,445,382,445,383,445,384,446,385,446,386,445,387,445,388,445,389,445,390,444,391,444,392,443,393,442,394,441,394,440,395,439,395,438,395,437,395,436,395,435,395,434,394,433,394,432,393,431,393,430,392,429,391,428,390,427,389,426,388,426,387,425,386,424,385,424,384,423,383,423,382,422,381,422,380,421,379,421,378,421,377,421,376,421,375,421,374,421,373,421,372,421
202,426,201,427,200,427,199,428,198,429,197,430,196,431,196,432,195,433,195,434,195,435,194,436,194,437,194,438,194,439,194,440,194,441,194,442,194,443,194,444,195,445,195,446,195,447,195,448,195,449,196,450,196,451,196,452,197,453,197,454,198,455,199,456,200,456,201,457,202,457,203,457,204,457,205,456,206,456,207,456,208,455,209,455,210,454,210,453,210,452,210,451,210,450,210,449,210,448,210,447,211,446,211,445,210,444,210,443,210,442,211,441,211,440,211,439,211,438,212,437,212,436,211,435,211,434,211,433,210,432,210,431,209,430,208,429,207,428,206,427,205,427,204,426,203,426
86,434,85,435,84,435,83,436,82,436,81,437,80,438,79,439,79,440,78,441,78,442,77,443,77,444,77,445,77,446,78,447,78,448,78,449,79,449,80,450,81,451,82,451,83,451,84,452,85,452,86,452,87,452,88,452,89,452,90,452,91,452,92,452,93,452,94,452,95,451,96,451,97,451,98,451,99,450,100,449,101,448,102,447,102,446,102,445,102,444,102,443,101,442,101,441,101,440,100,439,99,439,98,438,97,438,96,437,95,436,94,436,93,435,92,435,91,435,90,435,89,434,88,434,87,434
331,437,330,438,329,438,328,438,327,439,326,440,325,440,324,440,323,441,322,441,321,442,320,443,320,444,320,445,319,446,319,447,319,448,318,449,318,450,318,451,318,452,318,453,318,454,318,455,318,456,318,457,318,458,319,459,319,460,320,461,320,462,321,463,322,464,322,465,323,466,324,467,325,468,326,468,327,468,328,469,329,469,330,470,331,470,332,470,333,469,334,468,335,468,336,467,337,467,338,466,339,466,340,465,341,465,342,464,343,464,342,463,342,462,343,461,344,461,344,460,345,459,345,458,345,457,346,456,346,455,346,454,346,453,346,452,346,451,346,450,346,449,346,448,346,447,345,446,345,445,345,444,344,443,343,442,343,441,342,440,341,439,340,439,339,438,338,438,337,438,336,437,335,437,334,437,333,437,332,437
270,440,269,441,268,442,267,442,266,443,265,444,264,445,264,446,263,447,263,448,263,449,263,450,264,451,264,452,265,453,266,453,267,454,268,454,269,454,270,455,271,455,272,455,273,455,274,455,275,455,276,454,277,453,278,452,278,451,279,450,279,449,278,448,278,447,277,446,277,445,276,444,275,443,274,442,274,441,273,441,272,440,271,440
68,444,67,445,66,445,65,446,64,447,63,448,62,449,61,450,60,450,59,451,59,452,58,453,57,454,56,455,56,456,55,457,54,457,54,458,53,459,53,460,52,461,52,462,51,463,51,464,51,465,51,466,51,467,52,468,52,469,53,470,54,470,55,471,56,471,57,472,58,472,59,472,60,472,61,472,62,473,63,473,64,473,65,472,66,472,67,472,68,471,69,471,70,470,71,469,72,468,72,467,73,466,74,465,75,464,75,463,76,462,76,461,77,460,77,459,77,458,78,457,78,456,78,455,78,454,78,453,77,452,77,451,78,450,77,449,77,448,76,447,75,446,74,445,73,445,72,444,71,444,70,444,69,444
358,445,357,446,356,446,355,447,354,447,353,448,352,449,351,450,351,451,350,452,349,453,348,454,348,455,348,456,347,457,348,458,348,459,347,460,346,461,346,462,346,463,346,464,346,465,346,466,346,467,347,468,347,469,348,470,349,471,349,472,350,473,351,474,352,475,353,476,354,477,354,478,355,479,356,479,357,480,358,480,359,480,360,480,361,481,362,480,363,480,364,480,365,480,366,479,367,479,368,479,369,479,370,479,371,479,372,478,373,478,374,477,375,477,376,476,376,475,377,474,378,473,378,472,379,471,379,470,380,469,380,468,381,467,381,466,381,465,382,464,382,463,382,462,382,461,382,460,382,459,382,458,382,457,382,456,381,455,381,454,381,453,380,452,380,451,379,450,378,449,377,449,376,448,375,448,374,447,373,447,372,446,371,446,370,445,369,445,368,445,367,445,366,445,365,445,364,445,363,445,362,445,361,445,360,445,359,445
127,448,126,449,125,449,124,450,123,450,122,450,121,450,120,450,119,450,118,450,117,450,116,450,115,450,114,450,113,450,112,450,111,450,110,450,109,450,108,450,107,451,106,452,106,453,105,454,105,455,105,456,104,457,104,458,104,459,104,460,104,461,103,462,103,463,102,464,102,465,102,466,102,467,101,468,101,469,101,470,100,471,100,472,101,473,102,473,103,474,104,474,105,474,106,475,107,475,108,476,109,476,110,477,111,477,112,478,113,478,114,479,115,479,116,480,117,480,118,480,119,480,120,481,121,481,122,481,123,481,124,481,125,482,126,482,127,482,128,483,129,483,130,484,131,484,132,483,133,483,134,482,135,482,136,481,137,481,138,481,139,480,139,479,140,478,141,477,141,476,142,475,142,474,142,473,143,472,143,471,143,470,144,469,144,468,144,467,144,466,143,465,143,464,142,463,142,462,142,461,141,460,141,459,141,458,140,457,140,456,139,455,139,454,138,453,137,452,136,451,135,450,134,449,133,449,132,448,131,448,130,448,129,448,128,448
395,448,394,449,393,449,392,450,391,451,391,452,391,453,391,454,391,455,390,456,390,457,391,458,391,459,391,460,392,461,392,462,393,463,393,464,394,465,394,466,395,467,395,468,395,469,396,470,396,471,396,472,396,473,397,474,397,475,398,476,398,477,399,478,400,479,401,479,402,480,403,480,404,480,405,480,406,480,407,480,408,480,409,479,410,478,411,477,411,476,412,475,412,474,412,473,413,472,413,471,413,470,412,469,412,468,412,467,412,466,411,465,411,464,411,463,411,462,410,461,410,460,409,459,409,458,409,457,408,456,408,455,408,454,407,453,407,452,406,451,405,450,404,449,403,448,402,448,401,448,400,448,399,448,398,448,397,448,396,448
298,449,297,450,296,450,295,451,294,451,293,452,292,453,291,454,290,454,290,455,289,456,288,457,288,458,287,459,287,460,286,461,286,462,286,463,286,464,285,465,285,466,285,467,285,468,286,469,286,470,286,471,286,472,287,473,287,474,287,475,288,476,288,477,289,478,290,479,291,480,292,481,293,481,294,482,295,482,296,483,297,483,298,483,299,483,300,483,301,483,302,483,303,483,304,483,305,483,306,482,307,482,308,482,309,482,310,482,311,481,312,481,313,480,314,479,315,478,316,477,316,476,317,475,318,474,319,473,319,472,320,471,320,470,321,469,321,468,321,467,322,466,321,465,321,464,320,463,319,462,319,461,318,460,318,459,317,458,317,457,317,456,316,456,315,455,314,454,313,453,312,453,311,452,310,451,309,451,308,450,307,450,306,449,305,449,304,449,303,449,302,449,301,449,300,449,299,449
162,460,161,461,160,461,159,461,158,461,157,462,156,462,155,462,154,463,153,463,152,464,151,464,150,465,149,465,148,466,147,466,146,467,145,467,145,468,145,469,144,470,144,471,144,472,143,473,143,474,143,475,142,476,142,477,141,478,140,479,140,480,139,481,139,482,140,483,140,484,140,485,140,486,140,487,140,488,140,489,141,490,141,491,141,492,142,493,142,494,142,495,143,496,144,497,144,498,145,499,146,500,147,501,148,502,149,502,150,503,151,504,152,504,153,504,154,505,155,505,156,505,157,505,158,505,159,506,160,506,161,506,162,505,163,505,164,505,165,505,166,505,167,504,168,504,169,504,170,504,171,504,172,503,173,502,174,502,175,501,176,501,177,500,178,499,179,498,180,497,180,496,181,495,181,494,182,493,182,492,183,491,183,490,183,489,184,488,184,487,184,486,184,485,184,484,184,483,184,482,184,481,184,480,184,479,184,478,184,477,184,476,184,475,183,474,183,473,183,472,182,471,181,470,181,469,180,468,179,467,178,466,177,465,176,465,175,464,174,463,173,463,172,462,171,462,170,461,169,461,168,461,167,461,166,461,165,461,164,461,163,460
251,462,250,463,249,464,248,465,248,466,248,467,248,468,248,469,248,470,249,471,249,472,250,473,251,474,252,475,253,475,254,475,255,474,256,475,257,474,258,474,259,474,260,473,261,473,262,472,263,471,264,470,265,469,265,468,265,467,265,466,265,465,264,464,263,463,262,463,261,463,260,462,259,462,258,462,257,462,256,462,255,462,254,462,253,462,252,462
100,474,101,475,101,476,100,477,99,478,99,479,98,480,98,481,97,482,96,482,95,483,94,484,94,485,93,486,93,487,92,488,92,489,91,490,91,491,90,492,89,493,89,494,89,495,88,496,88,497,88,498,88,499,87,500,88,501,87,502,87,503,88,504,88,505,89,506,89,507,90,508,91,509,92,510,93,510,94,510,95,510,96,511,97,511,98,511,99,511,100,511,101,511,102,511,103,511,104,511,105,511,106,511,107,511,108,511,109,511,110,511,111,511,112,511,113,511,114,511,115,511,116,510,117,510,118,511,119,511,120,510,121,510,122,510,123,510,124,510,125,510,126,510,127,509,128,509,129,508,130,508,130,507,130,506,131,505,131,504,132,503,132,502,132,501,132,500,133,499,133,498,133,497,132,496,132,495,132,494,131,493,130,492,130,491,130,490,130,489,130,488,130,487,130,486,130,485,129,484,128,484,127,483,126,483,125,483,124,482,123,482,122,482,121,482,120,482,119,481,118,481,117,481,116,481,115,480,114,480,113,479,112,479,111,478,110,478,109,477,108,477,107,476,106,476,105,475,104,475,103,475,102,474,101,474
257,477,256,478,255,478,254,479,253,479,252,480,251,480,250,481,249,482,249,483,248,484,248,485,247,486,247,487,247,488,247,489,248,490,249,491,249,492,250,493,251,494,252,495,253,495,254,496,255,497,256,497,257,497,258,498,259,498,260,499,261,499,262,498,263,498,264,498,265,498,266,497,267,496,268,495,268,494,269,493,269,492,269,491,269,490,269,489,269,488,269,487,269,486,269,485,269,484,269,483,268,482,267,481,267,480,266,479,265,478,264,478,263,477,262,477,261,477,260,477,259,477,258,477
378,477,377,478,376,478,375,478,374,478,373,479,372,479,371,480,370,480,369,481,369,482,368,483,367,484,367,485,366,486,365,487,365,488,364,489,364,490,363,491,363,492,363,493,363,494,362,495,362,496,362,497,362,498,362,499,362,500,363,501,363,502,363,503,364,504,364,505,365,506,366,507,367,508,368,509,369,510,370,510,371,510,372,511,373,511,374,511,375,511,376,511,377,511,378,511,379,510,380,511,381,511,382,511,383,510,384,510,385,510,386,510,387,510,388,510,389,509,390,509,391,508,392,508,393,509,394,508,394,507,394,506,395,505,395,504,396,503,396,502,397,501,397,500,397,499,397,498,397,497,397,496,397,495,397,494,397,493,397,492,397,491,397,490,396,489,396,488,396,487,395,486,395,485,395,484,394,483,394,482,393,481,392,480,391,479,390,479,389,478,388,477,387,477,386,477,385,477,384,477,383,477,382,477,381,477,380,477,379,477
44,482,43,483,42,483,41,484,41,485,40,486,40,487,39,488,39,489,39,490,39,491,39,492,39,493,39,494,40,495,40,496,41,497,42,498,43,499,44,500,45,500,46,501,47,501,48,502,49,502,50,503,51,503,52,503,53,502,54,502,55,502,56,502,57,501,58,501,59,500,60,500,61,499,62,498,63,497,63,496,63,495,63,494,64,493,64,492,64,491,63,490,63,489,62,488,61,487,60,487,59,487,58,486,57,486,56,486,55,485,54,485,53,485,52,484,51,484,50,484,49,483,48,483,47,482,46,482,45,482
308,486,307,487,306,487,305,487,304,487,303,488,302,488,301,489,300,489,299,490,298,490,297,491,296,492,296,493,295,494,295,495,294,496,294,497,293,498,293,499,293,500,293,501,293,502,293,503,293,504,293,505,293,506,294,507,294,508,294,509,295,510,296,511,297,511,298,511,299,511,300,511,301,511,302,511,303,511,304,511,305,511,306,511,307,511,308,511,309,511,310,511,311,511,312,511,313,511,314,511,315,511,316,511,317,511,318,511,319,511,320,511,321,511,322,511,323,511,324,511,325,511,326,511,327,510,328,509,328,508,328,507,328,506,329,505,329,504,329,503,329,502,329,501,329,500,329,499,329,498,329,497,328,496,328,495,328,494,327,493,326,492,326,491,325,490,324,489,323,489,322,488,321,488,320,488,319,487,318,487,317,487,316,486,315,486,314,486,313,486,312,486,311,486,310,486,309,486
201,491,200,492,199,492,198,492,197,493,196,493,195,493,194,494,193,495,192,496,191,496,190,496,190,497,189,498,188,499,188,500,187,501,187,502,187,503,187,504,187,505,187,506,187,507,186,508,187,509,188,510,189,510,190,511,191,511,192,510,193,510,194,510,195,511,196,511,197,511,198,511,199,511,200,511,201,511,202,511,203,511,204,511,205,511,206,511,207,510,208,510,209,510,210,510,211,510,212,510,213,510,214,510,215,510,216,510,217,510,218,510,218,509,219,508,220,508,219,507,220,506,220,505,220,504,219,503,219,502,219,501,218,500,217,499,217,498,217,497,216,496,215,496,214,495,213,495,212,494,211,494,210,493,209,493,208,493,207,492,206,492,205,492,204,492,203,492,202,491
230,497,229,498,228,498,227,499,226,500,225,501,225,502,224,503,223,504,222,505,222,506,222,507,221,508,222,507,223,508,223,509,223,510,224,511,225,511,226,511,227,510,228,511,229,511,230,510,231,510,232,511,233,511,234,511,235,511,236,511,237,511,238,511,239,511,240,511,241,511,242,511,243,511,244,510,245,510,246,510,246,509,246,508,246,507,245,506,245,505,244,504,244,503,243,502,243,501,242,500,241,499,240,498,239,498,238,497,237,497,236,497,235,497,234,497,233,497,232,497,231,497
404,497,403,498,402,498,401,499,400,500,399,500,398,501,397,502,397,503,396,504,396,505,395,506,395,507,395,508,394,509,395,509,396,509,397,510,398,510,399,511,400,511,401,511,402,511,403,511,404,511,405,511,406,511,407,511,408,511,409,511,410,511,411,511,412,510,413,510,414,510,415,509,416,508,417,507,417,506,417,505,417,504,417,503,416,502,416,501,415,500,414,499,413,498,412,497,411,497,410,497,409,497,408,497,407,497,406,497,405,497
340,502,339,503,338,504,337,504,336,505,335,506,334,506,333,507,332,508,331,509,330,509,331,510,331,511,332,511,333,511,334,511,335,511,336,511,337,511,338,511,339,511,340,511,341,511,342,511,343,511,344,511,345,511,346,511,347,511,348,511,349,511,350,511,351,511,352,511,353,511,354,511,355,511,356,511,357,511,358,511,359,511,360,511,361,511,362,511,363,511,364,510,364,509,364,508,364,507,363,506,363,505,362,504,361,504,360,503,359,503,358,503,357,502,356,502,355,502,354,502,353,502,352,502,351,502,350,502,349,502,348,502,347,502,346,502,345,502,344,502,343,502,342,502,341,502
262,504,261,505,260,505,259,506,258,507,257,508,257,509,257,510,258,510,259,511,260,511,261,511,262,511,263,511,264,511,265,511,266,511,267,511,268,511,269,511,270,511,271,511,272,511,273,510,274,510,275,510,274,509,274,508,273,508,272,507,271,506,270,505,269,505,268,504,267,504,266,504,265,504,264,504,263,504
