65,30,64,31,63,31,62,32,61,32,60,33,59,34,59,35,59,36,59,37,59,38,59,39,60,40,60,41,61,42,62,43,63,44,64,45,65,45,66,45,67,45,68,45,69,45,70,44,71,44,72,44,73,44,74,43,75,43,76,42,77,41,77,40,78,39,78,38,78,37,78,36,78,35,77,34,77,33,76,32,75,32,74,31,73,31,72,31,71,31,70,31,69,30,68,30,67,30,66,30
37,33,36,34,35,34,34,35,33,36,33,37,32,38,32,39,31,40,31,41,32,42,32,43,33,44,33,45,34,45,35,46,36,46,37,46,38,46,39,45,40,45,41,45,42,44,43,44,44,43,44,42,45,41,46,40,46,39,47,38,47,37,46,36,46,35,45,34,44,33,43,33,42,33,41,33,40,33,39,33,38,33
65,46,65,47,65,48,64,49,64,50,64,51,63,52,63,53,63,54,64,55,64,56,64,57,63,58,64,58,65,59,66,60,67,60,68,61,69,61,70,61,71,62,72,62,73,62,74,62,75,62,76,62,77,62,78,62,79,62,80,61,81,60,81,59,82,58,82,57,82,56,82,55,82,54,82,53,81,52,81,51,80,50,79,49,78,49,77,48,76,48,75,48,74,47,73,47,72,47,71,47,70,47,69,46,68,46,67,46,66,46
149,47,148,48,147,49,146,49,145,50,144,51,143,52,142,53,142,54,142,55,142,56,141,57,141,58,141,59,140,60,141,61,141,62,142,63,142,64,143,65,144,66,145,67,146,67,147,68,148,68,149,69,150,69,151,69,152,69,153,69,154,69,155,68,156,68,157,68,158,68,159,67,160,67,161,67,162,66,163,66,164,65,165,64,165,63,166,62,166,61,167,60,167,59,167,58,167,57,166,56,166,55,166,54,165,53,165,52,164,52,163,51,162,50,161,50,160,49,159,49,158,48,157,48,156,48,155,48,154,47,153,47,152,47,151,47,150,47
61,59,60,60,60,61,59,62,59,63,59,64,59,65,59,66,60,67,60,68,60,69,61,70,61,71,62,72,62,73,63,74,64,75,64,76,65,77,66,78,67,79,68,80,69,81,70,82,71,83,72,83,73,83,74,83,75,83,76,83,77,83,78,82,79,82,80,81,81,81,82,81,83,80,83,79,84,78,85,77,86,76,87,75,88,75,89,74,90,73,91,73,92,72,92,71,92,70,92,69,92,68,91,67,90,66,89,65,88,65,87,64,86,64,85,64,84,64,83,64,82,64,81,63,80,64,79,63,78,63,77,63,76,63,75,63,74,63,73,63,72,63,71,63,70,62,69,62,68,62,67,61,66,61,65,60,64,59,63,59,62,59
92,73,91,74,90,74,89,75,88,76,87,76,86,77,85,78,84,79,84,80,83,81,83,82,83,83,83,84,83,85,83,86,83,87,83,88,84,89,84,90,84,91,85,92,85,93,86,93,87,94,88,94,89,94,90,94,91,94,92,94,93,94,94,93,95,93,96,92,97,92,98,91,99,90,99,89,100,88,101,87,101,86,101,85,102,84,102,83,102,82,102,81,102,80,102,79,101,78,101,77,101,76,100,76,99,75,98,74,97,74,96,74,95,74,94,74,93,74
122,96,121,97,120,97,119,98,118,98,117,99,116,99,115,99,114,99,113,100,112,101,111,101,110,101,109,101,108,101,107,100,106,101,105,101,104,101,105,102,105,103,104,104,104,105,104,106,104,107,105,108,104,109,104,110,104,111,103,112,103,113,104,114,103,115,103,116,103,117,104,118,104,119,104,120,104,121,104,122,105,123,105,124,105,125,105,126,106,127,106,128,107,129,108,130,109,131,109,132,110,133,111,133,112,134,113,135,114,136,114,137,114,138,114,139,115,139,116,139,117,140,118,140,119,140,120,141,121,141,122,141,123,141,124,141,125,142,126,142,127,142,128,142,129,141,130,141,131,141,132,141,133,140,134,140,135,140,136,139,137,139,138,138,139,137,140,137,141,136,141,135,141,134,141,133,141,132,141,131,141,130,141,129,141,128,141,127,141,126,141,125,141,124,141,123,141,122,141,121,141,120,140,119,140,118,140,117,140,116,140,115,140,114,140,113,140,112,140,111,141,110,141,109,141,108,141,107,141,106,141,105,141,104,141,103,140,102,140,101,140,100,139,99,138,99,137,98,136,98,135,98,134,97,133,97,132,97,131,97,130,97,129,97,128,97,127,96,126,96,125,96,124,96,123,96
74,108,73,109,72,109,71,110,70,111,69,112,69,113,69,114,69,115,69,116,70,117,71,118,71,119,72,119,73,120,74,120,75,121,76,121,77,121,78,121,79,121,80,121,81,121,82,120,83,120,84,119,84,118,84,117,84,116,84,115,84,114,83,113,83,112,82,111,81,110,80,110,79,109,78,109,77,109,76,109,75,108
169,110,168,111,167,111,166,111,165,111,164,112,163,112,162,113,161,114,161,115,160,116,160,117,159,118,158,119,158,120,158,121,158,122,158,123,159,124,160,124,161,125,162,126,163,127,164,127,165,128,166,129,167,130,168,130,169,131,170,132,171,132,172,133,173,133,174,134,175,134,176,135,177,135,178,136,179,136,180,137,181,136,182,135,183,135,183,134,184,133,185,132,186,131,187,130,187,129,188,128,188,127,189,126,189,125,189,124,189,123,188,122,188,121,188,120,187,119,187,118,186,117,185,116,184,115,183,114,182,114,181,114,180,113,179,113,178,112,177,112,176,111,175,111,174,111,173,111,172,110,171,110,170,110
158,124,157,125,156,125,155,125,154,125,153,126,152,126,151,127,150,128,149,128,148,129,147,130,146,131,146,132,145,133,144,134,143,135,142,135,142,136,142,137,142,138,143,139,143,140,144,141,144,142,145,143,145,144,146,145,146,146,147,147,147,148,148,149,148,150,148,151,149,152,149,153,150,153,151,153,152,153,153,153,154,153,155,153,156,153,157,153,158,153,159,153,160,153,161,153,162,153,163,153,164,152,165,152,166,151,167,151,168,150,169,150,170,150,171,149,172,148,173,148,174,147,175,146,176,146,177,146,178,145,178,144,178,143,179,142,179,141,179,140,179,139,179,138,179,137,178,137,177,136,176,136,175,135,174,135,173,134,172,134,171,133,170,133,169,132,168,131,167,131,166,130,165,129,164,128,163,128,162,127,161,126,160,125,159,125
188,142,187,143,186,143,185,144,184,145,183,145,182,146,181,147,181,148,180,149,180,150,179,151,178,152,178,153,178,154,177,155,177,156,177,157,176,158,176,159,176,160,175,161,175,162,174,163,174,164,174,165,174,166,175,167,176,168,176,169,177,170,177,171,178,172,178,173,179,174,180,174,181,174,182,175,183,175,184,176,185,176,186,176,187,177,188,177,189,177,190,177,191,178,192,177,193,176,194,175,195,174,196,173,197,172,198,172,199,171,200,171,201,170,202,170,203,169,204,169,205,168,206,167,207,167,208,166,208,165,207,164,207,163,207,162,208,161,209,161,210,160,210,159,210,158,210,157,210,156,210,155,211,154,210,153,210,152,209,151,209,150,208,149,207,148,206,147,206,146,205,146,204,145,203,144,202,144,201,143,200,143,199,142,198,142,197,142,196,142,195,142,194,142,193,142,192,142,191,142,190,142,189,142
85,145,84,146,83,147,82,147,81,148,80,149,79,150,79,151,79,152,79,153,79,154,79,155,80,156,80,157,81,158,81,159,82,160,82,161,83,162,84,162,85,163,86,163,87,163,88,163,89,163,90,163,91,162,92,161,93,161,94,160,95,159,95,158,96,157,96,156,97,155,97,154,96,153,96,152,96,151,95,150,95,149,94,148,93,147,92,146,91,146,90,145,89,145,88,145,87,145,86,145
232,154,231,155,230,155,229,156,228,156,227,157,226,158,225,159,225,160,224,161,223,162,222,163,223,164,223,165,224,166,224,167,224,168,224,169,225,170,226,171,226,172,227,173,228,174,229,175,230,175,231,175,232,175,233,176,234,176,235,176,236,176,237,176,238,176,239,176,240,176,241,176,242,176,243,176,244,175,245,175,246,175,247,174,248,174,249,173,250,172,250,171,250,170,251,169,251,168,250,167,250,166,250,165,249,164,249,163,249,162,248,161,247,160,247,159,246,158,245,158,244,157,243,156,242,156,241,155,240,155,239,155,238,155,237,155,236,154,235,154,234,155,233,154
164,161,164,162,163,163,162,163,161,164,160,165,160,166,159,167,159,168,159,169,158,170,157,171,157,172,158,173,158,174,158,175,158,176,158,177,159,178,159,179,159,180,159,181,159,182,160,183,161,183,162,183,163,183,164,183,165,183,166,182,167,182,168,182,169,181,170,181,171,180,172,180,173,180,174,179,175,179,176,178,177,178,176,177,177,176,177,175,178,174,177,173,177,172,176,171,176,170,175,169,175,168,174,167,173,166,173,165,173,164,172,163,171,162,170,161,169,162,168,162,167,161,166,161,165,161
136,162,135,163,134,163,133,163,132,164,131,164,130,165,129,165,128,165,128,166,127,167,126,168,125,168,124,169,124,170,123,171,123,172,123,173,122,174,122,175,122,176,122,177,122,178,122,179,122,180,122,181,122,182,123,183,123,184,124,185,124,186,125,186,126,187,127,188,127,189,128,189,129,189,130,189,131,189,132,189,133,189,134,189,135,189,136,189,137,189,138,189,139,189,140,189,141,189,142,189,143,189,144,189,145,189,146,189,147,189,148,189,149,189,150,189,151,189,152,189,153,189,154,188,155,187,156,186,157,185,158,184,158,183,158,182,158,181,158,180,158,179,158,178,157,177,157,176,157,175,157,174,157,173,156,172,156,171,155,170,154,169,153,168,152,167,151,167,150,166,149,166,148,165,147,164,146,164,145,163,144,163,143,163,142,163,141,162,140,162,139,162,138,162,137,162
208,167,207,168,206,168,205,169,204,170,203,170,202,171,201,171,200,172,199,172,198,173,197,173,196,174,195,175,194,176,193,177,192,178,192,179,192,180,193,181,194,182,194,183,195,184,196,185,197,186,197,187,198,188,199,189,199,190,200,191,201,192,202,193,203,194,204,195,205,195,206,194,207,194,208,193,209,193,210,192,211,192,212,191,213,191,214,191,215,190,216,190,217,190,218,189,219,189,220,189,221,188,222,188,223,188,224,188,225,187,226,186,227,185,227,184,227,183,227,182,228,181,228,180,227,179,228,178,228,177,227,176,227,175,227,174,226,173,225,172,225,171,224,170,223,169,222,169,221,169,220,169,219,169,218,169,217,168,216,168,215,169,214,169,213,170,212,170,211,170,210,169,210,168,209,168
262,174,261,175,260,175,259,175,258,176,257,177,257,178,256,179,255,180,254,181,254,182,255,183,255,184,255,185,256,186,256,187,256,188,256,189,256,190,256,191,256,192,256,193,256,194,256,195,256,196,257,197,257,198,257,199,257,200,257,201,257,202,257,203,257,204,257,205,257,206,257,207,257,208,257,209,258,210,258,211,258,212,258,213,259,214,259,215,259,216,260,217,260,218,260,219,260,218,261,217,262,218,263,217,264,216,265,216,266,215,267,215,268,215,269,214,270,214,271,213,272,213,273,213,274,212,275,212,275,211,275,210,276,209,277,208,278,207,279,206,280,205,280,204,281,203,281,202,281,201,282,200,282,199,282,198,282,197,283,196,282,195,282,194,282,193,282,192,281,191,281,190,280,189,279,188,278,187,277,187,276,186,275,185,274,185,273,184,272,183,271,182,271,181,270,180,270,179,269,178,268,177,267,176,266,175,265,174,264,174,263,174
176,179,175,180,174,180,173,181,172,181,171,181,170,182,169,182,168,183,167,183,166,183,165,184,164,184,163,184,162,184,161,184,160,184,159,183,159,184,158,185,157,186,156,187,155,188,154,189,153,190,153,191,153,192,153,193,154,194,155,194,156,194,157,194,158,194,159,195,160,195,161,195,162,195,163,196,164,197,165,197,166,198,167,199,168,200,169,201,170,202,171,203,172,204,173,205,174,205,175,206,176,206,177,206,178,207,179,206,180,205,181,205,182,204,183,203,184,202,185,201,186,201,187,200,188,199,189,198,190,198,191,197,192,196,193,196,194,195,195,194,196,193,197,192,198,192,199,191,198,190,198,189,197,188,196,187,196,186,195,185,194,184,193,183,193,182,192,181,191,182,190,181,189,181,188,181,187,180,186,180,185,180,184,179,183,179,182,179,181,179,180,179,179,179,178,179,177,179
237,179,236,180,235,180,234,181,233,182,232,182,231,183,230,184,230,185,229,186,229,187,228,188,228,189,228,190,228,191,227,192,228,193,228,194,229,195,230,196,231,197,232,198,232,199,233,200,234,201,235,202,236,202,237,202,238,202,239,202,240,202,241,202,242,202,243,202,244,202,245,202,246,201,247,201,248,200,249,199,250,198,251,198,252,197,253,196,254,196,255,195,255,194,255,193,255,192,255,191,255,190,255,189,255,188,255,187,255,186,254,185,254,184,254,183,253,182,252,182,251,181,250,181,249,181,248,181,247,181,246,180,245,180,244,180,243,179,242,179,241,179,240,179,239,179,238,179
127,190,126,191,125,191,124,192,123,193,122,194,122,195,122,196,121,197,121,198,121,199,121,200,122,201,122,202,122,203,123,204,123,205,124,206,124,207,125,208,125,209,125,210,126,211,126,212,126,213,126,214,127,215,128,216,129,217,130,218,131,218,132,218,133,219,134,219,135,219,136,219,137,219,138,218,139,217,139,216,140,215,141,214,141,213,142,212,142,211,143,210,143,209,144,208,145,207,145,206,146,205,146,204,147,203,148,202,148,201,149,200,150,199,150,198,151,197,152,196,152,195,152,194,152,193,152,192,152,191,152,190,151,190,150,190,149,190,148,190,147,190,146,190,145,190,144,190,143,190,142,190,141,190,140,190,139,190,138,190,137,190,136,190,135,190,134,190,133,190,132,190,131,190,130,190,129,190,128,190
215,191,214,192,213,192,212,192,211,193,210,193,209,194,208,194,207,195,206,195,206,196,206,197,205,198,205,199,205,200,205,201,205,202,206,203,206,204,206,205,206,206,206,207,207,207,208,208,209,209,210,209,211,210,212,210,213,211,214,211,215,211,216,211,217,211,218,210,219,209,220,209,221,209,222,209,223,209,224,209,225,209,226,208,227,208,228,208,229,208,230,207,231,207,232,206,233,205,233,204,234,203,234,202,233,201,232,200,231,199,231,198,230,197,229,196,228,195,227,194,227,193,226,192,225,193,224,193,223,193,222,193,221,192,220,192,219,192,218,191,217,191,216,191
199,192,198,193,197,193,196,194,195,195,194,196,193,197,192,197,191,198,190,199,189,199,188,200,187,201,186,202,185,202,184,203,183,204,182,205,181,206,180,206,179,207,178,208,179,209,179,210,180,211,180,212,180,213,181,213,182,214,182,215,183,215,184,216,185,216,186,217,187,217,188,217,189,217,190,217,191,217,192,217,193,217,194,217,195,217,196,217,197,216,198,215,199,214,200,213,201,213,202,212,203,211,204,210,204,209,205,208,205,207,205,206,205,205,205,204,205,203,204,202,204,201,204,200,204,199,204,198,204,197,204,196,203,196,202,195,202,194,201,193,200,192
153,194,153,195,153,196,152,197,151,198,151,199,150,200,149,201,149,202,148,203,147,204,147,205,146,206,146,207,145,208,144,209,144,210,143,211,143,212,142,213,142,214,141,215,140,216,140,217,139,218,138,219,137,220,138,221,138,222,139,223,139,224,140,225,141,226,141,227,142,228,143,229,144,229,145,230,146,230,147,231,148,231,149,232,150,233,151,233,152,234,153,235,154,235,155,236,156,237,157,237,158,238,159,239,160,239,161,240,162,241,163,240,164,240,165,239,166,239,167,238,168,238,169,237,170,237,170,236,169,235,169,234,169,233,170,232,170,231,170,230,171,229,170,228,170,227,170,226,170,225,171,224,172,223,172,222,173,221,174,220,174,219,175,218,175,217,175,216,175,215,175,214,175,213,175,212,174,211,174,210,174,209,173,208,173,207,173,206,172,205,171,204,170,203,169,202,168,201,167,200,166,199,165,198,164,198,163,197,162,196,161,196,160,196,159,196,158,195,157,195,156,195,155,195,154,195
255,196,254,197,253,197,252,198,251,199,250,199,249,200,248,201,247,202,246,202,246,203,245,204,245,205,245,206,245,207,244,208,244,209,243,210,242,211,241,212,240,213,239,214,238,215,238,216,239,217,239,218,239,219,239,220,239,221,238,222,238,223,238,224,238,225,238,226,237,227,237,228,237,229,236,230,236,231,236,232,236,233,236,234,236,235,236,236,235,237,235,238,236,237,237,236,238,235,239,235,240,234,241,234,242,233,243,232,244,232,245,231,246,231,247,230,248,229,249,228,250,228,251,227,252,226,253,225,254,224,255,223,256,222,257,221,258,220,259,219,259,218,259,217,258,216,258,215,258,214,257,213,257,212,257,211,257,210,256,209,256,208,256,207,256,206,256,205,256,204,256,203,256,202,256,201,256,200,256,199,256,198,256,197
286,201,285,202,284,203,283,203,282,203,281,204,281,205,280,206,280,207,280,208,280,209,280,210,280,211,280,212,280,213,280,214,280,215,280,216,281,216,282,217,283,217,284,218,285,218,286,219,287,219,288,220,289,220,290,221,291,222,292,222,293,222,294,222,295,221,296,221,297,221,298,220,299,219,300,218,300,217,300,216,300,215,300,214,299,213,299,212,299,211,299,210,298,209,298,208,297,207,296,206,296,205,295,204,294,203,293,203,292,202,291,201,290,201,289,201,288,201,287,201
274,213,273,214,272,214,271,214,270,215,269,215,268,216,267,216,266,216,265,217,264,217,263,218,262,219,261,219,260,220,259,220,258,221,257,222,256,223,255,224,254,225,253,226,252,227,251,228,250,229,249,229,248,230,247,231,246,232,245,232,244,233,243,233,242,234,241,235,240,235,239,236,238,236,237,237,236,238,235,239,234,240,233,241,233,242,232,243,233,243,234,244,235,245,236,246,237,246,238,247,239,248,239,249,240,250,241,251,242,252,242,253,243,254,243,255,243,256,243,255,244,254,245,254,246,253,247,252,248,252,249,251,250,251,251,250,252,249,253,249,254,248,255,247,256,246,257,245,258,245,259,244,260,243,261,242,262,242,263,241,264,240,265,239,266,238,267,237,267,236,268,235,269,234,269,233,270,232,270,231,271,230,271,229,272,228,272,227,272,226,273,225,273,224,273,223,274,222,274,221,275,220,275,219,276,218,276,217,277,216,277,215,276,214,276,213,275,213
184,217,183,218,182,218,181,219,180,219,179,218,178,218,177,218,176,218,175,219,175,220,174,221,173,222,173,223,172,224,171,225,171,226,171,227,171,228,172,229,172,230,173,230,174,231,175,231,176,232,177,233,178,233,179,234,180,234,181,234,182,235,183,235,184,235,185,235,186,234,187,234,188,234,189,234,190,234,191,233,192,233,193,233,194,233,194,232,195,231,196,230,196,229,197,228,197,227,198,226,198,225,199,224,199,223,200,222,200,221,201,220,200,219,199,219,198,218,198,217,197,217,196,218,195,218,194,218,193,218,192,218,191,218,190,218,189,218,188,218,187,218,186,218,185,217
277,217,277,218,276,219,276,220,275,221,275,222,274,223,274,224,274,225,273,226,273,227,273,228,272,229,272,230,271,231,271,232,270,233,270,234,269,235,268,236,268,237,267,238,266,239,265,240,264,241,263,242,262,243,261,243,260,244,259,245,258,246,257,246,256,247,255,248,254,249,253,250,252,250,251,251,250,252,249,252,248,253,247,253,246,254,245,255,244,255,244,256,245,257,245,258,245,259,245,260,245,261,245,262,244,263,244,264,244,265,243,266,244,267,245,267,246,267,247,268,248,268,249,268,250,268,251,268,252,268,253,268,254,268,255,268,256,268,257,268,258,267,259,267,260,266,260,265,261,264,262,263,263,262,264,261,265,260,266,260,267,259,268,259,269,258,270,257,271,256,272,256,273,255,274,254,275,253,276,253,277,253,278,253,279,253,280,253,281,252,282,252,283,252,284,251,284,250,285,249,285,248,285,247,285,246,285,245,286,244,286,243,286,242,286,241,286,240,287,239,287,238,287,237,287,236,287,235,287,234,287,233,287,232,287,231,288,230,288,229,289,228,289,227,289,226,290,225,290,224,291,223,290,222,289,221,288,221,287,220,286,220,285,219,284,219,283,218,282,218,281,217,280,217,279,217,279,218,278,219,277,218
70,225,69,226,68,226,67,227,66,227,65,228,65,229,65,230,64,231,64,232,64,233,64,234,64,235,65,236,65,237,66,238,67,239,68,239,69,240,70,240,71,240,72,239,73,238,74,238,75,237,76,236,76,235,77,234,77,233,77,232,77,231,77,230,77,229,76,228,75,227,74,226,73,226,72,225,71,225
195,233,194,234,193,234,192,234,191,234,190,235,189,235,188,235,187,235,186,235,185,236,184,236,183,236,183,237,182,238,181,239,181,240,180,241,179,242,178,242,177,243,177,244,177,245,177,246,176,247,176,248,176,249,176,250,175,251,175,252,174,253,174,254,173,255,174,255,175,256,176,256,177,257,178,257,179,258,180,258,181,259,182,259,183,260,184,260,185,260,186,260,187,259,188,259,189,259,190,259,191,259,192,259,193,259,194,259,195,260,196,260,197,260,198,260,199,260,200,260,201,261,202,261,203,261,204,261,205,261,206,261,207,261,208,261,209,262,210,262,210,261,210,260,211,259,211,258,212,257,213,256,214,255,214,254,215,253,215,252,216,251,216,250,216,249,215,248,214,247,214,246,213,245,213,244,212,244,211,244,210,244,209,243,208,243,207,242,206,242,205,241,204,241,203,240,202,239,201,239,200,238,199,237,198,236,197,235,196,234
169,238,168,239,167,239,166,240,165,240,164,241,163,241,163,242,163,243,163,244,163,245,163,246,163,247,163,248,163,249,163,250,164,251,165,252,165,253,166,254,167,254,168,255,169,256,170,256,171,255,172,255,173,254,173,253,174,252,174,251,175,250,175,249,175,248,175,247,176,246,176,245,176,244,176,243,177,242,176,242,175,242,174,241,173,240,172,240,171,239,170,238
230,244,229,245,228,245,227,246,226,246,225,246,224,247,223,247,222,248,221,248,221,249,220,250,219,250,218,251,217,252,216,252,216,253,215,254,215,255,214,256,213,257,212,258,212,259,211,260,211,261,211,262,211,263,211,264,211,265,212,266,212,267,212,268,213,268,214,268,215,269,216,269,217,270,218,270,219,270,220,271,221,271,222,272,223,271,224,271,225,270,226,270,227,270,228,270,229,271,230,271,231,270,232,270,233,269,234,269,235,268,236,268,237,267,236,266,237,265,238,264,239,263,240,262,240,261,241,260,241,259,241,258,242,257,243,257,242,256,242,255,242,254,241,253,241,252,240,251,239,250,238,249,238,248,237,247,236,247,235,246,234,245,233,244,232,244,231,244
187,260,186,261,185,261,184,261,184,262,183,263,183,264,183,265,183,266,182,267,182,268,181,269,181,270,180,271,179,272,178,273,177,274,176,274,176,275,176,276,176,277,176,278,175,279,175,280,175,281,175,282,175,283,175,284,176,285,176,286,176,287,177,288,178,289,179,290,180,290,181,290,182,291,183,291,184,291,185,291,186,291,187,291,188,291,189,291,190,291,191,291,192,291,193,290,194,290,195,289,196,290,196,289,197,288,198,287,199,286,200,285,201,284,202,283,203,283,204,282,205,282,206,281,206,280,206,279,207,278,207,277,207,276,207,275,208,274,208,273,209,272,209,271,209,270,209,269,210,268,210,267,211,266,210,265,210,264,210,263,209,263,208,262,207,262,206,262,205,262,204,262,203,262,202,262,201,262,200,261,199,261,198,261,197,261,196,261,195,261,194,260,193,260,192,260,191,260,190,260,189,260,188,260
290,260,289,261,288,261,287,261,286,262,285,262,284,262,283,262,282,263,281,263,280,264,279,265,278,266,278,267,277,268,277,269,277,270,276,271,277,272,277,273,276,274,277,275,277,276,277,277,277,278,278,279,279,280,280,281,281,282,282,282,283,283,284,283,285,283,286,283,287,283,288,282,289,282,290,282,291,281,292,281,293,280,294,280,295,279,296,279,297,278,298,278,299,277,300,277,301,277,301,276,302,275,303,275,304,274,305,273,306,272,306,271,306,270,306,269,306,268,306,267,305,266,305,265,304,264,304,263,303,263,302,263,301,262,300,262,299,261,298,261,297,260,296,260,295,260,294,260,293,260,292,261,291,260
242,266,242,267,241,268,240,268,239,268,238,268,237,268,236,269,235,269,234,270,233,270,232,271,231,271,230,272,229,272,228,273,227,274,227,275,226,276,225,276,224,276,224,277,223,278,222,278,221,279,220,280,219,281,218,282,217,283,216,283,215,284,214,284,213,284,212,284,211,284,210,284,209,284,208,283,207,283,206,283,205,283,204,283,203,284,202,284,201,285,200,286,199,287,198,288,197,289,197,290,197,291,198,292,198,293,199,294,199,295,200,296,201,297,202,298,203,299,204,300,205,301,206,302,207,303,208,303,209,304,210,304,211,304,212,304,213,304,214,304,215,303,216,303,217,302,218,302,219,301,220,300,221,300,222,299,223,298,224,297,225,297,226,296,227,295,228,295,229,294,230,294,231,293,232,292,233,291,234,291,235,290,236,290,237,289,238,288,239,288,240,288,241,287,242,287,243,286,244,285,245,284,246,283,247,283,248,282,249,281,250,280,251,280,252,279,253,278,254,277,255,277,256,276,257,276,258,275,259,275,260,275,259,274,259,273,259,272,258,271,258,270,258,269,258,268,257,269,256,269,255,269,254,269,253,269,252,269,251,269,250,269,249,269,248,269,247,269,246,268,245,268,244,268,243,267
212,269,212,270,211,271,210,272,209,273,209,274,208,275,208,276,208,277,208,278,207,279,207,280,207,281,206,282,207,282,208,282,209,283,210,283,211,283,212,283,213,283,214,283,215,283,216,282,217,282,218,281,219,280,220,279,221,278,221,277,221,276,221,275,221,274,222,273,221,272,220,272,219,271,218,271,217,271,216,270,215,270,214,269,213,269
258,276,257,277,256,277,255,278,254,278,253,279,252,280,251,281,250,281,249,282,248,283,247,284,246,284,245,285,244,286,243,287,242,288,241,288,240,289,239,290,240,291,239,292,238,293,238,294,237,295,237,296,237,297,238,298,238,299,238,300,239,301,240,302,241,302,242,303,243,304,244,304,245,304,246,304,247,304,248,304,249,304,250,305,251,304,252,303,253,303,254,303,255,302,256,301,257,301,258,301,259,300,259,299,260,298,261,297,262,296,263,296,264,295,265,294,265,293,266,292,267,291,267,290,268,289,268,288,268,287,268,286,268,285,268,284,268,283,268,282,267,281,267,280,266,279,265,279,264,278,264,277,263,277,262,276,261,276,260,276,259,276
305,286,304,287,303,287,302,288,301,289,300,290,299,291,298,292,298,293,297,294,297,295,297,296,297,297,296,298,296,299,296,300,296,301,296,302,296,303,297,304,298,305,299,306,300,306,301,307,302,307,303,307,304,307,305,306,306,306,307,306,308,306,309,305,310,305,311,304,312,304,313,303,314,302,315,302,316,301,316,300,316,299,316,298,317,297,317,296,317,295,317,294,317,293,317,292,317,291,316,290,316,289,315,288,314,288,313,287,312,287,311,286,310,286,309,286,308,286,307,286,306,286
259,301,259,302,258,303,257,302,256,302,255,303,254,304,253,304,252,305,251,305,252,306,252,307,251,308,250,309,249,310,249,311,248,312,248,313,248,314,247,315,247,316,247,317,247,318,247,319,247,320,247,321,247,322,247,323,246,324,247,325,247,326,248,327,249,328,250,329,251,329,252,329,253,330,254,329,255,329,256,329,257,329,257,328,258,327,259,327,260,327,261,326,262,326,263,325,264,325,264,324,264,323,264,322,265,321,265,320,265,319,265,318,266,317,266,316,267,315,267,314,267,313,267,312,268,311,268,310,268,309,269,308,269,307,270,306,270,305,270,304,269,304,268,303,267,302,266,302,265,302,264,302,263,302,262,302,261,302,260,302
275,303,274,304,273,304,272,304,271,304,271,305,271,306,270,307,270,308,269,309,269,310,269,311,268,312,268,313,268,314,268,315,267,316,267,317,266,318,266,319,266,320,266,321,265,322,265,323,265,324,265,325,266,325,267,326,268,326,269,327,270,328,271,328,272,329,273,329,274,329,275,329,276,329,277,329,278,329,279,328,280,328,281,328,282,327,283,326,284,325,285,325,285,324,286,323,286,322,287,321,288,320,288,319,288,318,289,317,289,316,289,315,289,314,288,313,288,312,287,311,287,310,286,309,286,308,286,307,285,306,284,305,283,305,282,304,281,303,280,303,279,303,278,303,277,303,276,304
149,397,148,398,147,398,146,398,145,398,144,399,143,399,142,399,141,400,140,401,139,402,138,403,138,404,137,405,138,406,138,407,138,408,138,409,138,410,138,411,139,412,140,413,141,414,142,415,143,416,144,416,145,417,146,417,147,418,148,418,149,418,150,418,151,419,152,419,153,420,154,421,155,422,156,423,157,424,158,425,159,426,160,426,161,427,162,427,163,428,164,429,165,429,166,430,167,430,168,431,169,431,170,431,171,430,172,430,173,430,174,429,175,429,176,428,177,427,178,426,179,425,179,424,179,423,180,422,180,421,181,420,181,419,181,418,180,417,180,416,180,415,179,414,178,413,177,412,176,411,175,410,174,410,173,409,172,408,171,408,170,407,169,406,168,406,167,405,166,404,165,403,164,403,163,402,162,401,161,401,160,400,159,400,158,400,157,399,156,399,155,399,154,398,153,398,152,398,151,398,150,398
114,402,113,403,112,403,111,404,110,404,109,405,108,406,107,407,107,408,106,409,106,410,106,411,105,412,105,413,105,414,105,415,105,416,105,417,105,418,105,419,105,420,105,421,105,422,106,423,106,424,107,425,108,426,108,427,109,428,110,429,111,430,112,431,113,432,114,433,115,433,116,434,117,434,118,435,119,435,120,435,121,435,122,435,123,435,124,435,125,434,126,434,126,433,127,432,128,432,129,431,129,430,130,429,130,428,131,427,131,426,132,425,132,424,132,423,132,422,132,421,132,420,132,419,132,418,132,417,132,416,132,415,132,414,131,413,131,412,131,411,130,410,130,409,129,408,128,407,127,406,126,405,125,405,124,404,123,403,122,403,121,403,120,403,119,402,118,402,117,402,116,402,115,402
192,416,191,417,190,417,189,418,188,418,187,419,186,420,185,421,184,422,184,423,184,424,183,425,183,426,184,427,184,428,184,429,185,430,185,431,185,432,186,433,187,434,188,435,189,436,190,436,191,437,192,437,193,437,194,438,195,438,196,438,197,438,198,438,199,438,200,438,201,439,202,438,203,438,204,438,205,437,206,436,207,435,207,434,208,433,208,432,209,431,209,430,209,429,209,428,209,427,209,426,209,425,209,424,208,423,208,422,207,421,206,420,205,419,204,418,203,417,202,417,201,417,200,416,199,416,198,416,197,416,196,416,195,416,194,416,193,416
141,417,140,418,139,419,138,420,137,421,137,422,137,423,137,424,137,425,137,426,138,427,139,428,140,428,141,429,142,429,143,429,144,429,145,429,146,428,147,427,148,427,149,426,149,425,150,424,150,423,150,422,149,421,148,420,148,419,147,419,146,418,145,418,144,417,143,417,142,417
91,421,90,422,89,422,88,422,87,422,86,423,85,423,84,423,83,424,82,425,81,426,80,427,80,428,80,429,79,430,79,431,79,432,78,433,78,434,78,435,78,436,79,437,80,438,80,439,81,440,82,441,83,442,84,443,85,444,86,444,87,445,88,445,89,446,90,446,91,446,92,446,93,446,94,446,95,446,96,447,97,447,98,447,99,447,100,446,100,445,101,444,101,443,102,442,103,441,103,440,104,439,104,438,105,437,105,436,105,435,105,434,105,433,105,432,105,431,105,430,105,429,104,428,104,427,104,426,103,425,102,424,101,423,100,423,99,422,98,422,97,421,96,421,95,421,94,421,93,421,92,421
349,425,348,426,347,426,346,426,345,427,344,428,343,428,343,429,342,430,342,431,341,432,341,433,341,434,341,435,341,436,341,437,342,438,342,439,342,440,343,441,343,442,344,443,345,444,346,445,347,445,348,446,349,446,350,446,351,446,352,447,353,447,354,447,355,447,356,447,357,447,358,447,359,447,360,447,361,447,362,446,363,445,364,444,365,443,366,442,366,441,367,440,368,439,368,438,368,437,369,436,369,435,368,434,368,433,368,432,368,431,367,430,367,429,366,428,365,428,364,427,363,426,362,426,361,426,360,425,359,425,358,425,357,425,356,425,355,425,354,425,353,425,352,425,351,425,350,425
320,433,319,434,318,434,317,434,316,434,315,434,314,435,313,435,312,435,311,436,310,436,309,437,308,438,307,439,307,440,306,441,305,442,305,443,305,444,304,445,304,446,304,447,304,448,304,449,305,450,305,451,305,452,306,453,306,454,307,455,308,456,309,457,309,458,310,459,311,460,312,461,313,461,314,462,315,462,316,462,317,462,318,462,319,463,320,463,321,463,322,462,323,462,324,462,325,462,326,461,327,462,328,461,329,460,330,459,331,459,332,458,333,457,334,456,335,455,336,455,335,454,336,453,336,452,337,451,337,450,338,449,338,448,338,447,338,446,338,445,337,444,337,443,337,442,337,441,336,440,335,439,334,438,333,437,332,436,331,436,330,435,329,435,328,434,327,434,326,434,325,434,324,433,323,433,322,433,321,433
125,441,124,442,123,442,122,442,121,442,120,442,119,443,118,443,117,443,116,443,115,443,114,443,113,443,112,444,111,444,110,444,109,445,108,445,107,446,106,446,105,447,104,448,103,449,102,450,101,450,101,451,100,452,99,453,98,454,98,455,97,456,97,457,97,458,96,459,96,460,96,461,96,462,96,463,96,464,96,465,96,466,96,467,96,468,97,469,97,470,97,471,98,472,98,473,99,474,100,475,101,476,101,477,102,478,103,479,104,480,105,481,106,482,107,482,108,483,109,484,110,485,111,485,112,486,113,486,114,487,115,488,116,488,117,489,118,489,119,490,120,491,121,491,122,491,123,491,124,491,125,490,126,490,127,489,128,488,129,488,130,488,131,487,132,486,133,486,134,485,135,484,136,483,137,483,137,482,138,481,139,481,140,480,141,479,142,478,143,477,143,476,143,475,144,474,144,473,145,472,145,471,145,470,146,469,146,468,146,467,146,466,146,465,146,464,146,463,145,462,145,461,145,460,145,459,144,458,144,457,144,456,143,455,143,454,143,453,142,452,142,451,141,450,140,449,140,448,139,447,138,446,137,446,136,445,135,444,134,444,133,443,132,443,131,442,130,442,129,442,128,442,127,441,126,441
167,445,166,446,165,446,164,446,163,447,162,447,161,447,160,448,159,449,158,449,157,450,156,451,155,452,154,453,153,454,153,455,153,456,152,457,152,458,151,459,151,460,150,461,150,462,150,463,150,464,149,465,149,466,149,467,149,468,148,469,148,470,148,471,148,472,148,473,149,474,149,475,149,476,150,477,151,478,151,479,152,480,152,481,153,482,153,483,154,484,155,485,155,486,156,487,157,488,158,489,159,489,160,490,161,490,162,491,163,491,164,491,165,492,166,492,167,492,168,492,169,492,170,492,171,491,172,491,173,491,174,491,175,491,176,491,177,491,178,490,179,490,180,490,181,489,182,489,183,489,184,489,185,489,186,488,187,488,187,487,187,486,188,485,189,484,189,483,190,482,191,482,191,481,192,480,193,479,193,478,194,477,194,476,195,475,195,474,195,473,195,472,195,471,196,470,196,469,196,468,196,467,196,466,196,465,196,464,196,463,195,462,195,461,195,460,194,459,194,458,193,457,193,456,192,455,191,454,191,453,190,452,189,451,188,450,187,449,186,449,185,448,184,448,183,447,182,447,181,447,180,447,179,447,178,446,177,446,176,446,175,446,174,446,173,445,172,445,171,445,170,445,169,445,168,445
72,446,71,447,70,447,69,447,68,447,67,448,66,448,65,449,64,449,64,450,63,451,62,452,62,453,61,454,61,455,61,456,61,457,61,458,61,459,62,460,62,461,62,462,63,463,63,464,64,465,65,466,66,467,67,468,68,468,69,469,70,469,71,469,72,469,73,469,74,470,75,470,76,469,77,469,78,469,79,468,80,467,81,467,82,466,83,466,84,465,84,464,85,463,86,462,86,461,87,460,87,459,87,458,88,457,88,456,88,455,88,454,87,453,87,452,87,451,86,450,85,449,84,448,83,448,82,447,81,447,80,447,79,447,78,447,77,446,76,446,75,447,74,446,73,446
228,448,227,449,226,449,225,449,224,449,223,450,222,450,221,450,220,450,219,450,218,451,217,451,216,451,215,451,214,451,213,451,212,452,211,452,211,453,212,454,212,455,213,456,213,457,214,458,214,459,214,460,215,461,216,462,216,463,217,464,218,465,219,466,220,467,221,468,222,468,223,468,224,469,225,469,226,469,227,469,228,469,229,469,230,469,231,468,232,468,233,467,234,466,235,466,236,465,237,464,238,464,239,463,239,462,240,461,241,460,241,459,241,458,241,457,242,456,241,455,241,454,240,453,239,453,238,452,237,452,236,451,235,450,234,450,233,450,232,450,231,449,231,448,230,448,229,448
369,452,368,453,367,453,366,453,365,454,364,454,363,455,362,455,361,455,360,455,359,456,358,456,357,457,356,457,355,457,354,457,353,457,352,457,351,456,350,456,349,456,348,456,347,455,346,455,345,455,344,455,343,455,342,455,341,455,340,456,339,456,338,456,337,456,336,456,335,456,334,457,333,458,332,459,331,460,330,460,329,461,328,462,327,463,326,464,326,465,326,466,325,467,325,468,325,469,325,470,325,471,325,472,325,473,325,474,325,475,326,476,326,477,326,478,327,479,327,480,327,481,328,482,328,483,328,484,328,485,329,486,330,487,330,488,331,489,332,490,332,491,333,492,334,493,335,494,336,494,337,494,338,495,339,496,340,496,341,496,342,496,343,496,344,497,345,497,346,497,347,498,348,498,349,498,350,498,351,498,352,498,353,498,354,497,355,497,356,496,357,495,358,494,359,493,360,492,360,491,361,490,362,489,363,488,363,487,364,486,365,486,366,486,367,485,368,485,369,485,370,485,371,485,372,485,373,485,374,485,375,485,376,485,377,484,378,483,379,483,380,482,381,482,382,481,383,480,383,479,384,478,385,477,385,476,385,475,386,474,386,473,386,472,386,471,386,470,386,469,386,468,386,467,386,466,386,465,385,464,385,463,385,462,384,461,384,460,383,459,382,458,382,457,381,456,380,455,379,455,378,454,377,453,376,453,375,453,374,452,373,452,372,452,371,452,370,452
294,460,293,461,292,461,291,462,290,462,289,463,288,464,287,465,286,466,286,467,285,468,285,469,285,470,285,471,285,472,285,473,285,474,285,475,286,476,286,477,287,478,288,479,288,480,289,481,290,482,291,482,292,483,293,483,294,484,295,484,296,484,297,484,298,484,299,484,300,484,301,484,302,484,303,483,304,483,305,483,306,482,307,481,308,480,308,479,309,478,309,477,309,476,310,475,310,474,310,473,310,472,310,471,310,470,309,469,309,468,309,467,308,466,308,465,307,464,306,463,305,463,304,462,303,461,302,461,301,460,300,460,299,460,298,460,297,460,296,460,295,460
267,462,266,463,265,463,264,463,263,464,262,464,261,465,260,466,259,467,259,468,259,469,259,470,259,471,259,472,260,473,260,474,261,475,261,476,262,477,263,477,264,478,265,478,266,479,267,479,268,479,269,479,270,479,271,478,272,478,273,478,274,477,275,477,276,476,277,475,277,474,277,473,277,472,277,471,277,470,277,469,276,468,276,467,275,466,275,465,274,464,273,464,272,463,271,462,270,462,269,462,268,462
51,471,50,472,49,472,48,473,47,473,47,474,46,475,46,476,45,477,44,478,44,479,44,480,43,481,43,482,44,483,44,484,44,485,43,486,42,486,42,487,43,488,44,489,44,490,45,491,46,492,47,493,48,494,49,495,50,496,51,497,52,497,53,498,54,499,55,499,56,500,57,501,58,501,59,500,59,499,60,498,61,497,61,496,62,495,63,494,64,493,65,492,65,491,65,490,66,489,66,488,66,487,66,486,66,485,66,484,66,483,66,482,66,481,66,480,66,479,65,478,65,477,64,476,63,475,63,474,62,474,61,473,60,472,59,472,58,472,57,471,56,471,55,471,54,471,53,471,52,471
274,481,273,482,272,483,271,483,270,484,269,484,269,485,268,486,267,486,267,487,266,488,265,489,265,490,264,491,264,492,264,493,264,494,264,495,264,496,264,497,264,498,265,499,265,500,266,501,267,502,268,503,269,504,270,505,271,505,272,506,273,506,274,507,275,507,276,508,277,508,278,508,279,508,280,508,281,508,282,508,283,508,284,507,285,507,286,506,287,505,287,504,288,503,288,502,288,501,288,500,288,499,288,498,288,497,288,496,288,495,288,494,288,493,288,492,288,491,287,490,287,489,287,488,287,487,286,486,286,485,285,485,284,484,283,483,282,482,281,482,280,481,279,481,278,481,277,481,276,481,275,481
195,485,194,486,193,486,192,486,191,487,190,488,189,488,188,489,187,489,186,489,185,490,185,491,184,492,184,493,183,494,183,495,182,496,181,497,181,498,181,499,180,500,180,501,179,502,179,503,179,504,179,505,179,506,179,507,179,508,180,509,180,510,181,510,182,510,183,511,184,511,185,511,186,511,187,511,188,511,189,511,190,511,191,511,192,511,193,511,194,511,195,511,196,511,197,511,198,511,199,511,200,511,201,511,202,511,203,511,204,511,205,511,206,511,207,511,208,511,209,511,210,511,211,511,212,511,213,511,214,511,215,511,216,511,217,511,218,511,219,511,220,511,221,510,222,510,223,510,223,509,223,508,223,507,223,506,223,505,223,504,222,503,222,502,222,501,222,500,221,499,221,498,220,497,220,496,220,495,219,494,218,493,217,492,216,492,215,491,214,490,213,489,212,489,211,488,210,488,209,488,208,487,207,487,206,487,205,486,204,486,203,486,202,485,201,485,200,485,199,485,198,485,197,485,196,485
38,487,37,488,37,489,36,490,35,491,35,492,34,493,34,494,34,495,33,496,33,497,33,498,33,499,34,500,34,501,34,502,34,503,34,504,33,505,34,506,34,507,34,508,34,509,35,510,36,510,37,511,38,511,39,511,40,511,41,511,42,511,43,511,44,511,45,511,46,511,47,511,48,511,49,511,50,511,51,511,52,511,53,511,54,511,55,510,56,510,57,509,57,508,58,507,58,506,58,505,58,504,58,503,58,502,57,502,56,501,55,500,54,500,53,499,52,498,51,498,50,497,49,496,48,495,47,494,46,493,45,492,44,491,43,490,43,489,42,488,41,487,40,487,39,487
239,489,238,490,237,491,236,492,236,493,235,494,235,495,234,496,233,497,233,498,232,499,232,500,232,501,231,502,231,503,231,504,232,505,232,506,232,507,232,508,233,509,234,510,235,510,236,510,237,511,238,511,239,511,240,511,241,511,242,511,243,511,244,511,245,511,246,511,247,511,248,510,249,510,250,509,251,509,252,508,253,507,253,506,254,505,254,504,254,503,253,502,253,501,253,500,252,499,251,498,251,497,250,496,249,495,248,494,247,493,246,492,245,492,244,491,243,491,242,491,241,490,240,490
95,493,94,494,93,494,92,494,91,495,90,495,89,496,88,496,87,497,86,497,85,498,84,498,83,499,82,499,81,500,81,501,80,502,79,503,78,504,77,505,76,506,76,507,75,508,75,509,75,510,75,511,76,511,77,511,78,511,79,511,80,511,81,511,82,511,83,511,84,511,85,511,86,511,87,511,88,511,89,511,90,511,91,511,92,511,93,511,94,511,95,511,96,511,97,511,98,511,99,511,100,511,101,511,102,511,103,511,104,511,105,511,106,511,107,511,108,511,109,511,110,511,111,511,112,511,113,511,114,511,115,511,116,511,117,511,118,511,119,511,120,511,121,510,121,509,121,508,120,507,120,506,119,505,118,504,117,503,117,502,116,501,115,500,115,499,114,498,113,497,112,496,111,495,110,495,109,494,108,494,107,494,106,493,105,493,104,493,103,493,102,493,101,493,100,493,99,493,98,493,97,493,96,493
378,494,377,495,376,495,375,496,374,497,374,498,373,499,373,500,372,501,372,502,371,503,371,504,371,505,371,506,370,507,370,508,370,509,370,510,371,511,372,511,373,511,374,511,375,511,376,511,377,511,378,511,379,511,380,511,381,511,382,511,383,511,384,511,385,511,386,511,387,511,388,511,389,511,390,511,391,510,392,510,393,509,393,508,393,507,393,506,393,505,393,504,393,503,392,502,392,501,392,500,391,499,391,498,391,497,390,496,389,495,388,495,387,494,386,494,385,494,384,494,383,494,382,494,381,494,380,494,379,494
