52,67,51,68,50,68,49,69,48,70,47,70,47,71,46,72,46,73,46,74,46,75,45,76,45,77,46,78,46,79,46,80,47,81,47,82,48,83,49,84,50,85,51,85,52,85,53,86,54,86,55,86,56,86,57,86,58,86,59,86,60,85,61,85,62,84,63,84,63,83,64,82,65,81,65,80,65,79,65,78,65,77,65,76,65,75,64,74,64,73,63,72,62,71,62,70,61,70,60,69,59,68,58,68,57,67,56,67,55,67,54,67,53,67
152,106,151,107,150,108,149,108,148,109,148,110,147,111,147,112,146,113,145,114,144,114,145,115,145,116,145,117,145,118,146,119,146,120,147,121,147,122,148,123,149,124,149,125,150,126,151,127,152,127,153,128,154,128,155,128,156,128,157,127,158,127,159,126,160,126,161,126,162,126,163,125,163,124,164,123,165,122,166,121,167,120,168,119,168,118,168,117,168,116,168,115,168,114,168,113,168,112,168,111,168,110,168,109,167,108,166,108,165,107,164,107,163,106,162,106,161,106,160,106,159,106,158,106,157,106,156,106,155,106,154,106,153,106
173,107,172,108,171,108,170,109,169,109,169,110,169,111,169,112,169,113,169,114,169,115,169,116,169,117,169,118,170,119,171,120,172,120,173,120,174,120,175,120,176,121,177,120,178,120,179,120,180,120,181,120,182,119,183,119,184,119,185,119,186,119,187,118,188,117,189,117,190,116,190,115,190,114,190,113,189,112,188,111,187,110,186,110,185,109,184,109,183,108,182,108,181,108,180,108,179,107,178,107,177,107,176,107,175,107,174,107
129,110,128,111,127,111,126,111,125,112,124,113,123,114,122,115,121,116,121,117,120,118,120,119,119,120,119,121,119,122,119,123,119,124,118,125,118,126,118,127,118,128,118,129,119,130,119,131,119,132,119,133,119,134,120,135,121,136,121,137,122,138,123,139,123,140,124,141,124,142,125,143,125,144,125,145,126,146,127,146,128,147,129,147,130,148,131,148,132,148,133,148,134,149,134,150,135,150,136,150,137,150,138,149,139,149,140,148,141,148,142,148,143,147,144,147,145,146,146,146,147,145,148,145,149,144,149,143,149,142,150,141,150,140,150,139,151,138,151,137,151,136,152,135,152,134,152,133,153,132,153,131,153,130,154,129,153,129,152,128,151,128,150,127,149,126,148,125,148,124,147,123,146,122,146,121,145,120,145,119,144,118,144,117,144,116,144,115,143,114,142,113,141,113,140,112,139,111,138,111,137,110,136,110,135,110,134,110,133,110,132,110,131,110,130,110
63,111,62,112,61,113,60,114,60,115,59,116,59,117,58,118,58,119,58,120,59,121,59,122,60,123,61,124,62,125,63,126,64,126,65,126,66,126,67,126,68,126,69,125,70,125,71,124,72,123,73,122,73,121,73,120,73,119,73,118,73,117,73,116,72,115,71,114,70,113,69,113,68,112,67,112,66,111,65,111,64,111
194,119,193,120,192,120,191,120,190,120,189,120,188,120,187,121,186,122,185,122,184,123,183,124,182,125,181,126,181,127,180,128,180,129,179,130,179,131,179,132,179,133,178,134,178,135,178,136,178,137,178,138,179,139,179,140,180,141,180,142,181,143,182,144,183,145,184,146,185,147,186,148,187,149,188,150,189,150,190,151,191,152,192,152,193,153,194,153,195,154,196,154,197,154,198,154,199,155,200,155,201,155,202,155,203,154,204,154,205,153,206,153,207,152,207,151,208,150,208,149,209,148,209,147,209,146,209,145,210,144,210,143,210,142,210,141,210,140,210,139,210,138,210,137,210,136,210,135,209,134,209,133,209,132,209,131,209,130,208,129,208,128,207,127,207,126,206,125,205,124,204,123,203,123,202,123,201,123,200,122,199,122,198,121,197,121,196,120,195,119
215,123,214,124,213,124,212,124,211,125,210,126,209,127,209,128,209,129,210,130,210,131,210,132,210,133,210,134,211,135,211,136,212,137,213,138,214,139,215,140,216,141,217,142,218,142,219,143,220,143,221,143,222,143,223,143,224,143,225,143,226,142,227,142,228,142,229,142,230,142,230,141,231,140,232,139,232,138,233,137,233,136,232,135,232,134,232,133,231,132,230,131,229,130,228,129,227,128,226,128,225,127,224,127,223,126,222,126,221,125,220,125,219,124,218,124,217,124,216,124
163,126,162,127,161,127,160,127,159,128,158,128,157,128,156,129,155,129,154,130,154,131,154,132,153,133,153,134,153,135,152,136,152,137,152,138,151,139,151,140,151,141,150,142,150,143,150,144,149,145,149,146,150,147,151,148,152,149,152,150,152,151,153,152,154,153,155,153,156,154,157,154,158,155,159,155,160,155,161,156,162,156,163,156,164,155,165,155,166,155,167,154,168,154,169,153,170,152,171,151,171,150,172,149,172,148,173,147,173,146,174,145,174,144,174,143,174,142,175,141,175,140,175,139,175,138,174,137,175,136,174,135,174,134,174,133,173,132,173,131,172,130,172,129,171,129,170,128,169,127,168,127,167,127,166,127,165,127,164,126
110,134,109,135,108,135,107,135,106,136,106,137,105,138,105,139,105,140,104,141,104,142,104,143,104,144,104,145,104,146,104,147,104,148,104,149,105,150,105,151,105,152,106,153,107,154,108,155,109,156,110,156,111,156,112,156,113,156,114,156,115,156,116,156,117,156,118,155,119,154,120,153,121,152,121,151,122,150,123,149,123,148,124,147,124,146,124,145,124,144,124,143,123,142,123,141,122,140,122,139,121,138,120,137,120,136,119,135,118,134,117,134,116,134,115,134,114,134,113,134,112,134,111,134
237,141,236,142,235,142,234,142,233,143,232,143,233,144,233,145,233,146,233,147,233,148,234,149,234,150,234,151,235,152,235,153,235,154,236,155,236,156,237,157,238,156,239,156,240,157,241,158,242,158,243,159,244,159,245,159,246,159,247,159,248,159,249,158,250,158,251,157,251,156,252,155,252,154,252,153,252,152,252,151,251,150,251,149,250,148,250,147,249,146,248,145,247,144,246,143,245,142,244,142,243,141,242,141,241,141,240,141,239,141,238,141
226,143,225,144,224,144,223,144,222,144,221,144,220,144,219,145,218,146,217,147,216,148,216,149,215,150,215,151,214,152,214,153,213,154,213,155,212,156,211,157,211,158,211,159,211,160,211,161,212,162,212,163,212,164,213,165,213,166,214,167,215,167,216,168,217,168,218,168,219,169,220,169,221,169,222,169,223,170,224,170,225,169,226,169,227,168,228,168,229,167,228,166,229,165,229,164,230,163,231,162,232,161,233,160,234,159,235,158,236,157,235,156,235,155,234,154,234,153,234,152,233,151,233,150,233,149,232,148,232,147,232,146,232,145,232,144,231,143,230,143,229,143,228,143,227,143
129,151,128,152,127,153,126,153,125,153,124,154,123,155,122,155,121,156,120,156,120,157,119,158,118,158,118,159,117,160,116,161,115,162,115,163,115,164,115,165,115,166,114,167,114,168,114,169,114,170,114,171,114,172,114,173,115,174,115,175,115,176,116,177,116,178,117,179,117,180,118,181,119,182,120,182,121,183,122,183,123,184,124,184,125,184,126,184,127,184,128,184,129,184,130,184,131,183,132,183,133,182,134,182,134,181,135,180,136,179,137,178,137,177,138,176,139,175,139,174,140,173,140,172,141,171,142,170,143,169,144,168,144,167,145,166,146,165,146,164,146,163,146,162,146,161,146,160,146,159,146,158,145,157,145,156,144,155,143,154,142,153,141,153,140,153,139,152,138,152,137,152,136,151,135,151,134,151,133,151,132,151,131,151,130,151
257,159,256,160,255,160,254,160,253,161,253,162,252,163,252,164,251,165,251,166,251,167,251,168,252,169,252,170,252,171,253,172,253,173,253,174,253,175,253,176,254,177,255,178,255,179,255,180,255,181,256,182,256,183,257,183,258,184,259,184,260,183,261,183,262,183,263,182,264,181,265,180,265,179,266,178,267,177,267,176,268,175,268,174,268,173,268,172,268,171,268,170,268,169,268,168,267,167,267,166,266,165,266,164,265,163,264,162,263,162,262,161,261,161,260,160,259,160,258,159
192,164,191,165,190,165,189,165,188,166,187,166,186,167,185,167,184,167,184,168,184,169,184,170,184,171,184,172,184,173,185,174,185,175,186,176,186,177,187,178,187,179,188,180,188,181,188,182,189,183,189,184,189,185,190,186,190,187,190,188,190,189,190,190,190,191,191,192,192,192,193,193,194,193,195,194,196,195,197,195,198,196,199,196,200,196,201,197,201,196,202,195,203,194,203,193,203,192,204,191,205,190,205,189,205,188,205,187,206,186,207,185,208,186,209,185,209,184,209,183,208,182,208,181,208,180,208,179,208,178,208,177,208,176,208,175,208,174,208,173,208,172,208,171,207,170,207,169,206,168,205,167,204,166,203,166,202,165,201,165,200,165,199,164,198,164,197,164,196,164,195,164,194,164,193,164
237,164,236,165,235,165,234,165,233,166,232,166,231,167,230,168,229,168,229,169,229,170,228,171,228,172,227,173,227,174,227,175,227,176,227,177,227,178,227,179,227,180,227,181,227,182,227,183,228,184,228,185,229,186,230,187,231,188,231,189,232,189,233,190,234,190,235,191,236,191,237,192,238,192,239,193,240,192,241,192,242,192,243,192,244,192,245,191,246,191,247,191,248,190,249,189,250,188,251,188,251,187,251,186,251,185,252,184,252,183,252,182,252,181,253,180,253,179,253,178,253,177,252,176,252,175,252,174,252,173,252,172,251,171,251,170,251,169,250,168,250,167,250,166,249,166,248,166,247,165,246,165,245,164,244,164,243,164,242,164,241,164,240,164,239,164,238,164
213,167,212,168,212,169,211,170,210,171,209,172,209,173,209,174,209,175,209,176,209,177,209,178,209,179,209,180,209,181,209,182,210,183,210,184,211,185,212,185,213,186,214,186,215,187,216,187,217,187,218,187,219,187,220,187,221,187,222,187,223,186,224,185,225,184,226,183,226,182,226,181,226,180,226,179,226,178,226,177,226,176,226,175,226,174,225,173,225,172,224,171,223,171,222,170,221,170,220,170,219,170,218,169,217,169,216,169,215,168,214,168
286,184,285,185,284,185,283,186,282,187,281,187,280,188,279,189,278,190,277,191,276,192,276,193,275,194,274,195,273,196,272,197,272,198,272,199,271,200,270,201,270,202,269,203,269,204,268,205,267,206,268,207,268,208,269,209,270,209,271,210,272,210,273,210,274,210,275,210,276,209,277,209,278,208,279,207,280,206,281,206,282,206,282,205,283,204,284,204,285,203,286,202,287,202,288,201,289,201,290,201,291,201,292,200,292,199,292,198,293,197,293,196,294,195,294,194,295,193,295,192,295,191,294,190,294,189,293,188,293,187,292,186,291,185,290,185,289,184,288,184,287,184
256,187,255,188,254,188,253,188,252,188,251,189,250,189,249,190,248,191,247,192,246,192,245,192,244,193,243,193,242,193,241,193,240,193,239,194,238,195,237,195,236,196,235,196,234,197,233,198,232,199,231,200,231,201,230,202,229,203,229,204,228,205,228,206,229,207,229,208,229,209,229,210,230,211,231,212,232,213,233,214,234,214,235,215,236,215,237,215,238,215,239,215,240,215,241,215,242,215,243,214,244,214,245,213,246,213,247,213,248,213,249,213,250,212,251,211,252,210,253,210,254,209,255,208,256,208,257,207,258,206,259,205,260,206,260,205,260,204,261,203,262,202,262,201,263,200,264,199,264,198,265,197,265,196,265,195,265,194,265,193,266,192,266,191,266,190,265,189,265,188,264,188,263,188,262,187,261,187,260,187,259,187,258,187,257,187
214,191,213,192,212,192,211,193,210,193,209,194,208,195,207,196,206,196,206,197,205,198,204,198,203,199,203,200,203,201,203,202,203,203,203,204,203,205,204,206,204,207,205,208,206,209,206,210,206,211,207,212,207,213,208,214,208,215,209,215,210,215,211,216,212,216,213,217,214,217,215,217,216,217,217,217,218,216,219,216,220,216,221,215,222,214,222,213,223,212,223,211,224,210,225,209,226,208,226,207,226,206,226,205,226,204,226,203,226,202,226,201,226,200,226,199,226,198,226,197,226,196,225,195,224,194,223,193,222,192,221,192,220,191,219,191,218,191,217,191,216,191,215,191
185,192,184,193,183,193,182,193,181,194,180,194,179,195,178,195,177,196,176,196,175,197,174,198,173,199,172,200,171,201,171,202,171,203,171,204,171,205,170,206,169,207,169,208,170,209,171,209,172,209,173,210,174,210,175,211,176,211,177,212,178,213,179,213,180,214,181,215,182,215,183,216,184,217,185,217,186,216,186,215,187,214,187,213,188,212,188,211,189,210,190,209,191,208,191,207,192,206,193,206,194,205,195,204,196,204,197,203,198,203,199,203,200,202,201,202,202,202,202,201,202,200,202,199,202,198,201,198,200,197,199,197,198,197,197,196,196,196,195,195,194,194,193,194,192,193,191,193,190,192,189,192,188,192,187,192,186,192
296,193,295,194,295,195,294,196,294,197,293,198,293,199,293,200,292,201,291,202,292,202,293,203,294,204,295,205,296,206,297,206,298,206,299,207,300,206,301,207,302,207,303,207,304,206,305,205,305,204,305,203,305,202,305,201,305,200,305,199,304,198,304,197,303,196,302,195,301,194,300,194,299,194,298,193,297,193
126,195,125,196,124,197,123,198,122,198,121,199,121,200,121,201,120,202,120,203,120,204,120,205,120,206,121,207,121,208,121,209,121,210,122,211,122,212,123,213,123,214,124,215,125,216,125,217,126,218,126,219,127,220,127,221,128,222,128,223,129,224,130,224,131,224,132,224,132,223,133,222,133,221,133,220,134,219,134,218,135,217,136,216,136,215,137,214,138,213,139,213,140,212,140,211,140,210,141,209,141,208,141,207,141,206,141,205,142,204,141,203,140,202,139,202,138,201,137,201,136,200,135,200,134,199,133,199,132,198,131,198,130,197,129,196,128,196,127,195
156,198,155,199,154,199,153,199,152,200,151,200,150,201,149,202,148,203,147,203,146,204,145,205,145,206,145,207,144,208,145,209,145,210,145,211,146,212,147,213,148,214,149,214,150,215,151,216,152,217,153,218,154,219,155,219,156,219,157,220,158,221,159,221,160,222,161,221,162,221,163,220,164,220,165,219,166,219,167,218,168,217,168,216,168,215,168,214,168,213,168,212,168,211,168,210,168,209,168,208,168,207,168,206,167,205,167,204,167,203,166,202,166,201,166,200,165,199,164,199,163,199,162,199,161,198,160,198,159,198,158,198,157,198
200,203,199,204,198,204,197,204,196,205,195,205,194,206,193,207,192,207,192,208,191,209,190,210,189,211,189,212,188,213,188,214,187,215,187,216,188,217,189,217,190,217,191,217,192,218,193,218,194,219,195,219,196,220,197,220,198,221,199,222,200,222,201,221,201,220,201,219,202,218,203,217,204,216,205,215,206,215,207,215,207,214,206,213,206,212,205,211,205,210,205,209,204,208,203,207,203,206,202,205,202,204,202,203,201,203
290,203,289,204,288,204,287,204,286,205,285,206,284,206,283,206,282,207,281,208,280,209,279,210,278,211,277,211,276,212,275,212,274,212,273,212,272,211,271,211,270,210,269,210,268,209,267,208,266,208,265,207,264,207,263,207,262,206,262,207,262,208,261,209,260,209,259,210,258,211,258,212,257,213,257,214,256,215,256,216,256,217,256,218,256,219,257,220,258,221,259,222,260,222,261,223,262,223,263,223,264,223,265,223,266,223,267,224,268,225,269,226,270,227,271,227,272,227,273,227,274,228,275,228,276,228,277,229,278,228,279,227,280,226,280,225,281,224,282,223,283,222,284,221,285,220,285,219,286,218,287,217,287,216,288,215,289,214,290,213,291,212,292,212,293,211,293,210,294,209,295,208,294,207,294,206,294,205,293,204,292,203,291,203
307,207,306,208,305,208,304,208,303,208,303,209,302,210,301,210,300,211,299,212,298,212,297,213,296,212,296,211,296,212,295,213,294,213,293,213,292,213,291,213,290,214,289,215,288,216,288,217,287,218,286,219,286,220,285,221,284,222,283,223,282,224,281,225,281,226,280,227,279,228,278,229,278,230,278,231,278,232,278,233,278,234,279,235,280,235,281,236,282,236,283,237,284,237,285,237,286,236,287,236,288,236,289,235,290,235,291,236,292,236,293,236,294,236,295,236,296,236,297,236,298,236,299,236,300,235,301,235,302,234,303,234,304,233,305,233,306,232,307,231,308,230,309,229,310,228,311,227,312,226,313,225,313,224,314,223,314,222,315,221,315,220,315,219,316,218,316,217,316,216,316,215,316,214,316,213,316,212,315,211,315,210,314,209,313,208,312,208,311,208,310,207,309,207,308,207
141,212,140,213,139,214,138,214,137,215,137,216,136,217,135,218,135,219,134,220,134,221,134,222,133,223,133,224,134,225,134,226,135,227,135,228,135,229,135,230,136,231,136,232,136,233,137,234,136,235,137,235,138,235,139,235,140,236,141,236,142,237,143,237,144,238,145,238,146,238,147,238,148,237,149,237,150,236,151,235,152,235,153,234,154,234,154,233,154,232,155,231,156,230,156,229,156,228,156,227,156,226,156,225,156,224,155,223,155,222,155,221,154,221,153,220,153,219,152,218,151,217,150,216,149,215,148,215,147,214,146,213,145,212,144,212,143,213,142,213
185,218,184,219,183,219,182,220,181,221,180,222,179,223,178,224,178,225,178,226,178,227,177,228,177,229,177,230,178,231,178,232,178,233,179,234,180,235,181,235,182,236,183,236,184,236,185,237,185,238,186,239,187,239,188,240,189,240,190,241,191,241,192,242,193,242,194,243,195,243,196,244,197,245,197,246,197,245,197,244,198,243,198,242,198,241,199,240,199,239,199,238,199,237,199,236,199,235,199,234,199,233,199,232,199,231,199,230,199,229,199,228,199,227,199,226,199,225,199,224,199,223,198,222,197,221,196,221,195,220,194,220,193,219,192,219,191,218,190,218,189,218,188,218,187,218,186,218
104,219,103,220,102,221,101,222,101,223,101,224,101,225,101,226,101,227,101,228,102,229,102,230,103,231,104,232,105,232,106,233,107,233,108,233,109,234,110,234,111,233,112,233,113,233,114,232,115,231,116,230,116,229,117,228,117,227,116,226,116,225,115,224,115,223,114,222,113,221,112,221,111,220,110,220,109,219,108,219,107,219,106,219,105,219
167,219,166,220,165,220,164,221,163,221,162,222,161,222,160,223,160,224,160,225,159,226,159,227,159,228,159,229,158,230,159,231,159,232,160,233,161,234,162,234,163,235,164,235,165,235,166,235,167,234,168,234,169,233,170,233,171,232,172,231,173,230,173,229,173,228,173,227,173,226,174,225,174,224,173,223,172,222,171,221,170,220,169,220,168,219
204,220,203,221,202,221,201,222,200,223,200,224,200,225,200,226,200,227,200,228,200,229,200,230,200,231,200,232,200,233,200,234,200,235,200,236,200,237,200,238,200,239,200,240,199,241,199,242,199,243,198,244,199,243,200,244,201,245,201,246,202,247,202,248,203,249,204,250,205,251,206,251,207,251,208,251,209,250,210,249,211,248,212,247,213,246,214,245,214,244,214,243,215,242,216,241,216,240,217,239,217,238,218,237,218,236,219,235,219,234,220,233,220,232,220,231,220,230,220,229,220,228,220,227,220,226,219,225,219,224,218,223,217,222,216,222,215,221,214,221,213,221,212,220,211,221,210,221,209,220,208,220,207,220,206,220,205,220
270,228,269,229,268,230,268,231,268,232,268,233,269,233,270,234,271,234,272,234,273,234,274,234,275,233,276,233,277,233,277,232,277,231,277,230,276,229,275,229,274,229,273,228,272,228,271,228
249,231,248,232,247,232,246,232,245,232,244,233,243,233,242,233,241,233,240,233,239,233,238,234,237,234,236,235,235,236,234,237,233,238,232,239,232,240,232,241,231,242,231,243,231,244,231,245,230,246,230,247,230,248,230,249,230,250,230,251,229,252,230,253,230,254,231,255,231,256,232,257,232,258,233,259,234,259,235,260,236,261,237,262,238,262,239,262,240,263,241,263,242,263,243,263,244,264,245,264,246,263,247,263,248,263,249,262,249,261,250,260,251,260,252,259,253,259,254,258,255,258,255,257,256,256,256,255,257,254,258,254,259,253,259,252,260,251,261,250,262,249,263,248,263,247,264,246,263,245,264,244,263,243,264,242,263,241,263,240,262,239,261,238,261,237,260,237,259,236,258,235,258,234,258,233,257,233,256,234,255,233,254,233,253,233,252,233,251,233,250,233,249,232
153,235,152,236,151,236,150,237,149,238,148,238,147,239,147,240,146,241,146,242,146,243,146,244,146,245,146,246,146,247,147,248,147,249,148,250,149,251,149,252,149,253,150,254,150,255,150,256,150,257,151,258,151,259,152,260,152,261,153,262,153,263,154,263,155,264,156,264,157,264,158,264,159,264,160,263,161,263,162,262,163,262,164,261,164,260,164,259,164,258,165,257,165,256,165,255,165,254,165,253,166,252,166,251,166,250,166,249,166,248,165,247,165,246,165,245,165,244,164,243,164,242,164,241,164,240,163,239,162,238,162,237,161,237,160,236,159,236,158,235,157,236,156,236,155,235,154,235
136,236,135,237,135,238,135,239,135,240,135,241,136,242,136,243,137,244,138,244,139,244,140,244,141,244,142,243,143,243,143,242,144,241,144,240,144,239,143,238,142,238,141,237,140,237,139,236,138,236,137,236
185,240,184,241,183,241,182,241,181,241,180,241,179,241,178,242,177,242,176,243,175,244,174,244,173,245,172,246,171,247,170,247,169,248,169,249,168,250,167,249,167,250,167,251,167,252,166,253,166,254,166,255,166,256,166,257,165,258,165,259,165,260,165,261,165,262,166,262,167,262,168,262,169,263,170,263,171,264,172,264,173,265,174,266,175,266,176,267,177,267,178,266,179,266,180,266,181,266,182,266,183,266,184,266,185,265,186,265,187,264,188,263,189,263,190,262,191,261,191,260,192,259,193,258,193,257,194,256,194,255,194,254,194,253,195,252,195,251,195,250,195,249,196,248,196,247,196,246,196,245,195,244,194,244,193,243,192,243,191,242,190,242,189,241,188,241,187,240,186,240
326,242,325,243,324,243,323,243,322,244,322,245,321,246,320,247,320,248,319,249,319,250,319,251,319,252,319,253,319,254,319,255,320,256,320,257,321,258,321,259,322,260,323,260,324,261,325,261,326,262,327,262,328,262,329,262,330,262,331,261,332,261,333,260,334,259,334,258,335,257,336,256,337,255,337,254,337,253,338,252,338,251,338,250,338,249,337,248,337,247,337,246,336,245,335,244,334,244,333,243,332,243,331,242,330,242,329,242,328,242,327,242
283,245,283,246,282,247,282,248,282,249,282,250,281,251,281,252,280,253,279,254,279,255,279,256,279,257,279,258,279,259,279,260,279,261,280,262,280,263,280,264,281,265,282,266,282,267,283,268,284,268,285,268,286,267,287,267,288,266,289,266,290,265,291,264,292,264,293,263,294,263,295,262,296,262,297,261,298,261,299,260,300,260,301,259,302,259,303,259,304,258,305,258,306,258,307,257,308,257,309,257,309,256,309,255,308,254,308,253,308,252,307,251,307,250,306,249,305,248,304,248,303,247,302,247,301,247,300,247,299,246,298,246,297,246,296,246,295,246,294,246,293,247,292,247,291,247,290,247,289,247,288,246,287,246,286,246,285,247,284,247,283,246
218,250,217,251,216,251,215,251,214,251,213,252,212,252,211,253,210,254,210,255,210,256,210,257,210,258,210,259,211,260,211,261,212,262,212,263,213,264,213,265,213,266,213,267,213,268,214,269,214,270,214,271,214,272,214,273,214,274,215,275,215,276,215,277,216,278,217,279,218,279,219,279,220,280,221,280,222,280,223,280,224,280,225,280,226,280,227,280,228,280,229,280,230,280,230,279,231,278,231,277,232,276,233,275,234,274,234,273,234,272,234,271,234,270,234,269,235,268,234,267,234,266,233,265,233,264,233,263,233,262,232,261,232,260,232,259,231,258,231,257,230,256,230,255,229,254,229,253,228,252,227,252,226,252,225,251,224,251,223,251,222,251,221,251,220,251,219,250
307,258,306,259,305,259,304,259,303,260,302,260,301,260,300,261,299,261,298,262,297,262,296,263,295,263,294,264,293,264,292,265,291,265,290,266,289,267,288,267,287,268,286,268,285,269,284,269,284,270,284,271,284,272,285,273,285,274,285,275,286,276,286,277,286,278,287,279,287,280,288,281,288,282,289,283,290,283,291,284,292,285,293,286,294,286,295,287,296,287,297,287,298,288,299,288,300,288,301,288,302,288,303,287,304,286,305,285,306,285,307,284,308,283,309,282,310,281,311,280,312,280,313,279,314,278,314,277,315,276,316,275,316,274,316,273,317,272,317,271,317,270,317,269,316,268,316,267,316,266,315,265,315,264,314,263,313,262,312,261,311,260,310,259,309,258,308,258
197,261,196,262,195,262,194,263,193,264,192,265,192,266,191,267,191,268,190,269,191,270,191,271,190,272,190,273,191,274,191,275,192,276,193,277,193,278,194,279,194,280,195,281,195,282,196,283,196,284,197,285,198,285,199,284,200,284,201,284,202,284,203,284,204,283,205,282,206,281,207,280,207,279,207,278,208,277,208,276,208,275,209,274,209,273,209,272,209,271,210,270,210,269,210,268,210,267,209,266,209,265,208,264,207,263,206,262,205,261,204,261,203,261,202,261,201,261,200,261,199,261,198,261
263,261,262,262,261,262,260,262,259,262,258,263,257,264,256,265,255,266,254,267,253,268,253,269,252,270,251,271,251,272,251,273,251,274,251,275,251,276,251,277,251,278,252,279,253,280,253,281,254,281,255,282,256,283,257,284,258,284,259,284,260,283,261,283,262,282,263,282,264,281,265,280,266,280,267,279,268,278,268,277,269,276,269,275,270,274,270,273,270,272,271,271,270,270,271,269,270,268,270,267,269,266,269,265,269,264,268,263,267,263,266,263,265,262,264,262
330,265,329,266,328,267,327,267,326,268,325,269,325,270,324,271,324,272,323,273,323,274,323,275,322,276,322,277,322,278,322,279,322,280,322,281,322,282,322,283,323,284,323,285,324,286,325,287,326,287,327,287,328,288,329,288,330,288,331,288,332,288,333,288,334,287,335,286,336,285,337,285,338,285,339,284,339,283,340,282,341,281,342,280,342,279,342,278,342,277,342,276,342,275,341,274,341,273,341,272,341,271,341,270,340,269,340,268,339,267,339,266,338,266,337,265,336,265,335,265,334,265,333,265,332,265,331,265
183,271,182,272,181,272,180,273,179,273,179,274,178,275,177,275,177,276,176,277,176,278,175,279,175,280,174,281,174,282,174,283,174,284,174,285,174,286,175,287,175,288,175,289,176,290,177,291,178,292,179,292,180,292,181,292,182,292,183,293,184,293,185,293,186,294,187,294,188,295,189,294,190,294,191,294,192,294,193,293,194,292,195,292,196,291,197,290,197,289,197,288,197,287,197,286,196,285,195,284,195,283,194,282,194,281,193,280,193,279,192,278,192,277,191,276,190,275,190,274,189,273,188,273,187,272,186,272,185,271,184,271
325,288,324,289,323,290,322,290,321,291,320,292,319,293,319,294,318,295,318,296,317,297,317,298,317,299,317,300,316,301,316,302,316,303,317,304,317,305,317,306,317,307,318,308,318,309,319,310,320,311,321,311,322,311,323,311,324,311,325,311,326,311,327,311,328,312,329,312,330,312,331,311,332,310,333,310,334,309,335,309,336,308,337,307,338,306,338,305,339,304,340,303,340,302,340,301,341,300,341,299,341,298,341,297,341,296,341,295,341,294,341,293,340,292,339,291,338,290,337,290,336,289,335,289,334,289,333,289,332,289,331,289,330,289,329,289,328,289,327,288,326,288
221,290,220,291,219,291,218,291,217,292,216,292,215,292,214,292,213,292,212,293,211,293,210,293,209,294,208,294,207,295,206,295,205,296,204,296,203,297,202,298,201,298,200,299,199,300,198,301,197,302,197,303,197,304,196,305,196,306,196,307,196,308,196,309,196,310,196,311,196,312,197,313,197,314,198,315,199,316,200,316,201,317,202,317,203,317,204,318,205,318,206,319,207,319,208,319,209,319,210,320,211,320,212,320,213,320,214,319,215,319,216,318,217,318,218,317,219,316,220,315,220,314,221,313,221,312,221,311,222,310,222,309,222,308,222,307,222,306,222,305,222,304,222,303,223,302,223,301,223,300,223,299,224,298,224,297,225,296,225,295,225,294,225,293,225,292,225,291,224,290,223,290,222,290
178,293,178,294,177,295,178,296,178,297,178,298,178,299,178,300,179,301,179,302,180,303,181,304,182,304,183,304,184,304,185,304,186,303,187,303,187,302,188,301,188,300,188,299,188,298,188,297,188,296,187,295,186,295,185,294,184,294,183,294,182,293,181,293,180,293,179,293
235,294,234,295,233,295,232,295,231,295,230,296,229,297,228,298,228,299,227,300,227,301,227,302,226,303,226,304,226,305,225,306,225,307,225,308,224,309,225,310,225,311,225,312,226,313,226,314,227,315,227,316,228,317,229,318,230,319,231,319,232,319,233,319,234,319,235,319,236,319,237,319,238,318,239,318,240,318,241,318,242,317,243,316,244,315,245,314,245,313,245,312,246,311,247,310,247,309,248,308,249,307,250,306,250,305,250,304,251,303,251,302,250,301,250,300,249,299,249,298,248,297,247,297,246,296,245,296,244,295,243,295,242,295,241,294,240,294,239,294,238,294,237,294,236,294
296,296,295,297,294,297,293,297,292,298,291,298,290,298,289,299,288,300,287,301,286,302,285,302,284,303,283,304,282,304,281,305,280,306,280,307,279,308,279,309,279,310,279,311,279,312,279,313,279,314,279,315,279,316,280,317,281,318,282,318,283,318,284,319,285,319,286,319,287,319,288,319,289,319,290,319,291,319,292,319,293,319,294,319,295,318,296,318,297,318,298,317,299,317,300,316,301,315,302,315,303,314,304,313,305,312,306,311,307,310,307,309,308,308,308,307,308,306,308,305,308,304,308,303,307,302,307,301,306,300,305,299,304,299,303,298,302,298,301,297,300,297,299,297,298,297,297,297
262,306,261,307,260,307,259,308,258,308,257,309,256,310,255,311,254,312,253,312,252,312,251,313,250,313,249,313,248,313,247,314,246,314,245,315,244,316,243,317,242,318,241,319,241,320,241,321,241,322,241,323,241,324,241,325,242,326,242,327,243,328,244,329,245,330,246,331,247,332,248,333,249,333,250,333,251,334,252,333,253,334,254,334,255,334,256,334,257,333,258,333,259,333,260,333,261,332,262,332,263,332,264,331,265,331,266,331,267,330,268,330,269,330,270,329,271,328,272,328,273,327,274,326,275,325,275,324,276,323,276,322,276,321,276,320,277,319,277,318,276,317,277,316,277,315,276,314,276,313,275,312,275,311,274,310,273,309,272,308,271,308,270,307,269,307,268,306,267,306,266,306,265,306,264,306,263,306
315,312,314,313,314,314,314,315,314,316,314,317,314,318,314,319,314,320,314,321,314,322,315,323,315,324,316,325,316,326,317,327,317,328,318,329,319,329,320,330,321,331,322,332,323,332,324,332,325,333,326,333,327,333,328,333,329,333,330,333,331,332,332,331,333,331,334,330,335,329,335,328,335,327,336,326,336,325,336,324,337,323,337,322,337,321,338,320,338,319,338,318,337,318,336,317,335,316,334,315,333,314,332,313,331,313,330,313,329,313,328,313,327,312,326,312,325,312,324,312,323,312,322,312,321,312,320,313,319,312,318,312,317,312,316,312
302,326,301,327,300,327,299,327,298,327,297,327,296,327,295,328,294,329,293,329,292,330,291,331,290,332,290,333,290,334,290,335,290,336,290,337,291,338,291,339,292,340,293,341,294,342,295,342,296,343,297,343,298,343,299,343,300,343,301,342,302,342,303,341,303,340,304,339,304,338,305,337,305,336,305,335,306,334,306,333,306,332,306,331,306,330,306,329,306,328,305,327,304,327,303,326
227,329,226,330,225,330,224,330,223,331,222,331,222,332,221,333,220,334,220,335,220,336,220,337,220,338,220,339,221,340,221,341,222,342,223,343,224,344,225,345,226,345,227,346,228,346,229,347,230,347,231,348,232,348,233,348,234,348,235,348,236,348,237,348,238,348,239,347,240,347,241,347,242,347,243,347,244,347,245,346,245,345,246,344,246,343,246,342,247,341,247,340,247,339,247,338,246,338,245,337,245,336,244,335,244,334,243,333,242,332,241,331,240,331,239,330,238,330,237,329,236,329,235,329,234,329,233,329,232,329,231,329,230,329,229,329,228,329
248,338,248,339,248,340,248,341,247,342,247,343,247,344,246,345,246,346,245,347,246,348,247,349,248,350,248,351,249,352,250,353,250,354,251,355,252,356,253,356,254,356,255,357,256,357,257,357,258,357,259,357,260,357,261,356,262,356,263,356,264,355,265,355,266,354,267,353,267,352,268,351,268,350,268,349,269,348,269,347,269,346,269,345,269,344,269,343,268,342,268,341,267,341,266,341,265,341,264,341,263,341,262,341,261,341,260,341,259,341,258,340,257,340,256,340,255,340,254,340,253,339,252,339,251,339,250,338,249,338
280,343,279,344,278,344,277,344,276,345,275,345,275,346,274,347,274,348,274,349,274,350,274,351,274,352,274,353,275,354,275,355,276,356,277,357,278,357,279,358,280,358,281,359,282,359,283,359,284,360,285,360,286,360,287,360,288,360,289,360,290,360,291,359,292,359,293,358,294,358,295,357,296,356,297,355,298,354,298,353,298,352,298,351,298,350,297,349,297,348,296,347,295,346,294,346,293,345,292,344,291,344,290,344,289,343,288,343,287,343,286,343,285,343,284,343,283,343,282,343,281,343
344,395,343,396,342,396,341,397,340,397,339,398,338,399,338,400,338,401,338,402,338,403,338,404,338,405,339,406,340,407,341,408,342,408,343,409,344,409,345,410,346,410,347,410,348,410,349,410,350,409,351,409,352,409,353,408,354,408,355,407,355,406,356,405,356,404,356,403,356,402,356,401,356,400,355,399,355,398,354,397,353,396,352,396,351,396,350,396,349,396,348,396,347,396,346,396,345,395
293,414,292,415,291,415,290,416,289,417,288,418,288,419,288,420,288,421,288,422,288,423,288,424,288,425,289,426,290,427,291,428,292,428,293,428,294,429,295,429,296,429,297,429,298,429,299,429,300,429,301,429,302,428,303,427,304,427,305,426,306,425,307,424,307,423,307,422,307,421,307,420,307,419,306,418,305,417,304,417,303,416,302,415,301,415,300,415,299,415,298,414,297,414,296,414,295,414,294,414
366,417,365,418,364,418,363,418,362,419,361,419,360,419,359,420,358,420,357,421,356,421,355,422,354,423,353,423,353,424,352,425,351,426,351,427,351,428,351,429,351,430,351,431,351,432,352,433,353,434,354,435,354,436,355,437,356,437,357,438,358,439,359,439,360,440,361,441,362,441,363,442,364,442,365,443,366,443,367,444,368,445,369,445,370,446,371,447,372,448,373,448,374,449,375,449,376,449,377,449,378,449,379,449,380,449,381,449,382,449,383,449,384,448,385,448,386,447,387,447,388,446,388,445,388,444,389,443,389,442,389,441,389,440,390,439,390,438,390,437,390,436,390,435,390,434,391,433,390,432,390,431,389,430,389,429,388,428,388,427,387,426,386,425,385,424,384,423,383,423,382,422,381,422,380,421,379,421,378,420,377,419,376,419,375,418,374,417,373,417,372,417,371,417,370,417,369,417,368,417,367,417
117,420,116,421,115,421,114,422,113,423,113,424,113,425,112,426,113,427,113,428,113,429,114,430,115,431,115,432,116,433,116,434,117,435,117,436,118,437,118,438,118,439,118,440,118,441,118,442,118,443,118,444,118,445,118,446,118,447,119,448,119,449,120,450,121,451,122,452,123,452,124,452,125,452,126,452,127,452,128,452,129,452,130,451,131,451,132,451,133,450,134,449,135,449,136,448,137,447,138,446,139,445,140,444,141,443,142,443,143,443,144,443,145,443,146,443,147,443,148,442,149,441,149,440,149,439,149,438,150,437,150,436,149,435,149,434,149,433,148,432,148,431,148,430,148,429,148,428,147,427,147,426,147,425,146,424,146,423,145,422,144,422,143,421,142,421,141,420,140,420,139,420,138,420,137,420,136,421,135,421,134,422,133,422,132,423,131,423,130,424,129,423,128,423,127,422,126,422,125,421,124,421,123,420,122,420,121,420,120,420,119,420,118,420
278,423,277,424,276,424,275,424,274,424,273,425,272,425,271,426,270,426,269,427,269,428,268,429,267,430,266,431,266,432,265,433,265,434,265,435,265,436,264,437,264,438,264,439,265,440,266,441,266,442,267,443,268,443,269,444,270,444,271,445,272,444,273,444,274,444,275,444,276,443,277,443,278,443,279,442,280,442,281,442,282,441,283,441,284,440,285,439,286,438,286,437,287,436,287,435,288,434,288,433,287,432,287,431,287,430,287,429,287,428,286,427,285,426,284,425,283,424,282,424,281,424,280,423,279,423
163,426,162,427,161,427,160,428,159,428,158,429,158,430,157,431,157,432,156,433,156,434,156,435,156,436,156,437,156,438,156,439,156,440,156,441,157,442,157,443,158,444,159,445,160,446,161,447,162,447,163,447,164,447,165,447,166,447,167,447,168,447,169,447,170,446,171,445,172,445,173,444,174,444,174,443,175,442,175,441,175,440,176,439,176,438,176,437,176,436,176,435,176,434,176,433,176,432,175,431,174,430,174,429,173,428,172,428,171,427,170,427,169,426,168,426,167,426,166,426,165,426,164,426
186,433,185,434,184,434,183,435,182,436,181,436,180,437,179,437,178,438,177,439,176,440,176,441,176,442,175,443,175,444,175,445,175,446,175,447,175,448,175,449,176,450,176,451,177,452,178,453,179,454,180,455,181,455,182,456,183,456,184,456,185,456,186,456,187,456,188,456,189,455,190,455,191,455,192,454,193,454,194,453,195,452,196,451,196,450,197,449,198,448,198,447,199,446,199,445,199,444,198,443,198,442,198,441,197,440,197,439,197,438,196,437,195,436,195,435,194,434,193,433,192,433,191,433,190,433,189,433,188,433,187,433
101,435,100,436,99,436,98,436,97,437,96,438,95,439,94,440,94,441,93,442,93,443,93,444,93,445,93,446,93,447,94,448,95,449,95,450,96,451,97,452,98,453,99,454,100,454,101,455,102,456,103,456,104,457,105,457,106,456,107,456,108,455,109,455,110,454,111,454,112,453,113,452,113,451,114,450,114,449,115,448,115,447,115,446,115,445,115,444,115,443,115,442,115,441,115,440,114,439,113,438,112,437,111,436,110,435,109,435,108,435,107,435,106,435,105,435,104,435,103,435,102,435
329,439,328,440,327,441,326,441,326,442,325,443,324,444,324,445,323,446,323,447,323,448,323,449,322,450,321,451,321,452,322,453,322,454,322,455,322,456,322,457,322,458,322,459,322,460,322,461,322,462,322,463,322,464,322,465,323,465,324,466,325,467,326,467,327,468,328,468,329,469,330,469,331,469,332,470,333,470,334,470,335,470,336,470,337,470,338,470,339,470,340,469,341,469,342,468,343,468,344,467,345,466,346,466,347,465,348,464,348,463,348,462,349,461,348,460,348,459,348,458,348,457,348,456,348,455,348,454,348,453,347,452,347,451,347,450,346,449,346,448,345,447,345,446,344,445,343,444,342,443,341,442,340,442,339,441,338,440,337,439,336,439,335,439,334,439,333,439,332,439,331,439,330,439
299,440,298,441,297,441,296,441,295,442,294,442,293,443,292,444,291,445,291,446,290,447,290,448,289,449,289,450,289,451,288,452,288,453,288,454,288,455,288,456,288,457,288,458,288,459,288,460,289,461,289,462,289,463,290,464,290,465,291,466,292,467,292,468,292,469,293,470,293,471,294,472,295,473,296,474,297,474,298,475,299,475,300,475,301,476,302,476,303,476,304,477,305,477,306,477,307,477,308,477,309,476,310,476,311,476,312,475,313,475,314,474,315,473,316,472,317,471,318,470,319,469,319,468,320,467,321,466,321,465,321,464,321,463,321,462,321,461,321,460,321,459,321,458,321,457,321,456,321,455,321,454,321,453,320,452,320,451,319,450,319,449,318,448,318,447,317,446,316,445,315,444,314,443,313,443,312,442,311,441,310,441,309,441,308,440,307,440,306,440,305,440,304,440,303,440,302,440,301,440,300,440
262,443,261,444,260,444,259,444,258,444,257,444,256,445,255,446,255,447,254,448,254,449,254,450,254,451,254,452,254,453,255,454,255,455,255,456,256,456,257,457,258,458,259,458,260,458,261,459,262,459,263,459,264,458,265,458,266,458,267,457,268,456,269,455,270,454,271,453,271,452,271,451,271,450,271,449,270,448,270,447,270,446,270,445,269,445,268,444,267,444,266,444,265,444,264,444,263,444
362,449,361,450,360,450,359,450,358,451,357,451,356,452,355,453,354,454,354,455,353,456,353,457,352,458,351,459,351,460,350,461,349,462,349,463,349,464,348,465,348,466,348,467,348,468,348,469,348,470,348,471,348,472,348,473,348,474,348,475,348,476,348,477,348,478,348,479,348,480,348,481,349,482,349,483,350,484,351,485,352,485,353,486,354,486,355,487,356,487,357,487,358,487,359,487,360,487,361,487,362,487,363,487,364,487,365,486,366,485,367,484,368,483,369,482,370,481,371,480,372,480,373,479,374,478,375,478,376,477,377,477,378,476,378,475,378,474,379,473,379,472,379,471,380,470,380,469,380,468,380,467,380,466,380,465,380,464,380,463,380,462,380,461,380,460,379,459,379,458,379,457,378,456,378,455,377,454,377,453,376,452,376,451,375,450,374,450,373,450,372,449,371,449,370,449,369,449,368,449,367,449,366,449,365,449,364,449,363,449
399,450,398,451,397,451,396,452,395,453,394,454,394,455,394,456,394,457,394,458,394,459,394,460,394,461,395,462,395,463,396,464,397,465,398,466,399,467,399,468,400,469,400,470,401,471,401,472,402,473,402,474,403,475,403,476,404,477,405,478,405,479,406,480,407,481,408,482,409,482,410,483,411,483,412,483,413,483,414,483,415,483,416,482,417,482,418,482,419,481,420,481,420,480,421,479,421,478,421,477,421,476,421,475,421,474,421,473,421,472,421,471,421,470,421,469,420,468,420,467,419,466,419,465,418,464,418,463,417,462,416,461,416,460,415,459,414,458,413,457,412,456,411,455,410,454,409,453,408,453,407,452,406,452,405,451,404,450,403,450,402,450,401,450,400,450
64,459,63,460,62,460,61,460,60,461,59,462,58,463,57,464,57,465,56,466,55,467,55,468,54,469,54,470,54,471,54,472,54,473,54,474,55,475,56,475,57,476,58,476,59,476,60,475,61,475,62,474,63,473,64,472,65,471,65,470,66,469,66,468,67,467,67,466,67,465,67,464,67,463,67,462,66,461,65,460
89,462,88,463,87,463,86,463,85,464,84,465,83,465,82,466,82,467,81,468,81,469,81,470,81,471,81,472,81,473,81,474,81,475,82,476,83,477,83,478,84,479,85,479,86,480,87,481,88,481,89,481,90,481,91,481,92,481,93,481,94,481,95,480,96,479,97,478,97,477,98,476,98,475,98,474,98,473,98,472,98,471,98,470,98,469,97,468,97,467,96,466,95,465,94,464,93,464,92,463,91,463,90,463
158,463,157,464,156,464,155,464,154,465,153,465,152,466,151,467,150,467,149,468,148,468,147,469,146,470,145,471,145,472,145,473,144,474,144,475,144,476,143,477,143,478,143,479,143,480,143,481,143,482,143,483,143,484,143,485,143,486,143,487,143,488,144,489,144,490,144,491,144,492,145,493,145,494,145,495,146,496,146,497,147,498,148,499,149,500,150,501,151,502,152,502,153,502,154,503,155,503,156,504,157,504,158,504,159,504,160,505,161,504,162,504,163,505,164,505,165,505,166,504,167,504,168,504,169,503,170,503,171,503,172,502,173,501,174,501,175,500,176,500,177,499,178,498,179,497,180,496,180,495,181,494,182,493,182,492,183,491,183,490,183,489,183,488,184,487,184,486,184,485,184,484,184,483,184,482,184,481,183,480,183,479,183,478,183,477,182,476,182,475,182,474,181,473,181,472,180,471,179,470,178,469,177,468,176,467,175,467,174,466,173,466,172,465,171,465,170,464,169,464,168,464,167,463,166,463,165,463,164,463,163,463,162,463,161,463,160,463,159,463
108,476,107,477,106,477,105,477,104,478,103,478,102,479,101,480,100,480,99,481,98,482,97,483,96,484,95,485,94,486,94,487,93,488,92,489,92,490,91,491,91,492,90,493,90,494,89,495,88,496,88,497,88,498,88,499,87,500,87,501,87,502,87,503,87,504,88,505,88,506,88,507,89,508,89,509,89,510,89,511,90,511,91,511,92,511,93,511,94,511,95,511,96,511,97,511,98,511,99,511,100,511,101,511,102,511,103,511,104,511,105,511,106,511,107,511,108,511,109,511,110,511,111,511,112,511,113,511,114,511,115,511,116,511,117,511,118,511,119,511,120,511,121,511,122,511,123,511,124,511,125,511,126,511,127,511,128,511,129,511,130,510,131,510,132,510,132,509,133,508,134,507,134,506,134,505,135,504,135,503,135,502,135,501,135,500,135,499,135,498,135,497,135,496,135,495,135,494,135,493,135,492,135,491,135,490,134,489,134,488,133,487,133,486,132,485,131,484,130,483,129,482,128,481,127,481,126,480,125,479,124,479,123,478,122,477,121,477,120,477,119,476,118,476,117,476,116,476,115,476,114,476,113,476,112,476,111,476,110,476,109,476
208,476,207,477,206,477,205,478,204,479,203,480,202,481,202,482,201,483,201,484,201,485,201,486,201,487,202,488,202,489,203,490,203,491,204,492,205,493,206,493,207,494,208,494,209,495,210,495,211,496,212,497,212,498,213,499,213,500,214,501,215,502,215,503,216,504,217,505,218,506,219,506,220,507,221,507,222,507,223,507,224,507,225,507,226,507,227,507,228,507,229,506,230,506,231,505,232,504,233,503,234,502,234,501,235,500,235,499,235,498,235,497,235,496,235,495,235,494,234,493,234,492,233,491,233,490,232,489,231,488,230,488,229,487,228,487,227,486,226,485,225,485,224,484,223,483,222,482,221,481,220,480,220,479,219,478,218,478,217,477,216,477,215,476,214,476,213,476,212,476,211,476,210,476,209,476
378,477,377,478,376,478,375,479,374,479,373,480,372,481,371,481,370,482,369,483,368,484,367,485,366,486,365,487,365,488,365,489,365,490,365,491,364,492,364,493,364,494,364,495,365,496,365,497,365,498,365,499,365,500,365,501,365,502,366,503,366,504,366,505,367,506,367,507,367,508,368,508,369,509,370,510,371,510,372,510,373,510,374,511,375,511,376,511,377,511,378,511,379,511,380,511,381,511,382,511,383,511,384,511,385,511,386,511,387,511,388,510,389,510,390,510,391,510,392,510,393,510,394,510,395,510,396,509,396,508,396,507,396,506,397,505,397,504,397,503,397,502,397,501,397,500,397,499,398,498,398,497,398,496,398,495,398,494,398,493,397,492,397,491,397,490,397,489,397,488,397,487,396,486,396,485,396,484,395,483,394,482,394,481,393,480,392,480,391,479,390,479,389,478,388,478,387,478,386,477,385,478,384,478,383,478,382,478,381,478,380,478,379,478
288,479,287,480,286,480,285,480,284,481,283,481,282,482,281,483,280,484,279,485,278,485,278,486,277,487,276,488,275,489,274,490,274,491,274,492,274,493,273,494,273,495,273,496,273,497,273,498,273,499,273,500,274,501,274,502,274,503,275,504,275,505,276,506,276,507,277,508,278,508,279,509,280,510,281,510,282,510,283,510,284,510,285,511,286,511,287,511,288,511,289,511,290,511,291,511,292,511,293,511,294,511,295,511,296,511,297,511,298,511,299,511,300,511,301,510,302,509,303,508,303,507,304,506,304,505,305,504,305,503,305,502,305,501,305,500,305,499,305,498,305,497,305,496,304,495,304,494,304,493,304,492,304,491,303,490,303,489,302,488,301,487,301,486,300,485,299,484,298,483,297,483,296,482,295,481,294,481,293,480,292,479,291,479,290,479,289,479
59,489,58,490,57,490,56,491,55,491,54,492,53,493,52,493,51,494,50,495,50,496,49,497,49,498,49,499,48,500,48,501,48,502,48,503,48,504,49,505,49,506,50,507,50,508,50,509,51,510,52,510,53,510,54,510,55,510,56,510,57,511,58,511,59,511,60,510,61,510,62,510,63,510,64,510,65,510,66,510,67,510,68,509,68,508,69,507,69,506,70,505,71,504,71,503,71,502,71,501,71,500,71,499,71,498,71,497,71,496,71,495,70,494,69,493,69,492,68,492,67,491,66,491,65,490,64,490,63,489,62,489,61,489,60,489
405,490,404,491,403,491,402,492,402,493,401,494,400,495,399,495,399,496,399,497,399,498,398,499,398,500,398,501,398,502,398,503,398,504,398,505,397,506,397,507,397,508,397,509,398,510,399,510,400,510,401,510,402,511,403,511,404,511,405,511,406,511,407,511,408,511,409,511,410,511,411,511,412,511,413,511,414,511,415,510,416,510,417,509,417,508,418,507,418,506,418,505,418,504,418,503,418,502,418,501,418,500,417,499,417,498,417,497,416,496,415,495,415,494,414,493,413,493,412,492,411,491,410,491,409,490,408,490,407,490,406,490
261,493,260,494,259,494,258,495,257,495,256,495,255,496,254,497,253,497,253,498,253,499,253,500,253,501,253,502,253,503,253,504,253,505,253,506,254,507,255,508,256,508,257,509,258,509,259,510,260,510,261,510,262,510,263,510,264,510,265,510,266,510,267,510,268,509,269,508,270,508,271,507,272,506,272,505,273,504,272,503,273,502,273,501,272,500,272,499,272,498,271,497,270,496,269,495,268,495,267,494,266,494,265,493,264,493,263,493,262,493
