59,3,58,4,57,5,56,6,55,7,55,8,55,9,54,10,54,11,53,12,53,13,53,14,53,15,54,16,55,17,56,17,57,18,58,18,59,18,60,18,61,18,62,17,63,17,64,16,65,16,66,15,67,14,67,13,68,12,68,11,68,10,68,9,68,8,67,7,67,6,66,5,65,4,64,4,63,3,62,3,61,3,60,3
63,29,62,30,61,30,60,30,59,31,58,31,57,32,56,33,55,33,55,34,55,35,55,36,55,37,56,38,57,39,57,40,58,41,59,42,60,42,61,43,62,43,63,44,64,44,65,45,66,45,67,45,68,46,69,46,70,46,71,46,72,46,73,45,74,44,75,43,76,42,76,41,76,40,77,39,77,38,77,37,76,36,76,35,76,34,76,33,75,32,74,32,73,31,72,31,71,31,70,30,69,30,68,30,67,30,66,30,65,29,64,29
35,32,34,33,33,33,32,33,31,34,30,34,29,35,28,36,27,37,27,38,27,39,27,40,27,41,28,42,28,43,29,44,30,45,31,46,32,46,33,47,34,47,35,47,36,47,37,47,38,46,39,46,40,46,41,45,42,45,43,44,43,43,44,42,45,41,45,40,45,39,45,38,45,37,45,36,44,35,43,34,42,33,41,33,40,33,39,32,38,32,37,32,36,32
59,47,58,48,57,49,57,50,56,51,56,52,56,53,56,54,57,55,58,56,59,57,60,58,61,59,62,59,63,60,64,61,65,61,66,62,67,62,68,62,69,62,70,62,71,62,72,62,73,62,74,62,75,62,76,62,77,62,78,62,79,62,79,61,79,60,80,59,80,58,81,57,81,56,81,55,81,54,81,53,81,52,80,51,79,50,79,49,78,49,77,48,76,47,75,47,74,47,73,47,72,47,71,47,70,47,69,47,68,48,67,48,66,47,65,47,64,47,63,47,62,47,61,47,60,47
55,54,54,55,53,56,52,57,51,58,51,59,51,60,50,61,50,62,50,63,49,64,49,65,49,66,49,67,50,68,50,69,50,70,51,71,52,72,53,73,54,74,55,75,56,76,57,77,57,78,58,79,59,80,60,80,61,81,62,81,63,81,64,82,65,82,66,81,67,81,68,81,69,81,70,82,71,82,72,82,73,81,74,81,75,80,76,80,77,80,78,79,79,78,80,77,81,76,81,75,82,74,82,73,82,72,82,71,82,70,82,69,82,68,82,67,81,66,81,65,80,64,79,63,78,63,77,63,76,63,75,63,74,63,73,63,72,63,71,63,70,63,69,63,68,63,67,63,66,63,65,62,64,62,63,61,62,60,61,60,60,59,59,58,58,57,57,56,56,55
73,106,72,107,71,107,70,107,69,108,68,109,67,109,66,110,65,111,65,112,64,113,64,114,64,115,64,116,64,117,65,118,66,119,66,120,67,121,68,122,69,122,70,123,71,124,72,125,73,125,74,125,75,126,76,126,77,126,78,126,79,125,80,125,81,124,82,124,83,123,84,122,85,121,86,120,86,119,86,118,87,117,87,116,87,115,87,114,87,113,87,112,86,111,85,110,84,109,83,108,82,108,81,107,80,107,79,107,78,106,77,106,76,106,75,106,74,106
189,139,188,140,187,141,186,141,185,142,184,142,183,143,182,143,181,144,180,144,179,144,178,145,177,145,176,145,175,145,174,145,173,145,172,145,171,146,170,146,169,147,168,148,167,149,166,150,165,151,165,152,165,153,165,154,165,155,164,156,164,157,165,158,166,158,167,159,168,160,169,160,170,161,171,162,172,163,173,164,174,165,175,166,176,167,177,168,178,169,178,170,179,171,180,171,181,171,182,171,183,171,184,170,185,170,186,170,187,171,188,171,189,171,190,171,191,172,192,172,193,171,194,171,195,170,196,170,197,170,198,169,198,168,199,167,200,166,201,165,201,164,202,163,203,162,204,161,205,160,205,159,206,158,207,158,207,157,207,156,206,155,206,154,205,153,206,152,206,151,206,150,206,149,205,148,204,147,203,146,203,145,202,144,201,143,200,142,199,141,198,140,197,140,196,139,195,139,194,139,193,139,192,139,191,139,190,139
86,140,85,141,84,142,83,142,82,143,81,144,80,145,80,146,79,147,78,148,78,149,77,150,77,151,77,152,77,153,77,154,77,155,77,156,78,157,78,158,79,159,80,160,81,160,82,161,83,161,84,161,85,162,86,162,87,162,88,162,89,162,90,162,91,162,92,161,93,161,94,161,95,160,96,159,97,159,97,158,98,157,98,156,98,155,99,154,99,153,99,152,99,151,98,150,98,149,98,148,98,147,97,146,97,145,96,144,95,143,94,142,93,141,92,141,91,141,90,141,89,141,88,141,87,140
163,158,162,159,161,159,160,159,159,160,158,161,157,161,156,162,155,163,154,164,153,165,153,166,152,167,152,168,151,169,151,170,151,171,150,172,150,173,150,174,151,175,152,176,152,177,153,177,154,177,155,178,156,178,157,178,158,178,159,178,160,179,161,179,162,179,163,179,164,179,165,179,166,179,167,179,168,180,169,180,170,180,171,180,172,180,173,180,174,181,174,180,175,179,176,179,176,178,176,177,177,176,177,175,178,174,178,173,179,172,178,171,177,170,177,169,176,168,175,167,174,166,173,165,172,164,171,163,170,162,169,161,168,161,167,160,166,159,165,159,164,158
208,158,207,159,206,160,205,161,204,162,203,163,202,164,202,165,201,166,200,167,199,168,199,169,198,170,197,171,198,172,197,173,196,173,197,174,196,175,195,176,194,175,194,176,194,177,194,178,193,179,193,180,193,181,193,182,192,183,192,184,193,183,194,184,194,185,195,186,196,187,197,188,197,189,197,190,197,191,197,192,198,193,199,194,199,195,200,196,200,197,201,198,201,199,201,200,202,201,202,202,202,203,202,204,203,205,203,206,203,207,204,207,205,208,205,209,205,210,206,211,206,212,207,213,208,213,209,213,210,213,211,214,212,213,213,213,214,213,215,213,216,213,217,213,218,213,219,213,220,213,221,213,222,213,223,213,224,213,225,213,226,213,227,213,227,212,228,211,228,210,228,209,227,208,227,207,227,206,226,205,226,204,226,203,226,202,226,201,226,200,227,199,227,198,228,197,228,196,228,195,229,194,229,193,230,192,231,191,231,190,232,189,233,188,233,187,234,186,235,185,236,184,237,183,238,182,239,181,240,180,241,180,242,179,243,178,243,177,243,176,244,175,243,174,244,173,243,172,243,171,243,170,242,169,241,168,240,168,239,168,238,167,237,166,236,166,235,166,234,166,233,165,232,165,231,165,230,165,229,164,228,164,227,164,226,163,225,163,224,162,223,162,222,161,221,161,220,161,219,161,218,160,217,160,216,159,215,159,214,159,213,158,212,159,211,159,210,158,209,158
184,171,183,172,182,172,181,172,180,172,179,173,179,174,178,175,178,176,177,177,177,178,177,179,176,180,176,181,177,181,178,182,179,183,180,184,180,185,181,186,182,186,183,186,184,187,185,187,186,187,187,186,188,186,189,185,190,184,191,184,191,183,192,182,192,181,192,180,192,179,193,178,193,177,193,176,193,175,192,175,191,174,192,173,191,173,190,172,189,172,188,172,187,172,186,171,185,171
183,188,182,189,181,190,180,191,180,192,179,193,178,193,178,194,177,195,176,196,175,196,176,197,175,198,175,199,175,200,175,201,175,202,175,203,175,204,175,205,176,206,176,207,176,208,176,209,176,210,177,211,177,212,177,213,178,214,178,215,179,216,180,216,181,216,182,216,183,216,184,217,185,217,186,217,187,217,188,216,189,216,190,216,191,215,192,215,193,215,194,214,195,214,196,213,197,212,197,211,198,210,199,211,199,210,199,209,200,208,201,207,202,207,202,206,202,205,201,204,201,203,201,202,201,201,200,200,200,199,200,198,199,197,199,196,198,195,198,194,197,193,196,192,195,192,194,191,193,192,192,191,191,191,190,191,189,190,188,190,187,189,186,189,185,189,184,189
157,196,156,197,155,197,154,197,153,198,154,199,153,200,153,201,153,202,152,203,152,204,152,205,152,206,152,207,152,208,152,209,152,210,152,211,153,212,154,213,155,214,156,215,157,215,158,215,159,216,160,216,161,216,162,216,163,217,164,217,165,217,166,217,167,217,168,218,169,217,170,217,171,217,172,217,173,217,174,216,175,216,176,216,177,215,177,214,176,213,176,212,176,211,175,210,175,209,175,208,175,207,175,206,174,205,174,204,174,203,174,202,174,201,174,200,174,199,174,198,174,197,173,197,172,197,171,197,170,197,169,197,168,197,167,197,166,197,165,197,164,197,163,196,162,196,161,196,160,196,159,196,158,196
264,218,263,219,262,219,261,219,260,220,259,220,258,221,257,222,256,222,255,223,254,224,253,225,252,225,251,226,250,227,249,228,248,228,247,229,246,230,245,231,244,231,243,232,242,232,241,233,240,233,239,233,238,234,237,234,238,235,238,236,238,237,238,238,238,239,238,240,237,241,238,242,237,243,236,244,237,245,236,246,236,247,236,248,235,249,235,250,235,251,236,252,236,253,236,254,237,255,237,256,237,257,238,258,238,259,238,260,238,261,238,262,238,263,239,264,239,265,240,266,241,267,242,267,243,268,244,268,245,268,246,268,247,269,248,269,249,269,250,268,251,268,252,268,253,268,254,268,255,268,256,267,257,267,258,267,259,267,260,267,261,266,262,266,263,265,264,265,265,264,266,263,267,263,268,262,269,262,270,261,271,260,272,259,273,258,274,257,275,257,276,256,277,256,277,255,278,254,279,253,280,252,281,251,282,250,282,249,282,248,283,247,283,246,283,245,284,244,284,243,284,242,284,241,283,240,284,239,283,238,283,237,282,236,282,235,282,234,282,233,282,232,282,231,281,230,280,230,279,229,278,228,277,228,276,227,275,226,274,225,273,225,272,224,273,223,272,223,271,222,271,221,270,220,269,221,268,220,267,220,266,219,265,218
69,224,68,225,67,225,66,226,65,226,64,227,63,228,63,229,62,230,62,231,62,232,62,233,62,234,63,235,63,236,64,237,65,238,66,239,67,240,68,241,69,241,70,241,71,242,72,242,73,242,74,242,75,241,76,241,77,240,78,240,79,239,80,238,80,237,81,236,81,235,81,234,82,233,81,232,81,231,81,230,80,229,79,228,79,227,78,226,77,226,76,225,75,225,74,224,73,224,72,224,71,224,70,224
203,254,202,255,201,255,200,256,199,256,198,257,198,258,197,259,197,260,198,261,199,262,199,263,200,264,201,264,202,265,203,266,204,267,205,267,206,268,207,268,208,268,209,268,210,268,211,267,212,267,213,267,214,266,214,265,214,264,214,263,214,262,213,261,213,260,213,259,212,258,212,257,211,256,210,256,209,255,208,254,207,254,206,254,205,254,204,254
225,264,224,265,223,265,222,265,221,265,220,266,219,266,218,267,217,267,216,268,215,269,214,270,213,271,212,272,211,273,210,273,209,274,208,275,207,276,207,277,206,278,206,279,205,280,205,281,205,282,204,283,204,284,204,285,204,286,204,287,204,288,204,289,205,290,205,291,205,292,206,293,207,293,208,294,209,294,210,295,211,295,212,295,213,295,214,295,215,296,216,296,217,296,218,296,219,296,220,296,221,296,222,296,223,296,224,296,225,296,226,296,227,296,228,295,229,295,230,295,231,294,232,294,233,293,234,293,235,293,236,293,236,292,237,291,237,290,238,289,238,288,239,287,239,286,240,285,240,284,241,283,241,282,242,281,241,280,241,279,240,278,240,277,239,276,239,275,238,274,238,273,238,272,238,271,237,270,236,269,236,268,235,268,234,267,233,267,232,266,231,265,230,265,229,265,228,264,227,264,226,264
254,277,253,278,252,278,251,278,250,279,249,279,248,280,247,280,246,280,245,281,244,282,243,281,242,282,242,283,241,284,241,285,240,286,240,287,239,288,239,289,238,290,238,291,237,292,237,293,237,294,238,295,238,296,239,297,240,298,241,299,242,300,243,300,244,301,245,301,246,301,247,301,248,302,249,302,250,302,251,302,252,302,253,302,254,302,255,301,256,301,257,300,258,299,259,299,260,298,261,297,262,296,263,295,264,295,264,294,265,293,266,292,266,291,267,290,267,289,267,288,267,287,268,286,267,285,267,284,266,283,266,282,265,281,264,280,263,279,262,279,261,278,260,278,259,278,258,277,257,277,256,277,255,277
423,336,422,337,422,338,422,339,423,340,424,340,425,340,426,340,426,339,427,338,426,337,425,336,424,336
166,399,165,400,164,400,163,400,162,401,161,402,161,403,160,404,159,405,158,406,158,407,159,408,159,409,160,410,160,411,160,412,160,413,160,414,160,415,161,416,161,417,160,418,160,419,161,419,162,420,163,421,164,422,165,422,166,423,167,424,168,424,169,424,170,424,171,424,172,425,173,425,174,426,175,426,176,426,177,427,178,427,179,427,180,427,181,427,182,427,183,428,184,428,185,429,186,428,187,428,188,428,189,428,190,428,191,428,192,427,193,427,194,426,195,426,196,426,197,426,197,425,198,424,199,423,199,422,200,421,201,420,200,419,199,418,199,417,198,416,198,415,197,414,197,413,196,412,195,411,194,410,193,410,192,409,191,408,190,408,189,407,188,407,187,406,186,406,185,405,184,404,183,404,182,403,181,402,180,401,179,401,178,400,177,399,176,399,175,399,174,399,173,399,172,399,171,399,170,399,169,399,168,399,167,399
149,406,148,407,147,407,146,407,145,408,144,408,143,409,142,410,142,411,141,412,140,412,140,413,141,414,141,415,142,416,142,417,143,418,143,419,144,420,145,421,146,421,147,421,148,422,149,422,150,422,151,423,152,423,153,422,154,422,155,421,156,421,157,421,158,420,159,419,159,418,160,417,160,416,159,415,159,414,159,413,159,412,159,411,159,410,158,409,158,408,157,407,157,406,156,407,155,407,154,406,153,406,152,406,151,406,150,406
126,408,125,409,124,409,123,410,122,411,122,412,121,413,121,414,120,415,120,416,120,417,120,418,120,419,120,420,120,421,121,422,122,423,123,424,124,425,125,425,126,425,127,426,128,426,129,426,130,427,131,427,132,426,133,426,134,426,135,425,136,425,137,424,138,423,138,422,139,421,139,420,140,419,140,418,140,417,140,416,140,415,140,414,139,413,138,413,137,412,136,411,135,410,134,409,133,409,132,408,131,408,130,408,129,408,128,408,127,408
99,410,98,411,97,412,96,412,95,413,95,414,94,415,94,416,94,417,93,418,93,419,92,420,92,421,92,422,92,423,92,424,92,425,91,426,90,427,89,428,88,429,87,429,86,430,85,431,84,432,83,433,82,434,81,434,80,435,79,436,78,437,77,438,76,438,75,438,74,439,73,440,72,440,72,441,72,442,72,443,73,444,73,445,74,445,75,446,75,447,76,447,77,448,78,448,79,449,80,449,81,450,82,449,83,449,84,448,85,448,86,447,87,447,88,446,89,446,90,446,91,446,92,446,93,446,94,447,95,447,96,447,97,447,98,447,99,447,100,447,101,447,102,446,103,446,104,445,105,445,106,444,107,443,108,442,109,441,110,440,110,439,111,438,111,437,111,436,112,435,112,434,112,433,113,432,113,431,113,430,114,429,114,428,114,427,114,426,115,425,115,424,115,423,116,422,116,421,116,420,116,419,115,418,115,417,115,416,114,415,113,414,112,414,111,413,110,412,109,411,108,411,107,410,106,410,105,410,104,410,103,410,102,410,101,410,100,410
212,418,211,419,210,419,209,419,208,419,207,419,206,420,205,420,204,420,203,421,202,420,201,421,200,422,200,423,199,424,198,425,198,426,198,427,198,428,198,429,198,430,198,431,198,432,198,433,199,434,199,435,199,436,199,437,199,438,200,439,200,440,200,441,201,442,201,443,201,444,201,445,202,446,203,447,204,448,205,448,206,449,207,449,208,449,209,448,210,448,211,448,212,447,213,446,214,446,215,445,216,444,217,443,218,442,219,441,219,440,220,439,220,438,221,437,221,436,221,435,222,434,222,433,222,432,222,431,222,430,222,429,222,428,221,427,221,426,221,425,220,424,220,423,219,422,218,421,217,420,216,419,215,419,214,418,213,418
121,440,120,441,119,441,118,441,117,442,116,443,115,444,114,445,113,446,113,447,113,448,112,449,112,450,111,451,110,452,110,453,109,454,109,455,109,456,109,457,108,458,108,459,108,460,108,461,109,462,109,463,109,464,109,465,109,466,109,467,109,468,109,469,110,470,110,471,110,472,110,473,111,474,111,475,111,476,112,477,113,478,113,479,114,480,115,481,116,482,117,483,118,483,119,484,120,485,121,485,122,486,123,486,124,487,125,487,126,487,127,488,128,488,129,488,130,488,131,488,132,487,133,487,134,487,135,486,136,486,137,485,138,485,139,484,140,484,140,483,141,482,142,482,142,481,143,480,143,479,144,478,144,477,144,476,144,475,144,474,144,473,144,472,144,471,144,470,144,469,144,468,144,467,144,466,144,465,144,464,144,463,143,462,143,461,143,460,143,459,143,458,143,457,142,456,142,455,142,454,141,453,141,452,140,451,140,450,139,449,139,448,138,448,137,447,137,446,136,445,136,444,135,443,134,443,133,442,132,442,131,441,130,440,129,440,128,440,127,440,126,440,125,440,124,440,123,440,122,440
176,443,175,444,174,444,173,444,172,444,171,444,170,445,169,445,168,445,167,445,166,446,165,446,164,447,163,447,162,448,161,449,160,449,160,450,159,451,158,452,157,453,157,454,156,455,155,456,155,457,155,458,154,459,154,460,154,461,154,462,154,463,153,464,153,465,153,466,153,467,153,468,153,469,153,470,153,471,154,472,154,473,155,474,155,475,155,476,155,477,156,478,156,479,157,480,157,481,158,482,159,483,160,484,161,485,162,486,163,486,164,486,165,487,166,487,167,487,168,487,169,487,170,487,171,487,172,487,173,487,174,487,175,487,176,487,177,488,178,488,179,488,180,488,181,488,182,488,183,488,184,488,185,488,186,488,187,488,188,487,189,487,190,486,191,486,192,485,193,484,194,484,195,483,196,482,197,481,198,480,199,479,200,478,200,477,200,476,201,475,201,474,201,473,201,472,202,471,202,470,202,469,201,468,201,467,202,466,202,465,202,464,202,463,202,462,202,461,201,460,201,459,201,458,200,457,200,456,200,455,199,454,198,453,197,452,196,451,195,450,194,450,193,449,192,448,191,447,190,446,189,445,188,445,187,444,186,444,185,444,184,444,183,444,182,444,181,444,180,444,179,444,178,444,177,444
346,444,345,445,344,445,343,446,342,446,341,447,340,448,340,449,339,450,338,451,337,452,337,453,336,454,336,455,336,456,335,457,335,458,336,459,336,460,337,461,338,462,338,463,339,464,340,465,340,466,341,467,342,468,342,469,343,470,344,471,344,472,345,473,346,472,347,473,348,473,349,473,350,474,351,474,352,474,353,474,354,474,355,474,356,474,357,474,358,473,359,473,360,472,361,471,362,470,363,469,363,468,364,467,364,466,365,465,365,464,365,463,365,462,365,461,365,460,365,459,365,458,365,457,365,456,364,455,364,454,364,453,363,452,363,451,362,450,362,449,361,448,360,447,359,447,358,446,357,446,356,445,355,445,354,445,353,444,352,444,351,444,350,444,349,444,348,444,347,444
232,455,231,456,230,456,229,456,228,457,227,458,226,458,225,459,225,460,224,461,223,462,223,463,223,464,223,465,223,466,223,467,222,468,223,469,223,470,223,471,223,472,224,473,224,474,225,475,226,476,227,477,228,477,229,478,230,478,231,478,232,478,233,479,234,479,235,478,236,478,237,478,238,478,239,477,240,477,241,477,242,476,243,476,244,475,245,474,246,473,246,472,246,471,247,470,247,469,247,468,247,467,247,466,246,465,245,464,245,463,244,462,243,461,242,460,241,459,240,459,239,458,238,458,237,457,236,456,235,456,234,456,233,455
324,455,323,456,322,456,321,456,320,457,319,457,318,458,317,458,316,459,315,459,314,460,314,461,313,462,313,463,313,464,313,465,313,466,313,467,313,468,314,469,314,470,314,471,315,472,315,473,316,474,316,475,317,476,318,477,319,478,320,479,321,480,322,481,323,482,324,483,325,484,326,484,327,484,328,484,329,485,330,485,331,485,332,485,333,485,334,485,335,484,336,484,337,484,338,483,339,482,340,481,341,480,342,479,342,478,343,477,343,476,343,475,343,474,344,473,343,472,343,471,342,470,341,469,341,468,340,467,339,466,339,465,338,464,337,463,337,462,336,461,335,460,335,459,334,458,334,457,333,458,332,458,331,457,330,456,329,456,328,456,327,456,326,456,325,456
54,456,53,457,52,457,51,458,51,459,50,460,50,461,50,462,49,463,49,464,49,465,49,466,49,467,49,468,50,469,50,470,50,471,50,472,51,473,51,474,52,475,52,476,53,477,54,478,55,479,56,480,57,480,58,481,59,481,60,482,61,482,62,483,63,483,64,483,65,484,66,484,67,484,68,484,69,484,70,484,71,483,72,483,73,483,73,482,74,481,74,480,75,479,76,478,76,477,77,476,77,475,77,474,77,473,77,472,77,471,77,470,76,469,76,468,75,467,74,466,74,465,73,464,73,463,72,462,71,462,70,461,69,460,68,459,67,459,66,458,65,458,64,457,63,457,62,456,61,456,60,456,59,456,58,456,57,456,56,456,55,456
85,456,84,457,83,458,82,458,82,459,82,460,82,461,82,462,82,463,83,464,83,465,84,466,85,466,86,466,87,465,88,465,89,465,89,464,90,463,90,462,90,461,90,460,91,459,91,458,90,457,89,457,88,456,87,456,86,456
94,456,93,457,92,457,92,458,92,459,91,460,91,461,91,462,91,463,90,464,90,465,90,466,90,467,91,468,91,469,91,470,92,471,92,472,93,473,94,473,95,473,96,473,97,473,98,473,99,472,100,472,101,471,102,470,102,469,103,468,103,467,103,466,104,465,104,464,103,463,103,462,103,461,102,460,102,459,101,458,100,457,99,457,98,457,97,456,96,456,95,456
290,481,289,482,288,483,287,483,286,484,285,485,285,486,284,487,284,488,283,489,283,490,283,491,283,492,283,493,283,494,283,495,284,496,284,497,284,498,285,499,285,500,286,501,286,502,287,503,288,503,289,504,290,505,291,506,292,506,293,506,294,506,295,507,296,506,297,506,298,505,299,504,299,503,300,502,300,501,301,500,301,499,302,498,303,497,304,496,304,495,305,494,305,493,305,492,305,491,305,490,305,489,304,488,303,487,303,486,302,485,301,485,300,484,299,483,298,482,297,482,296,481,295,481,294,481,293,481,292,481,291,481
100,484,99,485,98,485,97,485,96,486,95,486,94,487,93,487,92,488,91,489,90,490,89,490,88,491,87,492,86,492,85,493,84,493,83,493,82,494,81,494,80,495,80,496,79,497,78,498,78,499,77,500,77,501,77,502,76,503,76,504,76,505,75,506,75,507,76,508,76,509,76,510,77,511,78,511,79,511,80,511,81,511,82,511,83,511,84,511,85,511,86,511,87,511,88,511,89,511,90,511,91,511,92,511,93,511,94,511,95,511,96,511,97,511,98,511,99,511,100,511,101,511,102,511,103,511,104,511,105,511,106,511,107,511,108,511,109,511,110,511,111,511,112,511,113,511,114,511,115,511,116,511,117,511,118,511,119,511,120,511,121,511,122,511,123,511,124,510,124,509,125,508,125,507,125,506,125,505,125,504,125,503,124,502,124,501,124,500,123,499,123,498,122,497,121,496,121,495,120,494,119,493,119,492,118,491,117,490,116,489,115,488,114,488,113,487,112,486,111,486,110,485,109,485,108,485,107,485,106,485,105,485,104,485,103,484,102,484,101,484
375,485,374,486,373,486,372,486,371,486,370,486,369,486,368,487,367,488,366,488,365,489,364,489,363,490,362,491,361,492,360,492,359,493,358,494,358,495,357,496,357,497,356,498,356,499,356,500,356,501,356,502,356,503,357,504,357,505,357,506,358,507,359,508,359,509,360,509,361,509,362,510,363,510,364,511,365,511,366,511,367,511,368,511,369,511,370,511,371,511,372,511,373,511,374,510,375,510,376,510,377,510,378,510,379,509,380,509,381,508,382,508,383,507,383,506,384,505,385,504,385,503,386,502,386,501,386,500,386,499,386,498,386,497,386,496,386,495,386,494,386,493,385,492,385,491,384,490,383,489,382,488,381,487,380,487,379,486,378,486,377,486,376,486
54,486,53,487,52,487,51,488,50,488,49,489,48,490,47,490,46,491,46,492,46,493,45,494,45,495,44,496,44,497,44,498,44,499,44,500,45,501,45,502,45,503,45,504,46,505,46,506,47,507,48,508,49,508,50,509,51,510,51,511,52,510,53,510,54,510,55,510,56,510,57,510,58,510,59,510,60,510,61,510,62,510,63,510,64,510,65,509,66,509,67,509,68,509,69,508,69,507,70,506,70,505,70,504,71,503,71,502,70,501,70,500,69,499,69,498,69,497,69,496,68,495,67,494,67,493,66,492,65,491,64,490,63,489,62,488,61,488,60,487,59,487,58,486,57,486,56,486,55,486
204,492,203,493,202,493,201,493,200,494,199,494,198,495,197,495,196,496,195,497,194,497,193,498,192,499,191,500,190,501,189,502,189,503,188,504,188,505,188,506,188,507,187,508,187,509,187,510,188,511,189,511,190,511,191,511,192,511,193,511,194,511,195,511,196,511,197,511,198,511,199,511,200,511,201,511,202,511,203,511,204,511,205,511,206,511,207,511,208,511,209,511,210,511,211,511,212,511,213,511,214,511,215,511,216,510,217,510,218,510,219,510,220,510,221,510,222,509,222,508,222,507,221,506,220,505,221,504,221,503,221,502,220,501,219,500,218,499,218,498,217,497,217,496,216,495,215,494,214,494,213,493,212,493,211,492,210,492,209,492,208,492,207,492,206,492,205,492
329,493,328,494,327,494,326,494,325,495,325,496,324,497,324,498,323,499,322,500,322,501,322,502,321,503,320,504,320,505,320,506,320,507,320,508,320,509,321,510,322,510,323,511,324,511,325,511,326,511,327,511,328,511,329,511,330,511,331,511,332,511,333,511,334,511,335,511,336,511,337,511,338,511,339,511,340,511,341,511,342,511,343,511,344,510,345,510,346,510,346,509,347,508,347,507,347,506,347,505,346,504,346,503,345,502,345,501,344,500,344,499,343,498,342,497,341,496,340,495,339,495,338,494,337,494,336,493,335,493,334,493,333,493,332,493,331,493,330,493
