89,78,88,79,87,80,87,81,87,82,86,83,86,84,86,85,85,86,85,87,85,88,85,89,86,90,86,91,87,92,88,93,89,93,90,93,91,93,92,93,93,93,94,93,95,92,96,92,97,91,97,90,98,89,99,89,99,88,100,87,100,86,100,85,100,84,100,83,99,82,98,81,97,80,96,79,95,79,94,78,93,78,92,78,91,78,90,78
121,107,120,108,119,108,118,108,117,109,116,110,115,110,115,111,114,112,114,113,113,114,113,115,112,116,112,117,111,118,111,119,111,120,110,121,110,122,110,123,110,124,110,125,110,126,110,127,110,128,110,129,110,130,111,131,111,132,112,133,112,134,113,135,114,136,115,137,116,137,117,138,118,138,119,138,120,138,121,138,122,137,123,137,124,136,125,136,126,135,126,134,127,133,127,132,128,131,128,130,129,129,129,128,129,127,130,126,130,125,130,124,130,123,130,122,130,121,131,120,130,119,131,118,131,117,131,116,130,115,130,114,130,113,129,112,129,111,128,110,127,109,126,109,125,108,124,108,123,108,122,107
173,141,172,142,171,143,170,143,170,144,169,145,169,146,169,147,169,148,168,149,168,150,168,151,168,152,168,153,169,154,169,155,169,156,170,157,171,158,171,159,171,160,172,160,173,161,174,161,175,162,176,162,177,161,178,160,179,160,180,160,181,160,182,159,183,159,184,159,185,158,186,157,187,157,188,156,189,156,189,155,190,154,190,153,191,152,191,151,192,150,193,149,194,148,193,147,194,146,194,145,193,144,193,143,192,142,191,142,190,142,189,141,188,141,187,141,186,141,185,141,184,141,183,141,182,141,181,141,180,141,179,141,178,141,177,141,176,141,175,141,174,141
198,148,197,149,196,149,195,149,194,149,193,150,192,151,192,152,191,153,191,154,190,155,190,156,189,157,189,158,190,159,190,160,190,161,190,162,190,163,191,164,192,165,192,166,193,167,194,168,195,169,196,169,197,170,198,170,199,171,200,171,201,171,202,171,203,171,204,171,205,171,206,171,207,171,208,171,209,171,210,171,211,171,212,170,213,169,214,168,214,167,215,166,215,165,215,164,215,163,216,162,216,161,216,160,217,159,217,158,216,157,215,156,214,155,213,154,212,153,212,152,211,151,210,150,209,149,208,149,207,149,206,149,205,149,204,148,203,148,202,149,201,148,200,148,199,148
223,153,223,154,222,155,221,156,220,157,219,158,218,158,218,159,217,160,217,161,217,162,216,163,216,164,216,165,216,166,215,167,215,168,214,169,215,170,215,171,215,172,215,173,215,174,216,175,216,176,216,177,217,178,217,179,217,180,218,181,218,182,218,183,218,184,219,185,220,186,221,186,222,187,223,187,224,188,225,188,226,189,227,190,228,190,229,191,230,192,231,192,232,193,233,193,234,193,235,193,236,194,237,193,238,192,239,191,239,190,240,189,240,188,241,187,241,186,241,185,241,184,242,183,242,182,242,181,242,180,242,179,242,178,241,177,241,176,240,175,240,174,239,173,238,172,237,171,237,170,237,169,237,168,237,167,237,166,237,165,238,164,238,163,239,162,239,161,238,160,238,159,237,158,236,157,235,156,234,155,233,154,232,154,231,153,230,153,229,153,228,153,227,153,226,153,225,153,224,154
240,162,239,163,239,164,238,165,238,166,238,167,238,168,238,169,238,170,238,171,239,172,240,173,241,174,241,175,242,176,242,177,243,178,243,179,243,180,243,181,243,182,243,183,242,184,242,185,242,186,242,187,241,188,241,189,240,190,240,191,239,192,238,193,237,194,236,195,235,196,235,197,234,198,234,199,234,200,234,201,234,202,234,203,234,204,235,205,235,206,235,207,236,207,237,207,237,206,238,205,239,204,240,203,241,203,242,203,243,203,244,203,245,202,246,202,247,201,248,200,249,200,250,199,251,198,252,198,253,197,254,197,255,197,256,196,257,195,257,194,257,193,258,192,259,192,259,191,259,190,260,189,260,188,261,187,261,186,261,185,261,184,261,183,261,182,261,181,261,180,261,179,261,178,260,177,260,176,259,175,259,174,258,173,257,172,256,172,255,171,254,170,253,170,252,169,251,168,250,167,249,166,248,166,247,165,246,164,245,164,244,163,243,163,242,163,241,162
177,166,176,167,175,168,174,169,173,170,173,171,172,172,172,173,171,174,171,175,170,176,170,177,169,178,169,179,169,180,169,181,169,182,170,183,170,184,171,185,171,186,171,187,172,188,172,189,173,189,174,189,175,189,176,189,177,189,178,189,179,189,180,190,181,190,182,190,183,189,184,189,185,189,186,188,187,187,188,187,189,186,190,186,191,185,192,185,193,185,193,184,193,183,194,182,194,181,194,180,194,179,194,178,194,177,194,176,193,175,193,174,192,173,191,172,191,171,190,171,189,170,188,169,187,169,186,168,185,168,184,168,183,167,182,167,181,167,180,167,179,167,178,166
199,172,198,173,198,174,197,175,197,176,196,177,195,178,195,179,195,180,195,181,195,182,194,183,194,184,194,185,194,186,195,187,195,188,195,189,196,190,196,191,196,192,197,193,198,194,199,195,200,195,201,195,202,196,203,196,204,196,205,197,206,197,207,196,208,195,208,194,209,193,210,192,211,191,211,190,212,189,213,188,214,187,215,186,216,185,215,184,215,183,215,182,216,181,216,180,216,179,216,178,215,177,215,176,215,175,214,174,214,173,213,173,212,172,211,172,210,172,209,172,208,172,207,172,206,172,205,172,204,172,203,172,202,172,201,172,200,172
156,181,155,182,154,182,153,182,152,183,151,184,150,184,149,185,148,186,147,187,147,188,146,189,145,190,145,191,146,192,146,193,146,194,145,195,145,196,145,197,146,198,146,199,146,200,146,201,147,202,147,203,148,204,148,205,149,206,150,206,151,207,152,207,153,207,154,207,155,207,156,207,157,207,158,206,159,205,160,204,161,203,162,202,163,202,164,201,164,200,165,199,166,198,167,197,167,196,168,195,168,194,169,193,169,192,170,191,171,190,171,189,171,188,170,187,170,186,170,185,169,184,169,183,168,182,168,181,167,181,166,181,165,181,164,181,163,181,162,181,161,181,160,181,159,181,158,181,157,181
217,185,216,186,215,187,214,188,213,189,212,190,212,191,211,192,210,193,209,194,209,195,208,196,207,197,206,198,207,199,208,200,208,201,209,202,210,203,211,204,212,205,213,205,214,205,215,205,216,205,217,206,218,206,219,206,220,205,221,206,222,206,223,205,224,206,225,206,226,206,227,206,228,205,229,206,230,207,231,207,232,208,233,208,233,207,232,206,233,205,233,204,233,203,233,202,233,201,233,200,232,199,231,198,231,197,230,196,230,195,230,194,229,193,229,192,228,191,227,191,226,190,225,189,224,189,223,188,222,188,221,187,220,187,219,186,218,185
172,190,171,191,170,192,170,193,169,194,169,195,168,196,168,197,168,198,168,199,168,200,168,201,169,202,169,203,169,204,170,205,171,206,171,207,172,208,173,209,174,210,175,211,176,212,177,213,178,214,179,215,180,215,181,216,182,216,183,217,184,217,185,217,186,216,187,216,188,216,189,216,190,216,191,215,192,214,193,214,194,214,195,213,196,212,197,211,197,210,198,209,198,208,198,207,198,206,198,205,198,204,198,203,198,202,197,201,197,200,196,199,196,198,196,197,196,196,195,195,194,194,193,194,192,194,191,194,190,193,189,193,188,192,187,192,186,192,185,191,184,190,183,190,182,191,181,191,180,191,179,190,178,190,177,190,176,190,175,190,174,190,173,190
160,207,159,208,158,208,157,208,156,208,155,208,154,209,154,210,153,211,153,212,152,213,152,214,152,215,152,216,152,217,152,218,152,219,152,220,152,221,153,222,153,223,153,224,154,225,154,226,154,227,155,228,156,228,157,229,158,229,159,229,160,229,161,229,162,229,163,229,164,229,165,229,166,229,167,229,168,230,169,230,170,229,170,228,171,227,171,226,171,225,171,224,171,223,171,222,172,221,172,220,172,219,172,218,172,217,171,216,171,215,171,214,171,213,171,212,170,211,169,210,168,210,167,209,166,209,165,209,164,208,163,208,162,208,161,208
224,207,223,208,222,208,221,209,220,209,219,210,219,211,218,212,218,213,217,214,216,214,216,215,216,216,216,217,217,218,217,219,218,220,218,221,218,222,219,223,219,224,219,225,220,226,220,227,221,228,222,229,223,229,224,229,225,228,226,228,227,227,228,226,229,225,229,224,230,223,231,222,232,221,232,220,233,219,233,218,233,217,233,216,234,215,234,214,234,213,233,212,233,211,233,210,233,209,232,209,231,208,230,208,229,207,228,207,227,207,226,207,225,207
280,210,279,211,278,212,277,212,276,212,275,212,274,212,273,213,273,214,272,215,271,216,271,217,270,218,270,219,270,220,270,221,269,222,269,223,268,224,268,225,268,226,267,227,267,228,267,229,267,230,267,231,267,232,267,233,268,234,269,235,270,236,271,236,272,236,273,236,274,236,275,236,276,236,277,235,278,235,279,234,280,234,281,233,282,232,283,231,284,230,285,229,285,228,285,227,286,226,286,225,286,224,287,223,287,222,287,221,287,220,287,219,287,218,286,217,286,216,286,215,286,214,285,213,285,212,285,211,284,211,283,210,282,210,281,210
210,214,209,215,208,215,207,215,206,215,205,216,204,216,203,217,202,218,201,219,201,220,201,221,201,222,201,223,201,224,201,225,201,226,200,227,201,228,201,229,202,230,202,231,203,232,203,233,204,234,204,235,205,235,206,236,207,237,208,238,209,238,210,239,211,239,212,239,213,239,214,239,215,238,215,237,216,236,217,235,218,234,219,233,220,232,221,231,221,230,221,229,220,228,219,227,219,226,218,225,218,224,218,223,217,222,217,221,217,220,216,219,216,218,215,217,215,216,215,215,215,214,214,214,213,214,212,214,211,214
247,214,247,215,246,216,245,216,244,217,243,218,243,219,243,220,243,221,242,222,242,223,242,224,242,225,242,226,242,227,242,228,242,229,243,230,243,231,244,232,244,233,245,234,246,235,247,236,248,237,249,238,250,239,251,240,252,241,253,242,254,242,255,241,256,241,257,240,258,240,259,239,260,238,261,237,261,236,261,235,261,234,261,233,261,232,260,231,260,230,259,229,259,228,258,227,258,226,258,225,257,224,256,223,256,222,255,221,254,220,253,219,253,218,252,217,251,217,250,216,249,216,248,215
296,214,295,215,294,216,293,216,292,217,291,217,290,218,290,219,289,220,288,221,288,222,288,223,287,224,287,225,287,226,286,227,286,228,286,229,285,230,285,231,285,232,285,233,285,234,285,235,285,236,285,237,285,238,286,239,287,239,288,239,289,239,290,239,291,239,292,240,293,240,294,240,295,240,296,240,297,239,298,239,299,239,300,239,301,239,302,239,303,238,304,238,305,238,306,237,307,236,307,235,308,234,308,233,309,232,310,231,310,230,311,229,311,228,311,227,311,226,311,225,310,224,309,223,308,222,307,221,306,221,305,220,305,219,305,218,304,217,304,216,303,215,302,215,301,214,300,214,299,214,298,214,297,214
193,223,192,224,191,224,190,225,189,225,188,226,187,226,186,227,185,228,184,228,183,229,183,230,183,231,182,232,182,233,181,234,181,235,180,236,180,237,179,238,179,239,179,240,180,241,180,242,180,243,180,244,181,245,181,246,181,247,181,248,181,249,182,248,183,248,184,248,185,247,186,247,187,247,188,247,189,246,190,246,191,246,192,246,193,246,194,246,195,246,196,246,197,246,198,246,198,245,199,244,200,244,200,243,201,242,201,241,202,240,202,239,202,238,202,237,203,236,203,235,203,234,202,233,202,232,201,231,201,230,200,229,200,228,199,227,198,226,197,226,196,225,195,224,194,223
154,229,154,230,153,231,152,232,152,233,151,234,151,235,151,236,151,237,151,238,151,239,151,240,152,241,153,242,154,242,155,243,156,243,157,244,158,244,159,245,160,245,161,245,162,245,163,245,164,245,165,244,166,243,166,242,167,241,167,240,168,239,169,238,169,237,169,236,169,235,169,234,169,233,169,232,169,231,168,231,167,230,166,230,165,230,164,230,163,230,162,230,161,230,160,230,159,230,158,230,157,230,156,229,155,229
314,231,313,232,312,232,311,233,310,234,309,235,308,235,308,236,307,237,306,238,307,239,307,240,308,241,308,242,309,243,310,244,310,245,311,246,312,247,313,247,314,247,315,247,316,247,317,247,318,246,319,246,320,246,321,246,322,245,323,244,324,243,324,242,324,241,325,240,325,239,325,238,325,237,325,236,324,235,324,234,323,234,322,233,321,232,320,232,319,231,318,231,317,231,316,231,315,231
233,233,232,234,231,235,230,236,229,237,229,238,228,239,228,240,227,241,227,242,227,243,227,244,227,245,227,246,227,247,227,248,228,249,228,250,229,251,230,252,230,253,231,254,232,255,233,256,234,256,235,257,236,257,237,257,238,258,239,258,240,257,241,257,242,256,243,256,244,256,245,256,246,256,247,255,248,255,249,255,250,254,250,253,250,252,251,251,252,250,252,249,253,248,253,247,253,246,253,245,253,244,253,243,252,242,251,241,250,240,249,239,248,238,247,237,246,236,245,235,244,234,243,234,242,234,241,234,240,233,239,233,238,233,237,233,236,233,235,233,234,233
170,237,170,238,169,239,168,240,168,241,167,242,167,243,166,244,165,245,165,246,166,247,166,248,166,249,167,250,167,251,168,252,169,253,169,254,170,255,171,255,172,254,173,254,174,254,175,253,176,253,177,252,178,251,179,250,180,249,180,248,180,247,180,246,180,245,179,244,179,243,179,242,179,241,178,240,178,239,177,239,176,238,175,238,174,238,173,237,172,237,171,237
284,239,283,240,282,240,281,241,280,242,279,243,278,244,277,245,276,246,276,247,275,248,275,249,275,250,275,251,275,252,275,253,276,254,277,255,278,256,279,256,280,257,281,257,282,257,283,257,284,257,285,258,286,258,287,258,288,258,289,258,290,258,291,258,292,259,293,259,294,260,295,260,296,261,296,262,297,262,298,262,299,262,300,262,301,262,302,261,303,261,304,261,305,261,306,260,307,260,308,259,309,259,309,258,310,257,310,256,311,255,311,254,311,253,311,252,312,251,312,250,312,249,312,248,311,247,310,246,309,245,309,244,308,243,307,242,307,241,306,240,306,239,305,239,304,239,303,239,302,240,301,240,300,240,299,240,298,240,297,240,296,241,295,241,294,241,293,241,292,241,291,240,290,240,289,240,288,240,287,240,286,240,285,239
189,247,188,248,187,248,186,248,185,248,184,249,183,249,182,249,181,250,180,250,179,251,178,252,177,253,176,254,175,254,174,255,173,255,172,255,171,256,170,257,170,258,170,259,170,260,169,261,169,262,169,263,168,264,168,265,169,266,169,267,170,268,171,268,172,268,173,268,174,269,175,269,176,268,177,267,178,267,179,267,180,266,181,266,182,265,183,265,184,265,185,264,186,264,187,263,188,263,189,263,190,262,191,262,192,262,193,261,194,261,195,261,196,260,197,260,197,259,198,258,199,257,200,256,201,255,201,254,201,253,202,252,202,251,201,250,201,249,200,249,199,248,198,247,197,247,196,247,195,247,194,247,193,247,192,247,191,247,190,247
219,248,218,249,217,249,216,250,215,250,214,251,214,252,213,253,212,254,212,255,212,256,212,257,212,258,212,259,213,260,214,261,215,262,216,263,217,263,218,263,219,263,220,264,221,264,222,264,223,264,224,264,225,263,226,263,227,263,228,263,228,262,228,261,228,260,229,259,229,258,230,257,230,256,231,255,230,254,229,253,229,252,228,251,227,250,227,249,226,248,225,248,224,248,223,248,222,248,221,248,220,248
321,254,320,255,319,255,318,256,317,256,316,257,315,258,314,259,314,260,313,261,313,262,313,263,312,264,312,265,313,266,313,267,313,268,313,269,314,270,315,271,316,272,317,272,318,272,319,272,320,273,321,273,322,273,323,273,324,272,325,272,326,272,327,271,328,270,329,269,330,268,331,267,331,266,331,265,331,264,331,263,331,262,331,261,331,260,330,259,330,258,329,257,328,256,327,255,326,255,325,254,324,254,323,254,322,254
254,258,253,259,252,259,251,260,250,261,249,262,248,262,247,263,246,264,245,264,244,265,243,266,242,267,241,268,240,269,239,270,238,271,237,272,236,272,235,272,235,273,234,274,234,275,233,276,232,277,232,278,231,279,231,280,230,281,230,282,231,283,231,284,231,285,232,285,233,285,234,285,235,285,236,285,237,285,238,285,239,285,240,285,241,284,242,284,243,284,244,284,245,284,246,283,247,283,248,282,249,282,250,281,251,280,252,279,253,278,254,277,255,276,256,276,257,275,258,274,259,273,260,273,261,272,261,271,262,270,262,269,262,268,263,267,263,266,263,265,264,264,264,263,263,262,263,261,263,260,262,260,261,259,260,258,259,258,258,258,257,258,256,258,255,258
196,261,195,262,194,262,193,262,192,263,191,263,190,263,189,264,188,264,187,264,186,265,185,265,184,266,183,266,182,266,181,267,180,267,179,268,178,268,177,268,176,269,175,270,175,271,175,272,175,273,175,274,175,275,176,276,176,277,176,278,177,279,178,280,178,281,179,282,179,283,180,284,181,285,182,286,182,287,183,288,184,289,185,289,186,290,187,290,188,291,189,291,190,291,191,292,192,292,193,292,194,292,195,292,196,292,197,291,198,290,199,289,200,288,200,287,201,286,202,285,203,284,203,283,204,282,204,281,204,280,205,279,205,278,206,277,206,276,206,275,206,274,206,273,207,272,207,271,206,270,206,269,205,268,205,267,204,266,203,265,202,264,201,263,200,262,199,262,198,262,197,261
271,261,270,262,269,262,268,263,267,264,266,264,265,265,264,265,264,266,264,267,263,268,263,269,263,270,262,271,262,272,261,273,262,274,262,275,262,276,262,277,263,278,263,279,264,280,265,281,266,281,267,282,268,282,269,283,270,283,271,283,272,283,273,283,274,283,275,283,276,282,277,282,278,281,279,281,280,280,281,279,281,278,282,277,282,276,283,275,283,274,283,273,283,272,283,271,283,270,282,269,282,268,281,267,280,266,280,265,279,264,278,263,277,262,276,261,275,261,274,261,273,261,272,261
296,263,296,264,295,265,295,266,294,267,294,268,293,269,292,270,291,271,291,272,291,273,290,274,290,275,290,276,289,277,289,278,289,279,289,280,289,281,289,282,289,283,290,284,291,285,292,286,293,286,294,286,295,287,296,287,297,287,298,287,299,287,300,287,301,287,302,286,303,285,304,285,305,285,306,284,307,283,308,283,308,282,309,281,309,280,310,279,310,278,311,277,311,276,312,275,312,274,312,273,311,272,312,271,311,270,311,269,310,268,310,267,309,266,308,266,307,266,306,265,305,265,304,265,303,265,302,265,301,265,300,264,300,263,299,263,298,263,297,263
228,268,227,269,226,269,225,269,224,270,223,270,222,270,221,271,220,271,219,271,218,271,217,272,216,272,215,272,214,273,213,274,212,274,211,274,210,275,209,275,208,276,207,276,207,277,206,278,206,279,205,280,205,281,205,282,204,283,204,284,204,285,204,286,205,287,206,287,207,288,208,288,209,289,210,289,211,289,212,289,213,288,214,288,215,288,216,288,217,287,218,287,219,287,220,286,221,286,222,285,223,284,224,284,225,284,226,283,227,282,228,281,229,281,230,280,230,279,231,278,231,277,232,276,233,275,233,274,234,273,234,272,233,271,233,270,232,269,231,269,230,268,229,268
314,282,313,283,312,284,311,284,311,285,310,286,309,287,309,288,308,289,308,290,307,291,306,292,306,293,306,294,305,295,305,296,305,297,306,298,306,299,306,300,306,301,307,302,308,302,309,303,310,303,311,304,312,304,313,303,314,303,315,303,316,303,317,302,318,302,319,301,320,301,321,300,322,299,323,298,323,297,323,296,324,295,325,294,326,293,326,292,327,291,327,290,327,289,327,288,327,287,326,286,326,285,325,284,324,283,323,283,322,283,321,282,320,282,319,282,318,282,317,282,316,282,315,282
253,283,252,284,251,284,250,285,249,286,249,287,249,288,248,289,248,290,248,291,248,292,247,293,247,294,247,295,246,296,246,297,246,298,246,299,246,300,246,301,247,302,247,303,247,304,248,305,248,306,248,307,249,308,249,309,250,310,250,311,251,312,252,311,253,312,254,312,255,312,256,311,257,311,258,311,259,311,260,311,261,310,262,310,263,309,264,308,265,307,266,306,267,305,267,304,268,303,268,302,268,301,268,300,269,299,269,298,269,297,269,296,269,295,269,294,269,293,269,292,268,291,268,290,267,289,267,288,266,288,265,287,264,286,263,286,262,285,261,285,260,284,259,284,258,284,257,283,256,283,255,283,254,283
224,288,223,289,222,289,221,290,220,291,219,292,219,293,218,294,218,295,217,296,217,297,217,298,217,299,218,300,218,301,219,302,220,302,221,303,222,303,223,303,224,303,225,303,226,304,227,303,228,303,229,303,230,303,231,302,232,301,233,300,234,299,235,298,235,297,236,296,236,295,236,294,237,293,236,292,236,291,235,290,234,290,233,289,232,289,231,288,230,288,229,288,228,288,227,288,226,288,225,288
294,296,293,297,292,297,291,298,290,298,289,298,288,299,287,299,286,299,286,300,286,301,285,302,285,303,285,304,285,305,285,306,285,307,285,308,285,309,285,310,285,311,285,312,285,313,285,314,285,315,285,316,286,316,287,316,288,316,289,316,290,316,291,317,292,317,293,317,294,316,295,316,296,316,297,316,298,316,299,315,299,314,300,313,301,312,302,311,303,310,303,309,304,308,304,307,304,306,304,305,304,304,304,303,304,302,304,301,304,300,304,299,303,298,303,297,302,297,301,296,300,296,299,296,298,296,297,296,296,296,295,296
240,297,239,298,238,298,237,299,236,299,235,299,234,300,233,301,232,302,231,303,230,304,230,305,229,306,228,307,228,308,228,309,228,310,227,311,227,312,228,313,228,314,229,315,230,316,230,317,231,318,232,319,233,320,233,321,234,322,235,322,236,322,237,322,238,322,239,322,240,322,241,322,242,322,243,321,244,321,245,320,246,320,247,319,247,318,248,317,248,316,249,315,249,314,250,313,250,312,249,311,249,310,248,309,248,308,247,307,247,306,247,305,246,304,246,303,246,302,245,301,245,300,244,299,243,298,242,298,241,297
280,297,279,298,278,298,277,298,276,299,275,299,274,300,273,301,272,301,271,302,270,303,269,303,268,304,268,305,267,306,266,307,265,308,266,309,265,310,264,311,264,312,264,313,265,314,265,315,265,316,266,317,267,318,268,319,269,320,270,320,271,320,272,320,273,320,274,319,275,319,276,319,277,319,278,319,279,318,280,318,281,317,282,317,283,316,284,316,284,315,284,314,284,313,284,312,284,311,284,310,284,309,284,308,284,307,284,306,284,305,284,304,284,303,284,302,285,301,285,300,285,299,284,298,283,298,282,298,281,297
322,300,321,301,320,302,319,302,318,303,317,303,316,304,315,304,314,304,313,304,312,305,311,305,310,306,309,306,308,307,307,308,306,308,305,309,304,309,304,310,303,311,302,312,301,313,300,314,300,315,299,316,298,317,297,318,297,319,297,320,297,321,297,322,297,323,298,324,299,324,300,324,301,324,302,324,303,324,304,323,305,323,306,322,307,322,308,321,309,320,310,320,311,319,312,318,313,318,314,317,315,316,316,316,317,315,318,314,319,314,320,313,321,312,322,312,323,311,324,311,325,310,326,310,327,309,328,308,328,307,328,306,328,305,328,304,328,303,327,302,326,301,325,301,324,300,323,300
245,323,244,324,243,325,242,326,242,327,241,328,241,329,240,330,239,331,239,332,239,333,239,334,239,335,239,336,240,337,240,338,241,339,242,340,243,341,244,341,245,342,246,343,247,343,248,344,249,344,250,344,251,344,252,343,253,343,254,342,255,341,256,340,256,339,256,338,256,337,256,336,256,335,257,334,257,333,257,332,257,331,257,330,256,329,256,328,256,327,255,326,254,325,253,324,252,323,251,323,250,323,249,323,248,323,247,323,246,323
278,323,277,324,276,324,275,325,274,326,273,327,272,327,271,328,270,329,269,330,268,331,267,332,266,333,265,334,265,335,264,336,263,337,263,338,263,339,263,340,263,341,263,342,263,343,263,344,264,345,265,345,266,345,267,346,268,346,269,345,270,345,271,344,272,344,273,344,274,343,275,342,276,341,277,341,278,340,279,340,279,339,280,338,281,337,282,336,282,335,283,334,283,333,284,332,284,331,284,330,284,329,285,328,285,327,284,326,283,325,282,324,281,324,280,323,279,323
327,330,326,331,325,331,324,331,323,332,322,332,321,333,320,333,319,333,318,334,317,334,316,334,315,335,314,335,313,336,312,336,311,337,310,338,309,339,308,340,307,341,307,342,306,343,306,344,305,345,306,346,306,347,306,348,307,348,308,349,309,349,310,349,311,348,312,348,313,348,314,348,315,348,316,348,317,347,318,347,319,346,320,346,321,346,322,345,323,345,324,345,325,345,326,345,327,344,328,344,329,344,330,344,331,343,332,343,333,342,334,341,335,340,336,339,336,338,336,337,337,336,336,335,336,334,335,333,335,332,334,332,333,331,332,331,331,331,330,331,329,331,328,330
301,331,300,332,299,333,298,333,297,334,296,335,295,336,294,337,294,338,293,339,292,340,292,341,291,342,290,343,290,344,289,345,289,346,288,347,288,348,287,349,287,350,287,351,287,352,287,353,288,354,289,354,290,354,291,354,292,353,293,353,294,353,295,352,296,351,297,351,298,350,299,349,300,348,301,347,302,346,303,345,304,344,305,343,306,342,306,341,307,340,308,339,309,338,310,337,311,336,311,335,312,334,311,333,311,332,310,332,309,332,308,331,307,331,306,331,305,331,304,331,303,331,302,331
282,339,281,340,280,340,279,341,278,341,277,342,276,342,275,343,274,344,273,345,272,346,272,347,271,348,271,349,270,350,270,351,270,352,271,353,271,354,272,355,273,356,274,357,275,357,276,357,277,357,278,357,279,357,280,356,281,356,282,355,283,354,284,353,284,352,284,351,285,350,285,349,286,348,286,347,286,346,287,345,287,344,287,343,287,342,286,341,286,340,285,339,284,339,283,339
317,348,316,349,315,349,314,349,313,349,312,349,311,349,310,350,309,350,308,351,307,351,306,352,305,353,304,354,303,354,302,355,301,356,300,356,299,357,298,357,297,358,297,359,296,360,295,361,295,362,294,363,294,364,293,365,293,366,293,367,293,368,294,369,295,369,296,369,297,369,298,369,299,368,300,368,301,367,302,366,303,366,304,365,305,364,306,363,307,362,308,361,309,361,310,360,311,359,312,358,313,357,314,357,315,356,316,356,317,355,318,354,318,353,319,352,320,351,320,350,320,349,319,348,318,348
332,349,331,350,330,350,329,351,328,351,327,352,326,352,325,352,324,353,323,353,322,354,321,355,320,355,319,355,318,356,317,356,316,357,315,357,314,358,314,359,313,360,312,360,311,361,310,362,309,363,308,364,307,365,307,366,306,367,306,368,306,369,306,370,307,371,308,371,309,372,310,372,311,372,312,371,313,371,314,371,315,371,316,371,317,371,318,370,319,370,320,369,321,368,322,367,323,367,324,366,325,366,326,365,327,365,328,365,329,365,330,364,331,364,332,363,333,363,334,362,335,362,336,361,337,361,338,360,339,360,340,359,341,358,341,357,342,356,342,355,342,354,342,353,341,352,341,351,340,350,339,350,338,349,337,349,336,349,335,349,334,349,333,349
345,360,344,361,343,361,342,361,341,361,340,361,339,361,338,361,337,362,336,362,335,363,334,363,333,364,332,364,331,365,330,365,329,366,328,366,327,367,326,368,326,369,326,370,325,371,326,372,327,373,328,373,329,373,330,373,331,373,332,373,333,372,334,372,335,372,336,372,337,372,338,371,339,371,340,371,341,371,342,372,343,371,344,371,345,371,346,371,347,370,348,370,349,369,350,369,351,368,352,367,352,366,352,365,352,364,352,363,352,362,351,361,350,361,349,361,348,360,347,360,346,360
338,373,337,374,336,374,335,374,334,375,333,375,332,376,331,376,330,376,329,377,328,377,327,378,326,378,325,378,324,379,323,379,322,380,321,380,320,381,319,381,318,382,317,383,317,384,316,385,316,386,317,387,317,388,318,389,319,389,320,390,321,390,322,390,323,390,324,390,325,390,326,390,327,390,328,389,329,389,330,389,331,388,332,388,333,388,334,387,335,387,336,386,337,386,338,385,339,385,340,385,341,385,342,384,343,384,344,383,345,383,346,382,347,381,348,381,349,380,349,379,349,378,349,377,349,376,348,375,347,375,346,374,345,374,344,373,343,374,342,373,341,374,340,373,339,373
352,394,351,395,350,395,349,395,348,395,347,395,346,395,345,396,344,396,343,397,342,397,341,398,340,398,339,399,338,400,337,401,337,402,337,403,337,404,338,404,339,404,340,405,341,405,342,405,343,405,344,405,345,405,346,406,347,406,348,406,349,406,350,406,351,406,352,406,353,406,354,405,355,405,356,404,357,403,358,402,358,401,358,400,358,399,357,398,357,397,356,396,355,395,354,395,353,395
352,411,351,412,350,412,349,413,348,413,347,414,346,414,345,415,344,415,343,415,342,415,341,414,341,415,340,416,339,417,338,418,337,419,336,420,335,421,334,421,333,422,332,423,331,423,330,424,330,425,330,426,331,427,332,427,333,428,334,429,335,429,336,429,337,430,338,430,339,430,340,430,341,430,342,430,343,430,344,430,345,430,346,430,347,430,348,430,349,429,350,429,351,428,352,428,353,427,354,426,355,426,356,425,357,425,358,425,359,424,360,423,361,423,362,422,363,421,363,420,364,419,364,418,365,417,364,416,364,415,364,414,363,413,362,412,361,411,360,411,359,411,358,411,357,411,356,411,355,411,354,411,353,411
330,412,329,413,328,413,327,413,326,413,325,413,324,414,323,414,323,415,322,416,322,417,323,418,323,419,324,420,325,420,326,421,327,421,328,422,329,423,330,423,331,422,332,422,333,421,334,420,335,420,336,419,337,418,338,417,339,416,340,415,340,414,339,413,338,413,337,412,336,412,335,412,334,412,333,412,332,412,331,412
370,420,369,421,368,421,367,421,366,422,365,423,364,424,363,425,362,426,361,427,361,428,360,429,359,430,359,431,358,432,357,433,357,434,357,435,357,436,357,437,357,438,357,439,358,440,358,441,359,442,360,442,361,443,362,443,363,444,364,444,365,444,366,443,367,443,368,442,369,442,370,441,371,440,372,439,373,439,373,438,374,437,375,436,376,435,377,434,378,433,378,432,378,431,378,430,378,429,378,428,378,427,378,426,377,425,377,424,377,423,376,423,375,422,374,421,373,421,372,421,371,420
313,421,312,422,311,422,311,423,310,424,309,425,308,426,308,427,308,428,308,429,308,430,308,431,308,432,309,433,309,434,309,435,310,436,311,437,312,438,313,439,314,440,315,440,316,441,317,441,318,441,319,442,320,442,321,442,322,442,323,442,324,442,325,441,326,441,327,440,328,440,329,439,330,439,330,438,331,437,331,436,331,435,331,434,331,433,331,432,331,431,330,430,330,429,329,428,328,427,327,426,326,426,325,425,324,424,323,424,322,423,321,422,320,422,319,422,318,421,317,421,316,421,315,421,314,421
284,428,283,429,282,429,281,429,280,430,279,431,278,431,277,432,277,433,276,434,276,435,275,436,275,437,275,438,274,439,274,440,274,441,274,442,275,443,275,444,276,445,277,445,278,446,279,447,280,447,281,447,282,447,283,448,284,448,285,448,286,448,287,447,288,446,289,445,290,445,291,444,292,443,293,442,294,441,294,440,295,439,295,438,295,437,295,436,295,435,295,434,294,433,294,432,293,431,292,430,291,429,290,429,289,429,288,429,287,429,286,428,285,428
387,429,386,430,385,430,384,430,383,431,382,432,381,433,380,433,379,433,378,434,377,435,376,436,375,437,374,438,374,439,373,440,372,440,371,441,370,442,369,443,368,443,367,444,366,444,365,445,364,445,363,445,362,446,361,447,361,448,361,449,361,450,361,451,362,452,363,453,363,454,364,455,365,456,366,457,367,458,368,459,369,460,370,461,371,461,372,462,372,463,373,463,374,464,375,465,376,465,377,466,378,466,379,466,380,466,381,466,382,466,383,466,384,466,385,465,386,465,387,465,388,464,389,464,390,463,391,463,392,462,393,461,393,460,394,459,394,458,394,457,394,456,394,455,395,454,395,453,395,452,395,451,396,450,396,449,397,448,397,447,397,446,397,445,397,444,397,443,397,442,397,441,397,440,397,439,397,438,397,437,396,436,396,435,396,434,395,433,394,432,394,431,393,431,392,430,391,430,390,429,389,429,388,429
129,449,128,450,127,450,126,450,125,450,124,451,123,451,122,452,121,452,120,453,120,454,119,455,119,456,118,457,118,458,118,459,118,460,117,461,117,462,117,463,117,464,118,465,118,466,118,467,119,468,120,469,121,470,122,471,123,471,124,471,125,471,126,472,127,471,128,471,129,471,130,470,131,470,132,469,133,469,134,468,135,467,136,466,136,465,137,464,138,464,137,463,138,462,138,461,138,460,138,459,138,458,138,457,138,456,138,455,137,454,136,453,135,452,134,451,133,450,132,450,131,450,130,450
335,451,334,452,333,452,332,452,331,452,330,453,329,454,328,454,327,455,326,456,325,457,325,458,324,459,323,460,323,461,322,462,322,463,321,464,321,465,321,466,321,467,321,468,321,469,321,470,321,471,321,472,321,473,322,474,322,475,322,476,323,477,324,478,324,479,325,480,325,481,326,482,327,483,328,484,329,485,330,486,331,486,332,487,333,487,334,486,335,486,336,486,337,486,338,486,339,486,340,486,341,485,342,485,343,485,344,485,345,484,346,484,347,483,348,483,349,483,350,482,351,482,352,481,353,480,354,479,355,478,355,477,355,476,356,475,356,474,356,473,357,472,357,471,357,470,357,469,357,468,357,467,357,466,356,465,356,464,356,463,356,462,356,461,356,460,355,459,354,458,354,457,353,456,352,455,351,455,350,454,349,453,348,453,347,452,346,452,345,452,344,452,343,451,342,451,341,451,340,451,339,451,338,451,337,451,336,451
147,455,146,456,145,456,144,457,143,458,142,459,142,460,141,461,140,462,139,463,139,464,139,465,139,466,138,467,138,468,138,469,138,470,138,471,138,472,139,473,139,474,140,475,141,476,142,477,143,477,144,478,145,478,146,478,147,478,148,478,149,479,150,479,151,479,152,478,153,478,154,478,155,478,156,477,157,476,158,475,158,474,159,473,159,472,159,471,160,470,160,469,160,468,160,467,160,466,160,465,160,464,160,463,160,462,160,461,159,460,159,459,158,458,157,457,157,456,156,455,155,455,154,455,153,455,152,455,151,455,150,455,149,455,148,455
171,458,170,459,169,459,168,460,167,461,166,462,165,463,165,464,164,465,164,466,164,467,163,468,163,469,163,470,163,471,163,472,163,473,164,474,164,475,165,476,165,477,166,478,167,478,168,479,169,479,170,479,171,479,172,480,173,480,174,480,175,479,176,479,177,478,178,478,179,477,180,476,181,475,182,474,182,473,183,472,183,471,183,470,183,469,184,468,184,467,183,466,183,465,183,464,183,463,182,462,181,461,180,460,179,459,178,458,177,458,176,458,175,458,174,458,173,458,172,458
97,462,96,463,95,464,94,464,93,465,93,466,92,467,91,468,91,469,90,470,90,471,90,472,90,473,90,474,90,475,90,476,90,477,90,478,90,479,91,480,92,481,93,482,94,483,95,484,96,484,97,485,98,485,99,485,100,484,101,484,102,484,103,483,104,482,105,482,106,481,107,480,108,479,108,478,109,477,109,476,110,475,110,474,110,473,110,472,110,471,110,470,110,469,110,468,110,467,110,466,109,465,108,464,107,463,106,463,105,463,104,462,103,462,102,462,101,462,100,462,99,462,98,462
286,463,285,464,284,464,283,464,282,464,281,465,280,466,279,467,278,468,278,469,278,470,278,471,278,472,279,473,279,474,280,475,281,476,282,476,283,477,284,477,285,477,286,477,287,476,288,476,289,475,290,474,290,473,291,472,291,471,291,470,291,469,291,468,290,467,290,466,290,465,289,464,288,464,287,464
397,469,396,470,395,470,394,471,393,472,393,473,393,474,392,475,391,476,391,477,391,478,390,479,390,480,390,481,390,482,390,483,390,484,390,485,391,486,391,487,392,488,393,489,394,490,395,490,396,491,397,491,398,491,399,491,400,491,401,491,402,491,403,491,404,490,405,490,406,489,407,488,408,487,408,486,409,485,410,484,410,483,411,482,411,481,411,480,411,479,411,478,411,477,411,476,410,475,410,474,409,473,408,472,407,471,406,470,405,470,404,469,403,469,402,469,401,469,400,469,399,469,398,469
261,473,260,474,259,474,258,474,257,475,257,476,256,477,256,478,256,479,255,480,255,481,256,482,256,483,256,484,256,485,257,486,257,487,257,488,258,489,259,490,260,491,261,491,262,491,263,492,264,492,265,492,266,492,267,492,268,492,269,492,270,492,271,492,272,492,273,491,274,491,275,490,276,489,277,488,277,487,277,486,276,485,276,484,275,483,275,482,274,481,274,480,273,479,272,478,271,477,270,476,269,476,268,475,267,474,266,474,265,474,264,474,263,473,262,473
189,475,188,476,187,476,186,476,185,476,184,477,183,477,182,478,181,479,180,479,179,480,179,481,178,482,178,483,178,484,178,485,178,486,178,487,179,488,179,489,179,490,180,491,181,492,182,493,183,493,184,494,185,494,186,494,187,494,188,494,189,493,190,493,191,493,192,492,193,492,194,492,195,491,196,490,197,489,197,488,198,487,198,486,198,485,199,484,199,483,199,482,198,481,198,480,197,479,196,478,195,477,194,477,193,476,192,476,191,475,190,475
115,478,114,479,113,479,112,480,111,480,110,481,109,481,108,480,107,481,106,482,105,483,104,483,103,484,102,485,101,485,100,485,99,486,98,486,98,487,98,488,98,489,98,490,99,491,99,492,99,493,100,494,100,495,101,496,101,497,102,498,103,499,104,499,105,500,106,501,107,501,108,502,109,502,110,502,111,502,112,502,113,502,114,501,115,501,116,500,117,500,117,499,118,498,119,497,120,496,120,495,121,494,121,493,122,492,122,491,122,490,122,489,123,488,123,487,123,486,123,485,123,484,122,483,122,482,121,481,120,480,119,479,118,479,117,478,116,478
359,479,358,480,357,480,356,480,355,481,354,480,353,481,352,482,351,483,350,483,350,484,350,485,349,486,349,487,348,488,348,489,348,490,348,491,348,492,348,493,348,494,347,495,347,496,347,497,347,498,347,499,348,500,348,501,348,502,348,503,349,504,349,505,350,506,351,506,352,507,353,507,354,508,355,508,356,509,357,509,358,508,359,508,360,509,361,509,362,509,363,509,364,509,365,509,366,509,367,509,368,509,369,509,370,508,371,507,372,507,373,506,374,505,375,504,375,503,376,502,377,501,377,500,378,499,378,498,378,497,378,496,378,495,378,494,378,493,378,492,378,491,378,490,378,489,377,488,377,487,377,486,376,485,375,484,375,483,374,482,373,482,372,481,371,481,370,480,369,479,368,479,367,479,366,479,365,479,364,479,363,479,362,479,361,479,360,479
157,481,156,482,155,482,154,482,153,483,152,483,151,484,150,485,149,485,149,486,148,487,147,488,146,488,146,489,145,490,145,491,145,492,145,493,145,494,146,495,146,496,147,497,147,498,148,498,149,499,150,499,151,500,152,500,153,501,154,501,155,501,156,501,157,501,158,501,159,500,160,499,161,498,162,497,163,496,163,495,164,494,165,493,165,492,165,491,165,490,165,489,165,488,165,487,165,486,164,485,164,484,163,483,162,483,161,482,160,482,159,482,158,482
294,482,293,483,292,483,291,484,290,484,290,485,289,486,289,487,288,488,287,489,287,490,286,491,286,492,286,493,286,494,286,495,286,496,286,497,287,498,288,499,288,500,289,501,289,502,289,503,290,504,291,505,292,506,293,507,294,508,295,509,296,510,297,510,298,510,299,510,300,511,301,511,302,511,303,511,304,511,305,511,306,511,307,511,308,511,309,510,310,510,311,510,312,510,313,510,314,510,315,510,316,510,317,510,318,510,319,510,320,510,321,510,322,510,323,510,324,510,325,510,326,510,327,510,328,510,329,511,330,511,331,510,332,510,333,510,334,509,335,508,336,507,336,506,337,505,338,504,338,503,338,502,338,501,338,500,338,499,338,498,338,497,337,496,337,495,337,494,336,493,335,492,335,491,334,490,333,489,332,488,331,487,330,487,329,486,328,485,327,485,326,485,325,485,324,485,323,484,322,484,321,484,320,483,319,483,318,483,317,483,316,483,315,482,314,482,313,482,312,482,311,482,310,482,309,482,308,482,307,482,306,482,305,482,304,482,303,482,302,482,301,482,300,482,299,482,298,482,297,482,296,482,295,482
205,493,204,494,203,495,202,495,201,496,200,497,199,497,199,498,198,499,197,500,197,501,197,502,197,503,198,504,198,505,199,506,200,507,201,508,202,509,203,510,204,510,205,510,206,510,207,510,208,511,209,510,210,510,211,510,212,510,213,509,214,508,215,507,215,506,216,505,216,504,215,503,215,502,215,501,215,500,214,499,214,498,213,497,213,496,212,495,211,494,210,493,209,493,208,493,207,493,206,493
261,493,260,494,259,495,258,496,258,497,257,498,257,499,257,500,256,501,256,502,257,503,257,504,258,505,258,506,259,507,260,508,261,508,262,509,263,509,264,510,265,510,266,510,267,510,268,510,269,510,270,510,271,510,272,510,273,511,274,511,275,511,276,511,277,511,278,511,279,511,280,511,281,511,281,510,281,509,281,508,281,507,281,506,281,505,281,504,281,503,281,502,280,501,280,500,279,499,278,498,277,497,276,496,275,496,274,495,273,494,272,493,271,493,270,493,269,493,268,493,267,493,266,493,265,493,264,493,263,493,262,493
81,495,80,496,79,496,78,497,77,498,76,499,76,500,75,501,75,502,75,503,75,504,74,505,74,506,75,507,75,508,75,509,75,510,76,510,77,511,78,511,79,511,80,511,81,511,82,511,83,511,84,511,85,511,86,511,87,510,88,510,89,509,90,508,90,507,90,506,91,505,91,504,91,503,92,502,91,501,92,500,91,499,91,498,90,497,89,496,88,496,87,496,86,495,85,495,84,495,83,495,82,495
178,496,177,497,176,497,175,497,174,498,173,499,172,500,171,501,170,501,169,502,168,503,167,504,166,505,165,506,165,507,164,508,163,509,164,510,165,510,166,510,167,510,168,510,169,511,170,511,171,511,172,511,173,511,174,511,175,511,176,511,177,511,178,511,179,511,180,511,181,511,182,511,183,511,184,511,185,511,186,511,187,511,188,511,189,511,190,511,191,511,192,510,193,510,193,509,193,508,192,507,192,506,192,505,191,504,191,503,190,502,189,501,188,500,187,499,186,498,185,498,184,497,183,497,182,496,181,496,180,496,179,496
403,498,402,499,401,499,400,499,399,499,398,500,397,500,396,501,395,502,394,503,393,503,392,504,392,505,392,506,391,507,391,508,390,509,390,510,391,511,392,511,393,511,394,511,395,511,396,511,397,511,398,511,399,511,400,511,401,511,402,511,403,511,404,511,405,511,406,511,407,511,408,511,409,511,410,511,411,511,412,511,413,511,414,510,414,509,414,508,414,507,414,506,413,505,413,504,413,503,412,502,412,501,411,500,410,499,409,499,408,499,407,498,406,498,405,498,404,498
