86,75,85,76,84,77,83,78,82,79,81,80,80,81,80,82,79,83,79,84,78,85,78,86,78,87,78,88,77,89,77,90,78,91,78,92,78,93,79,94,79,95,80,96,81,97,82,97,83,97,84,98,85,98,86,98,87,98,88,98,89,98,90,98,91,97,92,97,93,97,94,96,95,95,96,95,97,94,98,93,98,92,99,91,99,90,99,89,100,88,100,87,100,86,100,85,100,84,99,83,99,82,99,81,98,80,97,79,96,78,95,77,94,77,93,76,92,76,91,76,90,76,89,75,88,75,87,75
153,107,152,108,151,108,150,108,149,109,148,110,147,111,147,112,146,113,146,114,145,115,145,116,145,117,146,118,147,119,148,120,149,121,150,122,151,123,151,124,152,123,153,123,154,123,155,123,156,123,157,124,158,123,159,123,160,123,161,122,162,122,163,121,164,120,164,119,165,118,166,117,167,116,167,115,167,114,166,113,165,112,164,111,163,110,162,109,161,108,160,108,159,108,158,107,157,107,156,107,155,107,154,107
63,112,62,113,61,113,60,114,59,114,59,115,58,116,57,117,57,118,56,119,56,120,56,121,57,122,57,123,58,124,58,125,59,125,60,126,61,126,62,126,63,126,64,126,65,126,66,126,67,125,68,124,69,124,69,123,70,122,70,121,71,120,71,119,71,118,71,117,70,116,70,115,69,114,68,113,67,113,66,112,65,112,64,112
143,117,142,118,141,118,140,118,139,118,138,119,137,119,136,120,135,120,134,121,133,121,132,121,131,122,130,123,129,123,128,124,127,124,126,125,125,125,124,126,123,127,122,127,121,128,120,129,121,130,122,131,123,132,124,133,125,134,126,135,127,136,128,137,129,138,130,139,131,139,132,140,133,141,134,141,135,142,136,142,137,142,138,143,138,142,139,141,140,140,141,139,142,139,142,138,143,137,144,136,144,135,145,134,146,133,147,132,147,131,148,130,149,129,150,128,150,127,150,126,150,125,150,124,150,123,149,122,148,121,147,120,146,119,145,118,144,117
186,122,185,123,184,123,183,123,182,124,181,124,180,125,179,126,178,127,178,128,178,129,178,130,178,131,177,132,178,133,178,134,178,135,178,136,178,137,179,138,179,139,180,140,180,141,180,142,181,143,182,144,183,145,184,145,185,146,186,146,187,147,188,147,189,148,190,148,191,149,192,149,193,150,194,150,195,150,196,150,197,150,198,150,199,150,200,149,201,149,202,149,203,149,204,148,205,147,206,146,206,145,207,144,208,143,209,142,210,141,210,140,210,139,210,138,210,137,210,136,209,135,209,134,209,133,209,132,208,131,207,130,206,129,206,128,205,127,204,127,203,126,202,125,201,125,200,124,199,124,198,123,197,123,196,123,195,123,194,123,193,122,192,122,191,122,190,122,189,122,188,122,187,122
157,125,156,126,155,126,154,127,153,128,152,128,151,128,150,129,149,130,148,131,148,132,147,133,146,134,145,135,145,136,144,137,143,138,143,139,142,140,142,141,142,142,142,143,141,144,141,145,142,146,142,147,142,148,142,149,143,150,144,151,144,152,145,153,146,154,147,155,148,156,149,156,150,157,151,157,152,157,153,158,154,159,155,159,156,159,157,160,158,160,159,160,160,160,161,160,162,160,163,159,164,159,165,158,166,157,167,156,168,155,168,154,169,153,169,152,170,151,170,150,170,149,170,148,170,147,170,146,170,145,170,144,170,143,169,142,169,141,169,140,169,139,169,138,169,137,169,136,169,135,169,134,169,133,168,132,168,131,167,130,167,129,166,128,165,127,164,127,163,127,162,126,161,126,160,126,159,126,158,125
119,130,118,131,117,132,117,133,116,134,116,135,116,136,116,137,116,138,116,139,116,140,116,141,116,142,116,143,116,144,116,145,116,146,116,147,116,148,116,149,116,150,117,151,117,152,117,153,116,154,117,155,117,156,117,157,118,157,119,157,120,157,121,157,122,157,123,157,124,157,125,157,126,157,127,157,128,157,129,157,130,157,131,157,132,157,133,157,134,157,135,157,136,157,137,157,137,156,138,155,138,154,139,153,139,152,139,151,139,150,138,149,138,148,138,147,138,146,138,145,138,144,137,143,136,143,135,143,134,142,133,142,132,141,131,140,130,140,129,139,128,138,127,137,126,136,125,135,124,134,123,133,122,132,121,131,120,130
230,138,229,139,228,139,227,139,226,139,225,139,224,139,223,139,222,139,221,139,220,139,219,139,218,139,217,139,216,139,215,140,214,140,213,141,212,141,211,142,210,142,209,143,208,144,207,145,207,146,206,147,205,148,204,149,204,150,204,151,203,152,203,153,203,154,203,155,203,156,203,157,204,158,204,159,205,160,206,161,207,161,208,162,209,163,210,164,211,164,212,165,213,166,214,166,215,166,216,166,217,166,218,166,219,166,220,165,221,165,222,164,223,164,224,163,225,163,226,163,227,162,228,161,229,160,230,160,231,159,232,158,233,158,234,157,235,156,236,156,237,155,238,154,239,154,239,153,240,152,241,151,240,150,241,149,241,148,241,147,240,146,240,145,240,144,239,143,239,142,238,141,237,140,236,139,235,139,234,139,233,138,232,138,231,138
237,156,237,157,236,158,235,157,234,158,233,159,232,159,231,160,230,161,229,161,228,162,227,163,226,164,226,165,226,166,226,167,226,168,226,169,226,170,226,171,226,172,227,173,227,174,227,175,228,176,228,177,228,178,228,179,228,180,229,181,229,182,230,183,231,184,232,185,232,186,233,187,233,188,234,189,234,190,235,191,235,192,235,193,236,194,236,195,236,196,237,195,238,195,239,194,240,194,241,194,242,193,243,192,244,191,245,190,246,189,247,189,248,188,249,187,249,186,249,185,249,184,249,183,249,182,249,181,249,180,249,179,250,178,250,177,249,176,249,175,249,174,249,173,248,172,248,171,248,170,248,169,247,168,247,167,247,166,247,165,247,164,246,163,246,162,246,161,246,160,246,159,246,158,246,157,245,157,244,157,243,156,242,156,241,156,240,156,239,157,238,157
117,158,117,159,117,160,117,161,117,162,117,163,117,164,117,165,117,166,117,167,117,168,117,169,117,170,118,171,118,172,118,173,118,174,118,175,118,176,118,177,119,178,119,179,119,180,120,181,120,182,120,183,121,184,122,185,123,186,124,187,125,187,126,187,127,188,128,188,129,188,130,188,131,188,132,188,133,188,134,188,135,188,136,188,137,188,138,188,139,187,140,187,141,186,142,186,143,185,143,184,143,183,143,182,143,181,143,180,144,179,144,178,144,177,144,176,144,175,144,174,144,173,144,172,144,171,144,170,144,169,144,168,144,167,143,166,142,165,141,164,140,163,139,162,139,161,138,160,138,159,137,158,136,158,135,158,134,158,133,158,132,158,131,158,130,158,129,158,128,158,127,158,126,158,125,158,124,158,123,158,122,158,121,158,120,158,119,158,118,158
251,158,250,159,249,159,248,159,247,159,247,160,247,161,247,162,247,163,248,164,248,165,248,166,248,167,248,168,249,169,249,170,249,171,249,172,250,173,250,174,250,175,250,176,251,177,252,177,253,178,254,179,255,180,256,181,256,182,257,183,257,184,258,184,259,184,260,185,261,185,262,186,263,187,264,188,265,189,266,188,266,187,267,186,267,185,266,184,266,183,267,182,266,181,266,180,266,179,266,178,267,177,267,176,267,175,267,174,267,173,267,172,266,171,266,170,266,169,266,168,265,167,264,166,263,165,262,164,261,163,261,162,260,161,259,161,258,160,257,159,256,159,255,159,254,159,253,158,252,158
184,161,183,162,182,162,181,163,180,164,179,164,178,165,177,165,176,166,175,167,174,167,173,168,172,169,171,169,171,170,171,171,171,172,171,173,171,174,171,175,172,176,172,177,173,178,174,179,175,180,176,180,177,181,178,181,179,181,180,181,181,182,182,182,183,182,184,181,185,181,186,180,187,180,188,180,189,179,190,179,191,179,191,178,192,177,192,176,192,175,193,174,193,173,194,172,194,171,195,170,196,169,197,168,197,167,198,166,199,165,198,164,197,163,196,162,195,162,194,162,193,161,192,161,191,161,190,161,189,161,188,161,187,161,186,161,185,161
199,166,198,167,198,168,197,169,196,170,195,171,195,172,194,173,194,174,193,175,193,176,193,177,192,178,192,179,193,180,194,180,195,181,196,182,197,182,198,183,199,183,200,184,201,184,202,184,203,185,204,185,205,185,206,185,207,184,208,184,209,184,210,183,211,182,212,181,213,180,213,179,213,178,213,177,214,176,214,175,214,174,214,173,213,172,213,171,212,170,211,169,210,168,209,168,208,167,207,167,206,167,205,167,204,167,203,166,202,166,201,166,200,166
169,176,168,177,167,177,166,177,165,177,164,178,163,178,162,179,161,179,160,179,159,179,158,180,157,180,156,181,155,182,154,183,153,184,153,185,152,186,151,187,150,188,150,189,151,190,151,191,150,192,150,193,150,194,150,195,151,196,151,197,151,198,152,199,153,200,154,201,155,202,156,202,157,202,158,203,159,203,160,203,161,202,162,202,163,202,164,201,165,201,166,201,167,200,168,200,169,199,170,198,171,198,172,197,172,196,173,195,174,194,175,193,175,192,175,191,176,190,176,189,176,188,175,187,175,186,175,185,175,184,175,183,175,182,174,181,174,180,173,179,172,178,171,177,171,176,170,176
224,180,223,181,222,181,221,182,220,183,219,184,218,185,218,186,218,187,218,188,217,189,216,190,216,191,215,192,215,193,214,194,214,195,213,196,213,197,212,198,212,199,211,200,211,201,211,202,211,203,212,204,213,205,214,205,215,205,216,205,217,206,218,206,219,207,220,206,221,206,222,206,223,207,224,206,225,206,226,205,227,205,227,204,228,203,228,202,229,201,230,200,231,200,232,199,233,198,234,197,235,197,235,196,235,195,235,194,234,193,234,192,234,191,233,190,233,189,232,188,232,187,231,186,231,185,230,184,229,183,228,182,228,181,227,181,226,181,225,180
256,184,255,185,254,186,253,186,252,187,251,187,250,187,249,188,248,189,247,190,246,190,245,191,244,192,243,193,242,194,241,195,241,196,241,197,241,198,241,199,240,200,239,200,239,201,238,202,237,203,236,204,237,205,238,206,239,207,239,208,240,209,241,209,242,208,243,208,244,207,245,207,246,207,247,207,248,207,249,207,250,206,251,206,252,206,252,205,253,204,254,203,255,203,256,202,257,201,258,200,259,199,259,198,260,197,260,196,260,195,261,194,261,193,262,192,262,191,263,190,264,189,263,188,262,187,261,186,260,186,259,185,258,185,257,185
194,187,193,188,192,188,191,188,190,189,189,189,188,189,187,190,186,190,185,191,184,191,183,192,182,193,181,194,180,195,180,196,180,197,181,198,181,199,182,200,182,201,183,202,184,203,184,204,185,205,186,206,186,207,187,208,188,209,188,210,188,211,189,212,190,213,191,213,192,213,193,213,194,213,195,213,196,213,197,213,198,213,199,213,200,213,201,212,202,211,203,211,204,210,205,209,205,208,206,207,206,206,207,205,207,204,207,203,207,202,207,201,207,200,207,199,207,198,207,197,207,196,206,195,206,194,205,193,204,192,203,191,202,190,201,189,200,189,199,188,198,188,197,188,196,188,195,188
269,193,268,194,267,194,266,195,265,195,264,196,263,196,262,197,261,197,260,198,260,199,259,200,258,201,259,202,258,203,257,204,256,205,255,205,254,205,253,206,253,207,252,208,251,209,250,210,250,211,249,212,249,213,249,214,249,215,250,215,251,216,252,216,253,217,254,218,255,218,256,219,257,219,258,220,259,221,260,222,261,222,262,221,263,221,264,221,265,221,266,221,267,220,268,220,269,219,270,218,271,218,272,217,273,216,274,215,274,214,275,213,275,212,275,211,276,210,276,209,276,208,277,207,277,206,278,205,278,204,278,203,278,202,277,202,276,202,275,201,274,201,273,200,272,199,271,198,270,197,270,196,270,195,269,194
290,193,289,194,288,195,287,196,286,196,285,197,284,198,285,199,284,200,284,201,284,202,285,203,285,204,286,205,287,206,288,207,289,207,290,208,291,208,292,208,293,207,294,207,295,206,296,207,296,206,297,205,297,204,297,203,298,202,298,201,298,200,299,199,298,198,298,197,298,196,297,195,296,195,295,194,294,194,293,194,292,194,291,193
138,201,137,202,136,202,135,202,134,202,133,202,132,203,131,203,130,203,129,204,128,205,127,206,127,207,127,208,127,209,127,210,127,211,127,212,128,213,128,214,129,215,129,216,130,217,131,218,132,219,133,219,134,219,135,220,136,220,137,220,138,220,139,219,140,218,141,217,142,217,143,216,144,215,145,214,146,213,147,213,148,212,149,212,150,211,151,211,152,211,153,211,153,210,153,209,153,208,153,207,153,206,152,205,152,204,152,203,151,203,150,202,149,202,148,201,147,201,146,201,145,201,144,201,143,201,142,201,141,202,140,202,139,201
230,204,229,205,228,205,227,206,226,206,226,207,225,208,224,208,223,209,222,210,221,211,220,211,220,212,219,213,218,214,218,215,217,216,217,217,217,218,217,219,218,220,219,221,220,222,221,223,222,224,223,224,224,224,225,224,226,224,227,224,228,224,229,224,230,223,231,223,232,222,233,221,234,220,234,219,235,218,236,217,237,216,238,215,238,214,239,213,239,212,240,211,239,210,239,209,238,208,238,207,237,206,236,205,235,205,234,204,233,204,232,204,231,204
302,205,301,206,300,206,299,206,298,206,297,207,296,208,296,209,296,210,295,211,294,212,294,213,293,214,292,215,292,216,291,217,291,218,291,219,290,220,290,221,290,222,290,223,290,224,290,225,290,226,290,227,291,228,292,229,293,230,294,231,295,231,296,231,297,231,298,231,299,230,300,230,301,230,302,229,303,229,304,228,305,227,306,226,307,225,308,224,309,223,309,222,310,221,311,220,311,219,312,218,312,217,312,216,313,215,313,214,313,213,313,212,313,211,312,210,312,209,311,208,310,207,309,207,308,206,307,206,306,205,305,205,304,205,303,205
164,207,163,208,162,208,161,209,161,210,160,211,160,212,159,213,158,214,158,215,158,216,158,217,158,218,159,219,159,220,160,221,160,222,161,223,162,224,162,225,163,226,164,227,164,228,165,229,165,230,165,231,165,232,166,233,167,234,168,234,169,235,170,235,171,236,172,236,173,235,174,236,175,235,176,234,177,234,177,233,177,232,177,231,178,230,179,229,180,228,181,228,182,227,183,226,184,225,185,225,186,224,187,223,188,222,188,221,189,220,189,219,189,218,189,217,190,216,190,215,190,214,189,213,188,212,187,211,186,210,185,210,184,210,183,210,182,210,181,210,180,209,179,209,178,209,177,209,176,209,175,209,174,209,173,209,172,208,171,208,170,208,169,208,168,207,167,207,166,207,165,207
280,207,279,208,278,208,277,208,277,209,277,210,276,211,276,212,276,213,275,214,275,215,274,216,274,217,275,218,276,219,277,220,278,220,279,220,280,221,281,221,282,222,283,222,284,221,285,221,286,220,287,219,288,218,288,217,288,216,288,215,288,214,288,213,288,212,287,211,286,210,286,209,285,208,284,207,283,207,282,207,281,207
150,212,149,213,148,213,147,214,146,214,145,215,144,216,143,217,142,218,141,218,140,219,139,220,138,221,139,222,138,223,138,224,137,225,137,226,137,227,137,228,137,229,137,230,136,231,136,232,137,233,137,234,137,235,138,236,138,237,139,238,139,239,140,240,140,241,141,242,142,243,143,244,144,245,145,245,146,245,147,245,148,245,149,245,150,245,151,244,152,244,153,243,154,243,155,243,156,242,157,242,158,241,159,240,160,239,161,238,161,237,162,236,163,235,164,234,165,233,164,232,164,231,164,230,164,229,163,228,163,227,162,226,161,225,161,224,160,223,159,222,159,221,158,220,158,219,157,218,157,217,156,217,155,216,155,215,154,214,153,213,153,212,152,212,151,212
199,216,198,217,197,218,196,219,196,220,195,221,195,222,195,223,195,224,195,225,196,226,196,227,196,228,196,229,197,230,197,231,198,232,199,233,199,234,199,235,200,236,200,237,201,237,202,238,203,239,204,240,205,240,206,241,207,241,208,241,209,241,210,241,211,241,212,241,213,241,214,240,215,240,216,239,217,238,218,237,219,236,219,235,220,234,220,233,220,232,221,231,221,230,221,229,222,228,222,227,222,226,222,225,221,224,220,223,219,222,218,221,217,220,216,219,215,220,214,219,213,218,212,218,211,217,210,217,209,216,208,216,207,216,206,216,205,216,204,216,203,216,202,216,201,216,200,216
249,216,248,217,247,218,246,218,245,219,244,220,243,220,242,220,241,221,240,221,240,222,239,223,239,224,239,225,238,226,238,227,238,228,238,229,237,230,237,231,236,232,236,233,236,234,236,235,236,236,236,237,236,238,237,239,238,240,238,241,239,242,240,243,240,244,240,245,241,246,241,247,242,248,243,249,244,250,245,251,246,252,247,252,248,253,249,253,250,254,251,254,252,254,253,254,254,254,255,254,256,253,257,253,258,252,259,251,260,250,261,249,261,248,262,247,263,246,263,245,263,244,264,243,264,242,264,241,264,240,264,239,263,238,263,237,263,236,262,235,262,234,262,233,261,232,261,231,261,230,260,229,260,228,260,227,260,226,260,225,260,224,260,223,259,222,258,221,257,220,256,220,255,219,254,219,253,218,252,217,251,217,250,216
191,232,190,233,189,233,188,233,187,233,186,233,185,234,184,234,183,234,182,235,181,235,180,236,179,236,178,236,178,237,177,238,176,238,175,239,174,239,174,240,173,241,173,242,172,243,172,244,172,245,172,246,172,247,172,248,171,249,171,250,171,251,171,252,171,253,171,254,171,255,171,256,172,257,172,258,172,259,172,260,173,260,174,260,175,261,176,261,177,261,178,262,179,262,180,263,181,263,182,264,183,263,184,262,185,262,186,262,187,262,188,261,189,260,190,260,191,259,192,258,193,257,193,256,194,255,194,254,194,253,195,252,196,251,197,250,197,249,198,248,199,247,199,246,199,245,200,244,199,243,200,242,200,241,200,240,200,239,200,238,199,237,199,236,198,235,197,235,196,234,195,234,194,233,193,233,192,233
290,234,289,235,288,235,287,235,286,235,285,236,284,236,283,237,282,238,281,238,280,238,279,239,279,240,278,241,278,242,278,243,277,244,277,245,277,246,277,247,277,248,277,249,277,250,277,251,278,252,278,253,278,254,279,255,279,256,280,257,280,258,280,259,281,260,281,261,282,262,283,263,284,264,285,265,286,265,287,266,288,266,289,266,290,266,291,267,292,267,293,267,294,267,295,267,296,267,297,267,298,267,299,267,300,266,301,266,302,266,303,266,304,265,305,264,306,263,307,262,307,261,308,260,308,259,309,258,309,257,309,256,309,255,309,254,309,253,310,252,309,251,309,250,309,249,309,248,309,247,309,246,308,245,307,244,306,243,305,242,304,241,303,241,302,240,301,240,300,239,299,238,298,237,297,237,296,236,295,236,294,235,293,235,292,235,291,235
168,237,167,238,166,239,165,239,165,240,164,241,163,241,162,241,161,241,160,242,159,241,158,242,157,243,156,243,155,244,155,245,154,246,153,247,153,248,153,249,152,250,152,251,152,252,152,253,152,254,152,255,153,256,153,257,153,258,153,259,153,260,154,261,154,262,155,263,156,264,157,265,158,265,159,266,160,266,161,266,162,266,163,266,164,266,165,266,166,266,167,265,168,264,169,263,170,262,171,261,171,260,171,259,171,258,171,257,170,256,170,255,170,254,170,253,170,252,170,251,170,250,170,249,171,248,171,247,171,246,171,245,171,244,171,243,172,242,172,241,172,240,171,240,170,239,170,238,169,237
325,240,324,241,323,242,322,242,322,243,322,244,322,245,322,246,321,247,322,248,322,249,321,250,322,251,322,252,322,253,322,254,323,255,323,256,324,257,325,258,326,258,327,259,328,259,329,259,330,259,331,259,332,259,333,259,334,259,335,259,336,258,337,258,338,258,338,257,339,256,339,255,339,254,339,253,339,252,339,251,339,250,339,249,339,248,339,247,338,246,337,245,337,244,337,243,336,242,335,241,334,241,333,240,332,240,331,240,330,240,329,240,328,240,327,240,326,240
229,245,228,246,227,246,226,246,225,246,224,246,223,247,222,247,221,247,220,247,219,248,218,248,217,249,216,250,215,250,214,251,213,251,212,252,211,253,211,254,211,255,211,256,212,257,212,258,213,258,214,259,215,259,216,259,217,259,218,259,219,259,220,258,221,258,222,258,223,258,224,258,225,259,226,260,227,261,227,262,227,263,227,264,227,265,228,266,228,267,229,268,229,269,230,269,231,270,232,270,233,270,234,270,235,270,236,270,237,270,238,269,239,269,240,269,241,268,242,267,243,266,244,265,244,264,245,263,245,262,245,261,245,260,245,259,245,258,244,257,244,256,244,255,243,254,243,253,242,252,242,251,241,250,241,249,240,249,239,248,238,247,237,247,236,247,235,246,234,246,233,246,232,246,231,245,230,245
207,260,206,261,205,261,204,261,203,261,202,262,201,263,200,263,200,264,199,265,198,266,198,267,199,268,199,269,199,270,199,271,200,272,200,273,200,274,200,275,201,276,201,277,202,278,202,279,203,280,203,281,204,281,205,281,206,282,207,282,208,281,209,281,210,281,211,281,212,281,213,280,214,280,215,280,216,279,217,279,217,278,217,277,218,276,218,275,218,274,218,273,218,272,218,271,218,270,218,269,218,268,218,267,218,266,217,265,217,264,217,263,216,262,215,261,214,261,213,261,212,261,211,261,210,261,209,261,208,260
172,261,171,262,170,263,169,264,168,265,167,266,168,267,168,268,168,269,168,270,169,271,169,272,170,273,171,274,172,274,173,275,174,275,175,275,176,275,177,275,178,275,179,274,179,273,180,272,180,271,181,270,181,269,182,268,181,267,181,266,181,265,181,264,180,264,179,263,178,263,177,262,176,262,175,262,174,261,173,261
265,261,264,262,263,262,262,262,261,263,260,264,260,265,259,266,259,267,258,268,258,269,258,270,258,271,258,272,257,273,257,274,257,275,257,276,258,277,258,278,258,279,259,280,259,281,260,282,261,283,262,283,263,283,264,284,265,284,266,284,267,284,268,284,269,283,270,283,271,283,272,282,273,282,274,282,275,281,276,281,277,280,278,279,279,278,280,277,280,276,281,275,281,274,281,273,281,272,281,271,281,270,280,269,280,268,280,267,279,266,278,265,278,264,277,264,276,263,275,262,274,262,273,261,272,261,271,261,270,261,269,261,268,261,267,261,266,261
194,265,193,266,192,266,191,267,190,268,189,269,188,270,188,271,187,272,187,273,186,274,186,275,186,276,185,277,184,278,184,279,184,280,184,281,184,282,185,283,185,284,185,285,185,286,185,287,186,288,187,289,188,289,189,289,190,290,191,290,192,290,193,290,194,290,195,290,196,290,197,289,198,289,199,289,200,288,201,287,202,287,202,286,202,285,203,284,203,283,203,282,202,281,202,280,201,279,201,278,200,277,200,276,199,275,199,274,199,273,199,272,198,271,198,270,198,269,198,268,197,267,197,266,196,266,195,266
300,267,299,268,298,268,297,268,296,268,295,268,294,268,293,268,292,268,291,269,290,270,289,270,288,271,288,272,287,273,287,274,286,275,286,276,286,277,286,278,286,279,286,280,286,281,286,282,286,283,287,284,288,285,288,286,288,287,289,288,290,289,291,290,292,291,293,291,294,292,295,292,296,292,297,292,298,292,299,292,300,292,301,291,302,291,303,290,304,290,305,289,306,289,307,288,308,287,308,286,309,285,309,284,309,283,309,282,309,281,310,280,310,279,310,278,310,277,310,276,309,275,309,274,309,273,308,272,308,271,307,270,306,269,305,268,304,268,303,267,302,267,301,267
221,286,220,287,219,287,218,288,217,289,216,289,215,290,214,290,213,291,212,292,211,293,210,293,209,294,208,294,207,295,206,295,205,296,204,296,203,297,202,298,202,299,201,300,200,301,200,302,200,303,199,304,199,305,199,306,199,307,200,308,201,308,202,309,203,309,204,309,205,309,206,308,207,308,208,307,209,307,210,306,211,305,212,305,213,304,214,304,215,304,216,303,217,303,218,303,219,302,220,302,221,302,222,301,223,300,224,300,225,299,226,298,227,297,227,296,228,295,228,294,228,293,228,292,228,291,228,290,227,289,227,288,226,287,225,287,224,286,223,286,222,286
330,288,329,289,328,289,327,289,326,289,325,290,324,290,323,290,322,290,321,291,320,291,319,291,318,292,317,292,316,293,316,294,315,295,315,296,314,297,314,298,314,299,314,300,315,301,315,302,316,303,317,304,318,305,319,305,320,305,321,305,322,305,323,305,324,305,325,304,326,304,327,304,328,304,329,303,330,303,331,302,332,302,333,301,334,301,335,300,336,299,336,298,337,297,337,296,337,295,338,294,338,293,337,292,337,291,336,290,336,289,335,289,334,289,333,288,332,288,331,288
238,293,237,294,236,294,235,295,234,295,233,296,232,297,231,298,231,299,231,300,231,301,230,302,230,303,230,304,230,305,230,306,230,307,230,308,230,309,231,310,231,311,232,312,232,313,233,314,233,315,234,316,235,317,236,317,237,318,238,319,239,319,240,319,241,318,242,318,243,317,244,317,245,316,246,315,247,315,247,314,248,313,249,312,249,311,250,310,250,309,251,308,251,307,252,306,252,305,253,304,253,303,253,302,252,301,252,300,252,299,251,298,251,297,250,296,249,295,248,294,247,294,246,293,245,293,244,293,243,293,242,293,241,293,240,293,239,293
276,298,275,299,274,299,273,300,272,300,272,301,271,302,270,303,270,304,269,305,269,306,268,307,268,308,267,309,267,310,267,311,267,312,267,313,266,314,266,315,266,316,266,317,267,318,268,319,269,320,270,321,271,322,272,321,273,322,274,322,275,322,276,322,277,322,278,322,279,322,280,322,281,322,282,321,283,321,284,320,285,320,286,320,287,320,288,319,289,319,289,318,290,317,291,316,291,315,292,314,292,313,292,312,292,311,293,310,293,309,293,308,292,307,292,306,291,305,291,304,290,303,289,302,288,301,287,301,286,300,285,300,284,300,283,299,282,299,281,299,280,299,279,299,278,299,277,298
219,303,218,304,217,304,216,304,215,305,214,305,213,305,212,306,211,306,210,307,209,308,208,308,207,309,207,310,207,311,207,312,207,313,207,314,207,315,208,316,208,317,208,318,208,319,209,320,209,321,210,322,211,322,212,322,213,322,214,322,215,321,216,321,217,321,218,320,219,320,220,319,221,319,222,318,223,318,224,317,225,316,225,315,226,314,226,313,227,312,227,311,227,310,227,309,227,308,227,307,226,306,226,305,225,304,224,303,223,303,222,303,221,303,220,303
325,309,324,310,323,310,322,311,321,311,320,312,320,313,319,314,319,315,318,316,318,317,318,318,318,319,318,320,318,321,319,322,319,323,319,324,319,325,320,326,321,327,321,328,322,329,323,330,324,330,325,330,326,331,327,331,328,331,329,331,330,331,331,331,332,330,333,330,334,330,335,329,336,328,337,327,338,326,338,325,338,324,339,323,339,322,339,321,339,320,339,319,339,318,339,317,339,316,339,315,339,314,338,313,337,312,336,311,335,311,334,310,333,310,332,310,331,309,330,309,329,309,328,309,327,309,326,309
253,315,252,316,251,316,250,317,249,318,248,319,247,320,247,321,247,322,247,323,246,324,246,325,246,326,246,327,246,328,247,329,247,330,248,331,248,332,249,332,250,333,251,333,252,333,253,333,254,334,255,334,256,334,257,334,258,334,259,334,260,334,261,334,262,334,263,333,264,332,265,332,266,331,267,330,267,329,268,328,269,327,269,326,270,325,270,324,270,323,270,322,269,321,268,320,267,319,266,318,265,317,265,316,264,316,263,317,262,316,261,316,260,315,259,315,258,315,257,315,256,315,255,315,254,315
238,328,237,329,236,329,235,329,234,329,233,329,232,329,231,330,230,330,229,330,228,330,227,331,226,332,225,333,225,334,225,335,224,336,225,337,225,338,225,339,225,340,226,341,226,342,227,343,228,344,229,344,230,345,231,345,232,345,233,345,234,346,235,346,236,346,237,346,238,346,239,346,240,346,241,345,242,345,243,345,244,345,245,345,246,345,247,345,248,344,249,343,250,343,250,342,251,341,251,340,250,339,250,338,250,337,249,336,249,335,248,334,248,333,247,332,246,331,245,331,244,330,243,330,242,329,241,329,240,329,239,329
302,333,301,334,300,334,299,335,298,335,297,336,296,336,295,337,294,338,293,339,292,340,291,341,290,342,289,343,288,343,288,344,288,345,288,346,288,347,288,348,288,349,288,350,287,351,287,352,287,353,287,354,287,355,287,356,287,357,288,358,289,359,290,359,291,359,292,359,293,359,294,358,295,357,296,356,297,356,298,355,299,355,300,354,301,353,302,352,303,351,304,350,305,350,306,349,307,348,308,347,309,346,310,345,310,344,310,343,311,342,311,341,311,340,311,339,311,338,310,337,310,336,309,336,308,335,307,334,306,334,305,334,304,333,303,333
279,339,278,340,277,341,276,341,275,342,274,343,274,344,273,345,272,346,272,347,271,348,271,349,271,350,270,351,270,352,270,353,270,354,270,355,270,356,270,357,271,358,271,359,272,360,273,361,274,362,275,362,276,362,277,362,278,361,279,361,280,361,281,360,282,359,283,358,284,357,285,356,286,356,286,355,286,354,286,353,286,352,286,351,287,350,287,349,287,348,287,347,287,346,287,345,287,344,287,343,287,342,286,341,285,340,284,340,283,339,282,339,281,339,280,339
347,359,346,360,345,360,344,360,343,360,342,361,341,361,340,361,339,361,338,362,337,362,336,362,335,362,334,363,333,363,332,364,331,364,330,364,329,364,328,365,327,365,326,366,325,367,324,367,323,368,322,369,322,370,321,371,321,372,321,373,321,374,321,375,322,376,322,377,323,378,324,378,325,378,326,377,327,377,328,377,329,376,330,376,331,376,332,376,333,375,334,375,335,375,336,375,337,375,338,374,339,374,340,374,341,374,342,374,343,374,344,373,345,373,346,373,347,373,348,373,349,373,350,373,351,373,351,372,352,371,353,370,353,369,354,368,354,367,355,366,355,365,355,364,354,363,354,362,353,361,352,360,351,360,350,359,349,359,348,359
344,374,343,375,342,375,341,375,340,375,339,375,338,375,337,376,336,376,335,376,334,376,333,376,332,377,331,377,330,377,329,377,328,378,327,378,326,378,325,379,324,379,323,380,322,381,321,382,321,383,320,384,320,385,320,386,321,387,321,388,322,388,323,388,324,388,325,387,326,387,327,386,328,386,329,386,330,386,331,386,332,386,333,385,334,386,335,385,336,385,337,384,338,384,339,384,340,384,341,384,342,384,343,384,344,383,345,383,346,383,347,383,348,383,349,382,350,382,351,382,352,381,353,380,353,379,353,378,353,377,353,376,352,375,352,374,351,374,350,374,349,374,348,374,347,374,346,374,345,374
371,411,370,412,369,413,368,414,367,415,366,416,365,417,364,418,363,419,362,420,361,421,360,422,359,423,359,424,358,425,357,426,356,427,355,428,355,429,355,430,355,431,355,432,355,433,355,434,355,435,355,436,356,437,356,438,357,439,358,440,359,441,360,442,361,442,362,442,363,442,364,442,365,442,366,442,367,442,368,442,369,441,370,441,371,441,372,441,373,441,374,441,375,441,375,440,375,439,376,438,376,437,376,436,377,435,377,434,377,433,377,432,378,431,378,430,378,429,379,428,379,427,379,426,380,425,380,424,381,423,381,422,382,421,383,420,383,419,383,418,383,417,382,416,381,415,381,414,380,414,379,413,378,412,377,412,376,412,375,412,374,412,373,412,372,412
301,415,300,416,299,416,298,416,297,416,296,416,295,417,294,417,293,417,292,418,291,418,290,419,289,420,288,421,288,422,288,423,288,424,289,425,290,426,291,427,292,428,293,429,294,430,294,431,295,432,296,432,297,432,298,432,299,432,300,432,301,432,302,432,303,432,304,432,305,431,306,430,307,430,308,429,309,428,310,427,311,427,311,426,312,425,312,424,312,423,312,422,311,421,311,420,310,419,309,418,308,417,307,417,306,416,305,416,304,416,303,415,302,415
384,420,383,421,382,422,382,423,381,424,381,425,380,426,380,427,380,428,379,429,379,430,379,431,378,432,378,433,378,434,378,435,377,436,377,437,377,438,376,439,376,440,376,441,376,442,376,443,377,444,378,445,378,446,379,447,380,448,381,449,382,450,383,451,384,451,385,451,386,451,387,451,388,450,389,450,390,449,391,448,391,447,392,446,392,445,393,444,393,443,394,442,394,441,394,440,395,439,395,438,396,437,396,436,397,435,397,434,397,433,397,432,398,431,398,430,398,429,398,428,397,427,397,426,397,425,396,424,396,423,395,422,394,421,393,421,392,421,391,420,390,420,389,420,388,420,387,420,386,420,385,420
286,425,285,426,284,426,283,426,282,427,281,427,280,427,279,427,278,427,277,428,276,428,275,428,274,429,273,430,272,431,271,432,270,433,270,434,270,435,270,436,270,437,270,438,270,439,271,440,272,441,273,442,274,442,275,443,276,443,277,444,278,444,279,445,280,445,281,445,282,445,283,445,284,445,285,444,286,444,287,443,288,442,289,441,290,441,290,440,291,439,292,438,292,437,293,436,293,435,293,434,294,433,294,432,293,431,293,430,292,429,291,428,290,427,289,426,288,425,287,425
123,428,122,429,121,429,120,429,119,429,118,430,117,430,116,430,115,430,114,431,113,432,112,433,111,434,111,435,111,436,110,437,110,438,110,439,111,440,111,441,112,442,112,443,113,444,114,445,115,446,116,447,117,448,118,449,119,450,120,451,121,451,122,451,123,451,124,451,125,451,126,451,127,450,128,450,129,449,130,449,131,448,132,447,132,446,133,445,134,444,134,443,134,442,135,441,135,440,135,439,135,438,135,437,134,436,134,435,133,434,133,433,132,432,131,431,130,431,129,430,128,429,127,429,126,429,125,429,124,428
178,428,177,429,176,430,175,430,174,431,173,431,172,432,171,433,170,434,169,434,168,435,167,435,166,436,165,436,164,437,163,438,162,439,161,440,161,441,160,442,159,443,159,444,159,445,158,446,159,447,159,448,159,449,159,450,160,451,161,452,161,453,162,454,163,455,164,456,165,456,166,457,167,457,168,457,169,456,170,456,171,456,172,456,173,455,174,455,175,454,176,453,177,452,177,451,178,450,179,449,180,448,181,448,182,447,183,447,184,446,185,445,186,444,187,443,188,443,188,442,189,441,189,440,190,439,190,438,190,437,190,436,190,435,190,434,189,433,189,432,188,431,187,430,186,429,185,429,184,429,183,429,182,428,181,428,180,428,179,428
143,429,142,430,141,431,140,431,139,432,138,433,138,434,137,435,137,436,136,437,136,438,136,439,136,440,136,441,136,442,137,443,137,444,137,445,138,446,138,447,139,448,140,449,141,449,142,449,143,449,144,449,145,449,146,449,147,449,148,448,149,448,150,448,151,447,152,447,153,447,154,446,155,445,156,444,157,443,157,442,158,441,158,440,158,439,158,438,158,437,157,436,157,435,156,434,155,433,154,432,154,431,153,431,152,430,151,430,150,429,149,429,148,429,147,429,146,429,145,429,144,429
309,438,308,439,307,439,306,439,305,439,304,439,303,440,302,440,301,441,300,441,299,442,298,443,297,444,296,445,296,446,295,447,295,448,295,449,294,450,294,451,294,452,294,453,294,454,294,455,294,456,294,457,294,458,294,459,294,460,294,461,295,462,295,463,296,464,296,465,297,466,297,467,298,468,298,469,299,470,300,471,301,471,302,471,303,472,304,472,305,473,306,473,307,474,308,474,309,474,310,474,311,474,312,474,313,474,314,474,315,473,316,473,317,473,318,472,319,472,320,472,321,471,322,471,323,470,324,469,325,468,326,467,327,466,327,465,327,464,327,463,328,462,328,461,328,460,329,459,329,458,329,457,329,456,329,455,329,454,329,453,328,452,328,451,328,450,328,449,327,448,326,447,326,446,326,445,325,444,324,443,323,442,322,442,321,441,320,440,319,440,318,440,317,439,316,439,315,439,314,438,313,438,312,438,311,438,310,438
407,439,406,440,405,440,404,441,404,442,403,443,403,444,403,445,402,446,402,447,401,448,401,449,401,450,401,451,400,452,401,453,401,454,401,455,401,456,402,457,402,458,403,459,404,460,405,460,406,461,407,461,408,461,409,462,410,462,411,462,412,462,413,462,414,461,415,461,416,460,417,459,417,458,418,457,418,456,418,455,417,454,417,453,417,452,417,451,417,450,416,449,416,448,416,447,415,446,415,445,414,444,413,443,412,442,412,441,411,441,410,440,409,440,408,439
263,442,262,443,261,443,260,444,259,445,258,446,257,447,257,448,256,449,256,450,255,451,256,452,256,453,256,454,256,455,257,456,257,457,258,458,259,458,260,459,261,459,262,459,263,460,264,460,265,460,266,460,267,460,268,460,269,460,270,459,271,459,272,458,273,457,274,456,274,455,274,454,274,453,275,452,275,451,275,450,275,449,274,448,274,447,273,446,272,445,272,444,271,444,270,443,269,443,268,443,267,442,266,442,265,442,264,442
95,445,94,446,93,446,92,446,91,447,90,447,89,448,88,448,87,448,86,448,85,448,84,448,83,449,82,449,81,449,80,449,79,450,78,450,77,451,76,451,75,452,75,453,74,454,73,455,73,456,73,457,73,458,73,459,73,460,73,461,74,462,75,463,76,464,77,464,78,465,79,465,80,465,81,465,82,465,83,465,84,465,85,465,86,465,87,465,88,465,89,465,90,465,91,465,92,465,93,465,94,465,95,465,96,465,97,465,98,464,99,464,100,464,101,464,102,463,103,463,104,462,105,461,106,460,107,459,107,458,107,457,108,456,108,455,107,454,108,453,107,452,107,451,106,450,106,449,105,448,104,447,103,447,102,446,101,446,100,445,99,445,98,445,97,445,96,445
189,448,188,449,187,450,186,450,185,451,184,452,183,453,182,454,182,455,182,456,181,457,181,458,181,459,181,460,182,461,182,462,182,463,182,464,183,465,183,466,184,467,185,468,186,469,187,469,188,470,189,470,190,470,191,470,192,470,193,470,194,470,195,469,196,469,197,468,198,468,199,467,200,467,200,466,201,465,201,464,202,463,202,462,202,461,202,460,202,459,202,458,203,457,203,456,202,455,202,454,201,453,200,452,199,451,199,450,198,449,197,449,196,449,195,449,194,449,193,449,192,448,191,448,190,448
342,450,341,451,340,451,339,451,338,451,337,451,336,451,335,451,334,452,333,452,332,453,332,454,331,455,330,456,330,457,330,458,330,459,329,460,329,461,329,462,328,463,328,464,328,465,328,466,327,467,328,468,328,469,328,470,328,471,329,472,329,473,330,474,330,475,331,475,332,476,333,476,334,477,335,477,336,477,337,477,338,478,339,478,340,477,341,478,342,477,343,477,344,477,345,476,346,475,347,474,348,474,348,473,349,472,349,471,350,470,350,469,350,468,350,467,350,466,351,465,351,464,351,463,351,462,351,461,351,460,351,459,351,458,350,457,350,456,349,455,349,454,348,454,347,453,346,452,345,451,344,451,343,451
256,459,255,460,254,460,253,460,252,461,252,462,251,463,251,464,250,465,250,466,250,467,249,468,249,469,250,470,250,471,251,472,251,473,252,474,253,475,254,476,255,477,256,477,257,478,258,478,259,478,260,478,261,478,262,478,263,477,264,477,265,477,266,476,267,475,268,474,268,473,268,472,269,471,269,470,269,469,269,468,269,467,269,466,269,465,268,464,267,463,266,462,265,461,264,461,263,461,262,460,261,460,260,460,259,459,258,459,257,459
371,459,370,460,369,460,368,460,367,460,366,460,365,460,364,461,363,461,362,462,361,462,360,463,359,464,358,465,357,466,356,467,355,468,355,469,355,470,354,471,354,472,354,473,354,474,354,475,354,476,354,477,354,478,354,479,354,480,354,481,354,482,354,483,355,484,355,485,356,486,356,487,357,488,358,489,358,490,359,490,360,491,361,491,362,492,363,492,364,493,365,493,366,493,367,494,368,494,369,494,370,494,371,494,372,494,373,494,374,493,375,492,376,492,377,491,378,491,379,490,380,489,381,489,381,488,382,487,383,486,384,485,384,484,385,483,385,482,386,481,386,480,387,479,387,478,387,477,387,476,387,475,387,474,387,473,386,472,386,471,386,470,386,469,385,468,384,467,384,466,383,465,382,464,381,463,380,462,379,462,378,461,377,461,376,460,375,460,374,460,373,459,372,459
208,462,207,463,206,463,205,464,204,464,203,465,202,466,201,467,200,468,200,469,200,470,199,471,199,472,198,473,198,474,198,475,199,476,199,477,200,478,200,479,201,480,202,480,203,481,204,481,205,481,206,482,207,482,208,482,209,482,210,482,211,482,212,482,213,482,214,482,215,481,216,481,217,480,218,479,219,479,219,478,220,477,221,476,221,475,222,474,222,473,222,472,222,471,222,470,221,469,220,468,220,467,219,466,219,465,218,465,217,464,216,463,215,463,214,462,213,462,212,462,211,462,210,462,209,462
108,469,107,470,106,470,105,470,104,471,103,471,102,472,101,472,100,473,99,474,98,475,97,476,97,477,96,478,95,479,95,480,94,481,94,482,93,483,93,484,93,485,93,486,93,487,92,488,92,489,92,490,93,491,93,492,93,493,93,494,93,495,93,496,94,497,94,498,94,499,94,500,95,501,95,502,95,503,96,504,97,505,97,506,98,507,99,508,99,509,100,509,101,510,102,510,103,510,104,511,105,511,106,511,107,511,108,511,109,511,110,511,111,511,112,511,113,511,114,511,115,511,116,511,117,511,118,511,119,510,120,510,121,510,122,510,123,510,124,509,125,509,126,508,127,507,128,506,129,505,130,505,130,504,131,503,132,503,133,502,133,501,134,500,135,499,135,498,136,497,136,496,136,495,137,494,137,493,138,492,138,491,138,490,138,489,138,488,138,487,138,486,138,485,138,484,138,483,137,482,137,481,137,480,136,479,135,478,135,477,134,476,133,476,132,475,131,474,130,473,129,472,128,472,127,471,126,471,125,471,124,470,123,470,122,470,121,469,120,469,119,469,118,469,117,469,116,469,115,469,114,469,113,469,112,469,111,469,110,469,109,469
294,479,293,480,292,480,291,480,290,481,289,481,288,482,287,483,286,483,285,484,284,484,284,485,283,486,282,487,281,488,281,489,281,490,280,491,280,492,280,493,280,494,280,495,280,496,280,497,280,498,280,499,281,500,282,501,282,502,283,503,283,504,284,505,284,506,285,507,286,507,287,508,288,509,289,509,290,510,291,510,292,510,293,510,294,510,295,510,296,510,297,509,298,509,299,509,300,509,301,508,302,508,303,507,304,507,305,507,306,506,307,505,307,504,308,503,309,502,309,501,310,500,311,499,311,498,311,497,312,496,312,495,312,494,313,493,312,492,312,491,312,490,311,489,311,488,310,487,310,486,309,485,308,484,307,483,306,482,305,481,304,481,303,480,302,480,301,480,300,479,299,479,298,479,297,479,296,479,295,479
64,480,63,481,62,482,61,483,60,484,60,485,59,486,59,487,59,488,59,489,59,490,60,491,60,492,60,493,60,494,60,495,60,496,61,497,61,498,62,499,62,500,62,501,62,502,63,502,64,503,65,504,66,505,67,505,68,506,69,506,70,507,71,507,72,508,73,507,74,506,75,505,76,504,77,504,77,503,78,502,79,501,79,500,80,499,80,498,80,497,80,496,80,495,80,494,80,493,79,492,79,491,79,490,78,489,77,488,77,487,76,486,75,485,74,484,73,483,72,483,71,482,70,481,69,481,68,480,67,480,66,480,65,480
220,484,219,485,218,485,217,486,217,487,216,488,215,488,214,489,213,490,212,491,211,491,210,491,209,491,208,492,207,492,206,492,205,492,204,492,203,492,202,492,201,493,200,493,199,494,199,495,199,496,199,497,198,498,198,499,198,500,198,501,198,502,198,503,198,504,198,505,199,506,199,507,200,508,201,509,202,510,203,510,204,510,205,510,206,510,207,510,208,510,209,510,210,510,211,510,212,509,213,509,214,508,215,507,216,506,217,505,218,504,219,504,220,503,221,503,222,502,223,502,224,502,225,502,226,501,227,501,228,500,229,499,230,498,231,497,231,496,231,495,231,494,231,493,231,492,231,491,231,490,231,489,230,488,230,487,229,486,228,486,227,485,226,485,225,484,224,484,223,484,222,484,221,484
418,485,417,486,416,487,415,487,415,488,414,489,413,490,412,491,411,492,410,493,410,494,409,495,408,496,408,497,407,498,407,499,407,500,407,501,407,502,407,503,407,504,408,505,408,506,409,507,410,508,411,508,412,508,413,508,414,508,415,508,416,507,417,507,418,507,419,506,420,506,421,505,421,504,421,503,422,502,422,501,423,500,423,499,423,498,423,497,424,496,424,495,424,494,424,493,424,492,424,491,424,490,423,489,423,488,422,487,421,486,420,485,419,485
380,490,379,491,378,492,377,492,376,493,375,493,374,494,373,495,373,496,372,497,371,498,371,499,370,500,369,501,369,502,368,503,368,504,368,505,368,506,368,507,368,508,368,509,369,510,370,510,371,511,372,511,373,511,374,511,375,511,376,511,377,511,378,511,379,511,380,511,381,511,382,511,383,511,384,511,385,511,386,511,387,511,388,511,389,511,390,511,391,511,392,511,393,511,394,511,395,511,396,511,397,511,398,511,399,511,400,510,400,509,401,508,401,507,401,506,401,505,401,504,402,503,402,502,402,501,401,500,401,499,400,498,400,497,399,496,399,495,398,494,397,493,396,492,395,491,394,491,393,490,392,490,391,490,390,490,389,490,388,490,387,490,386,490,385,490,384,490,383,490,382,490,381,490
55,502,54,503,53,503,52,504,51,504,50,505,49,506,49,507,48,508,48,509,49,510,50,510,51,510,52,511,53,511,54,511,55,511,56,511,57,511,58,511,59,511,60,511,61,511,62,511,63,511,64,511,65,511,66,511,67,511,68,511,69,511,70,511,71,511,72,511,73,510,72,509,71,508,70,508,69,507,68,507,67,506,66,506,65,505,64,504,63,503,62,503,61,502,60,502,59,502,58,502,57,502,56,502
139,505,138,506,137,506,136,506,135,507,134,508,133,508,132,509,132,510,132,511,133,511,134,511,135,511,136,511,137,511,138,511,139,511,140,511,141,511,142,511,143,511,144,511,145,511,146,511,147,511,148,511,149,511,150,511,151,511,152,511,153,511,154,511,155,511,156,511,157,511,158,511,159,511,160,511,161,510,160,509,159,509,158,508,157,508,156,507,155,507,154,507,153,507,152,506,151,505,150,505,149,505,148,505,147,505,146,505,145,505,144,505,143,505,142,505,141,505,140,505
