59,8,58,9,57,9,56,9,55,10,54,10,54,11,54,12,54,13,55,14,56,14,57,15,58,15,59,14,60,14,61,14,62,13,63,12,63,11,62,10,62,9,61,9,60,9
48,67,47,68,46,69,46,70,45,71,45,72,44,73,44,74,43,75,43,76,43,77,44,78,44,79,44,80,45,81,46,82,46,83,47,84,48,85,49,85,50,86,51,86,52,87,53,87,54,87,55,86,56,86,57,86,58,85,59,84,60,83,61,82,61,81,61,80,62,79,62,78,62,77,61,76,61,75,61,74,61,73,60,72,59,71,59,70,58,69,57,68,56,68,55,67,54,67,53,67,52,67,51,67,50,67,49,67
151,103,150,104,149,104,148,105,147,105,146,106,145,107,145,108,144,109,143,110,143,111,143,112,142,113,142,114,143,115,143,116,144,117,144,118,145,119,146,120,147,121,148,122,149,123,150,124,151,125,152,125,153,125,154,124,155,124,156,123,157,123,158,122,159,122,160,121,161,120,162,120,163,119,164,118,165,117,165,116,165,115,165,114,165,113,165,112,165,111,165,110,165,109,164,108,163,107,162,106,161,105,160,104,159,104,158,104,157,104,156,103,155,103,154,103,153,103,152,103
173,106,172,107,171,107,170,107,169,108,168,108,167,109,166,109,166,110,166,111,166,112,166,113,166,114,166,115,166,116,166,117,167,118,167,119,168,119,169,120,170,120,171,120,172,120,173,120,174,120,175,120,176,120,177,120,178,120,179,119,180,119,181,118,182,118,183,117,184,116,185,116,186,115,187,114,187,113,187,112,187,111,186,110,185,110,184,109,183,108,182,108,181,107,180,107,179,107,178,107,177,106,176,106,175,106,174,106
133,112,132,113,131,114,130,115,129,115,128,116,127,117,126,118,125,119,124,120,123,121,122,122,121,123,120,124,119,125,118,126,117,127,116,128,115,129,114,130,113,131,112,132,111,132,110,133,109,133,108,134,107,135,106,136,105,137,105,138,104,139,104,140,103,141,103,142,103,143,103,144,103,145,103,146,103,147,103,148,104,149,104,150,104,151,104,152,105,153,105,154,106,155,107,156,108,157,109,158,110,158,111,158,112,158,113,158,114,159,115,158,116,158,117,157,118,157,119,156,120,156,121,155,122,155,123,155,124,154,125,154,126,154,127,154,128,154,128,153,129,152,130,152,131,151,132,151,133,150,134,150,135,149,136,148,137,147,138,146,139,145,140,145,141,144,141,143,141,142,142,141,142,140,143,139,143,138,144,137,144,136,145,135,146,134,146,133,147,132,148,131,149,130,149,129,150,128,150,127,151,126,150,125,149,124,148,123,147,122,146,121,145,120,144,119,143,118,143,117,142,116,142,115,141,114,140,113,139,113,138,113,137,112,136,112,135,112,134,112
189,120,188,121,187,121,186,121,185,121,184,122,183,122,182,123,181,124,180,124,179,125,178,126,177,127,177,128,177,129,176,130,176,131,176,132,176,133,177,134,177,135,177,136,177,137,177,138,178,139,178,140,178,141,179,142,180,143,181,144,182,145,183,146,184,147,185,147,186,147,187,148,188,148,189,149,190,149,191,149,192,149,193,150,194,150,195,150,196,150,197,150,198,150,199,149,200,149,201,148,202,147,203,147,204,146,205,145,206,144,207,143,207,142,208,141,208,140,209,139,209,138,209,137,209,136,210,135,210,134,210,133,210,132,209,131,209,130,208,129,207,128,207,127,206,126,205,125,204,125,203,124,202,123,201,123,200,122,199,122,198,121,197,121,196,121,195,120,194,120,193,120,192,120,191,120,190,120
215,123,214,124,213,124,212,125,212,126,211,127,211,128,211,129,211,130,211,131,211,132,212,133,213,134,213,135,214,136,215,137,216,138,217,138,218,139,219,140,220,141,221,141,222,141,223,141,224,141,225,141,226,141,227,141,228,140,229,140,228,139,229,138,230,137,230,136,230,135,231,134,230,133,230,132,229,131,229,130,228,129,227,128,226,127,225,126,224,126,223,125,222,125,221,124,220,124,219,124,218,123,217,123,216,123
152,126,151,127,151,128,150,129,150,130,149,131,148,132,147,133,147,134,146,135,145,136,145,137,144,138,144,139,143,140,143,141,142,142,142,143,142,144,141,145,142,146,142,147,143,148,143,149,144,150,144,151,145,152,146,153,147,154,148,155,149,155,150,156,151,156,152,156,153,157,154,157,155,157,156,157,157,156,158,156,159,155,160,155,161,154,162,153,163,152,164,151,164,150,165,149,165,148,166,147,166,146,167,145,167,144,167,143,167,142,168,141,168,140,168,139,168,138,168,137,168,136,168,135,168,134,167,133,167,132,167,131,167,130,166,129,165,129,164,128,163,127,162,127,161,127,160,127,159,127,158,127,157,127,156,127,155,126,154,126,153,126
228,141,228,142,227,143,228,144,228,145,228,146,228,147,228,148,228,149,228,150,229,151,229,152,229,153,229,154,230,155,230,156,231,157,231,158,232,159,233,159,234,160,235,160,236,160,237,161,238,161,239,161,240,161,241,161,242,161,243,161,244,162,245,162,245,161,245,160,246,159,246,158,247,157,248,156,249,155,249,154,249,153,249,152,248,151,248,150,248,149,247,148,247,147,246,146,245,145,244,144,243,144,242,143,241,143,240,143,239,143,238,143,237,143,236,143,235,143,234,142,233,142,232,142,231,141,230,141,229,141
220,142,219,143,218,144,217,144,216,145,215,145,214,146,213,147,212,148,211,149,211,150,210,151,209,152,209,153,208,154,208,155,208,156,207,157,207,158,207,159,207,160,208,161,208,162,208,163,209,164,210,165,211,166,212,167,212,168,213,169,214,168,215,168,216,168,217,168,218,167,219,167,220,166,221,166,222,165,223,165,224,164,225,163,226,163,227,162,228,161,229,161,230,160,231,160,232,160,233,160,232,160,231,159,230,158,230,157,229,156,229,155,228,154,228,153,228,152,228,151,227,150,227,149,227,148,227,147,227,146,227,145,227,144,226,143,227,142,226,142,225,142,224,142,223,142,222,142,221,142
124,155,123,156,122,156,121,156,120,157,119,157,118,158,117,158,116,159,115,159,114,160,114,161,114,162,114,163,113,164,113,165,113,166,113,167,113,168,113,169,113,170,113,171,113,172,113,173,113,174,114,175,114,176,114,177,115,178,115,179,115,180,116,181,116,182,117,183,117,184,118,185,119,186,120,187,121,188,122,188,123,189,124,189,125,189,126,190,127,190,128,190,129,190,130,190,131,190,132,189,133,189,134,189,135,189,136,188,137,188,138,188,139,187,140,187,141,186,141,185,142,184,143,183,143,182,143,181,144,180,144,179,144,178,145,177,145,176,145,175,145,174,145,173,145,172,144,171,144,170,143,169,143,168,142,167,142,166,141,165,140,164,139,163,138,162,137,161,136,160,136,159,135,158,134,157,133,157,132,156,131,155,130,155,129,155,128,155,127,155,126,155,125,155
250,155,249,156,248,157,247,158,247,159,246,160,246,161,246,162,246,163,246,164,246,165,246,166,246,167,246,168,247,168,248,169,249,170,249,171,250,172,251,173,251,174,252,175,253,176,254,177,254,178,255,179,255,180,256,181,257,181,258,181,259,181,260,181,261,180,262,180,263,179,264,179,264,178,265,177,266,176,266,175,266,174,266,173,266,172,266,171,266,170,266,169,266,168,266,167,266,166,265,165,265,164,264,163,263,162,263,161,262,160,261,159,260,158,259,158,258,157,257,156,256,156,255,156,254,156,253,156,252,156,251,156
193,161,192,162,191,162,190,162,189,162,188,162,187,162,186,162,185,162,184,162,183,163,182,163,181,163,180,163,179,164,178,164,177,164,176,164,175,164,174,164,173,165,172,165,171,165,170,166,169,166,168,167,167,167,166,168,165,168,164,169,164,170,165,171,165,172,166,173,166,174,167,175,168,176,168,177,169,178,170,179,171,180,172,181,173,182,174,183,175,184,176,184,177,184,178,184,179,184,180,184,181,184,182,184,183,184,184,184,185,183,186,183,187,183,188,182,189,182,190,183,191,183,192,182,193,181,194,180,195,179,196,178,197,177,198,176,199,175,200,174,201,173,202,172,203,171,204,171,205,170,206,169,205,168,205,167,204,166,204,165,203,164,202,163,201,162,200,162,199,162,198,162,197,162,196,162,195,162,194,162
230,161,229,162,228,162,227,163,226,164,225,164,224,165,223,166,222,166,221,167,220,167,219,168,218,168,217,169,216,169,215,169,214,169,213,170,213,171,212,172,213,173,212,174,213,175,213,176,213,177,213,178,214,179,215,180,216,180,217,181,218,181,219,182,220,182,221,182,222,183,223,184,224,184,225,184,226,185,227,185,228,186,229,187,230,186,231,186,232,185,233,185,234,185,235,184,236,184,237,183,238,183,239,182,240,182,241,181,242,180,243,180,243,179,243,178,243,177,244,176,244,175,244,174,244,173,244,172,244,171,244,170,244,169,245,168,245,167,245,166,245,165,245,164,244,163,243,162,242,162,241,162,240,162,239,162,238,162,237,162,236,161,235,161,234,161,233,161,232,161,231,161
158,169,157,170,156,170,155,171,155,172,154,173,154,174,154,175,153,176,153,177,153,178,153,179,152,180,152,181,152,182,152,183,151,184,151,185,151,186,151,187,150,188,150,189,150,190,150,191,150,192,149,193,149,194,149,195,149,196,150,197,149,198,149,199,149,200,148,201,148,202,149,203,150,203,151,203,152,204,153,204,154,204,155,204,156,203,157,203,158,204,159,204,160,204,161,204,162,205,163,204,164,203,165,202,166,202,167,201,168,200,169,199,170,198,171,197,172,196,173,195,174,194,174,193,175,192,175,191,175,190,176,189,175,188,175,187,174,186,174,185,174,184,173,183,172,182,171,181,170,180,169,179,168,178,167,177,167,176,166,175,165,174,165,173,164,172,164,171,163,170,163,169,162,169,161,169,160,169,159,169
278,177,277,178,276,178,275,178,275,179,274,180,274,181,273,182,272,183,271,184,271,185,271,186,270,187,270,188,270,189,270,190,270,191,269,192,268,193,267,194,266,195,266,196,265,197,265,198,264,199,264,200,264,201,263,202,263,203,263,204,263,205,263,206,264,207,265,207,266,207,267,207,268,207,269,207,270,207,271,206,272,206,273,205,274,205,275,204,276,204,277,203,278,203,279,202,280,202,281,201,282,201,283,200,284,199,285,199,286,198,287,197,288,196,289,195,289,194,290,193,291,192,292,191,292,190,292,189,291,188,291,187,290,186,289,185,288,185,287,184,286,183,285,183,284,183,283,183,282,183,281,183,280,183,279,183,278,182,277,181,278,180,278,179,279,178
244,180,243,181,242,181,241,182,240,183,239,183,238,184,237,184,236,185,235,185,234,186,233,186,232,186,231,187,230,187,229,188,229,189,228,190,229,191,229,192,229,193,229,194,230,195,231,196,231,197,232,197,233,198,234,198,235,199,236,199,237,200,238,201,239,202,240,203,241,204,241,205,242,205,243,206,244,206,245,206,246,207,247,207,248,207,249,207,250,207,251,207,252,206,253,206,254,206,255,205,256,204,257,203,258,202,259,201,259,200,260,199,261,198,261,197,262,196,263,195,263,194,264,193,264,192,265,191,265,190,265,189,264,188,264,187,263,187,262,186,261,185,260,185,259,184,258,183,257,182,256,182,255,181,254,181,253,181,252,181,251,181,250,181,249,180,248,180,247,180,246,180,245,180
214,187,213,188,212,188,211,189,210,190,209,190,208,191,207,192,206,193,205,194,204,195,203,195,203,196,203,197,203,198,203,199,203,200,203,201,203,202,203,203,204,204,204,205,204,206,205,207,205,208,206,209,207,210,208,210,209,211,210,211,211,211,212,211,213,211,214,211,215,211,216,211,217,210,218,210,218,209,219,208,220,207,221,206,222,205,222,204,223,203,224,202,225,201,226,200,226,199,227,198,228,197,228,196,228,195,228,194,228,193,228,192,228,191,227,190,226,189,225,189,224,188,223,188,222,188,221,187,220,187,219,187,218,187,217,187,216,187,215,187
228,198,227,199,227,200,226,201,225,202,224,203,223,204,223,205,222,206,221,207,220,208,219,209,219,210,219,211,218,212,218,213,218,214,218,215,219,216,219,217,219,218,220,219,220,220,221,221,222,221,223,222,224,222,225,223,226,223,227,223,228,223,229,223,230,222,231,222,232,222,233,221,234,221,235,220,236,219,237,218,237,217,238,216,239,215,239,214,239,213,240,212,240,211,240,210,240,209,240,208,240,207,240,206,240,205,240,204,239,203,238,202,237,201,236,200,235,200,234,199,233,199,232,198,231,198,230,198,229,198
135,202,134,203,133,203,132,203,131,203,130,203,130,204,129,205,128,206,127,207,126,208,126,209,125,210,125,211,125,212,125,213,125,214,124,215,125,216,125,217,125,218,125,219,126,220,126,221,127,222,128,223,129,224,130,224,131,225,132,224,133,224,134,224,135,223,135,222,136,221,137,221,138,220,139,219,140,219,140,218,140,217,140,216,141,215,141,214,141,213,141,212,142,211,142,210,142,209,142,208,143,207,143,206,143,205,143,204,143,203,142,203,141,203,140,203,139,203,138,202,137,202,136,202
147,202,146,203,145,203,144,203,144,204,144,205,144,206,144,207,143,208,143,209,143,210,143,211,142,212,142,213,142,214,142,215,141,216,141,217,141,218,141,219,142,220,143,221,144,222,145,223,146,224,147,225,148,225,149,226,150,227,151,228,152,229,153,230,154,231,155,231,156,231,157,232,158,232,159,233,160,232,161,231,161,230,162,229,163,228,164,227,165,226,166,225,167,225,168,224,169,223,170,222,171,221,172,220,171,219,170,219,169,218,168,217,167,216,166,216,165,215,164,214,163,213,162,212,161,211,160,210,159,209,158,209,157,208,156,208,155,207,154,206,153,205,152,205,151,204,150,204,149,204,148,203
192,204,191,205,190,205,189,206,188,206,188,207,187,208,187,209,186,210,185,210,185,211,184,212,183,212,183,213,182,214,181,214,180,214,180,215,179,216,179,217,178,218,178,219,177,220,176,220,177,221,178,222,178,223,179,224,180,225,181,226,182,227,183,228,184,228,185,228,186,228,187,228,188,228,189,227,190,227,191,227,192,227,193,227,194,226,195,226,196,225,197,225,198,225,199,224,200,223,200,222,201,221,202,220,202,219,202,218,203,217,203,216,203,215,204,214,204,213,205,212,205,211,205,210,205,209,204,208,204,207,203,206,203,205,203,204,202,204,201,204,200,204,199,204,198,204,197,204,196,204,195,204,194,204,193,204
303,204,302,205,301,205,300,206,299,206,298,207,297,208,297,209,297,210,297,211,296,212,296,213,295,214,295,215,295,216,295,217,295,218,295,219,295,220,295,221,294,222,294,223,294,224,294,225,295,226,295,227,295,228,296,228,297,228,298,228,299,228,300,229,301,228,302,228,303,227,304,227,305,226,306,225,307,225,308,224,309,223,310,222,311,221,312,220,312,219,313,218,314,217,314,216,314,215,314,214,315,213,315,212,315,211,315,210,314,209,313,208,313,207,312,206,311,206,310,205,309,205,308,204,307,204,306,204,305,204,304,204
106,220,105,221,104,221,103,221,102,222,102,223,101,224,101,225,101,226,102,227,102,228,103,229,104,230,105,231,106,231,107,232,108,231,109,231,110,231,111,231,112,231,113,231,114,230,115,229,115,228,115,227,115,226,114,225,114,224,114,223,113,222,112,221,111,221,110,220,109,220,108,220,107,220
139,220,138,221,137,222,136,222,136,223,135,224,135,225,135,226,135,227,135,228,135,229,135,230,134,231,134,232,134,233,134,234,135,235,135,236,135,237,135,238,136,239,136,240,137,241,137,242,138,243,138,244,139,245,140,246,141,247,142,247,143,247,144,248,145,248,146,248,147,248,148,247,149,247,150,246,150,245,150,244,151,243,152,243,152,242,153,241,154,240,153,239,154,238,154,237,154,236,154,235,154,234,153,233,153,232,153,231,152,230,151,229,150,228,149,227,148,226,147,226,146,225,145,224,144,223,143,222,142,221,141,220,140,220
173,220,172,221,171,222,170,223,169,224,168,225,167,226,166,226,165,227,164,228,163,229,162,230,162,231,161,232,160,233,161,233,162,234,163,235,164,235,165,236,166,236,167,237,168,238,169,238,170,239,171,240,172,241,173,242,174,243,175,242,176,242,177,242,178,242,179,241,180,241,181,240,182,240,183,239,183,238,182,237,182,236,182,235,182,234,182,233,182,232,182,231,182,230,181,229,181,228,181,227,180,226,179,225,178,224,177,223,177,222,176,221,175,221,174,221
212,220,211,221,210,221,209,222,208,222,207,222,206,223,205,223,204,223,203,224,202,224,201,224,200,225,201,226,201,227,202,228,202,229,201,230,202,231,203,232,204,232,205,233,206,234,207,234,208,235,209,235,210,236,211,237,212,238,213,239,214,240,215,240,216,240,217,241,218,241,219,241,220,241,221,240,222,240,223,239,223,238,224,237,224,236,224,235,224,234,224,233,224,232,224,231,223,230,223,229,223,228,223,227,223,226,222,225,222,224,221,223,220,223,219,222,218,222,217,222,216,221,215,221,214,220,213,220
248,225,247,226,246,226,245,226,244,226,243,226,242,227,241,227,240,228,239,229,238,230,237,231,237,232,236,233,235,234,235,235,234,236,234,237,233,238,233,239,233,240,233,241,232,242,233,243,234,244,235,245,236,246,236,247,237,248,237,249,238,250,238,251,238,252,239,253,240,254,241,255,242,256,243,257,244,258,245,258,246,257,247,257,248,257,249,257,250,257,251,257,252,257,253,256,254,256,255,255,256,255,257,254,257,253,258,252,259,251,260,250,261,249,261,248,261,247,262,246,263,245,263,244,263,243,263,242,263,241,263,240,263,239,263,238,263,237,263,236,263,235,262,234,262,233,261,232,260,231,260,230,259,229,258,228,257,228,256,227,255,226,254,226,253,226,252,226,251,226,250,225,249,225
193,230,192,231,191,231,190,231,189,232,188,233,187,234,187,235,186,236,185,237,184,238,184,239,185,240,185,241,186,242,187,243,188,244,188,245,189,246,190,247,190,248,191,249,191,250,192,251,192,252,193,253,194,254,195,255,196,255,197,256,198,257,199,257,200,257,201,257,202,257,203,257,204,257,205,258,206,258,207,257,208,256,209,256,210,255,211,254,212,253,212,252,213,251,213,250,213,249,214,248,214,247,214,246,214,245,214,244,214,243,214,242,214,241,213,240,212,239,211,238,210,237,209,236,208,236,207,235,206,235,205,234,204,233,203,233,202,232,201,231,200,230,199,231,198,231,197,230,196,230,195,230,194,230
160,239,159,240,158,240,157,240,156,240,155,241,154,241,153,242,153,243,152,244,151,245,151,246,150,247,150,248,150,249,150,250,150,251,150,252,150,253,150,254,150,255,150,256,151,257,151,258,151,259,152,260,152,261,152,262,153,263,154,264,155,265,156,266,157,267,158,267,159,267,160,267,161,268,162,268,163,268,164,267,165,266,165,265,166,264,166,263,167,262,167,261,168,260,168,259,168,258,169,257,169,256,169,255,169,254,169,253,169,252,169,251,169,250,170,249,170,248,170,247,170,246,169,245,169,244,169,243,168,242,167,241,166,240,165,240,164,240,163,240,162,239,161,239
326,239,325,240,324,240,323,241,323,242,322,243,322,244,321,245,321,246,321,247,320,248,320,249,320,250,320,251,320,252,320,253,321,254,321,255,322,256,322,257,323,258,324,258,325,259,326,260,327,260,328,260,329,260,330,260,331,260,332,261,333,261,334,260,335,259,336,259,337,258,338,257,339,256,339,255,339,254,340,253,340,252,340,251,340,250,340,249,339,248,339,247,339,246,338,245,337,244,337,243,336,242,335,241,334,240,333,240,332,239,331,239,330,239,329,239,328,239,327,239
183,240,182,241,181,241,180,242,179,242,178,243,177,243,176,243,175,243,174,244,173,245,172,246,171,247,171,248,171,249,170,250,170,251,170,252,170,253,170,254,170,255,170,256,170,257,169,258,170,259,171,259,172,259,173,259,174,260,175,260,176,260,177,260,178,261,179,261,180,261,181,261,182,262,183,262,184,262,185,262,186,261,187,260,188,260,189,259,190,258,191,257,191,256,192,255,192,254,192,253,191,252,191,251,190,250,190,249,189,248,189,247,188,246,187,245,187,244,186,243,185,242,184,241,184,240
293,240,292,241,291,241,290,241,289,241,288,242,287,243,286,243,285,243,284,244,283,244,282,245,281,246,280,247,280,248,280,249,279,250,279,251,279,252,279,253,279,254,279,255,279,256,279,257,279,258,280,259,280,260,281,261,282,262,283,263,283,264,284,265,284,266,285,267,285,268,285,269,286,270,286,271,287,272,287,273,288,274,288,275,289,276,290,277,291,278,292,278,293,279,294,280,295,280,296,280,297,281,298,281,299,281,300,281,301,280,302,280,303,280,304,280,305,279,306,279,307,278,308,277,309,277,310,276,311,275,311,274,312,273,313,272,313,271,314,270,315,269,315,268,316,267,316,266,316,265,316,264,316,263,316,262,316,261,316,260,316,259,316,258,315,257,315,256,314,255,313,254,313,253,312,252,312,251,312,250,312,249,311,248,311,247,311,246,310,245,309,244,308,243,307,243,306,242,305,242,304,242,303,242,302,241,301,241,300,241,299,241,298,240,297,240,296,240,295,240,294,240
231,243,230,244,229,244,228,244,227,245,226,245,225,245,224,245,223,246,222,246,221,247,220,248,219,249,218,250,217,251,217,252,217,253,218,254,218,255,219,256,220,257,220,258,221,258,222,258,223,258,224,258,225,258,226,258,227,258,228,258,229,257,230,257,231,257,232,257,233,256,234,256,235,256,236,255,237,255,238,254,239,254,240,255,239,254,238,253,237,252,237,251,237,250,236,249,236,248,235,247,235,246,234,245,233,244,232,243
238,255,237,256,236,256,235,257,234,257,233,257,232,258,231,258,230,258,229,258,228,259,227,259,226,259,225,259,224,259,223,259,222,259,221,259,220,259,220,260,219,261,218,261,218,262,217,263,216,263,216,264,217,265,217,266,217,267,217,268,217,269,218,270,218,271,218,272,218,273,218,274,218,275,218,276,219,277,220,277,221,278,222,279,223,279,224,280,225,280,226,280,227,280,228,281,229,280,230,281,231,281,231,280,232,279,233,279,234,279,235,278,236,277,237,277,238,276,239,275,240,274,241,274,242,273,242,272,243,271,243,270,244,269,244,268,244,267,244,266,244,265,244,264,244,263,244,262,243,261,243,260,243,259,243,258,242,257,241,256,240,256,239,255
199,258,199,259,198,260,197,260,198,261,198,262,198,263,199,264,199,265,199,266,199,267,198,268,198,269,198,270,198,271,197,272,197,273,196,274,196,275,196,276,196,277,197,278,197,279,197,280,198,281,198,282,199,283,198,284,199,283,200,283,201,283,202,283,203,284,204,284,205,283,206,283,207,283,208,283,209,283,210,282,211,281,212,281,213,280,214,280,215,279,216,278,217,277,217,276,217,275,217,274,217,273,217,272,217,271,217,270,216,269,216,268,216,267,216,266,216,265,215,264,215,263,215,262,214,262,213,262,212,261,211,261,210,261,209,260,208,260,207,259,206,259,205,259,204,258,203,258,202,258,201,258,200,258
169,259,169,260,168,261,168,262,167,263,167,264,166,265,166,266,165,267,164,268,165,269,165,270,165,271,166,272,166,273,167,274,167,275,168,276,169,276,170,276,171,276,172,276,173,276,174,276,175,276,176,276,177,276,178,276,179,275,180,274,181,273,182,273,183,272,183,271,184,270,184,269,184,268,184,267,184,266,184,265,184,264,184,263,183,263,182,263,181,262,180,262,179,262,178,262,177,261,176,261,175,261,174,261,173,260,172,260,171,260,170,260
324,270,324,271,323,272,322,272,321,273,320,274,319,275,319,276,318,277,318,278,319,279,320,280,320,281,321,281,322,282,323,282,324,282,325,282,326,282,327,282,328,283,329,282,329,281,330,280,330,279,331,278,331,277,332,276,333,275,332,275,331,274,330,274,329,273,328,272,327,272,326,271,325,271
252,283,251,284,250,285,249,285,248,286,247,287,246,287,245,288,244,288,243,289,242,290,241,290,240,290,239,291,238,291,237,292,236,293,235,294,234,295,233,296,232,297,232,298,231,299,230,300,229,301,228,301,229,302,229,303,229,304,229,305,229,306,229,307,229,308,229,309,229,310,230,311,230,312,231,313,232,314,233,315,234,316,235,316,236,317,237,317,238,317,239,317,240,317,241,317,242,317,243,316,244,315,245,315,246,314,247,313,248,312,249,311,250,310,251,309,252,308,253,307,253,306,254,305,255,304,256,303,257,302,257,301,258,300,258,299,258,298,259,297,259,296,260,295,260,294,260,293,260,292,260,291,260,290,260,289,259,288,259,287,259,286,258,285,257,284,256,284,255,283,254,284,253,283
222,286,221,287,220,287,219,288,218,288,217,289,216,289,215,290,214,290,213,291,212,291,211,292,210,292,209,293,208,293,207,293,207,294,206,295,205,296,204,296,203,296,202,297,201,298,200,299,199,300,198,301,198,302,197,303,197,304,198,305,198,306,199,307,200,307,201,308,202,309,203,309,204,309,205,310,205,311,206,310,207,310,208,309,209,309,210,308,211,308,212,307,213,307,214,306,215,306,216,305,217,305,218,304,219,304,220,304,221,303,222,303,223,303,223,302,224,301,225,300,226,299,227,299,228,298,228,297,229,296,229,295,230,294,230,293,230,292,229,291,229,290,228,289,228,288,227,287,226,287,225,286,224,287,223,286
330,288,329,289,328,289,327,289,326,289,325,289,324,289,323,290,322,290,321,290,320,291,319,291,318,291,317,292,316,292,315,293,315,294,314,295,314,296,314,297,313,298,313,299,313,300,313,301,314,302,314,303,315,304,316,305,317,306,318,306,319,306,320,307,321,307,322,307,323,307,324,308,325,308,326,308,327,307,328,307,329,307,330,306,331,306,332,305,333,305,334,305,335,304,336,303,337,303,337,302,338,301,338,300,339,299,339,298,339,297,339,296,339,295,339,294,338,293,338,292,337,291,336,290,335,290,334,289,333,289,332,289,331,289
270,300,269,301,268,302,267,303,266,304,265,305,265,306,265,307,266,308,266,309,265,310,265,311,266,312,267,313,268,314,269,315,270,316,271,317,271,318,272,318,273,319,274,319,275,319,276,319,277,319,278,318,279,318,279,317,280,316,280,315,281,314,281,313,282,312,282,311,282,310,282,309,282,308,281,307,281,306,280,305,280,304,279,304,278,304,277,303,276,303,275,302,274,301,273,300,272,300,271,300
221,304,220,305,219,305,218,305,217,306,216,306,215,307,214,307,213,308,212,308,211,309,210,309,209,310,208,310,207,311,206,311,206,312,206,313,206,314,206,315,206,316,207,317,207,318,208,319,209,320,210,320,211,321,212,321,213,321,214,322,215,322,216,322,217,322,218,321,219,321,220,321,221,320,222,320,223,319,224,318,225,317,226,316,227,315,227,314,227,313,227,312,226,311,226,310,226,309,225,308,225,307,224,306,224,305,224,304,223,304,222,304
322,309,321,310,320,310,319,311,318,311,317,312,316,313,315,314,314,315,314,316,313,317,313,318,313,319,313,320,313,321,314,322,315,323,315,324,316,325,316,326,317,327,318,328,319,328,320,329,321,330,321,331,322,330,323,330,324,330,325,331,326,331,327,331,328,330,329,330,330,330,331,330,332,329,333,329,334,328,335,328,336,327,337,326,338,325,339,324,339,323,339,322,340,321,340,320,340,319,340,318,340,317,340,316,340,315,339,314,339,313,338,312,337,312,336,312,335,311,334,311,333,310,332,310,331,310,330,309,329,309,328,309,327,309,326,309,325,309,324,309,323,309
256,311,255,312,254,312,253,312,252,313,251,313,250,314,249,314,248,315,247,315,246,316,246,317,245,318,245,319,245,320,245,321,245,322,245,323,245,324,246,325,246,326,246,327,246,328,246,329,247,330,247,331,248,332,249,333,250,334,251,335,252,336,253,336,254,336,255,336,256,336,257,336,258,336,259,335,260,335,261,335,262,334,263,334,264,333,265,333,266,332,267,331,268,330,269,329,269,328,270,327,270,326,270,325,271,324,271,323,271,322,271,321,271,320,271,319,270,318,270,317,269,316,268,315,267,314,266,313,265,312,264,312,263,312,262,312,261,312,260,311,259,311,258,311,257,311
236,325,235,326,234,326,233,326,232,326,231,327,230,327,229,328,228,328,227,329,226,330,225,331,224,332,224,333,224,334,224,335,224,336,223,337,223,338,223,339,224,340,224,341,224,342,224,343,225,344,226,345,227,346,228,347,229,348,230,348,231,349,232,349,233,349,234,350,235,350,236,350,237,350,238,350,239,350,240,350,241,349,242,348,243,347,244,346,245,345,246,344,246,343,246,342,247,341,247,340,247,339,247,338,247,337,247,336,247,335,246,334,246,333,246,332,245,331,245,330,244,330,243,329,243,328,242,328,241,327,240,327,239,326,238,326,237,325
308,328,307,329,306,329,305,329,304,329,303,330,302,330,301,331,300,331,299,332,298,333,297,334,297,335,296,336,296,337,295,338,295,339,295,340,295,341,295,342,296,343,296,344,297,345,297,346,298,346,299,347,300,347,301,347,302,347,303,347,304,347,305,346,306,346,307,346,308,345,309,345,310,345,311,344,312,343,313,343,314,343,315,343,316,342,317,342,318,341,319,340,320,339,320,338,321,337,321,336,321,335,321,334,321,333,321,332,320,331,319,331,318,331,317,330,316,330,315,329,314,329,313,329,312,328,311,328,310,328,309,328
261,340,260,341,259,341,258,341,257,342,256,343,255,343,254,344,253,345,252,346,251,347,250,348,250,349,250,350,250,351,250,352,250,353,251,354,252,355,253,356,254,356,255,356,256,357,257,357,258,357,259,357,260,357,261,357,262,356,263,356,264,355,265,355,266,354,267,353,268,352,268,351,269,350,269,349,269,348,270,347,270,346,270,345,270,344,270,343,269,342,268,341,267,340,266,340,265,340,264,340,263,340,262,340
280,340,279,341,278,341,277,342,276,343,275,344,274,345,274,346,273,347,273,348,272,349,272,350,272,351,272,352,272,353,272,354,272,355,272,356,273,357,274,357,275,357,276,357,277,357,278,357,279,357,280,357,281,357,282,357,283,356,284,356,285,355,286,354,287,354,288,353,289,352,289,351,290,350,291,349,291,348,291,347,292,346,292,345,292,344,292,343,291,342,290,341,289,340,288,340,287,340,286,340,285,340,284,340,283,340,282,340,281,340
132,412,131,413,130,413,129,414,128,414,127,414,126,415,125,416,124,417,123,418,123,419,123,420,122,421,122,422,122,423,122,424,122,425,122,426,122,427,122,428,123,429,124,430,124,431,125,432,126,432,127,433,128,433,129,434,130,434,131,434,132,434,133,434,134,435,135,435,136,435,137,435,138,435,139,435,140,435,141,435,142,435,143,435,143,434,144,433,144,432,144,431,145,430,145,429,146,428,146,427,146,426,146,425,146,424,146,423,146,422,146,421,146,420,145,419,145,418,144,417,143,416,142,415,141,414,140,413,139,413,138,413,137,413,136,413,135,412,134,412,133,412
296,412,295,413,294,413,293,414,292,414,291,415,290,415,289,416,288,417,287,418,286,419,286,420,286,421,285,422,285,423,285,424,285,425,285,426,286,427,286,428,287,429,288,430,288,431,289,431,290,432,291,432,292,432,293,432,294,433,295,433,296,433,297,434,298,434,299,434,300,433,301,433,302,433,303,432,304,431,305,431,306,430,307,429,308,429,309,428,309,427,310,426,311,425,311,424,311,423,311,422,311,421,311,420,311,419,311,418,310,417,309,416,308,415,307,414,306,414,305,413,304,413,303,412,302,412,301,412,300,412,299,412,298,412,297,412
370,413,369,414,368,414,367,415,366,416,365,416,364,417,363,418,362,418,361,419,360,420,359,421,358,422,357,423,357,424,356,425,356,426,355,427,355,428,355,429,355,430,355,431,356,432,356,433,357,434,357,435,358,436,359,436,360,437,361,437,362,438,363,438,364,439,365,439,366,439,367,440,368,440,369,440,370,440,371,441,372,441,373,441,374,442,375,442,376,442,377,442,378,443,379,443,380,443,381,444,382,444,383,444,384,444,385,444,386,443,387,443,388,443,389,442,390,442,391,441,392,440,392,439,393,438,393,437,394,436,394,435,394,434,394,433,395,432,395,431,395,430,395,429,395,428,395,427,395,426,395,425,395,424,394,423,393,422,392,421,391,420,390,419,389,418,388,417,387,417,386,417,385,416,384,416,383,416,382,415,381,415,380,415,379,414,378,414,377,414,376,414,375,413,374,413,373,414,372,413,371,413
157,418,156,419,155,419,154,420,153,421,152,422,151,423,151,424,151,425,150,426,150,427,150,428,150,429,150,430,150,431,150,432,150,433,151,434,152,435,153,435,154,435,155,435,156,435,157,435,158,435,159,435,160,435,161,434,162,434,163,433,164,433,165,433,166,432,167,432,168,431,169,431,169,430,170,429,170,428,169,427,170,426,170,425,169,424,169,423,169,422,168,421,167,420,166,419,165,419,164,418,163,418,162,418,161,418,160,418,159,418,158,418
176,426,175,427,174,427,173,428,172,428,171,429,170,430,170,431,169,432,169,433,169,434,169,435,169,436,169,437,169,438,169,439,169,440,170,441,171,442,171,443,172,444,173,445,174,445,175,446,175,447,176,447,177,448,178,448,179,449,180,448,181,448,182,448,183,447,184,447,185,446,186,446,187,446,188,445,189,444,189,443,190,442,190,441,191,440,191,439,191,438,191,437,191,436,191,435,191,434,191,433,191,432,190,431,190,430,189,429,188,428,188,427,187,427,186,426,185,426,184,426,183,426,182,426,181,426,180,426,179,426,178,426,177,426
109,427,108,428,107,428,106,429,105,430,104,431,104,432,103,433,103,434,103,435,103,436,103,437,103,438,103,439,104,440,104,441,105,442,106,443,107,443,108,444,109,444,110,444,111,444,112,444,113,444,114,444,115,444,116,443,117,442,118,441,118,440,119,439,119,438,120,437,120,436,119,435,119,434,119,433,118,432,118,431,117,430,116,429,115,428,114,428,113,427,112,427,111,427,110,427
270,436,269,437,268,437,267,437,266,438,265,439,264,439,263,440,262,440,261,441,260,442,259,443,258,443,257,444,256,445,255,446,254,447,254,448,254,449,253,450,253,451,253,452,254,453,254,454,255,455,256,456,257,457,258,458,259,459,260,459,261,460,262,460,263,460,264,460,265,460,266,460,267,460,267,459,268,458,269,457,270,457,270,456,271,455,272,454,273,453,273,452,274,451,274,450,275,449,275,448,276,447,276,446,277,445,277,444,277,443,277,442,277,441,277,440,277,439,276,438,275,437,274,437,273,436,272,436,271,436
200,437,199,438,198,438,197,439,196,440,195,441,194,442,194,443,193,444,193,445,193,446,192,447,192,448,192,449,191,450,192,451,192,452,192,453,192,454,193,455,193,456,194,457,195,458,196,459,197,460,198,460,199,460,200,460,201,461,202,461,203,461,204,461,205,461,206,460,207,460,208,459,209,458,210,457,211,456,211,455,212,454,212,453,212,452,212,451,213,450,213,449,213,448,214,447,214,446,214,445,214,444,213,443,212,442,211,441,210,440,209,440,208,439,207,439,206,439,205,438,204,438,203,437,202,437,201,437
309,437,308,438,307,438,306,438,305,438,304,439,303,439,302,439,301,440,300,441,299,441,298,442,297,443,296,444,296,445,296,446,295,447,294,448,294,449,293,450,293,451,292,452,292,453,292,454,291,455,291,456,290,457,289,458,289,459,288,460,288,461,288,462,288,463,288,464,288,465,288,466,288,467,288,468,288,469,289,470,289,471,289,472,290,473,291,474,292,475,293,476,293,477,294,477,295,477,296,478,297,478,298,478,299,478,300,478,301,478,302,478,303,478,304,479,305,479,305,478,306,477,307,476,308,476,309,475,310,474,311,474,312,473,313,473,314,473,315,472,316,471,317,471,318,470,319,469,319,468,320,467,320,466,321,465,321,464,321,463,322,462,322,461,322,460,323,459,323,458,323,457,324,456,324,455,324,454,325,453,325,452,325,451,325,450,325,449,325,448,325,447,325,446,324,445,324,444,323,443,322,442,321,441,320,440,319,440,318,439,317,439,316,438,315,438,314,438,313,438,312,438,311,437,310,437
403,437,402,438,401,439,401,440,400,441,400,442,399,443,399,444,399,445,398,446,398,447,398,448,398,449,397,450,397,451,397,452,398,453,398,454,398,455,398,456,399,457,399,458,400,459,401,460,401,461,402,461,403,462,404,463,405,463,406,463,407,464,408,464,409,464,410,464,411,463,412,463,413,463,414,462,415,461,416,461,417,460,417,459,418,458,418,457,418,456,419,455,419,454,419,453,418,452,418,451,418,450,418,449,417,448,417,447,417,446,416,445,416,444,415,443,415,442,414,441,414,440,413,439,412,438,411,438,410,437,409,437,408,437,407,437,406,437,405,437,404,437
85,447,84,448,83,448,82,448,81,448,80,448,79,448,78,448,77,449,76,449,75,449,74,450,73,450,72,451,71,451,70,452,69,452,68,453,67,453,66,454,65,455,64,455,64,456,63,457,62,458,61,459,61,460,61,461,60,462,61,463,61,464,62,465,63,466,64,467,65,467,66,467,67,467,68,466,69,466,70,466,71,465,72,465,73,465,74,465,75,465,76,465,77,464,78,464,79,464,80,464,81,464,82,464,83,464,84,464,85,464,86,463,87,463,88,462,89,461,90,461,91,460,92,459,92,458,93,457,93,456,93,455,92,454,92,453,92,452,91,451,90,450,89,449,88,448,87,448,86,448
333,447,332,448,331,449,330,449,329,450,328,451,327,452,326,452,326,453,325,454,325,455,325,456,324,457,324,458,324,459,323,460,323,461,324,462,323,463,323,464,324,465,324,466,324,467,324,468,324,469,325,470,325,471,326,472,326,473,327,474,328,475,329,476,330,476,331,477,332,478,333,478,334,479,335,479,336,479,337,479,338,479,339,479,340,479,341,479,342,479,343,479,344,478,345,478,346,477,347,477,348,476,349,475,350,475,351,474,352,473,353,473,353,472,354,471,354,470,354,469,355,468,355,467,355,466,355,465,356,464,355,463,356,462,355,461,355,460,355,459,354,458,354,457,353,456,353,455,352,454,351,453,351,452,350,452,349,451,348,450,347,449,346,449,345,448,344,448,343,448,342,447,341,447,340,447,339,447,338,447,337,447,336,447,335,447,334,447
365,453,364,454,363,454,362,455,362,456,361,457,360,458,359,459,359,460,358,461,358,462,358,463,357,464,356,465,356,466,356,467,356,468,355,469,355,470,355,471,354,472,354,473,354,474,354,475,354,476,354,477,354,478,354,479,354,480,354,481,355,482,355,483,356,484,356,485,357,486,358,487,358,488,359,488,360,489,361,490,362,490,363,491,364,491,365,491,366,492,367,493,368,493,369,492,370,492,371,491,372,491,373,490,374,490,375,489,376,489,377,489,378,488,379,488,380,487,381,487,382,486,383,485,384,485,384,484,385,483,385,482,385,481,385,480,386,479,386,478,386,477,386,476,386,475,386,474,385,473,385,472,385,471,385,470,384,469,384,468,384,467,383,466,383,465,383,464,382,463,381,462,380,461,380,460,379,459,378,458,377,457,376,456,375,456,374,455,373,454,372,454,371,453,370,453,369,453,368,453,367,453,366,453
258,463,257,464,256,464,255,464,254,465,253,465,252,466,251,467,251,468,251,469,252,470,252,471,252,472,252,473,252,474,252,475,253,476,253,477,253,478,253,479,253,480,253,481,253,482,253,483,253,484,253,485,253,486,254,487,255,488,255,489,256,490,257,490,258,491,259,492,260,492,261,492,262,492,263,492,264,493,265,492,266,492,267,492,268,492,269,491,270,490,271,489,271,488,271,487,272,486,272,485,272,484,272,483,272,482,272,481,272,480,272,479,272,478,271,477,271,476,271,475,271,474,270,473,269,472,268,471,267,470,266,469,265,468,264,467,264,466,263,465,263,464,262,464,261,464,260,463,259,463
164,464,163,465,162,465,161,465,160,466,159,466,158,467,157,468,156,469,155,470,154,471,153,472,152,473,152,474,152,475,152,476,151,477,151,478,151,479,151,480,151,481,151,482,151,483,151,484,151,485,152,486,152,487,152,488,153,489,153,490,154,491,154,492,154,493,155,494,155,495,156,496,157,497,158,498,158,499,159,499,160,500,161,501,162,501,163,501,164,501,165,501,166,501,167,501,168,501,169,502,170,501,171,501,172,501,173,501,174,500,175,500,176,499,177,498,178,497,179,497,180,496,181,495,182,494,183,494,184,493,185,492,186,491,187,490,187,489,187,488,188,487,188,486,188,485,189,484,189,483,189,482,189,481,189,480,189,479,189,478,188,477,188,476,188,475,187,474,187,473,186,472,186,471,185,470,184,469,183,468,182,467,181,466,180,466,179,465,178,465,177,464,176,464,175,464,174,464,173,464,172,464,171,464,170,464,169,464,168,464,167,464,166,464,165,464
204,465,203,466,202,466,201,467,200,467,199,468,199,469,198,470,198,471,198,472,198,473,198,474,198,475,199,476,200,477,201,478,202,478,203,479,204,480,205,480,206,481,207,481,208,482,209,481,210,481,211,481,212,481,213,480,214,480,214,479,215,478,215,477,216,476,216,475,216,474,216,473,216,472,216,471,215,470,215,469,214,469,213,468,212,467,211,467,210,466,209,466,208,465,207,465,206,465,205,465
114,466,113,467,112,467,111,467,110,467,109,467,108,467,107,467,106,468,105,468,104,469,103,469,102,470,101,470,100,470,99,471,98,472,97,473,96,474,95,475,95,476,94,477,94,478,93,479,93,480,92,481,92,482,92,483,91,484,91,485,91,486,90,487,90,488,90,489,90,490,90,491,90,492,90,493,90,494,90,495,90,496,90,497,91,498,91,499,91,500,92,501,93,502,93,503,94,504,94,505,95,505,96,506,96,507,97,507,98,508,98,509,99,509,100,510,101,511,102,511,103,511,104,511,105,511,106,511,107,511,108,511,109,511,110,511,111,511,112,511,113,511,114,511,115,511,116,511,117,511,118,511,119,511,120,511,121,511,122,511,123,510,124,510,125,510,126,510,127,510,128,510,129,509,130,508,131,507,131,506,132,505,133,504,133,503,134,502,134,501,135,500,135,499,136,498,136,497,136,496,136,495,137,494,137,493,137,492,138,491,138,490,138,489,138,488,139,487,139,486,139,485,139,484,139,483,138,482,138,481,138,480,137,479,137,478,136,477,135,476,134,475,133,474,132,473,131,473,130,472,129,471,128,470,127,470,126,469,125,468,124,468,123,467,122,467,121,467,120,467,119,467,118,466,117,467,116,466,115,466
70,473,69,474,68,474,67,475,66,476,65,477,64,477,63,478,62,479,61,480,60,481,59,481,59,482,58,483,57,484,57,485,57,486,57,487,57,488,57,489,57,490,57,491,58,492,58,493,59,494,59,495,60,496,61,497,62,498,63,499,63,500,64,501,64,502,65,503,66,504,67,505,68,506,68,507,69,507,70,507,71,508,72,508,73,508,74,507,75,508,76,508,77,507,78,506,79,505,80,504,80,503,81,502,82,502,82,501,82,500,82,499,83,498,83,497,83,496,83,495,83,494,83,493,83,492,83,491,83,490,83,489,83,488,83,487,83,486,83,485,83,484,83,483,83,482,83,481,82,480,82,479,82,478,82,477,81,476,80,475,79,474,78,474,77,473,76,473,75,473,74,473,73,473,72,473,71,473
294,478,293,479,292,479,291,480,290,480,289,481,288,482,287,483,286,483,285,484,284,485,283,486,282,487,282,488,281,489,281,490,281,491,281,492,281,493,281,494,281,495,281,496,281,497,281,498,281,499,281,500,282,501,282,502,283,503,284,504,284,505,285,506,286,506,287,507,288,507,289,507,290,507,291,508,292,508,293,508,294,507,295,507,296,508,297,507,298,507,299,507,300,507,301,506,302,506,303,505,304,504,305,504,305,503,306,502,307,501,308,500,308,499,309,498,310,497,310,496,310,495,310,494,310,493,310,492,310,491,310,490,310,489,309,488,309,487,309,486,308,485,308,484,307,483,306,482,306,481,305,480,304,480,303,479,302,479,301,479,300,479,299,479,298,479,297,479,296,479,295,478
218,482,217,483,216,483,215,484,214,485,213,486,213,487,212,488,212,489,212,490,211,491,211,492,211,493,211,494,211,495,212,496,212,497,213,498,213,499,214,500,215,501,216,502,216,503,217,504,218,504,219,505,220,506,221,507,222,508,222,509,223,510,224,510,225,510,226,510,227,510,228,510,229,510,230,510,231,511,232,511,233,511,234,511,235,511,236,511,237,511,238,510,239,510,240,510,240,509,240,508,239,507,239,506,239,505,239,504,238,503,238,502,237,501,237,500,236,499,235,498,234,497,234,496,234,495,234,494,234,493,234,492,233,491,233,490,233,489,233,488,233,487,232,486,232,485,231,484,230,484,229,483,228,483,227,482,226,482,225,482,224,482,223,482,222,482,221,482,220,482,219,482
416,483,415,484,414,485,413,485,412,486,411,487,410,488,409,489,409,490,408,491,408,492,407,493,406,494,406,495,405,496,405,497,405,498,404,499,405,500,405,501,405,502,405,503,406,504,406,505,407,506,408,507,409,507,410,508,411,508,412,508,413,508,414,508,415,508,416,508,417,508,418,507,419,507,420,506,421,505,421,504,421,503,422,502,422,501,422,500,423,499,423,498,423,497,423,496,423,495,423,494,424,493,424,492,423,491,423,490,423,489,423,488,423,487,422,486,421,485,420,484,419,484,418,483,417,483
383,486,382,487,381,488,380,488,379,489,378,489,377,490,376,490,375,490,374,491,373,491,372,492,371,492,370,493,369,493,368,494,368,495,368,496,367,497,367,498,367,499,367,500,367,501,366,502,366,503,366,504,366,505,366,506,366,507,367,508,367,509,368,509,369,510,370,510,371,510,372,510,373,511,374,511,375,511,376,511,377,511,378,511,379,511,380,511,381,511,382,511,383,511,384,511,385,511,386,511,387,511,388,511,389,511,390,511,391,511,392,511,393,511,394,511,395,511,396,511,397,511,398,510,399,510,400,509,401,509,401,508,401,507,401,506,401,505,401,504,401,503,401,502,401,501,401,500,400,499,400,498,399,497,399,496,398,495,398,494,397,493,397,492,396,491,395,490,394,489,393,489,392,488,391,488,390,487,389,487,388,487,387,487,386,487,385,486,384,486
260,495,259,496,258,496,257,497,257,498,256,499,255,500,255,501,255,502,254,503,254,504,254,505,254,506,255,507,255,508,255,509,256,510,257,510,258,510,259,511,260,511,261,511,262,511,263,511,264,511,265,511,266,511,267,511,268,511,269,511,270,511,271,511,272,510,273,510,274,510,274,509,275,508,275,507,275,506,275,505,275,504,274,503,274,502,273,501,272,500,271,499,270,498,269,497,268,497,267,496,266,495,265,495,264,495,263,495,262,495,261,495
54,498,53,499,52,499,51,499,50,500,49,500,48,500,47,501,46,502,45,503,45,504,44,505,43,506,43,507,43,508,43,509,44,510,44,511,45,511,46,511,47,511,48,511,49,511,50,511,51,511,52,511,53,511,54,511,55,511,56,511,57,511,58,511,59,511,60,511,61,511,62,511,63,511,64,511,65,511,66,511,67,510,67,509,67,508,67,507,67,506,66,505,65,504,64,503,63,502,62,501,61,500,60,500,59,500,58,499,57,499,56,498,55,498
