122,99,121,100,120,101,120,102,119,103,119,104,118,105,118,106,118,107,118,108,117,109,117,110,117,111,117,112,116,113,116,114,116,115,116,116,115,117,115,118,115,119,115,120,115,121,115,122,115,123,116,124,116,125,117,126,118,127,119,127,120,127,121,127,122,127,123,127,124,126,125,126,126,125,127,125,128,124,129,124,130,123,131,122,132,121,132,120,133,119,133,118,133,117,134,116,134,115,134,114,134,113,134,112,134,111,134,110,134,109,134,108,134,107,134,106,133,105,133,104,132,103,131,102,130,101,129,100,128,99,127,99,126,99,125,99,124,99,123,99
229,141,229,142,229,143,228,144,228,145,228,146,228,147,227,148,227,149,227,150,227,151,227,152,227,153,227,154,228,155,228,156,228,157,229,158,229,159,230,160,231,160,232,160,233,159,234,160,235,160,236,160,237,159,238,159,239,159,240,159,241,159,242,159,243,158,244,158,245,158,245,157,245,156,246,155,246,154,246,153,246,152,247,151,247,150,247,149,247,148,248,147,248,146,247,145,246,145,245,144,244,144,243,143,242,143,241,142,240,142,239,142,238,142,237,141,236,141,235,141,234,141,233,141,232,141,231,142,230,142
249,146,249,147,248,148,248,149,248,150,248,151,247,152,247,153,247,154,247,155,246,156,246,157,246,158,245,159,246,159,247,159,248,159,249,159,250,160,251,160,252,160,253,160,254,161,255,161,256,161,257,161,258,161,259,161,260,160,260,159,261,158,262,157,262,156,262,155,262,154,262,153,261,152,261,151,260,150,259,149,258,148,257,147,256,147,255,147,254,146,253,146,252,146,251,146,250,146
188,151,187,152,186,152,186,153,185,154,184,155,184,156,184,157,184,158,184,159,184,160,184,161,184,162,184,163,185,164,185,165,185,166,185,167,186,168,186,169,187,169,188,170,189,170,190,170,191,171,192,171,193,171,194,171,195,171,196,171,197,171,198,171,199,171,200,171,201,171,202,171,203,171,204,170,205,170,206,169,207,168,208,167,209,166,209,165,209,164,209,163,208,162,208,161,207,160,207,159,207,158,206,157,206,156,205,155,204,154,203,153,202,153,201,152,200,152,199,152,198,151,197,151,196,151,195,151,194,151,193,151,192,151,191,151,190,151,189,151
211,152,210,153,209,153,208,153,207,153,206,154,205,154,206,155,207,156,207,157,208,158,208,159,208,160,209,161,209,162,210,163,210,164,211,164,212,165,213,166,214,166,215,165,216,165,217,165,218,165,219,165,220,165,221,165,222,164,223,164,224,164,225,164,226,163,227,163,228,162,229,161,229,160,228,159,228,158,227,157,227,156,227,155,226,154,226,153,226,152,225,152,224,152,223,152,222,152,221,153,220,152,219,152,218,152,217,152,216,152,215,152,214,152,213,152,212,152
177,154,176,155,175,155,174,156,173,157,173,158,172,159,172,160,171,161,172,162,173,162,174,163,175,163,176,164,177,164,178,165,179,165,180,165,181,165,182,164,182,163,183,162,183,161,183,160,183,159,183,158,183,157,183,156,183,155,182,154,181,154,180,154,179,154,178,154
243,159,242,160,241,160,240,160,239,160,238,160,237,160,236,161,235,161,235,162,234,163,234,164,233,165,232,166,233,167,233,168,234,169,234,170,235,171,236,172,236,173,237,174,237,175,237,176,238,177,238,178,238,179,238,180,238,181,238,182,238,183,238,184,238,185,237,186,237,187,237,188,236,189,235,190,234,191,233,192,232,193,231,194,230,194,231,195,231,196,232,197,233,198,234,199,235,200,235,201,236,202,237,203,237,204,237,205,238,206,238,207,238,208,238,209,239,209,240,209,241,210,242,210,243,209,244,209,245,208,246,207,247,206,248,205,249,204,250,203,250,202,251,201,252,200,253,199,254,198,255,197,255,196,256,195,257,194,258,193,259,193,260,192,261,191,262,190,263,189,263,188,264,187,265,186,265,185,266,184,266,183,267,182,268,181,268,180,269,179,269,178,270,177,270,176,270,175,270,174,270,173,270,172,270,171,270,170,270,169,269,168,269,167,268,166,267,165,266,164,265,164,264,163,263,163,262,163,261,162,260,162,259,162,258,162,257,162,256,162,255,162,254,162,253,161,252,161,251,161,250,161,249,160,248,160,247,160,246,160,245,160,244,159
170,162,169,163,168,164,167,164,166,165,165,166,165,167,164,168,164,169,164,170,164,171,164,172,164,173,165,174,165,175,166,176,167,177,168,177,169,178,170,178,171,177,172,177,173,176,174,176,175,176,176,175,177,175,178,174,179,174,180,173,181,173,182,172,183,171,184,171,183,170,183,169,182,168,181,167,180,166,179,166,178,166,177,165,176,165,175,164,174,164,173,163,172,163,171,162
226,164,225,165,224,165,223,165,222,165,221,166,220,166,219,166,218,166,217,166,216,166,215,166,214,167,213,167,212,168,212,169,211,170,211,171,211,172,211,173,210,174,211,175,211,176,212,177,212,178,213,179,213,180,213,181,213,182,213,183,213,184,214,185,214,186,214,187,214,188,213,189,214,190,215,191,215,192,216,192,217,193,218,194,219,194,220,194,221,194,222,194,223,195,224,194,225,194,226,194,227,194,228,194,229,194,230,193,231,193,232,192,233,191,234,190,235,189,236,188,236,187,236,186,237,185,237,184,237,183,237,182,237,181,237,180,237,179,237,178,237,177,236,176,236,175,236,174,235,173,235,172,234,171,233,170,233,169,232,168,232,167,231,166,230,166,229,166,228,165,227,164
183,172,182,173,181,174,180,174,179,175,178,175,177,176,176,176,175,177,174,177,173,177,172,178,171,178,170,179,169,179,169,180,169,181,169,182,169,183,169,184,169,185,169,186,169,187,169,188,169,189,169,190,170,191,170,192,170,193,171,194,171,195,172,196,173,197,174,198,175,198,176,199,177,199,178,198,179,198,180,198,181,198,182,197,183,197,184,196,185,195,186,194,187,194,188,193,188,192,188,191,189,190,188,189,188,188,188,187,188,186,188,185,188,184,188,183,188,182,188,181,188,180,188,179,188,178,187,177,187,176,186,175,186,174,185,173,185,172,184,172
201,173,200,174,199,174,198,174,197,174,196,175,195,175,194,176,193,176,192,177,191,178,190,179,189,180,189,181,189,182,189,183,189,184,189,185,189,186,189,187,189,188,189,189,190,190,189,191,190,190,191,190,192,190,193,190,194,190,195,190,196,190,197,190,198,190,199,190,200,190,201,190,202,190,203,190,204,191,205,191,206,191,207,191,208,191,209,191,210,192,211,191,212,190,212,189,213,188,213,187,213,186,213,185,212,184,212,183,212,182,212,181,212,180,212,179,211,178,211,177,210,176,210,175,209,174,208,174,207,174,206,174,205,173,204,173,203,173,202,173
278,186,277,187,276,187,275,188,274,188,273,189,272,190,271,190,270,191,269,191,268,192,267,192,266,193,265,194,264,195,263,196,262,196,261,197,260,198,259,199,258,199,257,200,256,200,255,201,254,202,253,203,252,204,252,205,251,206,251,207,250,208,250,209,250,210,250,211,250,212,250,213,250,214,250,215,250,216,251,217,252,218,253,218,254,219,255,219,256,219,257,218,258,217,259,216,260,215,261,214,262,213,263,212,264,211,265,210,266,210,267,209,268,208,269,208,270,207,271,206,272,205,273,205,274,204,275,203,276,203,277,202,278,202,279,202,279,201,280,200,281,200,282,199,283,198,284,197,285,196,286,195,286,194,287,193,287,192,287,191,287,190,286,189,286,188,285,187,284,187,283,186,282,186,281,186,280,186,279,186
190,191,189,192,189,193,188,194,188,195,189,196,189,197,188,198,188,199,188,200,188,201,188,202,188,203,188,204,189,204,190,205,191,205,192,206,193,206,194,206,195,207,196,207,197,207,198,208,199,208,200,208,201,209,202,208,203,208,204,207,205,206,205,205,206,204,207,203,208,202,209,201,209,200,210,199,210,198,210,197,209,196,210,195,210,194,210,193,209,192,208,192,207,192,206,192,205,192,204,192,203,191,202,191,201,191,200,191,199,191,198,191,197,191,196,191,195,191,194,191,193,191,192,191,191,191
224,195,223,196,222,196,221,197,220,198,219,198,218,199,217,199,216,199,215,199,215,200,215,201,215,202,215,203,216,204,216,205,217,206,217,207,218,208,218,209,219,210,220,211,221,212,221,213,222,214,223,215,224,216,225,216,226,215,227,215,228,215,229,215,230,215,231,214,232,213,233,212,234,211,235,210,236,209,237,209,237,208,237,207,237,206,236,205,236,204,236,203,235,202,234,201,234,200,233,199,232,198,231,197,230,196,230,195,229,195,228,195,227,195,226,195,225,195
211,199,210,200,210,201,209,202,208,203,207,204,206,205,206,206,205,207,204,208,203,209,203,210,203,211,203,212,203,213,203,214,204,215,204,216,204,217,203,218,203,219,204,220,204,221,205,222,206,223,206,224,207,225,207,226,208,226,209,227,210,227,211,227,212,227,213,227,214,227,215,227,216,227,217,227,218,226,219,226,220,225,221,225,222,224,223,223,223,222,223,221,223,220,224,219,224,218,224,217,223,216,222,215,221,214,220,213,220,212,219,211,218,210,217,209,217,208,216,207,216,206,215,205,215,204,214,203,214,202,214,201,214,200,214,199,213,199,212,199
176,203,175,204,174,205,173,206,172,207,171,208,171,209,171,210,171,211,170,212,170,213,170,214,171,215,171,216,171,217,171,218,171,219,171,220,170,221,169,222,168,223,168,224,168,225,168,226,168,227,168,228,169,229,170,230,171,230,172,231,173,231,174,231,175,231,176,231,177,231,178,232,179,232,180,232,181,232,182,233,183,233,184,233,185,233,186,233,187,234,188,233,189,233,190,233,191,232,192,232,193,232,194,231,195,231,196,230,197,230,198,229,199,228,200,227,201,226,201,225,201,224,201,223,202,222,202,221,202,220,202,219,202,218,203,217,203,216,203,215,202,214,202,213,202,212,202,211,202,210,201,210,200,209,199,209,198,209,197,208,196,208,195,208,194,207,193,207,192,207,191,206,190,206,189,205,188,205,187,204,186,204,185,205,184,204,183,204,182,204,181,203,180,203,179,203,178,203,177,203
277,203,276,204,275,204,274,205,273,206,272,206,271,207,270,208,269,209,268,209,267,210,266,211,265,211,264,212,263,213,262,214,261,215,260,216,259,217,258,218,257,219,257,220,256,221,256,222,255,223,256,224,257,225,258,225,259,226,260,227,261,228,262,229,263,229,264,228,265,228,266,228,267,227,268,227,269,226,270,226,271,225,272,225,273,224,274,223,275,223,276,222,277,222,278,221,279,220,280,220,281,219,282,219,282,218,283,217,284,216,284,215,285,214,285,213,285,212,285,211,286,210,285,209,285,208,285,207,284,206,283,205,282,204,281,204,280,203,279,203,278,203
298,205,297,206,296,206,295,207,294,207,293,208,292,209,291,210,290,210,290,211,289,212,288,213,287,214,286,215,285,215,285,216,284,217,283,218,283,219,282,220,282,221,282,222,281,223,281,224,281,225,281,226,281,227,281,228,281,229,282,230,282,231,283,232,284,233,285,233,286,233,287,233,288,233,289,232,290,231,291,230,292,229,293,228,294,227,295,226,296,225,296,224,297,223,298,222,299,221,300,220,301,219,301,218,302,217,303,216,304,215,305,214,306,213,307,212,308,211,309,210,310,210,311,209,311,208,310,207,309,206,308,206,307,205,306,205,305,205,304,205,303,205,302,205,301,205,300,205,299,205
311,210,310,211,309,211,308,212,307,213,306,214,305,215,304,216,303,217,302,218,302,219,301,220,300,221,299,222,298,223,297,224,297,225,296,226,295,227,294,228,293,229,292,230,291,231,290,232,289,233,288,234,288,235,289,236,289,237,290,237,291,238,292,238,293,238,294,239,295,239,296,239,297,239,298,239,299,239,300,239,301,239,302,240,303,240,304,240,305,240,306,239,307,239,308,239,309,239,310,238,311,238,312,238,313,237,314,236,314,235,315,234,316,233,317,232,317,231,318,230,318,229,319,228,319,227,319,226,319,225,319,224,319,223,319,222,319,221,319,220,319,219,319,218,319,217,319,216,319,215,318,214,317,213,316,212,315,211,314,211,313,211,312,210
239,216,238,217,238,218,237,219,236,220,236,221,235,222,234,223,233,224,232,224,231,224,230,225,229,226,228,226,227,227,226,228,225,229,224,230,223,231,222,231,221,231,220,232,220,233,219,234,218,235,217,236,216,236,215,237,215,238,214,239,214,240,213,241,212,242,212,243,212,244,211,245,211,246,211,247,212,248,212,249,213,250,214,250,215,250,216,250,217,250,218,249,219,249,220,249,221,249,222,249,223,249,224,250,225,251,226,252,227,253,227,254,228,255,229,255,230,255,231,255,232,255,233,255,234,255,235,255,236,254,237,253,238,252,239,251,240,250,241,249,241,248,242,247,242,246,243,245,243,244,244,243,245,242,245,241,246,240,246,239,246,238,247,237,247,236,248,235,248,234,248,233,249,232,249,231,249,230,248,229,247,229,246,228,246,227,247,226,247,225,247,224,248,223,248,222,248,221,248,220,247,219,247,218,247,217,246,217,245,216,244,216,243,216,242,216,241,216,240,216
201,227,200,228,199,229,198,230,197,231,196,231,195,232,194,232,193,233,192,233,191,233,190,234,189,234,188,234,187,235,187,236,186,237,185,238,185,239,184,240,184,241,184,242,183,243,183,244,184,245,184,246,184,247,185,248,185,249,186,250,187,251,188,252,189,252,190,252,191,252,192,252,193,252,194,252,195,253,196,254,197,253,197,252,198,251,199,250,200,249,201,248,202,248,203,247,204,246,205,246,206,246,207,245,208,244,209,244,210,243,211,242,212,241,213,240,213,239,214,238,214,237,215,236,216,235,216,234,216,233,215,232,215,231,214,230,213,230,212,230,211,229,210,229,209,228,208,227,207,227,206,227,205,227,204,227,203,227,202,228
322,227,321,228,320,228,319,229,319,230,318,231,318,232,317,233,317,234,317,235,317,236,317,237,317,238,317,239,317,240,318,241,318,242,318,243,319,244,320,245,321,246,322,247,323,247,324,247,325,246,326,246,327,246,328,246,329,245,330,245,331,244,332,244,333,243,334,243,335,242,336,241,336,240,337,239,337,238,337,237,336,236,336,235,336,234,335,233,335,232,334,231,333,230,332,229,331,228,330,228,329,228,328,227,327,227,326,227,325,227,324,227,323,227
274,242,273,243,272,243,271,244,270,245,269,246,269,247,269,248,268,249,268,250,268,251,268,252,268,253,269,254,269,255,270,255,271,256,272,255,273,255,274,255,275,255,276,254,277,254,278,253,279,252,279,251,280,250,281,249,281,248,281,247,282,246,282,245,281,244,281,243,280,242,279,242,278,242,277,242,276,242,275,242
292,242,292,243,291,244,290,244,289,245,288,246,287,247,286,248,286,249,286,250,285,251,285,252,284,253,284,254,283,255,283,256,282,257,282,258,282,259,282,260,282,261,283,262,284,263,284,264,285,265,286,266,287,267,288,267,289,268,290,268,291,269,292,269,293,269,294,269,295,269,296,269,297,269,298,268,299,268,300,267,301,267,302,266,303,265,304,264,304,263,305,262,305,261,306,260,306,259,306,258,307,257,308,256,309,255,310,254,311,254,312,254,313,253,314,253,314,252,315,251,315,250,316,249,316,248,315,247,315,246,314,245,313,245,312,244,311,245,310,245,309,245,308,245,307,245,306,245,305,244,304,244,303,243,302,243,301,242,300,242,299,242,298,242,297,242,296,242,295,242,294,242,293,242
207,246,206,247,205,247,204,247,203,248,202,249,201,249,200,250,199,251,198,252,198,253,198,254,198,255,199,256,199,257,200,258,201,258,202,259,203,259,204,259,205,258,206,258,207,258,208,258,208,257,209,256,210,255,210,254,211,253,212,252,212,251,212,250,211,249,211,248,210,247,210,246,209,247,208,247
218,250,217,251,216,251,215,251,214,251,213,251,213,252,212,253,211,254,211,255,210,256,209,257,209,258,208,259,209,260,208,261,208,262,209,263,210,264,211,264,212,264,213,264,214,264,215,264,216,264,217,264,218,265,219,264,220,264,221,264,222,263,223,263,224,262,225,261,226,260,226,259,227,258,228,257,228,256,227,255,226,254,226,253,225,252,224,251,223,250,222,250,221,250,220,250,219,250
337,250,336,251,335,251,334,252,333,252,332,253,331,253,331,254,330,255,330,256,329,257,329,258,329,259,328,260,328,261,328,262,329,263,330,264,331,265,332,266,332,267,333,267,334,268,335,268,336,269,337,269,338,269,339,268,340,268,341,268,342,267,343,267,344,266,344,265,345,264,345,263,345,262,345,261,345,260,344,259,344,258,344,257,344,256,344,255,344,254,343,253,342,252,341,252,340,251,339,251,338,251
247,252,246,253,245,254,244,255,243,256,243,257,242,258,242,259,242,260,243,261,243,262,244,263,245,264,246,264,247,265,248,266,249,267,249,268,250,268,251,267,252,267,253,267,254,267,255,267,256,267,257,267,258,267,257,267,256,266,257,265,257,264,258,263,258,262,258,261,258,260,259,259,259,258,258,257,258,256,257,255,256,254,255,253,254,253,253,252,252,252,251,252,250,252,249,252,248,252
315,259,314,260,313,260,312,261,312,262,311,263,310,264,309,265,309,266,308,267,307,268,307,269,306,270,305,271,305,272,304,273,304,274,303,275,303,276,303,277,303,278,303,279,303,280,303,281,304,282,304,283,305,284,305,285,306,286,307,286,308,287,309,288,310,289,311,288,312,288,313,287,314,287,315,286,316,286,317,285,318,285,319,284,320,284,321,283,322,283,323,282,324,282,324,281,324,280,324,279,325,278,325,277,326,276,326,275,326,274,327,273,327,272,327,271,327,270,327,269,327,268,327,267,327,266,327,265,327,264,327,263,326,262,325,261,324,260,323,260,322,259,321,259,320,259,319,259,318,259,317,259,316,260
224,263,223,264,222,264,221,265,220,265,219,265,219,266,218,267,218,268,217,269,216,270,215,271,215,272,214,273,214,274,214,275,214,276,214,277,214,278,214,279,215,280,216,280,217,280,218,280,219,281,220,281,221,280,222,280,223,280,224,280,225,279,226,279,227,278,228,277,229,277,229,276,230,275,231,274,232,273,232,272,233,271,234,270,234,269,234,268,234,267,233,266,233,265,232,264,231,264,230,263,229,263,228,263,227,263,226,263,225,263
251,268,250,269,249,269,248,270,247,270,246,271,245,271,244,272,243,272,242,273,241,274,240,275,239,276,238,276,237,277,236,278,235,279,234,280,233,281,233,282,232,283,232,284,232,285,232,286,233,287,233,288,234,288,235,289,236,289,237,289,238,289,239,289,240,289,241,289,242,288,243,288,244,288,245,287,246,287,247,286,248,285,249,284,250,283,251,282,252,281,253,281,253,280,254,279,255,278,256,277,256,276,256,275,257,274,257,273,258,272,258,271,258,270,259,269,259,268,258,268,257,268,256,268,255,268,254,268,253,268,252,268
325,282,324,283,323,283,322,284,321,284,320,285,319,285,318,286,317,286,316,287,315,287,314,288,313,288,312,289,311,289,310,290,310,291,310,292,310,293,309,294,309,295,309,296,309,297,309,298,308,299,308,300,308,301,308,302,308,303,308,304,308,305,309,306,310,307,311,307,312,307,313,307,314,307,315,306,316,306,317,305,318,305,319,304,320,304,321,303,322,302,323,301,324,300,324,299,325,298,326,297,327,296,327,295,328,294,329,293,329,292,330,291,330,290,330,289,330,288,330,287,330,286,329,285,328,284,327,283,326,283
345,282,344,283,343,283,342,284,341,285,340,286,339,287,338,288,337,289,336,290,335,291,334,292,333,293,332,294,331,295,330,296,329,297,328,298,328,299,327,300,327,301,327,302,328,302,329,303,330,304,331,304,332,305,333,305,334,305,335,305,336,305,337,304,338,304,339,304,340,303,341,303,342,302,343,302,344,301,345,301,346,300,347,299,348,299,349,298,350,298,351,297,352,296,353,295,353,294,354,293,354,292,355,291,355,290,355,289,355,288,354,287,354,286,353,285,352,284,351,283,350,282,349,282,348,282,347,282,346,282
258,284,257,285,256,285,256,286,255,287,255,288,254,289,254,290,254,291,254,292,254,293,254,294,253,295,253,296,253,297,253,298,252,299,252,300,251,301,252,302,252,303,253,303,254,304,255,305,256,306,257,306,258,306,259,307,260,306,261,306,262,306,263,305,263,304,263,303,264,302,264,301,264,300,264,299,264,298,264,297,263,296,263,295,264,294,264,293,265,292,266,291,266,290,267,289,267,288,267,287,267,286,267,285,266,285,265,284,264,284,263,284,262,284,261,284,260,284,259,284
287,286,286,287,285,287,284,288,283,289,283,290,282,291,282,292,281,293,281,294,280,295,280,296,280,297,280,298,279,299,279,300,279,301,279,302,279,303,279,304,279,305,280,306,280,307,281,308,282,309,283,309,284,310,285,310,286,310,287,310,288,310,289,310,290,309,291,309,292,309,293,308,294,308,295,308,296,307,297,306,298,305,299,304,299,303,300,302,300,301,300,300,300,299,300,298,300,297,300,296,300,295,299,294,299,293,299,292,298,291,298,290,297,289,296,288,295,288,294,287,293,287,292,287,291,286,290,286,289,286,288,286
337,311,336,312,335,312,334,312,333,312,332,313,331,313,330,313,329,314,328,314,327,314,326,315,325,315,324,316,323,316,322,317,321,318,320,319,319,319,318,320,317,320,316,321,315,322,315,323,314,324,313,325,313,326,313,327,313,328,314,329,315,330,316,330,317,331,318,331,319,331,320,331,321,332,322,331,323,331,324,331,325,331,326,330,327,330,328,329,329,329,330,328,331,327,332,326,333,325,334,325,335,325,336,324,337,323,338,323,339,322,340,321,341,320,342,319,343,318,343,317,343,316,343,315,343,314,343,313,342,312,341,311,340,311,339,311,338,311
286,315,285,316,284,316,283,316,282,317,281,317,280,317,279,318,278,318,277,318,276,319,275,319,274,320,273,321,272,322,271,323,271,324,271,325,271,326,271,327,271,328,271,329,272,330,273,331,273,332,274,333,275,333,276,333,277,333,278,333,279,333,280,333,281,333,282,333,283,332,284,332,285,332,286,332,287,331,288,331,289,330,290,330,291,330,292,329,293,329,294,328,295,328,296,327,296,326,297,325,298,324,298,323,298,322,298,321,298,320,298,319,297,318,296,317,296,316,295,316,294,316,293,315,292,315,291,315,290,315,289,315,288,315,287,315
339,330,338,331,337,331,336,332,335,333,334,333,333,334,332,335,331,335,330,336,329,337,328,338,327,338,326,339,325,340,324,341,323,342,322,343,321,344,321,345,320,346,320,347,320,348,320,349,320,350,320,351,321,352,322,352,323,352,324,353,325,353,326,353,327,353,328,354,329,354,330,354,331,354,332,354,333,354,334,354,335,354,336,353,337,353,338,352,339,351,340,351,341,350,342,349,343,348,343,347,344,346,345,345,345,344,346,343,347,342,348,341,349,340,350,339,350,338,351,337,351,336,351,335,350,334,350,333,349,332,348,331,347,331,346,330,345,330,344,330,343,330,342,330,341,330,340,330
357,346,356,347,355,347,354,347,353,348,352,348,351,349,350,349,349,349,348,350,347,351,346,351,345,352,344,352,343,353,342,354,341,355,340,355,339,356,339,357,338,358,337,359,336,360,336,361,335,362,334,363,334,364,334,365,335,366,336,366,337,366,338,366,339,366,340,366,341,365,342,365,343,365,344,364,345,364,346,364,347,363,348,362,349,362,350,362,351,361,352,361,353,360,354,359,355,359,356,358,357,358,358,357,359,357,360,356,361,355,362,354,363,353,363,352,363,351,363,350,363,349,363,348,362,347,361,346,360,346,359,346,358,346
364,358,363,359,362,359,361,359,360,359,359,359,358,360,357,360,356,360,355,361,354,361,353,362,352,362,351,363,350,364,349,364,348,365,348,366,347,367,347,368,346,369,346,370,347,371,347,372,348,372,349,373,350,373,351,373,352,374,353,373,354,373,355,373,356,373,357,373,358,372,359,372,360,372,361,372,362,372,363,371,364,371,365,371,366,370,367,369,368,368,369,368,370,367,371,367,372,366,373,365,373,364,373,363,373,362,372,361,371,360,371,359,370,359,369,358,368,358,367,358,366,358,365,358
367,371,366,372,365,372,364,372,363,372,362,373,361,373,360,373,359,374,358,374,357,375,356,375,355,376,354,376,353,376,352,377,351,378,350,378,349,379,348,380,347,380,346,381,345,381,344,382,343,382,343,383,342,384,341,385,341,386,341,387,341,388,341,389,341,390,342,391,342,392,343,393,344,394,344,395,345,396,345,397,346,398,347,399,348,399,349,399,350,399,351,399,352,399,353,399,354,399,355,399,356,399,357,399,358,398,359,398,360,398,361,397,362,397,363,396,363,395,364,394,365,393,365,392,365,391,365,390,365,389,366,388,367,388,368,387,369,387,370,387,371,386,372,385,373,385,374,384,375,384,376,383,377,382,378,381,378,380,378,379,378,378,378,377,378,376,378,375,377,374,376,373,375,373,374,372,373,372,372,372,371,372,370,371,369,371,368,371
381,407,380,408,379,408,378,408,377,408,376,408,375,409,374,409,373,410,372,411,371,412,371,413,370,414,371,415,371,416,372,417,372,418,372,419,373,419,374,419,375,419,376,420,377,420,378,420,379,420,380,420,381,420,382,420,383,419,384,419,385,418,386,417,386,416,387,415,387,414,387,413,387,412,387,411,387,410,386,409,385,408,384,408,383,408,382,407
369,419,369,420,368,421,367,421,366,421,365,421,364,422,363,423,362,423,361,424,360,425,360,426,360,427,361,428,362,429,363,430,364,430,365,431,366,431,367,431,368,431,369,431,370,432,371,432,372,432,373,432,374,432,375,432,376,432,377,432,378,431,379,431,380,431,381,430,382,429,382,428,383,427,383,426,383,425,383,424,382,423,381,422,380,422,379,421,378,421,377,421,376,421,375,420,374,420,373,420,372,420,371,419,370,419
395,423,394,424,393,425,392,425,391,426,390,427,390,428,390,429,391,430,391,431,392,432,392,433,393,434,393,435,394,435,395,436,396,436,397,436,398,436,399,436,400,436,401,435,402,435,403,435,404,434,405,433,406,433,407,432,408,431,409,430,409,429,409,428,408,427,408,426,407,425,406,425,405,424,404,424,403,424,402,423,401,423,400,423,399,423,398,423,397,423,396,423
389,428,388,429,387,429,386,429,385,429,384,430,383,430,382,430,381,431,380,432,380,433,379,434,379,435,379,436,379,437,379,438,379,439,379,440,380,441,381,442,382,442,383,443,384,443,385,443,386,443,387,442,388,441,389,441,390,440,391,439,391,438,392,437,393,436,392,435,392,434,391,433,391,432,390,431,390,430,389,429
335,429,334,430,333,430,332,431,332,432,331,433,331,434,330,435,329,436,329,437,329,438,329,439,329,440,329,441,329,442,329,443,330,444,331,445,332,446,333,447,334,448,335,449,336,449,337,449,338,449,339,449,340,449,341,450,342,450,343,450,344,450,345,450,346,450,347,449,348,449,349,449,350,448,351,448,352,447,353,446,354,445,354,444,354,443,355,442,355,441,355,440,355,439,355,438,354,437,353,436,353,435,352,434,351,433,350,432,349,431,348,431,347,430,346,430,345,429,344,429,343,429,342,429,341,429,340,429,339,429,338,429,337,429,336,429
313,435,312,436,311,436,310,436,309,437,308,437,307,438,307,439,306,440,306,441,306,442,306,443,305,444,305,445,306,446,306,447,306,448,307,449,307,450,308,451,309,452,310,453,311,454,312,454,313,454,314,454,315,454,316,454,317,454,318,453,319,453,320,453,321,452,322,451,323,450,323,449,324,448,324,447,324,446,325,445,325,444,325,443,325,442,324,441,324,440,323,439,322,438,321,437,320,436,319,436,318,435,317,435,316,435,315,435,314,435
406,438,405,439,404,439,403,439,402,440,401,440,400,441,399,442,398,443,397,444,396,444,396,445,395,446,395,447,394,448,394,449,394,450,394,451,394,452,395,453,395,454,396,455,397,455,398,456,399,456,400,457,401,457,402,457,403,457,404,457,405,457,406,457,407,457,408,456,409,456,410,456,411,456,412,455,413,455,414,455,415,454,416,453,416,452,417,451,418,450,419,449,418,448,418,447,417,446,417,445,417,444,416,443,415,442,415,441,414,441,413,440,412,439,411,439,410,438,409,438,408,438,407,438
424,448,423,449,422,449,421,450,420,450,419,450,418,451,417,452,417,453,416,454,415,455,414,456,414,457,414,458,414,459,414,460,413,461,413,462,413,463,414,464,414,465,414,466,415,467,415,468,416,469,417,470,418,471,419,472,420,472,421,472,422,473,423,473,424,473,425,473,426,473,427,473,428,473,429,472,430,472,431,471,432,471,433,470,434,470,435,469,436,468,437,467,437,466,437,465,438,464,438,463,438,462,438,461,438,460,438,459,438,458,437,457,437,456,437,455,436,454,435,453,435,452,434,452,433,451,432,450,431,450,430,449,429,449,428,449,427,449,426,449,425,448
298,457,297,458,296,458,295,458,294,458,293,458,292,459,291,460,290,461,289,462,289,463,288,464,288,465,288,466,288,467,288,468,288,469,288,470,289,471,289,472,290,473,291,474,292,474,293,474,294,475,295,475,296,474,297,474,298,474,299,473,300,473,301,472,302,472,303,472,304,472,305,472,306,472,307,471,308,471,309,471,310,471,311,471,312,471,313,471,314,470,315,470,316,470,317,470,318,469,318,468,318,467,318,466,318,465,317,464,316,463,315,463,314,462,313,462,312,462,311,462,310,462,309,461,308,461,307,461,306,460,305,460,304,460,303,459,302,459,301,458,300,458,299,458
329,468,328,469,327,470,326,470,325,470,324,471,323,472,322,472,321,473,320,474,319,475,319,476,318,477,317,478,317,479,317,480,316,481,316,482,316,483,316,484,315,485,315,486,315,487,315,488,315,489,315,490,316,491,316,492,316,493,317,494,317,495,317,496,318,497,319,498,319,499,320,500,321,501,322,502,323,502,324,503,325,503,326,504,327,505,328,505,329,505,330,506,331,506,332,506,333,506,334,506,335,506,336,506,337,506,338,505,339,505,340,505,341,504,342,504,343,503,344,502,345,501,346,500,347,499,348,498,348,497,349,496,349,495,350,494,350,493,351,492,351,491,351,490,351,489,351,488,351,487,351,486,351,485,351,484,351,483,350,482,349,481,349,480,349,479,348,478,347,477,346,476,346,475,345,475,344,474,343,473,343,472,342,471,341,471,340,470,339,469,338,469,337,468,336,468,335,468,334,468,333,468,332,468,331,468,330,468
363,468,362,469,361,469,360,470,359,470,358,471,357,472,357,473,356,474,355,475,355,476,354,477,354,478,353,479,353,480,352,481,352,482,352,483,352,484,352,485,352,486,352,487,352,488,352,489,352,490,352,491,352,492,352,493,352,494,352,495,353,496,353,497,354,498,354,499,355,500,355,501,356,502,357,503,358,504,359,505,360,505,361,506,362,507,363,507,364,508,365,508,366,508,367,508,368,508,369,508,370,508,371,508,372,508,373,508,374,507,375,507,376,506,377,506,378,505,379,505,380,504,381,504,382,503,383,502,384,501,384,500,385,499,385,498,386,497,387,496,387,495,387,494,387,493,387,492,387,491,387,490,387,489,387,488,387,487,387,486,387,485,387,484,386,483,386,482,386,481,385,480,385,479,385,478,384,477,383,476,382,475,382,474,381,474,380,473,379,472,378,472,377,471,376,470,375,470,374,469,373,469,372,469,371,469,370,469,369,468,368,468,367,468,366,468,365,468,364,468
404,471,403,472,402,472,401,472,400,472,399,473,398,473,397,473,396,474,395,475,394,476,393,477,393,478,392,479,391,480,391,481,391,482,390,483,390,484,389,485,388,486,388,487,388,488,388,489,388,490,388,491,388,492,388,493,388,494,388,495,388,496,389,497,390,498,390,499,391,500,391,501,392,502,392,503,393,503,394,504,395,505,396,506,397,506,398,507,399,507,400,507,401,508,402,507,403,508,404,508,405,508,406,508,407,508,408,508,409,508,410,508,411,508,412,508,413,507,414,507,415,507,416,506,417,506,418,505,419,504,420,503,420,502,421,501,422,500,423,499,423,498,423,497,424,496,424,495,424,494,424,493,424,492,424,491,424,490,424,489,424,488,423,487,423,486,423,485,423,484,422,483,422,482,421,481,421,480,420,479,419,478,418,477,417,476,416,475,415,475,414,474,413,473,412,473,411,473,410,472,409,472,408,472,407,471,406,471,405,471
447,483,446,484,445,484,444,485,443,485,442,486,442,487,442,488,441,489,441,490,440,491,440,492,440,493,440,494,440,495,440,496,441,497,441,498,442,499,443,499,444,500,445,500,446,500,447,500,448,500,449,500,450,500,451,500,452,499,452,498,453,497,454,496,454,495,455,494,455,493,455,492,455,491,455,490,455,489,455,488,455,487,454,486,453,485,452,484,451,484,450,484,449,483,448,483
297,487,296,488,295,488,294,488,293,489,292,489,291,490,290,491,289,492,289,493,288,494,288,495,288,496,288,497,288,498,288,499,288,500,288,501,288,502,288,503,288,504,288,505,289,506,289,507,290,508,290,509,291,510,292,511,293,511,294,511,295,511,296,511,297,511,298,511,299,511,300,511,301,511,302,511,303,511,304,511,305,511,306,511,307,510,308,510,309,509,309,508,310,507,310,506,311,505,311,504,311,503,311,502,311,501,311,500,311,499,311,498,311,497,311,496,311,495,310,494,309,493,308,492,307,491,306,490,305,489,304,488,303,488,302,488,301,487,300,487,299,487,298,487
