142,45,141,46,140,47,139,48,139,49,139,50,139,51,139,52,139,53,139,54,140,55,141,56,142,56,143,57,144,57,145,57,146,57,147,57,148,57,149,57,150,56,151,55,152,54,153,53,153,52,152,51,152,50,152,49,151,48,151,47,150,46,149,45,148,45,147,45,146,45,145,45,144,45,143,45
44,72,43,73,42,73,41,73,40,74,39,74,38,75,37,76,36,77,36,78,35,79,34,80,34,81,34,82,34,83,34,84,34,85,34,86,34,87,34,88,34,89,35,90,35,91,36,92,37,93,38,94,39,94,40,95,41,95,42,95,43,95,44,94,45,94,46,94,47,93,48,93,49,92,49,91,50,90,50,89,51,88,51,87,52,86,52,85,52,84,52,83,52,82,51,81,51,80,51,79,51,78,50,77,50,76,49,75,48,75,47,74,46,73,45,73
132,90,131,91,130,91,129,91,128,91,127,91,126,92,125,92,124,93,124,94,123,95,123,96,123,97,122,98,122,99,121,100,121,101,120,102,119,103,118,104,117,105,116,106,115,106,114,107,113,107,112,108,111,109,111,110,110,111,111,111,112,112,112,113,112,114,112,115,112,116,113,117,113,118,113,119,113,120,114,121,115,122,115,123,116,124,117,125,118,125,119,126,120,127,121,127,122,128,122,129,123,129,124,129,125,128,126,128,127,128,128,128,129,128,130,128,131,128,131,127,132,126,133,125,134,124,134,123,135,122,136,121,137,120,137,119,138,118,138,117,139,116,139,115,140,114,141,113,141,112,142,111,143,110,143,109,143,108,143,107,143,106,142,105,142,104,142,103,141,102,141,101,141,100,141,99,140,98,140,97,140,96,140,95,140,94,141,93,140,93,139,92,139,91,138,91,137,91,136,91,135,90,134,91,133,90
114,91,113,92,112,93,111,93,110,94,109,94,108,95,107,95,107,96,107,97,108,98,108,99,108,100,109,101,109,102,110,103,110,104,110,105,111,106,111,107,112,107,113,106,114,106,115,105,116,105,117,104,118,103,119,102,120,101,120,100,121,99,121,98,122,97,122,96,122,95,123,94,123,93,123,92,122,92,121,92,120,91,119,91,118,91,117,91,116,91,115,91
148,92,147,93,146,93,145,93,144,93,143,93,142,93,141,94,141,95,141,96,141,97,141,98,142,99,142,100,142,101,142,102,143,103,143,104,143,105,144,106,144,107,144,108,144,109,144,110,145,110,146,111,147,112,148,113,148,114,148,115,148,116,148,117,149,118,149,119,150,120,150,121,151,122,152,123,152,124,153,125,154,126,155,127,156,127,157,127,158,127,159,128,160,127,161,127,162,127,163,127,164,127,165,127,166,126,167,125,168,125,169,125,169,124,169,123,169,122,169,121,169,120,169,119,169,118,169,117,169,116,169,115,169,114,169,113,169,112,169,111,169,110,170,109,169,108,169,107,168,106,168,105,168,104,168,103,167,102,167,101,166,100,165,99,165,98,164,97,163,97,162,96,161,95,160,95,159,95,158,94,157,94,156,94,155,94,154,93,153,93,152,93,151,93,150,93,149,92
105,94,104,95,103,96,102,96,101,97,100,98,99,99,98,100,97,101,96,102,95,103,94,104,93,104,93,105,94,106,94,107,94,108,94,109,94,110,94,111,94,112,94,113,94,114,94,115,95,116,95,117,96,118,97,118,98,118,99,118,100,118,101,118,102,117,103,117,104,117,104,116,105,115,106,114,107,113,108,112,109,111,110,110,110,109,109,108,110,107,110,106,109,105,109,104,109,103,108,102,108,101,107,100,107,99,107,98,106,97,106,96,106,95
177,103,176,104,175,104,174,105,173,106,172,107,171,108,171,109,170,110,170,111,170,112,170,113,170,114,170,115,170,116,170,117,170,118,170,119,170,120,170,121,170,122,170,123,170,124,170,125,171,125,172,126,173,127,174,128,175,129,176,129,177,130,178,130,179,130,180,131,181,130,182,130,183,130,184,129,185,129,186,129,187,129,188,128,189,128,190,127,191,127,192,126,192,125,193,124,193,123,194,122,194,121,195,120,195,119,196,118,196,117,197,116,197,115,197,114,197,113,197,112,196,111,196,110,195,109,195,108,194,107,193,106,192,105,191,105,190,104,189,104,188,104,187,103,186,103,185,103,184,103,183,103,182,103,181,103,180,103,179,103,178,103
202,113,201,114,200,114,199,114,198,115,198,116,197,117,197,118,196,119,196,120,195,121,195,122,194,123,194,124,193,125,193,126,192,127,192,128,193,129,194,130,194,131,194,132,195,133,196,134,196,135,197,136,197,137,198,138,198,139,199,140,200,141,201,142,202,143,203,144,204,144,205,145,206,145,207,145,208,145,209,145,210,145,211,145,212,145,213,145,214,144,215,143,216,142,217,141,217,140,217,139,218,138,219,137,219,136,220,135,220,134,220,133,221,132,221,131,221,130,221,129,221,128,220,127,220,126,220,125,220,124,220,123,220,122,219,121,219,120,219,119,219,118,218,117,217,117,216,116,215,115,214,115,213,114,212,114,211,113,210,113,209,113,208,113,207,113,206,113,205,113,204,113,203,113
226,115,225,116,224,116,223,116,222,116,221,117,220,118,220,119,220,120,220,121,221,122,221,123,221,124,221,125,221,126,221,127,222,128,222,129,222,130,222,131,223,131,224,131,225,131,226,132,227,133,228,132,229,132,230,132,231,132,232,132,233,132,234,132,235,132,236,132,237,132,238,132,239,131,240,130,241,129,242,128,242,127,242,126,243,125,242,124,242,123,241,122,241,121,240,120,239,119,238,119,237,118,236,117,235,117,234,117,233,116,232,116,231,116,230,116,229,116,228,116,227,115
125,129,124,130,123,130,122,130,121,130,121,131,121,132,121,133,121,134,120,135,120,136,120,137,119,138,119,139,118,140,118,141,118,142,118,143,118,144,118,145,119,146,119,147,119,148,119,149,120,150,120,151,120,152,120,153,121,154,121,155,121,156,121,157,122,158,122,159,123,159,124,159,125,159,126,159,127,160,128,160,129,160,130,160,131,159,132,159,133,159,134,159,135,159,136,158,137,158,138,157,139,156,140,155,141,154,142,153,143,152,144,151,144,150,145,149,145,148,146,147,146,146,146,145,146,144,146,143,146,142,146,141,145,140,145,139,145,138,144,137,143,136,142,136,141,135,140,134,139,134,138,133,137,133,136,133,135,132,134,132,133,131,132,131,131,130,131,129,130,129,129,129,128,129,127,129,126,129
99,130,98,131,97,131,97,132,96,133,95,134,95,135,95,136,95,137,95,138,95,139,94,140,95,141,95,142,96,143,96,144,97,145,97,146,98,147,99,148,100,149,100,150,100,151,100,152,101,153,102,154,102,155,103,156,104,157,104,158,104,159,105,160,105,161,106,162,107,163,108,163,109,162,110,162,111,162,112,162,113,162,114,162,115,162,116,162,117,162,118,162,119,162,120,162,120,161,121,160,121,159,121,158,120,157,120,156,120,155,120,154,119,153,119,152,119,151,119,150,118,149,118,148,118,147,118,146,117,145,117,144,117,143,117,142,116,141,116,140,115,139,115,138,114,137,113,136,112,136,111,135,110,134,109,134,108,133,107,132,106,132,105,131,104,131,103,131,102,131,101,130,100,130
228,133,227,134,226,135,225,135,224,136,223,137,222,138,221,138,221,139,220,140,219,141,218,141,217,142,216,143,215,144,214,145,213,146,214,147,214,148,214,149,213,150,213,151,213,152,213,153,214,154,215,155,216,156,217,156,218,157,219,157,220,158,221,159,222,158,223,158,224,157,225,157,226,156,227,156,228,155,229,154,230,154,231,154,232,154,233,154,234,153,235,153,236,153,237,153,238,153,239,153,240,152,241,151,242,150,242,149,243,148,243,147,243,146,243,145,243,144,243,143,243,142,243,141,242,140,242,139,241,138,240,137,240,136,239,135,238,134,238,133,237,133,236,133,235,133,234,133,233,133,232,133,231,133,230,133,229,133
171,134,170,135,169,135,168,136,167,136,166,137,165,138,164,138,164,139,163,140,162,141,161,142,161,143,160,144,159,145,159,146,158,147,157,148,157,149,157,150,157,151,157,152,157,153,157,154,157,155,157,156,158,157,158,158,159,159,159,160,160,161,161,162,162,163,163,163,164,164,165,165,166,166,167,166,168,167,169,167,170,168,171,168,172,168,173,168,174,168,175,168,176,168,177,168,178,167,179,168,180,167,181,166,182,165,183,164,184,163,185,163,185,162,185,161,186,160,186,159,186,158,187,157,187,156,187,155,187,154,188,153,188,152,188,151,187,150,188,149,187,148,187,147,187,146,187,145,187,144,187,143,186,142,186,141,185,140,184,139,183,138,183,137,182,137,181,136,180,135,179,134,178,134,177,134,176,134,175,134,174,134,173,134,172,134
252,136,251,137,250,137,249,138,248,139,247,140,246,141,246,142,246,143,246,144,246,145,246,146,246,147,246,148,246,149,247,150,247,151,248,152,249,153,250,154,251,155,252,155,253,156,254,157,255,157,256,158,257,158,258,158,259,158,260,158,261,159,261,160,262,160,263,160,264,160,265,159,266,159,267,159,268,158,269,158,270,158,271,157,272,157,272,156,272,155,273,154,273,153,273,152,273,151,272,150,272,149,272,148,271,147,271,146,270,145,269,144,268,143,268,142,267,141,266,140,265,139,264,139,263,138,262,137,261,137,260,137,259,136,258,136,257,136,256,136,255,136,254,136,253,136
242,151,241,152,240,153,240,154,239,155,238,155,239,156,238,157,238,158,237,159,236,160,235,161,234,162,234,163,234,164,233,165,233,166,233,167,233,168,233,169,234,170,234,171,233,172,232,172,233,173,234,174,235,174,236,175,237,176,238,177,239,177,240,178,241,179,242,179,243,180,244,180,245,180,246,179,247,179,248,179,249,178,250,178,251,177,252,177,253,176,254,175,255,174,256,173,257,172,258,171,258,170,258,169,257,168,257,167,258,166,257,165,257,164,257,163,256,162,256,161,256,160,256,159,255,158,254,158,253,157,252,156,251,156,250,155,249,154,248,153,247,152,246,152,245,152,244,152,243,152
99,152,98,153,97,153,96,153,95,153,94,153,93,154,92,155,91,156,91,157,90,158,90,159,89,160,89,161,90,162,90,163,91,164,92,165,92,166,93,166,94,166,95,167,96,167,97,167,98,167,99,166,100,166,101,165,102,164,102,163,103,162,104,161,104,160,103,159,103,158,103,157,102,156,101,155,101,154,100,153
212,153,211,154,210,154,209,154,208,155,207,155,206,156,205,156,204,157,204,158,204,159,204,160,204,161,204,162,204,163,204,164,205,165,205,166,205,167,205,168,205,169,205,170,205,171,206,172,206,173,207,174,207,175,208,176,209,177,210,177,211,178,212,179,213,178,213,177,214,176,215,176,216,175,217,175,217,174,218,173,219,172,220,171,220,170,221,169,221,168,221,167,222,166,222,165,222,164,222,163,221,162,221,161,221,160,220,159,219,158,218,158,217,157,216,157,215,156,214,155,213,154
271,158,270,159,269,159,268,159,267,160,266,160,265,160,264,161,263,161,262,161,261,161,261,162,260,163,261,164,261,165,260,166,259,166,259,167,260,168,259,169,259,170,260,171,260,172,260,173,260,174,260,175,260,176,261,177,261,178,262,179,263,180,264,181,265,181,266,181,267,182,268,181,269,180,270,179,271,178,272,177,273,177,274,176,275,175,276,174,277,174,278,173,279,172,280,172,280,171,280,170,280,169,280,168,280,167,280,166,281,165,281,164,282,163,281,162,281,161,280,160,279,159,278,159,277,159,276,158,275,158,274,158,273,158,272,158
109,163,108,164,107,164,107,165,107,166,107,167,107,168,107,169,107,170,107,171,107,172,107,173,107,174,107,175,108,176,108,177,109,178,110,179,110,180,111,181,112,182,113,182,114,183,115,183,116,184,117,184,118,184,119,183,120,183,121,182,122,182,123,181,123,180,123,179,124,178,124,177,124,176,124,175,124,174,125,173,124,172,124,171,124,170,124,169,123,168,122,167,122,166,121,165,121,164,120,163,119,163,118,163,117,163,116,163,115,163,114,163,113,163,112,163,111,163,110,163
144,163,143,164,142,164,141,164,140,164,139,164,138,165,137,165,136,165,135,166,134,166,133,167,132,168,131,169,130,170,129,171,129,172,128,173,128,174,128,175,128,176,127,177,127,178,127,179,127,180,127,181,127,182,127,183,127,184,128,185,128,186,129,187,130,188,131,189,132,189,133,190,134,190,135,190,136,190,137,190,138,190,139,190,140,190,141,190,142,189,143,189,144,188,145,188,146,188,147,188,148,188,149,187,150,187,151,187,152,186,153,185,154,184,155,183,156,182,157,181,157,180,158,179,158,178,157,177,157,176,157,175,158,174,158,173,158,172,158,171,158,170,158,169,157,168,157,167,156,166,155,165,154,165,153,165,152,164,151,164,150,164,149,163,148,163,147,163,146,163,145,163
232,173,231,174,230,175,229,175,228,176,227,176,226,176,225,177,224,178,223,179,222,180,221,181,220,182,219,183,219,184,219,185,218,186,217,187,216,188,217,189,217,190,218,191,219,192,219,193,220,194,220,195,221,196,221,197,222,198,223,199,224,200,225,201,226,202,227,202,228,202,229,202,230,203,231,202,232,202,233,202,234,202,235,202,235,201,236,200,236,199,236,198,237,197,237,196,238,195,238,194,238,193,239,192,239,191,240,190,240,189,241,188,242,187,242,186,243,185,243,184,243,183,244,182,244,181,243,181,242,180,241,180,240,179,239,178,238,178,237,177,236,176,235,175,234,175,233,174
174,175,173,176,172,177,171,178,171,179,170,180,169,181,168,181,167,182,166,182,165,183,164,183,163,183,163,184,162,185,161,185,160,186,159,187,158,188,158,189,157,190,157,191,156,192,156,193,155,194,155,195,155,196,155,197,154,198,154,199,154,200,154,201,155,202,155,203,155,204,156,205,157,206,157,207,158,208,158,209,159,209,160,209,161,210,162,210,163,211,164,211,165,210,166,210,167,210,168,210,169,209,170,208,171,207,171,206,172,205,172,204,173,203,173,202,173,201,173,200,173,199,173,198,174,197,174,196,174,195,174,194,175,193,175,192,175,191,175,190,176,189,176,188,175,187,176,186,176,185,177,184,178,184,179,183,180,182,181,182,182,181,182,180,182,179,181,178,180,177,179,176,179,175,178,175,177,176,176,176,175,176
300,176,299,177,299,178,298,179,297,180,297,181,296,182,295,183,295,184,294,185,294,186,293,187,292,188,292,189,291,190,290,191,290,192,289,193,288,194,287,195,286,196,285,197,284,197,283,198,282,198,283,198,284,198,285,198,286,198,287,199,288,200,289,201,290,202,291,203,292,204,292,205,293,206,293,207,294,208,294,209,295,210,296,211,296,212,296,213,297,214,297,215,298,216,299,216,300,217,301,217,302,217,303,217,304,216,305,215,305,214,306,213,307,212,307,211,308,210,308,209,308,208,309,207,309,206,309,205,309,204,309,203,310,202,310,201,309,200,309,199,309,198,309,197,309,196,309,195,310,194,309,193,310,192,309,191,309,190,309,189,308,188,308,187,308,186,307,185,307,184,306,183,306,182,305,181,304,180,303,179,302,178,301,177
121,183,120,184,119,184,118,185,118,186,118,187,118,188,118,189,118,190,119,191,119,192,120,192,121,192,122,192,123,192,124,192,125,191,125,190,125,189,125,188,125,187,125,186,124,185,123,184,123,183,122,183
244,184,244,185,243,186,243,187,242,188,241,189,241,190,240,191,240,192,239,193,239,194,239,195,238,196,238,197,237,198,237,199,237,200,236,201,236,202,237,202,238,203,239,204,240,204,241,204,242,204,243,204,244,203,245,203,246,203,247,202,248,202,249,201,250,201,251,200,252,199,253,198,254,197,255,196,255,195,256,194,257,193,258,192,258,191,258,190,258,189,258,188,258,187,258,186,257,185,256,185,255,185,254,184,253,184,252,184,251,184,250,184,249,184,248,184,247,184,246,185,245,184
210,187,209,188,208,188,207,188,206,189,206,190,205,191,205,192,204,193,204,194,204,195,204,196,203,197,203,198,203,199,203,200,202,201,202,202,202,203,201,204,201,205,200,206,200,207,200,208,201,208,202,209,203,209,204,209,205,210,206,211,207,212,207,213,208,212,209,212,210,213,211,213,212,213,213,213,214,213,215,212,216,211,217,210,217,209,218,208,219,207,219,206,219,205,220,204,220,203,220,202,220,201,220,200,221,199,220,198,220,197,220,196,219,195,219,194,218,193,218,192,217,191,216,190,216,189,215,189,214,188,214,187,213,187,212,187,211,187
136,195,135,196,134,196,133,197,132,197,131,198,130,198,130,199,129,200,129,201,129,202,129,203,129,204,129,205,128,206,129,207,129,208,129,209,130,210,130,211,131,212,131,213,132,214,132,215,133,216,134,217,135,217,136,218,137,219,138,218,139,218,140,217,141,217,142,216,143,215,144,214,145,214,146,213,147,212,148,211,149,211,150,210,149,209,150,208,150,207,150,206,150,205,150,204,149,203,149,202,148,201,147,200,146,199,145,198,144,198,143,197,142,197,141,196,140,196,139,196,138,195,137,195
280,199,279,200,278,201,277,201,276,201,275,202,274,201,273,202,272,202,272,203,271,204,270,205,270,206,270,207,269,208,270,209,269,210,268,211,267,211,267,212,267,213,267,214,266,215,265,216,265,217,265,218,265,219,264,220,264,221,264,222,264,223,265,224,266,224,267,225,268,225,269,226,270,226,271,227,272,227,273,227,274,228,275,228,276,229,277,229,278,229,279,230,280,230,281,231,282,231,283,232,284,232,285,233,286,234,286,233,287,232,288,232,289,232,290,232,291,232,292,231,293,232,293,231,294,230,295,229,295,228,296,227,297,226,296,225,296,224,296,223,296,222,296,221,296,220,297,219,298,218,298,217,297,216,296,215,296,214,295,213,295,212,295,211,294,210,293,209,293,208,292,207,292,206,291,205,291,204,290,203,289,202,288,201,287,200,286,199,285,199,284,199,283,199,282,199,281,199
314,207,313,208,312,208,311,209,310,210,309,209,309,210,308,211,308,212,307,213,306,214,306,215,305,216,304,217,303,218,303,219,303,220,302,221,302,222,302,223,302,224,302,225,302,226,302,227,302,228,302,229,302,230,303,231,303,232,303,233,304,234,305,234,306,235,307,235,308,234,309,234,310,234,311,233,312,233,313,233,314,232,315,231,316,230,317,229,317,228,318,227,318,226,319,225,320,224,320,223,320,222,320,221,321,220,321,219,321,218,321,217,321,216,322,215,322,214,322,213,321,212,321,211,321,210,320,209,319,208,318,207,317,207,316,208,315,207
183,208,182,209,181,209,180,209,179,210,178,210,178,211,177,212,177,213,176,214,176,215,176,216,176,217,175,218,175,219,175,220,175,221,174,222,175,223,175,224,175,225,175,226,176,227,177,228,178,229,179,230,180,231,181,231,182,232,182,233,183,233,184,234,185,235,186,236,187,235,188,235,189,234,190,234,191,233,192,233,193,232,193,231,193,230,193,229,193,228,194,227,195,227,196,226,197,225,198,224,199,223,199,222,199,221,199,220,199,219,199,218,199,217,198,216,198,215,197,214,198,213,198,212,197,211,197,210,196,210,195,209,194,209,193,208,192,208,191,208,190,208,189,208,188,208,187,208,186,208,185,208,184,208
154,210,153,211,152,211,151,211,150,211,149,212,148,212,147,213,146,214,145,215,144,215,143,216,142,217,141,218,140,218,139,219,138,219,137,220,138,221,138,222,139,223,140,224,141,225,142,226,143,227,143,228,144,229,144,230,145,231,146,232,146,233,147,234,148,235,149,236,150,237,151,238,152,239,153,239,154,239,155,240,156,240,157,241,158,241,159,241,160,242,161,242,162,241,163,240,164,239,165,238,166,238,167,237,166,236,166,235,166,234,166,233,166,232,167,231,167,230,167,229,167,228,167,227,167,226,167,225,167,224,167,223,168,222,168,221,168,220,168,219,167,218,167,217,167,216,167,215,166,214,165,213,165,212,164,212,163,212,162,211,161,211,160,210,159,210,158,210,157,210,156,210,155,210
121,220,120,221,119,221,118,221,117,222,116,223,116,224,116,225,115,226,115,227,115,228,114,229,115,230,115,231,115,232,115,233,116,234,116,235,117,236,118,237,118,238,119,238,120,238,121,239,122,239,123,239,124,238,125,238,126,238,127,237,128,237,129,236,130,235,131,234,131,233,132,232,133,231,133,230,133,229,133,228,132,227,132,226,132,225,131,224,130,223,129,222,128,222,127,221,126,221,125,221,124,221,123,220,122,220
208,224,207,225,206,225,205,225,204,226,203,226,202,227,202,228,201,229,201,230,200,231,200,232,200,233,200,234,201,235,201,236,202,237,203,237,204,238,205,238,206,239,207,239,208,239,209,239,210,239,211,239,212,239,213,238,214,238,215,237,216,236,217,235,218,234,219,234,218,233,219,232,219,231,219,230,219,229,219,228,219,227,218,226,218,225,217,225,216,224,215,224,214,224,213,224,212,224,211,224,210,224,209,224
264,224,263,225,262,225,262,226,261,227,260,228,259,228,258,229,258,230,257,231,257,232,257,233,257,234,257,235,257,236,257,237,257,238,257,239,258,240,258,241,259,242,259,243,260,244,260,245,261,246,261,247,262,248,263,249,264,249,265,250,266,250,267,250,268,250,269,251,270,251,271,251,272,251,273,251,274,251,275,251,276,250,277,250,278,249,279,249,280,248,281,247,282,246,283,245,284,244,284,243,284,242,284,241,284,240,285,239,286,238,286,237,285,236,285,235,285,234,284,233,283,233,282,232,281,232,280,231,279,231,278,230,277,230,276,230,275,229,274,229,273,228,272,228,271,228,270,227,269,227,268,226,267,226,266,225,265,225
194,232,193,233,192,234,191,234,190,235,189,235,188,236,187,236,186,237,185,237,184,238,184,239,184,240,184,241,184,242,184,243,184,244,184,245,184,246,184,247,184,248,185,249,185,250,185,251,186,252,186,253,186,254,187,255,187,256,188,257,188,258,189,259,189,260,190,261,190,262,191,263,191,264,192,265,193,266,193,267,194,268,195,267,196,267,197,267,198,266,199,266,200,266,201,266,202,266,202,265,203,264,204,263,205,263,206,262,206,261,207,260,208,259,208,258,209,257,209,256,208,255,207,254,207,253,207,252,206,251,206,250,206,249,205,248,205,247,205,246,205,245,204,244,204,243,204,242,204,241,203,240,202,239,201,238,201,237,200,236,200,235,199,234,199,233,198,233,197,232,196,232,195,232
220,234,219,235,218,235,217,236,216,237,215,238,214,239,213,239,212,240,211,240,210,240,210,241,210,242,209,243,208,244,208,245,207,246,207,247,206,248,207,249,207,250,207,251,208,252,208,253,208,254,209,255,210,255,211,255,212,256,213,256,214,256,215,256,216,255,217,255,218,255,219,255,220,254,221,253,222,253,223,252,223,251,224,250,225,249,225,248,226,247,226,246,226,245,226,244,227,243,227,242,226,241,226,240,226,239,225,238,225,237,224,236,223,235,222,235,221,234
344,235,343,236,342,237,341,237,340,237,339,238,338,238,337,239,336,240,335,240,334,241,334,242,333,243,333,244,333,245,332,246,332,247,332,248,332,249,333,250,333,251,333,252,334,253,334,254,335,255,335,256,336,257,337,258,338,258,339,259,340,259,341,260,342,260,343,260,344,260,345,260,346,259,347,258,348,257,349,257,350,256,351,255,352,254,353,253,353,252,353,251,353,250,353,249,354,248,354,247,355,246,355,245,355,244,355,243,355,242,355,241,355,240,355,239,354,238,354,237,353,236,352,236,351,235,350,235,349,235,348,235,347,235,346,235,345,235
174,237,173,238,172,238,171,238,170,238,169,238,168,239,167,238,166,239,165,239,164,240,163,241,162,242,161,243,161,244,161,245,162,246,162,247,162,248,162,249,162,250,163,251,163,252,164,253,165,254,166,254,167,255,168,256,169,257,170,258,171,257,172,257,173,256,174,256,175,255,176,254,177,254,178,253,179,253,180,252,181,251,182,250,183,249,183,248,183,247,183,246,183,245,183,244,183,243,183,242,183,241,183,240,182,240,181,239,180,239,179,238,178,238,177,238,176,237,175,237
313,237,312,238,311,238,310,239,309,240,308,241,307,242,307,243,306,244,305,245,304,246,303,247,302,248,301,249,300,249,299,250,299,251,298,252,297,253,297,254,296,255,296,256,295,257,295,258,294,259,294,260,293,261,293,262,293,263,293,264,293,265,293,266,294,267,295,267,296,266,297,266,298,266,299,266,300,266,301,266,302,265,303,265,304,264,305,263,306,263,307,262,308,262,309,261,310,260,311,259,312,259,312,258,313,257,314,257,314,256,315,255,316,254,317,253,318,252,319,251,319,250,320,249,320,248,320,247,321,246,321,245,322,244,322,243,322,242,321,241,321,240,320,239,319,238,318,238,317,238,316,237,315,237,314,237
285,244,284,245,283,246,282,247,281,248,280,249,279,250,278,250,277,251,276,251,275,252,274,252,273,252,273,253,273,254,272,255,271,255,270,256,269,257,268,257,267,258,266,259,266,260,265,261,265,262,265,263,265,264,265,265,265,266,265,267,265,268,265,269,265,270,266,271,266,272,267,273,267,274,267,275,267,276,268,276,269,277,270,277,271,277,272,278,273,278,274,279,275,280,275,281,276,282,277,283,278,284,279,283,280,283,281,282,282,281,283,280,284,279,284,278,285,277,285,276,285,275,285,274,285,273,286,272,286,271,286,270,286,269,287,268,287,267,288,266,288,265,288,264,289,263,289,262,289,261,289,260,290,259,290,258,290,257,290,256,291,255,291,254,291,253,292,252,292,251,292,250,292,249,292,248,291,247,291,246,290,246,289,245,288,245,287,245,286,245
241,249,240,250,239,251,239,252,238,253,238,254,237,255,236,256,237,257,237,258,238,259,239,260,239,261,240,262,241,263,241,264,242,265,242,266,243,267,244,268,244,269,245,270,245,271,246,271,247,272,248,272,249,273,250,273,251,273,252,274,252,275,252,276,252,277,253,277,254,277,255,277,256,276,257,276,258,276,259,276,260,275,261,275,262,274,263,274,263,273,263,272,263,271,264,270,264,269,264,268,264,267,264,266,264,265,264,264,264,263,264,262,264,261,263,260,263,259,262,258,261,257,261,256,260,255,260,254,259,254,258,253,257,252,256,252,255,251,254,251,253,250,252,250,251,250,250,250,249,250,248,250,247,250,246,250,245,249,244,249,243,249,242,249
354,253,353,254,352,255,351,256,350,257,349,258,348,258,347,259,346,260,345,261,344,262,344,263,344,264,343,265,343,266,343,267,343,268,342,269,343,270,343,271,343,272,343,273,344,273,345,274,346,274,347,275,347,276,348,277,349,276,350,276,351,276,352,276,353,276,354,276,355,276,356,276,357,275,358,275,358,274,359,273,360,272,361,271,362,271,363,270,364,269,365,268,366,267,366,266,367,265,367,264,367,263,367,262,367,261,367,260,366,259,366,258,365,257,364,256,363,255,362,255,361,254,360,253,359,253,358,253,357,253,356,253,355,253
225,257,224,258,223,258,222,259,221,259,220,260,219,261,218,262,217,263,217,264,216,265,215,266,215,267,215,268,214,269,213,270,212,271,212,272,213,273,214,273,215,274,216,275,217,276,218,277,219,278,220,279,221,280,222,281,223,281,224,282,225,283,226,284,227,284,228,285,229,286,229,287,230,287,231,286,232,285,233,285,234,284,235,283,236,283,236,282,236,281,237,280,238,279,239,279,240,278,241,277,241,276,242,275,243,274,243,273,243,272,244,271,244,270,243,269,243,268,242,267,241,266,241,265,240,264,240,263,239,262,238,261,238,260,237,259,236,258,236,257,235,257,234,257,233,257,232,257,231,257,230,257,229,257,228,257,227,257,226,257
325,259,324,260,323,260,322,261,321,261,320,262,319,263,318,264,317,265,316,266,315,267,315,268,314,269,314,270,314,271,314,272,314,273,314,274,314,275,314,276,314,277,314,278,315,279,316,280,316,281,317,282,317,283,318,284,319,285,320,286,321,286,322,286,323,287,324,287,325,287,326,287,327,287,328,287,329,287,330,287,331,287,332,286,333,286,334,285,335,285,336,284,337,283,338,283,338,282,339,281,340,280,341,279,341,278,342,277,342,276,342,275,343,274,342,273,342,272,342,271,342,270,341,269,341,268,340,267,340,266,339,265,339,264,338,263,337,262,336,262,335,261,334,261,333,260,332,260,331,260,330,260,329,259,328,259,327,259,326,259
300,271,299,272,298,272,297,273,296,274,295,275,294,276,293,277,293,278,292,279,292,280,291,281,291,282,291,283,291,284,291,285,291,286,291,287,291,288,291,289,291,290,292,291,292,292,293,293,293,294,294,295,295,296,296,297,296,298,297,299,298,299,299,300,300,301,301,301,302,302,303,302,304,303,305,303,306,303,307,303,308,303,309,303,310,303,311,303,312,303,313,302,314,302,315,301,316,301,317,300,317,299,317,298,317,297,317,296,318,295,318,294,318,293,318,292,318,291,319,290,319,289,319,288,319,287,319,286,318,285,317,284,316,283,316,282,315,281,315,280,314,279,313,278,313,277,312,277,311,276,310,275,309,274,308,273,307,272,306,271,305,271,304,271,303,271,302,271,301,271
210,272,209,273,208,274,208,275,207,276,206,277,205,278,205,279,204,280,203,281,202,282,201,283,200,284,199,285,198,286,199,287,200,288,201,289,202,290,203,291,203,292,204,293,205,293,206,294,207,294,208,295,209,295,210,295,211,295,212,296,213,296,214,297,215,297,216,297,217,297,218,297,219,297,220,297,221,297,222,296,223,295,224,294,225,293,225,292,226,291,226,290,227,289,227,288,228,287,228,286,227,285,226,285,225,284,224,283,223,282,222,282,221,281,220,280,219,279,218,278,217,277,216,276,215,275,214,274,213,274,212,273,211,272
365,274,364,275,363,275,362,275,361,276,360,276,359,276,358,276,357,276,356,277,355,277,354,277,353,277,352,277,351,277,350,277,349,277,348,278,347,279,346,279,345,280,344,281,343,281,342,282,342,283,341,284,340,285,339,286,339,287,338,288,338,289,338,290,338,291,338,292,338,293,338,294,338,295,338,296,338,297,339,298,339,299,340,300,340,301,341,302,342,303,343,303,344,304,345,304,346,305,347,305,348,305,349,305,350,305,351,305,352,304,353,304,354,304,355,304,356,303,357,303,358,303,359,302,360,302,360,301,361,300,362,299,362,298,363,297,364,296,365,295,365,294,366,293,367,292,368,291,369,290,370,289,371,288,372,287,373,286,374,285,374,284,374,283,375,282,375,281,375,280,375,279,374,278,374,277,373,276,372,276,371,275,370,274,369,274,368,274,367,274,366,274
266,276,265,277,264,277,263,277,262,277,261,278,260,278,259,277,258,277,257,277,256,277,255,278,254,278,253,279,252,279,251,280,250,280,249,281,248,281,247,282,246,282,245,283,244,284,243,283,242,283,241,283,240,283,239,283,238,284,237,284,236,284,235,284,234,285,235,286,234,287,233,288,232,288,232,289,232,290,231,291,230,292,230,293,230,294,231,295,231,296,232,297,233,298,234,299,235,300,236,301,237,301,238,302,239,302,240,302,241,302,242,302,243,302,244,302,245,302,246,302,247,302,248,302,249,302,250,301,251,300,252,300,253,299,254,298,255,297,256,297,257,296,258,296,259,295,260,294,261,294,262,293,263,293,264,292,265,292,266,291,267,291,268,291,269,290,270,290,271,290,272,290,273,289,273,288,274,287,275,286,276,285,277,284,276,283,275,282,274,281,274,280,273,279,272,279,271,278,270,278,269,278,268,277,267,277
373,287,372,288,371,289,370,290,369,291,368,292,367,293,366,294,366,295,365,296,364,297,363,298,363,299,362,300,361,301,361,302,360,303,360,304,360,305,360,306,360,307,361,308,361,309,362,310,362,311,362,312,362,313,363,314,363,315,364,316,364,317,364,318,365,318,366,317,367,317,368,316,369,315,370,315,371,314,372,313,373,313,374,312,375,311,376,311,377,310,378,310,379,309,380,308,381,307,382,307,383,306,384,306,385,305,386,305,387,304,387,303,387,302,387,301,387,300,386,299,386,298,386,297,386,296,386,295,386,294,386,293,385,292,385,291,384,290,383,289,382,288,381,288,380,287,379,287,378,287,377,288,376,288,375,287,374,287
269,291,268,292,267,292,266,292,265,293,264,293,263,294,262,294,261,295,260,295,259,296,258,297,257,297,256,298,255,298,254,299,253,300,252,301,251,301,250,302,249,303,249,304,249,305,249,306,249,307,250,308,250,309,251,310,250,311,250,312,250,313,249,314,249,315,249,316,249,317,248,318,248,319,248,320,249,321,249,322,250,323,251,324,252,324,253,325,254,325,255,325,256,325,257,325,258,325,259,325,260,324,261,324,262,324,263,323,264,323,265,322,266,321,267,321,268,320,268,319,269,318,270,317,270,316,271,315,271,314,272,313,272,312,273,311,273,310,274,309,274,308,273,307,273,306,272,305,272,304,272,303,272,302,273,301,273,300,274,299,274,298,275,297,275,296,275,295,275,294,275,293,274,292,273,292,272,291,271,291,270,291
387,305,386,306,385,306,384,307,383,307,382,308,381,308,380,309,379,310,378,311,377,311,376,312,375,312,374,313,373,314,372,314,371,315,370,316,369,316,368,317,367,318,366,318,365,319,364,319,365,320,364,321,364,322,364,323,364,324,364,325,364,326,365,327,365,328,366,329,367,330,368,331,369,331,370,332,371,332,372,332,373,332,374,332,375,331,376,331,377,331,378,330,379,329,380,329,381,328,382,327,383,326,383,325,384,324,385,323,385,322,386,321,387,320,387,319,388,318,389,317,389,316,390,315,390,314,390,313,390,312,391,311,391,310,390,309,390,308,390,307,389,306,388,305
341,306,340,307,339,307,338,307,337,308,336,308,335,309,334,310,333,311,333,312,332,313,332,314,331,315,331,316,331,317,331,318,331,319,331,320,331,321,331,322,332,323,333,324,333,325,334,326,334,327,335,328,336,329,337,329,338,330,339,330,340,330,341,331,342,331,343,330,344,330,345,330,346,330,347,330,348,330,349,329,350,329,351,328,352,327,353,326,353,325,354,324,355,323,355,322,355,321,356,320,356,319,356,318,356,317,356,316,356,315,356,314,355,313,355,312,354,311,354,310,353,310,352,309,351,309,350,308,349,308,348,308,347,307,346,307,345,307,344,307,343,306,342,306
281,307,280,308,279,308,278,308,277,309,276,309,275,309,274,310,274,311,273,312,273,313,272,314,272,315,271,316,271,317,270,318,269,319,269,320,268,321,269,322,269,323,269,324,269,325,269,326,269,327,270,328,271,329,272,330,273,331,274,331,275,331,276,331,277,331,278,331,279,331,280,331,281,330,282,330,283,329,284,329,285,328,286,328,287,327,288,326,288,325,289,324,290,323,290,322,291,321,291,320,291,319,291,318,291,317,291,316,291,315,291,314,291,313,290,312,290,311,289,310,289,309,288,308,287,308,286,307,285,307,284,307,283,307,282,307
305,307,304,308,303,309,302,309,301,310,300,310,299,310,298,311,297,312,297,313,296,314,296,315,297,316,297,317,297,318,298,319,298,320,298,321,299,322,299,323,300,324,301,325,302,326,302,327,303,328,304,329,305,329,306,330,307,331,308,332,309,332,310,332,311,332,312,332,313,332,314,331,315,331,316,330,317,330,318,330,319,329,320,328,321,327,322,326,323,325,323,324,323,323,323,322,323,321,323,320,323,319,322,318,322,317,322,316,321,315,320,314,319,313,319,312,318,312,317,311,316,310,315,309,314,309,313,308,312,308,311,308,310,307,309,307,308,307,307,307,306,307
289,330,288,331,287,331,286,332,285,333,284,334,284,335,283,336,283,337,282,338,282,339,282,340,282,341,282,342,282,343,283,344,283,345,284,346,284,347,285,348,286,349,287,350,288,351,289,351,290,352,291,352,292,352,293,352,294,352,295,351,296,351,297,350,298,350,299,349,300,349,301,348,302,347,303,346,303,345,303,344,304,343,304,342,304,341,304,340,303,339,303,338,303,337,302,336,301,335,301,334,300,333,299,332,298,332,297,331,296,331,295,331,294,330,293,330,292,330,291,330,290,330
329,334,328,335,327,335,326,335,325,335,324,335,323,336,322,336,321,336,320,337,319,338,318,338,317,338,316,339,315,340,314,341,313,342,313,343,312,344,312,345,312,346,312,347,312,348,312,349,312,350,313,351,314,352,315,352,316,353,317,353,318,354,319,354,320,354,321,354,322,354,323,354,324,354,325,354,326,354,327,353,328,353,329,353,330,352,331,351,332,350,333,349,334,348,334,347,335,346,335,345,335,344,335,343,335,342,335,341,335,340,335,339,334,338,334,337,333,336,332,335,331,335,330,335
213,408,212,409,211,409,210,409,209,410,208,411,207,412,206,413,205,414,204,415,203,416,202,417,202,418,202,419,202,420,203,421,203,422,204,423,205,424,205,425,206,426,206,427,207,427,208,428,209,428,210,429,211,429,212,429,213,430,214,430,215,429,216,429,217,429,218,429,219,429,220,428,221,428,222,427,223,426,224,425,225,424,226,423,227,422,227,421,226,420,226,419,226,418,225,417,225,416,225,415,225,414,225,413,224,412,223,411,223,410,222,410,221,409,220,409,219,409,218,408,217,408,216,408,215,408,214,408
189,409,188,410,187,410,186,411,185,412,185,413,184,414,184,415,183,416,183,417,183,418,183,419,183,420,183,421,183,422,184,423,184,424,185,425,186,426,187,427,188,428,189,429,190,429,191,430,192,430,193,430,194,429,195,429,196,428,197,428,198,427,199,426,199,425,200,424,200,423,201,422,202,421,201,420,201,419,201,418,201,417,200,416,200,415,200,414,199,413,199,412,198,411,197,410,196,409,195,409,194,409,193,409,192,409,191,409,190,409
239,413,238,414,237,414,236,414,235,414,234,415,233,416,232,417,231,418,231,419,230,420,230,421,229,422,229,423,229,424,230,425,230,426,231,427,231,428,231,429,232,430,233,431,234,432,235,432,236,433,237,432,238,432,239,432,240,433,241,432,242,432,243,432,244,431,245,430,246,429,247,428,248,427,248,426,248,425,248,424,247,423,247,422,247,421,247,420,247,419,247,418,246,417,245,416,244,415,243,415,242,414,241,414,240,414
428,414,427,415,426,415,425,416,424,416,423,417,422,418,421,419,420,420,420,421,419,422,419,423,418,424,419,425,418,426,419,427,419,428,419,429,420,430,420,431,420,432,420,433,421,434,421,435,421,436,422,437,423,438,423,439,424,440,425,441,426,442,427,443,428,443,429,444,429,445,430,446,431,446,432,447,433,447,434,447,435,447,436,448,437,448,438,448,439,448,440,448,441,448,442,447,443,448,444,448,445,447,446,447,447,447,448,446,449,445,450,445,451,444,452,443,453,443,454,442,454,441,455,440,456,439,456,438,456,437,456,436,456,435,457,434,456,433,456,432,456,431,455,430,455,429,455,428,454,427,454,426,453,426,452,425,451,424,450,423,449,422,448,422,447,421,446,420,445,419,444,419,443,418,442,418,441,417,440,416,439,416,438,415,437,415,436,415,435,414,434,414,433,414,432,414,431,414,430,414,429,414
255,417,254,418,253,418,252,419,251,420,250,421,250,422,250,423,249,424,249,425,249,426,250,427,251,428,251,429,252,430,253,430,254,431,255,432,256,432,257,433,258,434,259,433,260,433,261,432,262,432,263,431,264,431,265,431,266,430,267,430,267,429,268,428,269,427,269,426,269,425,270,424,269,423,269,422,269,421,268,420,267,419,266,418,265,418,264,418,263,417,262,417,261,417,260,417,259,417,258,417,257,417,256,417
370,419,369,420,368,420,367,421,366,421,365,422,364,423,363,424,362,425,361,426,360,427,359,428,358,429,358,430,358,431,357,432,357,433,356,434,355,435,355,436,355,437,355,438,355,439,355,440,355,441,355,442,356,443,357,443,358,443,359,443,360,443,361,443,362,443,363,443,364,442,365,442,366,441,367,441,368,441,369,440,370,439,371,439,372,438,373,438,374,437,375,437,376,437,377,436,378,436,379,435,380,435,381,434,382,433,382,432,383,431,384,430,385,429,385,428,385,427,384,426,383,425,382,424,381,423,380,423,379,422,378,421,377,420,376,419,375,419,374,419,373,419,372,419,371,419
173,422,172,423,171,423,170,423,169,423,168,423,167,424,166,424,165,424,164,425,163,426,163,427,163,428,163,429,163,430,163,431,163,432,164,433,164,434,164,435,165,436,166,436,167,437,168,437,169,437,170,437,171,437,172,437,173,437,174,437,175,436,176,436,177,435,177,434,177,433,178,432,178,431,178,430,178,429,178,428,178,427,178,426,178,425,177,424,176,423,175,423,174,423
149,427,148,428,147,429,146,429,145,430,144,431,143,432,143,433,142,434,142,435,142,436,142,437,142,438,142,439,142,440,142,441,142,442,143,443,143,444,144,445,145,446,146,447,147,448,148,449,149,449,150,448,151,448,152,448,153,447,154,447,155,446,156,446,157,445,158,444,158,443,159,442,159,441,159,440,160,439,160,438,160,437,160,436,160,435,160,434,160,433,159,432,159,431,158,430,157,429,156,428,155,427,154,427,153,427,152,427,151,427,150,427
266,431,265,432,264,432,263,432,262,433,261,433,260,434,259,434,258,435,258,436,257,437,258,438,257,439,258,440,258,441,258,442,259,443,260,444,261,445,262,446,263,447,264,447,265,448,266,448,267,448,268,448,269,448,270,448,271,447,272,446,273,446,274,445,275,444,276,443,276,442,276,441,276,440,276,439,276,438,276,437,276,436,275,435,275,434,274,434,273,433,272,432,271,432,270,432,269,432,268,432,267,432
132,439,131,440,130,440,129,441,128,442,127,443,126,444,126,445,125,446,125,447,124,448,123,449,122,450,121,451,120,452,119,453,118,454,117,455,116,456,115,457,114,458,113,459,112,460,112,461,112,462,112,463,111,464,111,465,111,466,111,467,111,468,111,469,111,470,111,471,112,472,113,473,114,474,115,475,116,476,117,477,118,478,119,478,120,478,121,478,122,478,123,478,124,478,125,478,126,478,127,477,128,477,129,476,130,475,131,474,132,473,133,472,133,471,134,470,135,469,135,468,136,467,137,466,137,465,138,464,139,463,140,462,141,461,141,460,142,459,142,458,143,457,143,456,143,455,143,454,143,453,143,452,142,451,142,450,142,449,142,448,141,447,141,446,141,445,140,444,139,443,139,442,138,441,137,440,136,439,135,439,134,439,133,440
286,445,285,446,284,446,283,447,282,448,281,448,281,449,280,450,279,451,279,452,279,453,279,454,279,455,279,456,279,457,279,458,279,459,279,460,279,461,280,462,281,463,282,464,283,465,284,466,285,466,286,466,287,467,288,467,289,467,290,467,291,466,292,466,293,466,294,466,295,465,296,465,297,464,298,463,298,462,299,461,299,460,299,459,300,458,300,457,300,456,300,455,300,454,299,453,299,452,298,451,298,450,297,449,296,448,295,447,294,446,293,446,292,445,291,445,290,445,289,445,288,445,287,445
382,446,381,447,380,447,379,447,378,448,377,448,376,449,375,449,374,450,373,451,372,452,371,453,370,454,370,455,369,456,369,457,368,458,368,459,368,460,367,461,367,462,367,463,367,464,367,465,367,466,367,467,368,468,368,469,368,470,368,471,369,472,369,473,370,474,370,475,371,476,372,477,372,478,373,478,374,479,375,480,376,480,377,481,378,481,379,481,380,482,381,482,382,482,383,482,384,482,385,482,386,482,387,482,388,482,389,481,390,481,391,481,392,481,393,480,394,480,395,480,396,479,397,479,398,478,399,477,400,477,401,476,401,475,402,474,402,473,402,472,402,471,402,470,402,469,403,468,403,467,403,466,403,465,403,464,403,463,403,462,403,461,403,460,403,459,403,458,403,457,402,456,402,455,401,454,400,453,399,452,398,451,397,451,396,450,395,449,394,448,393,448,392,447,391,447,390,446,389,446,388,446,387,446,386,446,385,446,384,446,383,446
475,449,474,450,473,450,472,451,471,452,470,453,470,454,469,455,469,456,469,457,468,458,468,459,468,460,468,461,468,462,469,463,469,464,470,465,470,466,471,467,472,468,473,469,474,470,475,470,476,471,477,471,478,472,479,472,480,472,481,472,482,472,483,471,484,471,485,471,486,471,487,470,488,469,489,469,490,468,490,467,491,466,491,465,491,464,492,463,491,462,491,461,491,460,491,459,490,458,490,457,490,456,490,455,489,454,488,453,487,452,486,451,485,450,484,449,483,449,482,449,481,449,480,449,479,449,478,449,477,449,476,449
331,451,330,452,329,452,328,452,327,453,326,453,326,454,325,455,325,456,324,457,324,458,323,459,323,460,323,461,323,462,322,463,322,464,322,465,322,466,321,467,321,468,321,469,321,470,321,471,321,472,321,473,321,474,321,475,321,476,321,477,321,478,321,479,322,480,322,481,323,482,324,483,325,483,326,484,327,484,328,485,329,485,330,485,331,485,332,484,333,484,334,484,335,483,336,482,337,481,337,480,338,479,338,478,339,477,339,476,339,475,340,474,340,473,340,472,341,471,341,470,342,469,342,468,343,467,344,466,344,465,345,464,345,463,345,462,346,461,346,460,346,459,346,458,346,457,345,456,345,455,344,455,343,454,342,453,341,452,340,452,339,451,338,451,337,451,336,451,335,451,334,451,333,451,332,451
259,466,258,467,257,467,256,467,255,467,254,467,253,467,252,468,251,468,250,468,249,469,248,470,247,470,246,471,245,472,244,472,244,473,243,474,242,475,242,476,241,477,241,478,241,479,241,480,241,481,240,482,241,482,242,483,242,484,242,485,242,486,243,486,244,486,245,486,246,485,247,485,248,485,249,486,250,486,251,486,252,486,253,486,254,486,255,486,256,487,257,487,258,487,259,487,260,487,261,488,262,488,263,488,264,488,265,489,266,489,267,489,268,489,269,489,270,489,271,490,272,490,273,491,274,492,275,492,276,493,277,494,278,495,279,496,280,496,281,496,282,495,283,494,283,493,283,492,283,491,283,490,283,489,283,488,283,487,283,486,282,485,282,484,282,483,281,482,280,481,279,480,278,479,277,479,276,478,275,477,275,476,274,475,273,474,272,473,271,472,271,471,270,470,269,469,268,469,267,468,266,468,265,467,264,467,263,467,262,467,261,467,260,467
450,467,449,468,448,468,447,468,446,468,445,469,444,469,443,470,442,470,441,471,440,472,439,473,438,474,437,475,436,476,435,477,435,478,434,479,433,480,432,481,432,482,432,483,432,484,432,485,432,486,432,487,432,488,432,489,432,490,433,491,433,492,434,493,434,494,435,495,435,496,435,497,436,498,437,499,437,500,438,501,439,502,440,503,441,504,442,504,443,505,444,505,445,506,446,506,447,506,448,506,449,507,450,507,451,507,452,507,453,507,454,507,455,507,456,506,457,506,458,506,459,506,460,505,461,504,462,504,463,503,464,502,465,501,466,500,467,499,467,498,468,497,468,496,469,495,469,494,470,493,470,492,470,491,470,490,470,489,471,488,471,487,471,486,471,485,471,484,471,483,471,482,470,481,470,480,469,479,469,478,469,477,468,476,468,475,467,474,466,473,465,472,464,471,463,471,462,470,461,469,460,469,459,468,458,468,457,467,456,467,455,467,454,467,453,467,452,467,451,467
217,468,216,469,215,469,214,469,213,469,212,470,211,470,210,470,209,470,208,470,207,471,206,472,205,472,204,472,203,473,202,473,201,473,200,474,199,473,198,474,197,475,197,476,196,477,195,477,195,478,195,479,194,480,194,481,193,482,193,483,193,484,192,485,192,486,191,487,191,488,191,489,191,490,191,491,192,492,192,493,192,494,192,495,193,496,193,497,193,498,194,499,195,500,195,501,196,501,197,502,198,503,199,504,200,505,201,505,202,506,203,506,204,506,205,507,206,507,207,508,208,508,209,508,210,508,211,509,212,509,213,509,214,509,215,509,216,509,217,509,218,508,219,508,220,507,221,507,222,506,223,505,224,505,225,504,226,503,227,503,227,502,228,501,229,501,230,500,231,499,232,499,233,498,234,497,235,496,236,495,237,494,238,493,238,492,238,491,239,490,239,489,239,488,239,487,240,486,239,485,239,484,239,483,239,482,238,481,237,480,236,479,235,478,234,477,233,476,232,475,231,474,230,473,229,472,228,472,227,471,226,470,225,470,224,469,223,469,222,468,221,468,220,468,219,468,218,468
415,469,414,470,413,470,412,470,411,470,410,471,409,471,408,472,407,472,406,473,405,474,404,474,404,475,403,476,402,476,401,477,400,478,401,479,400,480,400,481,400,482,399,483,399,484,399,485,399,486,399,487,399,488,399,489,399,490,399,491,399,492,399,493,400,494,400,495,401,496,401,497,402,498,403,499,403,500,404,501,405,502,406,502,407,503,408,503,409,504,410,504,411,504,412,504,413,505,414,505,415,505,416,505,417,504,418,504,419,504,420,504,421,504,422,503,423,503,424,503,425,502,426,501,427,500,428,499,429,498,429,497,430,496,430,495,430,494,430,493,431,492,431,491,431,490,431,489,431,488,431,487,431,486,431,485,431,484,431,483,431,482,431,481,431,480,430,479,430,478,430,477,429,476,429,475,428,474,427,473,426,472,425,471,424,471,423,471,422,470,421,470,420,470,419,470,418,469,417,469,416,469
110,471,109,472,108,472,107,472,106,472,105,472,104,473,103,473,102,474,102,475,101,476,100,477,99,477,99,478,98,479,98,480,97,481,97,482,97,483,97,484,96,485,96,486,96,487,96,488,95,489,94,490,93,491,92,492,91,493,90,494,89,495,88,496,88,497,87,498,87,499,86,500,86,501,86,502,86,503,86,504,86,505,86,506,85,507,86,508,86,509,87,510,88,510,89,511,90,511,91,511,92,511,93,511,94,511,95,511,96,511,97,511,98,511,99,511,100,511,101,511,102,510,103,510,104,510,105,510,106,509,107,508,108,507,109,506,110,505,111,504,112,503,113,502,114,502,115,501,116,501,117,500,118,499,119,498,119,497,120,496,121,495,121,494,121,493,121,492,121,491,121,490,121,489,121,488,121,487,121,486,120,485,120,484,119,483,119,482,118,481,117,480,117,479,117,478,116,477,115,476,114,475,113,474,112,473,111,472
299,471,298,472,297,472,296,472,295,472,294,473,293,474,292,475,291,476,290,477,289,478,289,479,289,480,288,481,288,482,288,483,289,484,289,485,289,486,289,487,290,488,290,489,291,490,291,491,292,492,292,493,293,494,294,494,295,494,296,494,297,494,298,494,299,494,300,493,301,493,302,492,303,491,304,491,305,490,306,489,307,488,307,487,308,486,308,485,308,484,309,483,309,482,309,481,309,480,309,479,309,478,309,477,308,476,307,475,307,474,306,473,305,472,304,472,303,471,302,471,301,471,300,471
365,483,364,484,363,484,362,484,361,484,360,485,359,485,358,486,357,487,356,487,355,488,354,489,353,490,352,491,351,492,351,493,351,494,350,495,349,496,349,497,348,498,349,499,348,500,348,501,348,502,349,503,349,504,349,505,349,506,349,507,350,508,350,509,350,510,351,510,352,510,353,511,354,511,355,511,356,511,357,511,358,511,359,511,360,511,361,511,362,511,363,511,364,511,365,511,366,511,367,511,368,511,369,511,370,511,371,511,372,511,373,511,374,511,375,511,376,511,377,511,378,511,379,511,380,511,381,511,382,511,383,511,384,511,385,511,386,510,387,509,388,508,388,507,389,506,389,505,389,504,389,503,389,502,389,501,389,500,389,499,389,498,388,497,388,496,387,495,387,494,386,493,385,492,384,491,384,490,383,489,382,488,381,487,380,487,379,486,378,485,377,484,376,484,375,483,374,483,373,483,372,483,371,483,370,483,369,483,368,483,367,483,366,483
246,486,245,487,244,487,243,487,243,488,243,489,242,490,242,491,242,492,242,493,242,494,243,495,243,496,243,497,244,498,244,499,245,500,245,501,246,502,247,503,247,504,248,505,248,506,249,507,250,508,251,509,252,509,253,510,254,510,255,510,256,510,257,510,258,510,259,510,260,510,261,510,262,510,263,510,264,510,265,510,266,510,267,510,268,509,269,508,270,508,271,508,272,507,273,507,274,506,275,505,276,504,277,503,277,502,277,501,278,500,278,499,278,498,279,497,278,496,277,495,276,494,275,493,274,493,273,492,272,491,271,491,270,490,269,490,268,490,267,490,266,490,265,490,264,489,263,489,262,489,261,489,260,488,259,488,258,488,257,488,256,488,255,487,254,487,253,487,252,487,251,487,250,487,249,487,248,486,247,486
169,492,168,493,167,493,166,493,165,493,164,493,163,493,162,494,161,494,160,494,159,495,158,496,157,497,156,498,155,498,154,499,153,500,152,500,151,501,150,502,150,503,150,504,151,505,151,506,152,507,152,508,152,509,152,510,152,511,153,510,154,510,155,511,156,511,157,511,158,511,159,511,160,511,161,511,162,511,163,511,164,511,165,511,166,511,167,511,168,511,169,511,170,511,171,511,172,511,173,511,174,511,175,511,176,511,177,511,178,511,179,511,180,511,181,511,182,511,183,511,184,511,185,511,186,511,187,511,188,510,189,510,190,510,191,510,192,510,192,509,191,508,191,507,190,506,190,505,189,504,189,503,188,502,187,501,187,500,186,499,185,498,184,497,183,496,182,495,181,494,180,494,179,494,178,493,177,493,176,492,175,492,174,492,173,492,172,492,171,492,170,492
333,492,332,493,331,493,330,494,329,495,328,495,328,496,327,497,326,498,325,499,324,500,323,501,323,502,322,503,321,504,320,505,320,506,320,507,319,508,318,508,318,509,318,510,319,510,320,511,321,511,322,511,323,511,324,511,325,511,326,511,327,511,328,511,329,511,330,511,331,511,332,511,333,511,334,511,335,511,336,511,337,511,338,510,339,510,340,510,341,511,342,510,343,510,344,510,343,509,343,508,343,507,343,506,343,505,343,504,342,503,342,502,342,501,342,500,341,499,341,498,341,497,340,496,340,495,339,494,338,494,337,493,336,492,335,492,334,492
128,500,127,501,126,501,125,501,124,502,123,502,122,502,121,502,120,503,119,503,118,504,117,504,116,505,115,506,114,507,113,508,113,509,112,510,112,511,113,511,114,511,115,511,116,511,117,511,118,511,119,511,120,511,121,511,122,511,123,511,124,511,125,511,126,511,127,511,128,511,129,511,130,511,131,511,132,511,133,511,134,511,135,511,136,511,137,511,138,511,139,511,140,511,141,511,142,511,143,511,144,511,145,511,146,511,147,511,148,511,149,510,150,510,151,510,151,509,151,508,151,507,150,506,150,505,149,504,149,503,148,504,147,503,146,502,145,502,144,502,143,501,142,501,141,501,140,501,139,500,138,500,137,500,136,500,135,500,134,500,133,500,132,501,131,501,130,501,129,500
