54,7,53,8,52,8,51,8,50,8,49,9,48,10,48,11,47,12,47,13,46,14,46,15,46,16,46,17,46,18,47,19,47,20,48,20,49,21,50,21,51,21,52,21,53,21,54,21,55,20,56,19,56,18,57,17,57,16,58,15,59,14,58,13,58,12,58,11,58,10,57,9,56,8,55,7
56,32,55,33,54,34,53,35,52,35,51,36,50,37,50,38,50,39,50,40,50,41,51,42,51,43,52,43,53,44,54,44,55,45,56,45,57,45,58,46,59,46,60,46,61,47,62,47,63,47,64,48,65,48,66,48,67,47,68,46,69,46,69,45,70,44,71,43,71,42,71,41,71,40,71,39,71,38,71,37,70,36,70,35,69,34,68,33,67,32,66,32,65,32,64,32,63,32,62,32,61,32,60,32,59,32,58,32,57,32
29,38,28,39,27,39,26,40,25,40,24,41,24,42,23,43,23,44,23,45,22,46,23,47,23,48,23,49,24,50,24,51,25,51,26,52,27,52,28,52,29,52,30,52,31,52,32,52,33,51,34,51,35,50,36,49,37,48,37,47,37,46,38,45,38,44,38,43,38,42,38,41,37,40,36,39,35,39,34,38,33,38,32,38,31,38,30,38
65,49,64,50,63,50,62,50,61,50,60,50,59,50,58,50,57,50,56,51,55,51,54,52,54,53,53,54,53,55,53,56,53,57,53,58,54,58,55,59,56,60,57,61,58,62,59,63,60,63,61,64,62,64,63,65,64,65,65,65,66,65,67,65,68,65,69,65,70,65,71,64,72,64,73,63,74,62,75,61,76,60,76,59,77,58,77,57,77,56,77,55,77,54,76,53,76,52,75,51,74,50,73,49,72,49,71,49,70,49,69,49,68,49,67,49,66,49
52,59,51,60,50,60,49,61,49,62,48,63,48,64,48,65,47,66,47,67,47,68,47,69,47,70,47,71,48,72,48,73,49,74,49,75,50,76,51,77,52,77,53,78,54,79,55,80,56,81,57,82,58,83,59,83,60,83,61,84,62,84,63,85,64,85,65,85,66,85,67,85,68,84,69,84,70,84,71,83,72,82,73,81,73,80,74,79,75,78,76,77,76,76,76,75,76,74,77,73,77,72,77,71,76,70,76,69,75,68,74,68,73,67,72,67,71,67,70,66,69,66,68,66,67,66,66,66,65,66,64,66,63,66,62,65,61,65,60,64,59,64,58,63,57,62,56,61,55,60,54,59,53,59
76,109,75,110,74,110,73,110,72,111,71,111,70,112,69,112,68,113,68,114,68,115,67,116,67,117,67,118,67,119,68,120,68,121,69,122,70,123,71,124,72,124,73,124,74,125,75,125,76,125,77,125,78,126,79,126,80,126,81,126,82,126,83,126,84,125,85,125,86,124,87,123,88,122,88,121,89,120,89,119,89,118,89,117,89,116,89,115,88,114,88,113,87,112,86,111,85,111,84,110,83,110,82,110,81,110,80,109,79,109,78,109,77,109
140,122,139,123,138,123,137,124,136,125,135,126,134,126,133,126,132,126,131,126,132,127,131,128,130,128,130,129,129,130,128,131,128,132,128,133,127,134,127,135,127,136,127,137,128,138,128,139,128,140,128,141,128,142,128,143,129,144,129,145,130,146,131,146,132,147,133,148,134,148,135,149,136,149,137,149,138,149,139,149,140,150,141,149,142,149,143,149,144,149,145,148,146,148,147,147,148,146,149,146,150,145,151,144,152,144,153,144,153,143,154,142,154,141,155,140,155,139,155,138,156,137,156,136,155,136,154,135,154,134,154,133,154,132,153,131,152,130,152,129,151,128,150,127,149,126,148,125,147,124,146,124,145,123,144,123,143,122,142,122,141,122
163,134,162,135,161,135,160,136,159,136,158,137,157,137,156,138,156,139,156,140,155,141,155,142,154,143,154,144,154,145,154,146,155,147,155,148,155,149,155,150,156,151,156,152,157,153,157,154,157,155,157,156,158,157,159,158,159,159,160,159,161,160,162,161,163,161,164,162,165,162,166,162,167,162,168,162,169,162,170,163,171,162,172,161,173,160,174,159,175,158,176,157,177,156,177,155,178,154,179,153,179,152,180,151,179,150,179,149,179,148,179,147,179,146,178,145,178,144,178,143,177,142,177,141,176,140,175,139,174,138,173,137,172,137,171,136,170,135,169,135,168,134,167,134,166,134,165,134,164,134
197,137,196,138,195,138,194,138,193,138,192,138,191,139,190,140,190,141,189,142,188,143,187,144,187,145,186,146,186,147,185,148,185,149,184,150,183,151,182,151,181,151,180,152,180,153,179,154,178,155,178,156,177,157,176,158,175,159,174,160,173,161,172,162,171,163,170,164,170,165,170,166,169,167,169,168,168,169,168,170,168,171,167,172,167,173,167,174,166,175,166,176,166,177,165,178,166,179,165,180,165,181,165,182,165,183,165,184,166,185,166,186,165,187,165,188,165,189,165,190,165,191,165,192,165,193,165,194,165,195,166,196,166,197,167,198,168,199,169,200,170,201,171,202,172,203,172,204,172,205,172,206,172,207,173,208,172,209,172,210,172,211,172,212,172,213,172,214,172,215,172,216,173,217,173,218,174,218,175,218,176,219,176,220,176,221,177,222,178,221,179,221,180,221,181,222,181,223,181,224,182,224,183,223,184,222,185,222,186,222,187,223,187,222,188,221,188,220,188,219,188,218,188,217,188,216,188,215,188,214,189,213,190,213,191,213,192,214,192,215,192,214,192,213,193,212,193,211,194,210,195,211,196,211,197,212,198,211,199,210,200,210,201,209,202,208,203,207,204,206,205,205,206,204,207,203,208,202,209,202,208,201,209,200,210,200,211,200,212,200,213,199,214,199,215,198,216,197,217,197,218,196,219,196,220,195,221,195,222,195,223,194,224,194,224,193,224,192,224,191,224,190,224,189,224,188,225,187,225,186,225,185,225,184,225,183,226,182,227,181,227,180,228,179,228,178,228,177,229,176,230,176,230,175,230,174,229,173,229,172,229,171,229,170,228,169,228,168,227,167,226,166,226,165,225,164,224,163,223,162,222,161,221,161,220,160,219,159,218,159,217,158,216,158,215,157,214,156,213,155,212,154,211,153,210,152,209,151,209,150,208,149,208,148,207,147,207,146,206,145,205,144,205,143,204,143,203,142,202,141,203,140,202,139,201,139,200,138,199,138,198,137
95,142,94,143,93,144,92,145,91,145,90,146,90,147,89,148,88,149,88,150,87,151,87,152,87,153,87,154,87,155,87,156,87,157,88,158,89,159,89,160,90,161,91,162,92,162,93,162,94,162,95,162,96,162,97,162,98,163,99,162,100,162,101,162,102,162,103,162,104,161,105,161,106,160,107,160,108,159,108,158,109,157,109,156,109,155,110,154,110,153,110,152,109,151,109,150,108,149,108,148,107,147,106,146,105,145,104,145,103,144,102,144,101,143,100,143,99,143,98,142,97,142,96,142
134,159,133,160,132,160,131,160,130,160,129,161,128,161,127,161,126,162,125,163,124,163,123,163,122,164,122,165,121,166,121,167,120,168,120,169,121,170,121,171,122,172,122,173,122,174,123,174,124,175,124,176,125,177,126,178,127,179,128,179,129,180,130,181,131,181,132,182,133,182,134,183,135,183,136,184,137,184,138,185,139,185,140,185,141,185,142,185,143,185,144,185,145,185,146,184,147,185,148,185,149,185,150,185,151,185,152,185,151,184,151,183,152,182,153,181,154,180,154,179,154,178,155,177,155,176,156,175,156,174,156,173,156,172,156,171,156,170,156,169,155,168,155,167,154,166,154,165,153,164,152,163,151,162,150,162,149,162,148,161,147,161,146,160,145,160,144,159,143,159,142,159,141,159,140,159,139,159,138,159,137,159,136,159,135,159
150,186,149,187,149,188,149,189,148,190,148,191,148,192,148,193,148,194,148,195,148,196,148,197,149,198,150,199,151,200,152,200,153,201,154,201,155,201,156,200,157,200,158,200,159,199,160,198,161,197,162,197,162,196,162,195,163,194,163,193,163,192,162,191,161,190,160,189,159,189,158,188,157,187,156,187,155,187,154,187,153,187,152,186,151,186
240,198,240,199,239,200,238,200,237,200,237,201,236,202,235,203,234,202,233,202,232,203,232,204,231,205,232,206,233,207,232,208,231,209,231,210,230,211,230,212,230,213,229,214,229,215,229,216,229,217,228,218,228,219,229,220,229,221,229,222,229,223,229,224,230,225,230,226,231,227,232,228,233,229,234,229,235,230,236,231,237,231,238,231,239,231,240,232,241,232,242,232,243,232,244,231,245,231,246,231,247,231,248,230,249,231,250,230,251,229,252,228,253,227,253,226,253,225,254,224,253,223,254,222,254,221,255,220,255,219,255,218,254,217,254,216,254,215,254,214,254,213,254,212,254,211,254,210,253,209,253,208,252,207,252,206,251,206,250,205,250,204,249,203,248,202,247,202,246,201,245,201,244,200,243,200,242,199,241,199
97,228,96,229,95,230,94,231,93,232,93,233,93,234,92,235,92,236,92,237,93,238,93,239,94,240,94,241,95,242,96,243,97,243,98,243,99,243,100,243,101,243,102,242,103,242,104,241,105,241,106,240,107,239,108,238,108,237,109,236,109,235,109,234,108,233,108,232,108,231,107,230,106,229,105,229,104,229,103,228,102,228,101,228,100,228,99,228,98,228
219,392,218,393,217,393,216,394,215,394,214,395,213,396,212,397,211,398,211,399,210,400,209,401,209,402,208,403,209,404,209,405,209,406,210,407,210,408,210,409,210,410,211,410,212,411,212,412,213,413,214,414,215,415,216,415,217,416,218,416,219,417,220,417,221,417,222,417,223,417,224,417,225,418,226,418,227,418,228,418,229,418,230,418,231,418,232,418,233,418,234,418,235,418,236,418,237,418,238,418,239,417,240,417,241,417,242,416,243,416,244,415,244,414,245,413,245,412,246,411,246,410,247,409,246,408,246,407,246,406,245,405,245,404,245,403,245,402,245,401,244,400,244,399,243,398,242,397,241,396,240,396,239,395,238,395,237,395,236,394,235,394,234,394,233,394,232,394,231,394,230,394,229,394,228,394,227,393,226,393,225,393,224,393,223,392,222,392,221,392,220,392
189,395,188,396,187,396,186,396,185,397,184,398,183,399,182,400,182,401,182,402,181,403,181,404,181,405,181,406,181,407,181,408,182,409,182,410,182,411,183,412,183,413,184,414,185,415,186,416,187,417,188,417,189,418,190,418,191,419,192,419,193,419,194,419,195,420,196,419,197,419,198,419,199,419,200,419,201,418,202,418,203,418,204,417,205,417,206,416,207,415,207,414,208,413,208,412,208,411,209,410,209,409,209,408,209,407,208,406,208,405,208,404,207,403,206,402,206,401,205,400,204,399,203,398,202,397,201,397,200,396,199,396,198,395,197,395,196,395,195,395,194,395,193,395,192,395,191,395,190,395
166,405,165,406,164,406,163,406,162,406,161,407,160,407,159,408,158,409,158,410,157,411,156,412,156,413,156,414,155,415,156,416,156,417,156,418,156,419,156,420,156,421,156,422,156,423,156,424,156,425,156,426,155,427,155,428,156,429,156,430,156,431,157,432,157,433,157,434,158,435,159,436,160,436,161,436,162,436,163,436,164,437,165,437,166,437,167,437,168,437,169,436,170,436,171,436,172,435,173,434,174,433,175,432,176,431,176,430,177,429,177,428,177,427,177,426,177,425,177,424,177,423,177,422,177,421,177,420,177,419,177,418,176,417,177,416,176,415,176,414,176,413,176,412,175,411,175,410,174,409,173,408,172,407,171,407,170,406,169,406,168,406,167,406
265,411,264,412,263,412,262,413,262,414,261,415,260,416,259,417,259,418,258,419,258,420,257,421,257,422,256,423,256,424,256,425,256,426,257,427,258,428,258,429,259,430,259,431,260,432,261,433,261,434,262,435,263,436,264,437,265,438,266,439,267,439,268,439,269,439,270,439,271,439,272,439,273,439,274,438,275,437,276,436,277,436,277,435,278,434,279,433,279,432,280,431,281,430,281,429,282,428,283,427,283,426,282,425,282,424,282,423,282,422,282,421,281,420,281,419,280,418,280,417,279,416,278,415,277,415,276,414,275,414,274,413,273,413,272,413,271,413,270,413,269,413,268,413,267,412,266,412
143,423,142,424,141,424,140,424,139,425,138,426,137,426,136,427,135,428,135,429,134,430,134,431,133,432,133,433,133,434,132,435,132,436,131,437,130,438,130,439,129,440,128,441,128,442,127,443,127,444,127,445,126,446,126,447,126,448,126,449,126,450,127,451,127,452,127,453,127,454,128,455,129,456,129,457,129,458,130,458,131,459,132,459,133,459,134,459,135,459,136,459,137,459,138,458,139,458,140,457,141,457,142,456,143,455,144,455,145,454,146,453,146,452,147,451,148,450,149,449,150,449,151,448,152,447,153,446,154,445,155,444,156,443,157,442,157,441,157,440,157,439,157,438,157,437,157,436,157,435,156,434,156,433,156,432,155,431,155,430,155,429,154,428,154,427,154,426,153,426,152,426,151,425,150,424,149,424,148,423,147,423,146,423,145,423,144,423
288,425,287,426,286,426,285,427,284,427,283,428,282,429,282,430,281,431,280,432,280,433,279,434,278,435,278,436,278,437,278,438,278,439,278,440,278,441,278,442,279,443,279,444,279,445,280,446,281,447,281,448,282,448,283,449,284,449,285,449,286,449,287,449,288,448,289,448,290,448,291,448,292,447,293,446,294,445,295,444,296,444,297,443,298,442,298,441,298,440,299,439,299,438,299,437,299,436,299,435,299,434,299,433,299,432,299,431,299,430,299,429,298,428,298,427,297,426,296,426,295,425,294,425,293,425,292,425,291,425,290,425,289,425
421,429,420,430,419,430,418,431,417,432,416,433,415,434,414,435,414,436,414,437,414,438,413,439,413,440,413,441,413,442,413,443,414,444,415,445,416,446,417,447,418,448,418,449,419,450,420,449,421,449,422,449,423,449,424,449,425,449,426,448,427,448,428,448,429,448,429,447,430,446,430,445,430,444,430,443,431,442,431,441,431,440,432,439,432,438,432,437,431,436,432,435,431,434,431,433,431,432,431,431,430,430,429,430,428,429,427,429,426,429,425,429,424,429,423,429,422,429
176,441,175,442,174,442,173,443,172,444,171,444,170,445,169,446,168,446,167,447,166,448,165,448,164,449,163,450,162,451,161,452,160,453,159,454,158,455,157,455,156,456,156,457,155,458,154,458,154,459,154,460,153,461,153,462,153,463,153,464,153,465,152,466,153,467,153,468,153,469,153,470,153,471,153,472,153,473,154,474,154,475,154,476,154,477,154,478,155,479,155,480,156,481,156,482,156,483,157,484,158,485,159,486,160,487,161,488,161,489,162,489,163,490,163,491,164,491,165,492,166,492,167,493,168,493,169,494,170,495,171,495,172,496,173,496,174,496,175,497,176,497,177,497,178,497,179,498,180,498,181,499,182,499,183,499,184,499,185,499,186,499,187,499,188,499,189,499,190,498,191,497,192,497,193,496,194,495,195,494,196,494,197,493,198,492,199,492,200,491,201,490,202,489,203,488,204,487,205,486,206,485,207,484,208,483,209,482,209,481,210,480,210,479,210,478,211,477,211,476,211,475,211,474,211,473,211,472,211,471,211,470,211,469,211,468,211,467,211,466,211,465,210,464,210,463,210,462,209,461,209,460,209,459,208,458,208,457,207,456,206,455,206,454,205,453,204,452,203,451,202,450,201,449,200,448,199,447,198,447,197,446,196,445,195,444,194,444,193,443,192,443,191,442,190,442,189,441,188,441,187,441,186,441,185,441,184,441,183,441,182,441,181,441,180,441,179,441,178,441,177,441
298,443,297,444,296,445,295,445,294,446,293,447,292,448,291,449,291,450,291,451,291,452,291,453,291,454,291,455,291,456,291,457,291,458,291,459,291,460,291,461,291,462,291,463,292,464,292,465,293,466,294,466,295,467,296,467,297,467,298,467,299,467,300,467,301,467,302,467,303,466,304,465,305,465,306,464,307,463,308,462,309,461,310,460,310,459,311,458,311,457,311,456,311,455,311,454,312,453,312,452,312,451,311,450,311,449,311,448,310,447,309,446,308,445,307,444,306,444,305,443,304,443,303,443,302,443,301,443,300,443,299,443
403,443,402,444,401,444,400,444,399,445,398,445,397,445,396,446,395,446,394,447,394,448,393,449,393,450,392,451,392,452,392,453,392,454,392,455,392,456,392,457,392,458,393,459,394,460,394,461,395,462,396,463,397,464,398,464,399,464,400,465,401,465,402,465,403,465,404,465,405,465,406,464,407,464,408,464,409,464,410,463,411,463,412,463,413,462,414,462,415,461,415,460,415,459,416,458,417,457,417,456,417,455,418,454,418,453,418,452,419,451,418,450,417,449,417,448,416,447,415,446,414,445,413,444,412,443,411,444,410,443,409,443,408,443,407,443,406,443,405,443,404,443
437,443,436,444,435,445,434,445,433,446,432,446,431,446,430,447,430,448,430,449,430,450,430,451,429,452,429,453,429,454,430,455,430,456,430,457,431,458,431,459,432,460,433,461,434,461,435,462,436,462,437,462,438,463,439,463,440,463,441,463,442,463,443,463,444,464,445,463,446,463,447,463,448,463,449,463,450,462,451,461,452,461,453,460,454,459,455,458,455,457,456,456,456,455,456,454,456,453,456,452,456,451,455,450,455,449,454,448,453,447,452,446,451,445,450,445,449,444,448,444,447,443,446,443,445,443,444,443,443,443,442,443,441,443,440,443,439,443,438,443
118,449,117,450,116,450,115,450,114,450,113,451,112,451,111,452,110,453,109,454,108,455,107,456,107,457,107,458,106,459,106,460,106,461,106,462,107,463,107,464,107,465,108,466,108,467,109,468,109,469,110,470,111,471,112,471,113,472,114,472,115,473,116,473,117,473,118,473,119,473,120,473,121,473,122,472,123,472,124,471,125,471,126,470,126,469,126,468,127,467,128,466,128,465,128,464,128,463,128,462,128,461,128,460,128,459,128,458,128,457,128,456,127,455,126,454,126,453,125,452,124,451,123,451,122,450,121,450,120,450,119,450
370,449,369,450,368,450,367,450,366,451,365,451,364,452,363,452,362,453,361,454,360,455,360,456,359,457,359,458,358,459,358,460,358,461,358,462,358,463,358,464,358,465,358,466,359,467,359,468,360,469,361,470,362,471,363,472,364,473,365,473,366,474,367,474,368,475,369,475,370,475,371,475,372,475,373,475,374,475,375,475,376,474,377,474,378,474,379,473,380,473,381,472,382,471,382,470,383,469,383,468,384,467,384,466,384,465,384,464,384,463,384,462,384,461,383,460,383,459,383,458,382,457,382,456,381,455,380,454,379,453,378,452,377,451,376,451,375,451,374,450,373,450,372,450,371,449
234,454,233,455,232,455,231,455,230,456,229,456,228,457,227,457,226,458,225,459,224,460,224,461,223,462,222,463,222,464,221,465,221,466,220,467,220,468,219,469,219,470,218,471,218,472,218,473,218,474,217,475,217,476,217,477,217,478,217,479,217,480,217,481,217,482,217,483,217,484,218,485,218,486,219,487,219,488,220,489,220,490,221,491,221,492,222,493,223,494,223,495,224,496,224,497,225,498,226,499,227,500,228,501,229,501,230,502,231,502,232,502,233,502,234,502,235,503,236,502,237,502,238,502,239,502,240,502,241,502,242,502,243,502,244,502,245,502,246,502,247,502,248,502,249,502,250,501,251,501,252,501,253,501,254,501,255,500,256,500,257,499,258,499,259,499,260,499,261,499,262,498,263,498,264,498,265,497,266,496,267,495,268,494,269,493,270,493,270,492,270,491,270,490,271,489,271,488,271,487,272,486,272,485,272,484,272,483,272,482,272,481,271,480,271,479,271,478,270,477,270,476,270,475,270,474,269,473,269,472,269,471,268,470,268,469,268,468,268,467,267,466,267,465,266,464,265,463,265,462,264,462,263,461,262,460,261,459,260,459,259,458,258,457,257,457,256,456,255,456,254,456,253,456,252,456,251,456,250,456,249,456,248,456,247,456,246,455,245,456,244,456,243,456,242,456,241,456,240,456,239,455,238,455,237,455,236,454,235,454
415,462,414,463,413,463,412,464,411,464,410,464,409,465,408,465,407,465,406,465,405,466,404,466,403,466,402,466,401,466,400,466,399,465,398,465,397,465,396,465,395,466,394,467,393,468,392,468,391,469,390,470,389,470,388,471,387,472,387,473,387,474,387,475,387,476,387,477,387,478,387,479,388,480,388,481,388,482,388,483,389,483,390,484,390,485,390,486,391,487,391,488,391,489,392,490,392,491,392,492,392,493,393,494,394,495,395,496,395,497,396,497,397,498,397,499,397,500,397,501,398,502,398,503,398,504,399,505,400,506,401,507,402,508,403,508,404,508,405,509,406,509,407,510,408,510,409,510,410,510,411,510,412,510,413,510,414,511,415,511,416,511,417,511,418,511,419,511,420,511,421,511,422,510,423,510,424,510,425,510,426,510,427,510,428,510,429,510,430,510,431,510,432,510,433,510,433,509,434,508,434,507,434,506,434,505,435,504,435,503,435,502,435,501,435,500,435,499,435,498,435,497,435,496,435,495,435,494,436,493,436,492,437,491,438,491,439,490,440,490,440,489,441,488,441,487,442,486,443,485,442,484,443,483,443,482,443,481,443,480,443,479,442,478,442,477,442,476,441,475,440,474,440,473,439,472,438,471,437,470,436,469,435,469,434,468,433,468,432,467,431,467,430,466,429,465,428,465,427,465,426,465,425,465,424,465,423,464,422,464,421,464,420,463,419,464,418,463,417,463,416,463
96,469,95,470,94,470,93,471,92,472,91,473,90,474,90,475,90,476,89,477,89,478,89,479,89,480,89,481,90,482,90,483,91,484,91,485,92,486,93,487,94,488,95,489,96,489,97,490,98,490,99,491,100,491,101,491,102,491,103,491,104,491,105,491,106,490,107,490,108,489,109,488,109,487,110,486,110,485,110,484,111,483,111,482,111,481,111,480,110,479,110,478,109,477,109,476,108,475,107,474,106,473,105,472,104,472,103,471,102,470,101,470,100,469,99,469,98,469,97,469
462,469,461,470,460,470,459,470,458,470,457,471,456,471,455,472,454,473,453,474,452,475,452,476,451,477,451,478,450,479,450,480,450,481,450,482,451,483,451,484,451,485,451,486,452,487,452,488,453,489,454,490,454,491,454,492,455,492,456,493,457,493,458,494,459,494,460,494,461,494,462,494,463,494,464,494,465,494,466,493,467,493,468,493,469,492,470,491,471,491,472,490,473,489,473,488,474,487,474,486,474,485,474,484,475,483,475,482,475,481,475,480,475,479,475,478,474,477,474,476,474,475,473,474,472,473,472,472,471,471,470,471,469,470,468,470,467,469,466,469,465,469,464,469,463,469
373,478,372,479,371,479,370,480,369,480,368,481,367,482,366,483,366,484,365,485,365,486,365,487,364,488,364,489,364,490,364,491,364,492,364,493,364,494,364,495,365,496,365,497,366,498,366,499,367,500,368,501,369,502,370,503,371,503,372,504,373,505,374,505,375,505,376,505,377,505,378,505,379,505,380,505,381,505,382,504,383,504,384,503,385,503,386,502,387,501,387,500,387,499,388,498,388,497,389,496,389,495,389,494,389,493,389,492,389,491,389,490,389,489,388,488,388,487,387,486,387,485,387,484,387,483,386,482,386,481,385,481,384,481,383,480,382,479,381,479,380,479,379,479,378,478,377,478,376,478,375,478,374,478
347,479,346,480,345,480,344,480,343,480,342,481,341,482,340,482,339,483,339,484,339,485,338,486,338,487,337,488,337,489,337,490,337,491,337,492,337,493,338,494,339,495,339,496,340,497,341,497,342,498,343,498,344,499,345,499,346,499,347,499,348,499,349,499,350,498,351,498,352,497,353,496,354,496,354,495,354,494,354,493,355,492,355,491,355,490,355,489,355,488,354,487,355,486,354,485,354,484,353,483,353,482,352,481,351,481,350,480,349,480,348,479
150,492,149,493,148,494,147,495,146,496,145,496,144,497,143,498,142,499,141,500,140,501,139,501,139,502,138,503,138,504,137,505,137,506,136,507,135,508,135,509,135,510,136,510,137,511,138,511,139,511,140,511,141,511,142,511,143,511,144,511,145,511,146,511,147,511,148,511,149,511,150,511,151,511,152,511,153,511,154,511,155,511,156,511,157,511,158,511,158,510,158,509,158,508,158,507,159,506,159,505,159,504,159,503,160,502,160,501,160,500,160,499,160,498,159,497,159,496,158,495,158,494,157,493,156,492,155,492,154,492,153,492,152,492,151,492
448,493,447,494,446,494,445,495,444,495,443,496,442,497,441,498,440,499,439,500,438,499,437,500,436,501,436,502,436,503,436,504,435,505,435,506,435,507,435,508,434,509,434,510,435,511,436,510,437,510,438,510,439,510,440,511,441,511,442,511,443,511,444,511,445,511,446,511,447,511,448,511,449,510,450,511,451,511,452,511,453,511,454,511,455,511,456,511,457,511,458,511,459,511,460,511,461,511,462,511,463,511,464,510,465,509,465,508,465,507,465,506,465,505,465,504,464,503,464,502,464,501,463,500,463,499,462,498,462,497,461,496,460,495,459,495,458,495,457,494,456,494,455,493,454,493,453,493,452,493,451,493,450,494,449,494
90,494,89,495,88,495,87,495,86,496,85,497,85,498,84,499,84,500,83,501,83,502,83,503,83,504,83,505,83,506,83,507,84,508,85,509,86,510,87,511,88,511,89,511,90,511,91,511,92,511,93,511,94,511,95,511,96,511,97,511,98,511,99,511,100,511,101,511,102,510,103,510,104,511,105,510,106,510,107,510,107,509,107,508,107,507,107,506,107,505,107,504,107,503,107,502,106,501,106,500,105,499,105,498,104,497,103,496,102,496,101,495,100,495,99,495,98,495,97,495,96,494,95,494,94,494,93,494,92,494,91,494
167,498,166,499,165,499,164,499,163,499,162,500,161,500,161,501,161,502,160,503,160,504,160,505,160,506,159,507,159,508,159,509,159,510,159,511,160,511,161,511,162,511,163,511,164,511,165,511,166,511,167,511,168,511,169,511,170,511,171,511,172,511,173,510,174,510,175,509,175,508,175,507,175,506,174,505,174,504,174,503,173,502,172,501,171,500,170,500,169,499,168,499
