266,0,265,1,264,2,264,3,264,4,265,5,266,6,267,7,268,8,269,8,270,8,271,9,272,9,273,9,274,9,275,9,276,9,277,9,278,8,279,8,280,7,281,6,282,5,283,4,283,3,283,2,283,1,282,0,281,0,280,0,279,0,278,0,277,0,276,0,275,0,274,0,273,0,272,0,271,0,270,0,269,0,268,0,267,0
108,116,107,117,106,118,105,119,104,120,104,121,103,122,103,123,103,124,102,125,102,126,102,127,101,128,101,129,101,130,101,131,101,132,101,133,101,134,101,135,102,136,102,137,102,138,103,139,104,140,105,141,106,141,107,142,108,142,109,142,110,142,111,141,112,141,113,141,114,140,115,140,116,140,117,139,117,138,118,137,119,136,119,135,120,134,120,133,120,132,120,131,120,130,120,129,121,128,121,127,120,126,120,125,120,124,120,123,119,122,119,121,118,120,118,119,117,118,116,118,115,117,114,117,113,116,112,116,111,116,110,116,109,116
209,177,208,178,207,179,206,179,206,180,205,181,204,182,203,183,203,184,202,185,202,186,202,187,202,188,203,189,203,190,203,191,203,192,203,193,203,194,203,195,203,196,204,197,205,198,205,199,206,200,207,201,208,202,209,203,210,204,211,204,212,205,213,205,214,205,215,205,216,206,217,206,218,206,219,205,220,204,221,204,222,203,222,202,223,201,224,200,225,199,226,198,226,197,227,196,227,195,228,194,228,193,229,192,229,191,229,190,229,189,230,188,230,187,230,186,230,185,229,184,229,183,228,182,227,181,226,180,225,180,224,179,223,179,222,179,221,178,220,178,219,178,218,178,217,177,216,177,215,177,214,177,213,177,212,177,211,177,210,177
250,177,249,178,248,178,247,178,246,178,245,178,244,179,243,179,242,179,241,180,240,180,239,181,238,182,237,183,236,184,235,185,234,186,234,187,233,188,233,189,233,190,233,191,232,192,232,193,232,194,232,195,232,196,232,197,232,198,232,199,232,200,233,201,233,202,233,203,234,204,234,205,235,205,236,206,237,207,238,207,239,208,240,208,241,208,242,208,243,208,244,208,245,208,245,207,246,206,247,206,248,206,249,206,249,205,250,204,251,204,252,203,253,203,254,202,255,201,256,201,257,200,258,199,259,198,258,197,259,196,259,195,260,194,261,193,261,192,262,191,262,190,262,189,263,188,263,187,263,186,263,185,263,184,263,183,262,182,262,181,261,180,260,180,259,179,258,179,257,178,256,178,255,178,254,177,253,177,252,177,251,177
187,181,186,182,186,183,185,184,185,185,184,186,184,187,184,188,183,189,183,190,182,191,182,192,181,193,181,194,180,195,180,196,180,197,180,198,180,199,181,199,182,200,182,201,183,202,183,203,184,204,185,205,186,206,186,207,187,208,188,208,189,209,189,210,190,210,191,210,192,210,193,209,193,208,194,207,195,206,196,205,197,204,197,203,198,202,199,201,199,200,200,199,201,198,202,197,202,196,202,195,202,194,202,193,202,192,202,191,202,190,202,189,201,188,201,187,201,186,201,185,200,184,199,184,198,183,197,183,196,182,195,182,194,182,193,181,192,181,191,181,190,181,189,181,188,181
224,206,223,207,222,207,221,207,220,208,219,209,218,210,217,210,216,211,215,211,215,212,214,213,214,214,213,215,213,216,213,217,213,218,213,219,213,220,212,221,212,222,211,223,211,224,211,225,211,226,211,227,211,228,210,229,211,230,212,230,213,231,214,232,215,232,216,233,217,233,218,234,219,234,220,234,221,235,222,235,223,235,224,235,225,234,226,234,227,233,228,233,229,232,230,231,230,230,231,229,231,228,232,227,232,226,233,225,233,224,234,223,235,222,235,221,235,220,235,219,235,218,235,217,236,216,235,215,235,214,234,213,234,212,233,211,232,210,231,209,230,208,229,207,228,206,227,206,226,206,225,206
255,206,254,207,253,207,252,208,251,208,250,208,249,208,248,208,247,208,246,209,245,209,246,210,245,211,244,212,243,213,242,214,242,215,241,216,241,217,240,218,239,219,238,220,238,221,238,222,237,223,237,224,236,225,236,226,235,227,235,228,234,229,234,230,233,231,233,232,233,233,233,234,233,235,233,236,233,237,233,238,233,239,234,240,235,241,236,242,237,242,238,241,239,241,240,240,241,239,242,239,243,239,244,238,245,238,246,238,247,238,248,238,249,237,250,237,251,237,252,237,251,236,252,235,253,234,254,233,255,232,256,231,257,232,257,233,257,232,257,231,257,230,257,229,257,228,258,227,258,226,258,225,258,224,259,223,259,222,259,221,260,220,261,219,261,218,262,217,262,216,262,215,262,214,262,213,262,212,261,211,261,210,261,209,260,208,259,207,258,207,257,206,256,206
193,210,192,211,191,211,190,211,190,212,189,213,188,214,187,215,186,216,186,217,185,218,185,219,184,220,184,221,184,222,184,223,184,224,184,225,184,226,185,227,185,228,186,229,187,230,188,231,189,232,190,232,191,232,192,232,193,232,194,231,195,231,196,230,197,229,197,228,198,227,198,226,199,225,200,224,200,223,201,222,201,221,202,220,202,219,202,218,202,217,202,216,201,215,201,214,200,213,199,212,198,212,197,211,196,211,195,211,194,211
280,225,279,226,278,226,277,227,276,228,276,229,275,230,274,231,273,232,273,233,273,234,273,235,274,236,274,237,274,238,274,239,274,240,274,241,275,242,276,243,277,244,278,244,279,244,280,245,281,245,282,245,283,244,284,243,285,243,286,242,287,241,288,240,289,239,289,238,290,237,290,236,291,235,291,234,291,233,291,232,291,231,291,230,290,229,290,228,289,227,288,226,287,226,286,225,285,225,284,225,283,225,282,225,281,225
205,230,204,231,203,231,202,232,201,233,200,234,199,235,198,236,198,237,197,238,197,239,197,240,196,241,196,242,197,243,197,244,197,245,197,246,198,247,199,248,200,249,201,250,201,251,202,252,203,253,203,254,204,255,205,256,206,257,207,258,208,259,209,259,210,259,211,260,212,260,213,261,214,262,215,262,216,262,217,262,217,261,217,260,218,259,217,258,216,258,215,257,215,256,215,255,215,254,216,253,217,252,218,251,219,250,220,249,221,249,222,248,223,248,223,247,224,246,225,246,226,246,227,245,228,244,229,243,229,242,228,241,229,240,228,239,227,238,226,238,225,237,224,236,223,236,222,236,221,236,220,235,219,235,218,235,217,234,216,234,215,233,214,233,213,232,212,231,211,231,210,230,209,230,208,230,207,230,206,230
265,230,264,231,263,231,262,232,261,232,260,232,259,232,258,233,257,234,256,235,255,236,254,237,253,238,253,239,253,240,253,241,252,242,252,243,252,244,252,245,252,246,252,247,252,248,251,249,251,250,251,251,251,252,251,253,251,254,252,255,253,255,254,256,255,257,256,256,257,256,258,256,259,255,260,255,261,255,262,254,263,254,264,254,265,254,265,253,266,252,267,251,268,250,268,249,269,248,270,247,271,246,272,245,272,244,273,243,274,242,273,241,273,240,273,239,273,238,273,237,273,236,272,235,272,234,272,233,272,232,271,231,270,230,269,230,268,230,267,230,266,230
331,235,330,236,329,236,328,236,327,236,326,236,325,236,324,237,323,238,322,239,321,240,321,241,320,242,320,243,320,244,320,245,320,246,321,247,321,248,321,249,322,250,323,251,324,251,325,252,326,253,327,254,328,254,329,254,330,253,331,253,332,253,333,253,334,253,335,252,336,251,337,250,338,249,338,248,339,247,339,246,339,245,339,244,339,243,339,242,339,241,339,240,338,239,338,238,337,238,336,237,335,236,334,236,333,236,332,235
249,238,248,239,247,239,246,239,245,239,244,239,243,240,242,240,241,240,240,241,239,242,238,242,238,243,238,244,237,245,237,246,236,247,236,248,235,249,234,250,234,251,233,252,233,253,232,254,232,255,232,256,232,257,232,258,232,259,232,260,233,261,233,262,234,263,235,264,236,264,237,264,238,264,239,264,240,263,241,263,242,263,243,262,244,261,245,261,246,260,247,259,247,258,248,257,248,256,249,255,250,255,250,254,250,253,250,252,250,251,250,250,250,249,251,248,251,247,251,246,251,245,251,244,251,243,251,242,252,241,252,240,252,239,252,238,251,238,250,238
292,249,291,250,290,251,289,252,288,253,287,254,287,255,286,256,285,257,284,258,284,259,283,260,282,261,282,262,282,263,281,264,281,265,281,266,280,267,280,268,280,269,280,270,280,271,280,272,281,273,282,274,283,275,284,275,285,275,286,275,287,275,288,275,289,274,290,274,291,273,292,273,293,272,294,271,294,270,295,269,296,268,296,267,297,266,298,265,298,264,298,263,298,262,299,261,299,260,299,259,299,258,300,257,300,256,300,255,300,254,301,253,301,252,300,251,299,250,298,249,297,249,296,249,295,249,294,249,293,249
305,251,304,252,303,252,302,252,302,253,301,254,301,255,301,256,301,257,300,258,300,259,300,260,300,261,299,262,299,263,299,264,299,265,299,266,299,267,299,268,299,269,299,270,300,271,300,272,300,273,301,273,302,274,303,275,304,275,305,275,306,275,307,275,308,275,309,275,310,275,311,275,312,274,313,274,314,273,315,272,315,271,316,270,316,269,317,268,318,268,318,267,318,266,319,265,319,264,319,263,320,262,320,261,320,260,320,259,319,258,319,257,319,256,318,255,318,254,317,253,316,252,315,252,314,251,313,251,312,251,311,251,310,251,309,251,308,251,307,251,306,251
262,255,261,256,260,256,259,256,258,257,257,257,256,257,256,258,255,259,254,260,254,261,253,262,253,263,252,264,252,265,252,266,252,267,252,268,253,269,253,270,253,271,254,272,253,273,253,274,253,275,253,276,253,277,253,278,253,279,253,280,253,281,253,282,254,283,254,284,255,285,256,286,257,286,258,287,259,288,260,287,261,287,262,287,263,286,264,286,265,286,266,285,267,284,268,284,269,283,269,282,270,281,271,281,271,280,272,279,272,278,273,277,274,276,275,275,275,274,276,273,276,272,277,271,277,270,277,269,278,268,278,267,278,266,278,265,277,264,277,263,277,262,276,261,276,260,275,260,274,259,273,259,272,258,271,258,270,257,269,257,268,257,267,256,266,255,265,255,264,255,263,255
327,255,326,256,325,256,324,257,323,258,322,258,321,259,321,260,321,261,321,262,320,263,320,264,320,265,319,266,319,267,319,268,319,269,319,270,319,271,320,272,320,273,321,274,321,275,322,276,322,277,322,278,323,278,324,278,325,278,326,278,327,279,328,279,329,279,330,279,331,279,332,279,333,279,334,279,335,280,336,280,336,279,337,278,338,277,339,276,340,276,341,275,342,274,342,273,343,272,343,271,343,270,343,269,343,268,343,267,343,266,342,265,341,264,340,263,340,262,339,261,338,260,338,259,337,259,336,258,335,257,334,257,333,256,332,255,331,255,330,255,329,255,328,255
344,276,343,277,342,278,341,279,340,280,339,280,338,281,337,282,337,283,336,284,336,285,336,286,335,287,335,288,334,289,334,290,333,291,332,292,331,293,330,294,329,295,329,296,328,297,328,298,327,299,327,300,326,301,326,302,326,303,326,304,327,305,328,306,328,307,329,307,330,308,331,308,332,308,333,309,334,309,335,309,336,309,337,309,338,309,339,308,340,308,341,307,342,306,343,305,344,304,345,303,346,302,347,301,348,301,349,300,350,299,351,298,352,297,353,296,354,295,355,294,355,293,356,292,356,291,357,290,357,289,357,288,357,287,357,286,357,285,357,284,357,283,357,282,356,281,356,280,356,279,355,278,354,277,353,277,352,276,351,276,350,276,349,276,348,276,347,276,346,276,345,276
291,278,290,279,289,279,288,279,287,279,286,279,285,279,284,280,283,281,282,282,281,283,280,284,280,285,279,286,279,287,278,288,278,289,278,290,278,291,277,292,277,293,278,294,278,295,278,296,279,297,279,298,280,299,281,299,282,300,283,300,284,300,285,300,286,300,287,300,288,299,289,299,290,298,291,298,291,297,292,296,293,295,294,294,294,293,295,292,296,291,296,290,297,289,297,288,298,287,298,286,299,285,298,284,298,283,298,282,297,281,296,280,295,279,294,278,293,278,292,278
321,278,321,279,320,280,320,281,320,282,320,283,320,284,320,285,321,286,321,287,322,288,322,289,323,290,324,290,325,291,326,292,327,292,328,293,329,293,330,293,331,292,332,291,333,290,333,289,334,288,334,287,335,286,335,285,335,284,336,283,336,282,336,281,335,281,334,280,333,280,332,280,331,280,330,280,329,280,328,280,327,280,326,279,325,279,324,279,323,279,322,279
295,294,294,295,293,296,292,297,292,298,291,299,291,300,292,301,292,302,292,303,292,304,292,305,293,306,293,307,294,308,294,309,295,310,296,311,297,312,298,312,299,312,300,312,301,312,302,311,303,311,304,310,304,309,305,308,305,307,305,306,306,305,306,304,306,303,305,302,306,301,305,300,305,299,305,298,305,297,304,296,303,295,302,295,301,295,300,294,299,294,298,294,297,294,296,294
270,297,269,298,268,298,267,299,266,300,265,300,265,301,264,302,263,303,263,304,263,305,263,306,262,307,262,308,262,309,262,310,263,311,262,312,263,313,263,314,264,315,264,316,265,317,266,318,267,319,268,319,269,320,270,320,271,320,272,320,273,320,274,319,275,318,276,317,276,316,277,315,277,314,277,313,278,312,278,311,278,310,278,309,278,308,279,307,279,306,279,305,279,304,279,303,279,302,278,301,278,300,277,299,276,299,275,298,274,298,273,298,272,298,271,298
347,307,346,308,345,308,344,308,343,309,342,310,341,310,340,311,339,312,338,313,337,314,336,315,336,316,335,317,335,318,334,319,334,320,333,321,333,322,332,323,332,324,331,325,331,326,331,327,331,328,331,329,331,330,332,331,332,332,332,333,333,333,334,334,335,334,336,334,337,334,338,334,339,333,340,333,341,332,342,332,343,332,344,331,345,331,346,330,347,329,348,329,349,328,350,327,351,326,352,325,353,324,354,323,355,322,355,321,356,320,356,319,357,318,357,317,357,316,357,315,358,314,358,313,357,312,357,311,357,310,356,309,355,308,354,307,353,307,352,307,351,307,350,307,349,307,348,307
310,313,309,314,308,314,307,315,306,315,305,316,304,317,303,318,302,318,301,319,300,320,299,321,298,322,297,323,296,324,296,325,295,326,295,327,294,328,294,329,294,330,294,331,294,332,294,333,294,334,294,335,294,336,295,337,296,338,297,338,298,338,299,338,300,338,301,338,302,338,303,338,304,338,305,338,306,337,307,337,308,337,309,337,310,336,311,336,312,336,313,335,314,335,315,334,316,333,317,332,318,332,319,331,319,330,320,329,321,328,321,327,322,326,322,325,322,324,322,323,322,322,322,321,322,320,322,319,321,318,320,317,320,316,319,315,318,315,317,314,316,314,315,313,314,313,313,313,312,313,311,313
415,438,414,439,413,439,412,439,411,440,410,440,409,441,408,441,407,442,407,443,406,444,406,445,406,446,406,447,406,448,406,449,406,450,406,451,407,452,408,452,409,453,410,453,411,454,412,454,413,455,414,455,415,456,416,456,417,455,418,455,419,455,420,455,421,455,422,455,423,455,424,455,425,454,426,454,427,453,428,452,429,451,429,450,429,449,429,448,429,447,429,446,429,445,428,444,428,443,427,442,426,441,425,441,424,440,423,440,422,439,421,439,420,438,419,438,418,438,417,438,416,438
439,443,438,444,437,444,436,445,435,445,434,446,434,447,434,448,433,449,433,450,433,451,433,452,434,453,435,454,436,455,437,456,438,457,439,458,440,458,441,459,442,459,443,460,444,460,445,460,446,460,447,460,448,459,449,458,450,457,451,456,451,455,452,454,452,453,452,452,452,451,452,450,452,449,451,448,451,447,450,446,449,445,448,444,447,444,446,444,445,443,444,443,443,443,442,443,441,443,440,443
377,448,376,449,375,449,374,450,373,450,372,451,371,452,370,453,369,454,368,455,368,456,367,457,367,458,367,459,367,460,367,461,367,462,367,463,367,464,368,465,369,466,370,467,371,468,372,468,373,469,374,469,375,469,376,470,377,470,378,470,379,470,380,470,381,469,382,469,383,469,384,468,385,467,386,467,387,466,388,465,389,464,390,463,390,462,390,461,390,460,390,459,391,458,390,457,390,456,389,455,389,454,388,453,388,452,387,451,386,450,385,449,384,449,383,449,382,448,381,448,380,448,379,448,378,448
398,452,397,453,396,453,395,454,394,454,393,455,392,456,392,457,392,458,391,459,391,460,391,461,391,462,391,463,391,464,392,465,392,466,393,467,394,468,395,469,396,469,397,470,398,470,399,470,400,470,401,470,402,470,403,469,404,470,405,469,406,469,407,469,408,468,409,467,410,467,411,466,412,466,413,465,413,464,414,463,414,462,415,461,415,460,415,459,415,458,415,457,414,456,413,456,412,455,411,455,410,454,409,454,408,453,407,453,406,452,405,452,404,452,403,452,402,452,401,452,400,452,399,452
463,459,462,460,461,460,460,460,459,461,458,462,457,462,456,463,455,464,454,465,453,466,452,467,451,467,450,468,449,468,448,469,448,470,447,471,447,472,447,473,446,474,446,475,446,476,446,477,446,478,446,479,446,480,446,481,446,482,447,483,447,484,447,485,448,486,448,487,449,488,449,489,450,490,451,491,452,491,453,491,454,491,455,492,456,492,457,492,458,492,459,492,460,491,461,490,462,490,463,489,464,488,465,487,466,486,467,485,467,484,467,483,468,482,468,481,469,480,469,479,470,478,471,477,472,476,472,475,473,474,473,473,474,472,474,471,474,470,474,469,473,468,473,467,473,466,473,465,472,464,471,463,470,462,469,461,468,461,467,460,466,460,465,460,464,460
413,466,412,467,411,467,410,468,409,468,408,469,407,470,406,470,405,471,404,472,403,473,402,474,401,475,400,476,399,477,398,478,398,479,397,480,397,481,397,482,396,483,396,484,396,485,396,486,396,487,396,488,396,489,396,490,396,491,397,492,397,493,397,494,397,495,397,496,398,497,398,498,399,499,399,500,400,501,401,502,402,503,403,504,404,504,405,505,406,505,407,506,408,506,409,507,410,507,411,507,412,507,413,508,414,508,415,508,416,508,417,508,418,507,419,507,420,507,421,506,422,506,423,506,424,505,425,505,426,505,427,504,428,504,429,503,430,502,431,501,432,500,432,499,433,498,434,497,434,496,435,495,436,494,436,493,436,492,436,491,437,490,437,489,437,488,437,487,437,486,437,485,437,484,437,483,437,482,437,481,437,480,436,479,436,478,435,477,435,476,434,475,433,474,433,473,432,472,431,472,430,471,429,470,428,470,427,469,426,468,425,468,424,468,423,467,422,467,421,467,420,467,419,466,418,466,417,466,416,466,415,466,414,466
367,474,366,475,365,475,364,476,363,477,362,478,361,479,360,480,360,481,359,482,359,483,358,484,358,485,358,486,358,487,358,488,358,489,358,490,358,491,359,492,359,493,360,494,361,495,361,496,362,497,363,497,364,498,365,499,366,499,367,499,368,500,369,500,370,500,371,499,372,499,373,499,374,499,375,499,376,498,377,498,378,497,379,496,380,495,380,494,381,493,381,492,382,491,382,490,382,489,383,488,383,487,383,486,383,485,383,484,382,483,382,482,382,481,381,480,381,479,381,478,380,477,379,476,378,476,377,475,376,475,375,474,374,474,373,474,372,474,371,474,370,474,369,474,368,474
458,501,457,502,456,502,455,502,454,502,453,503,452,503,451,503,450,504,449,504,448,505,447,506,446,507,445,508,445,509,445,510,445,511,446,511,447,510,448,510,449,511,450,511,451,511,452,511,453,511,454,511,455,511,456,511,457,511,458,511,459,511,460,511,461,511,462,511,463,511,464,511,465,511,466,511,467,510,468,509,467,508,467,507,467,506,466,505,465,504,464,504,463,503,462,502,461,502,460,502,459,502
