83,48,82,49,81,49,80,50,80,51,80,52,81,53,81,54,82,54,83,55,84,55,85,54,86,54,87,53,87,52,88,51,87,50,87,49,86,49,85,48,84,48
149,56,148,57,147,58,146,59,145,60,145,61,144,62,144,63,144,64,145,65,146,66,147,67,148,68,149,68,150,68,151,69,152,68,153,68,154,68,155,67,156,67,157,66,158,65,159,65,159,64,158,63,158,62,158,61,157,60,157,59,156,58,155,58,154,57,153,57,152,56,151,56,150,56
93,96,92,97,91,97,90,98,89,99,89,100,89,101,89,102,90,103,90,104,90,105,90,106,91,107,91,108,92,109,93,109,94,109,95,110,96,110,97,109,98,108,99,108,100,107,101,106,102,105,103,104,104,104,104,103,104,102,104,101,104,100,104,99,103,98,102,97,101,97,100,96,99,96,98,96,97,96,96,96,95,96,94,96
115,99,114,100,113,100,112,101,111,101,110,102,109,103,108,104,109,105,109,106,110,107,110,108,111,109,111,110,111,111,112,112,112,113,113,113,114,114,115,114,116,115,117,115,118,115,119,114,119,113,120,112,120,111,121,110,121,109,122,108,122,107,123,106,123,105,124,104,124,103,124,102,125,101,124,100,123,100,122,99,121,99,120,99,119,99,118,99,117,99,116,99
132,99,131,100,130,100,129,100,128,101,127,101,126,101,125,102,125,103,125,104,124,105,124,106,123,107,123,108,122,109,122,110,121,111,121,112,120,113,120,114,119,115,120,114,121,115,121,116,122,117,123,117,124,117,125,117,126,118,127,118,128,118,129,118,130,117,131,117,132,116,133,116,134,115,135,114,136,113,137,113,138,112,139,111,138,110,138,109,138,108,139,107,139,106,139,105,139,104,139,103,138,102,138,101,137,101,136,100,135,100,134,99,133,99
105,104,104,105,103,105,102,106,101,107,100,108,99,109,98,109,97,110,96,111,96,112,95,113,95,114,95,115,95,116,94,117,94,118,94,119,94,120,94,121,94,122,95,123,96,124,96,125,97,126,98,125,99,125,100,125,101,125,102,124,103,124,104,124,105,123,106,123,107,122,108,122,109,121,110,120,111,119,111,118,112,117,111,116,112,115,112,114,111,113,111,112,110,111,110,110,110,109,109,108,109,107,108,106,108,105,107,104,106,104
152,106,151,107,150,107,149,107,148,108,147,109,146,110,146,111,146,112,146,113,147,114,148,115,149,116,150,117,151,118,152,119,153,120,154,121,155,121,156,122,157,123,158,124,159,124,160,124,161,124,162,125,163,125,164,125,165,125,166,126,167,126,168,126,169,126,170,126,171,126,172,126,173,126,174,126,175,126,176,125,177,124,178,124,179,123,180,122,181,122,182,122,183,121,184,121,185,120,186,120,187,120,187,119,187,118,187,117,186,116,185,115,184,114,183,113,182,113,181,112,180,111,179,111,178,111,177,111,176,110,175,110,174,110,173,110,172,109,171,109,170,109,169,109,168,109,167,108,166,108,165,108,164,108,163,107,162,107,161,107,160,106,159,106,158,106,157,106,156,106,155,106,154,106,153,106
139,112,138,113,137,114,136,114,135,115,134,116,133,117,132,117,131,118,130,118,129,119,128,119,127,119,126,120,126,121,126,122,125,123,124,123,124,124,123,125,122,126,122,127,121,128,121,129,121,130,121,131,121,132,121,133,121,134,121,135,121,136,121,137,121,138,122,139,122,140,122,141,122,142,122,143,123,144,124,145,125,146,125,147,125,148,126,149,127,149,128,150,129,151,130,152,131,153,132,154,133,154,134,155,135,156,136,157,137,157,138,156,139,156,140,156,141,156,142,156,143,155,144,155,145,154,146,154,147,153,148,153,149,152,150,151,151,151,151,150,152,149,153,149,154,148,154,147,155,146,155,145,155,144,156,143,156,142,156,141,157,140,157,139,157,138,157,137,158,136,158,135,158,134,158,133,158,132,158,131,158,130,158,129,158,128,157,127,157,126,158,125,157,124,156,123,155,122,154,122,153,121,152,120,151,119,150,118,149,117,148,116,147,115,146,114,145,113,144,113,143,113,142,113,141,113,140,112
188,120,187,121,186,121,185,121,184,122,183,122,182,123,181,123,180,123,179,124,178,125,177,125,176,126,175,127,174,127,174,128,174,129,174,130,173,131,173,132,173,133,173,134,172,135,172,136,172,137,172,138,172,139,173,140,173,141,173,142,173,143,174,144,174,145,175,146,176,147,177,148,178,148,179,149,180,149,181,149,182,149,183,150,184,150,185,150,186,150,187,150,188,150,189,150,190,150,191,149,192,149,193,149,194,149,195,149,196,148,197,148,198,147,199,147,200,146,201,145,202,144,203,143,203,142,204,141,204,140,204,139,204,138,204,137,204,136,204,135,204,134,203,133,203,132,203,131,202,130,202,129,201,128,200,127,199,126,198,125,197,124,196,124,195,123,194,123,193,123,192,123,191,122,190,122,189,122,188,121
110,121,109,122,108,123,107,123,106,124,105,124,104,125,103,125,102,125,101,126,100,126,99,126,98,126,97,127,97,128,97,129,96,130,96,131,95,132,95,133,95,134,94,135,93,136,93,137,92,138,92,139,92,140,91,141,91,142,91,143,91,144,91,145,92,146,92,147,92,148,92,149,92,150,93,151,93,152,93,153,94,154,94,155,94,156,94,157,94,158,95,159,95,160,95,161,96,162,96,163,97,164,98,165,99,166,100,167,101,167,102,168,103,168,104,169,105,169,106,170,107,170,108,171,109,171,110,172,111,172,112,173,113,173,114,173,115,173,116,174,117,174,118,174,119,174,120,174,121,173,122,173,123,173,124,172,125,172,126,172,127,171,128,170,129,170,130,169,131,169,132,168,133,167,134,166,135,165,135,164,135,163,136,162,136,161,136,160,136,159,136,158,135,157,134,156,133,155,132,155,131,154,130,153,129,152,128,151,127,150,126,150,125,149,124,149,123,149,122,149,121,149,120,148,119,148,118,148,117,147,116,146,115,145,114,144,113,143,113,142,112,141,112,140,111,139,111,138,111,137,112,136,112,135,113,134,113,133,114,132,114,131,114,130,114,129,114,128,114,127,115,126,115,125,114,124,113,124,112,123,112,122,111,121
220,136,219,137,218,138,218,139,217,140,217,141,216,142,216,143,216,144,216,145,215,146,215,147,215,148,214,149,214,150,215,151,214,152,214,153,214,154,214,155,214,156,214,157,214,158,215,159,216,160,216,161,217,162,218,163,219,163,220,163,221,163,222,163,223,164,224,164,225,163,226,163,227,163,228,163,229,163,230,162,231,162,232,161,233,160,234,160,235,159,236,159,237,158,238,158,239,157,240,156,241,155,242,154,242,153,243,152,243,151,243,150,243,149,243,148,242,147,242,146,241,145,240,144,239,144,238,143,237,142,236,142,235,141,234,140,233,140,232,139,231,138,230,138,229,137,228,137,227,137,226,136,225,136,224,136,223,136,222,136,221,136
254,158,253,159,252,159,251,159,250,159,249,159,248,160,247,161,247,162,247,163,246,164,246,165,246,166,246,167,246,168,245,169,245,170,245,171,245,172,246,173,246,174,246,175,246,176,246,177,247,178,247,179,247,180,247,181,248,182,248,183,248,184,248,185,249,186,250,187,251,188,252,188,253,189,254,189,255,189,256,189,257,189,258,190,259,190,260,190,261,190,262,190,263,190,264,191,265,191,266,190,265,190,264,189,263,188,262,187,263,186,264,186,264,185,264,184,265,183,266,182,266,181,266,180,267,179,267,178,267,177,267,176,266,175,266,174,266,173,266,172,266,171,265,170,265,169,265,168,264,167,264,166,263,165,263,164,262,163,261,162,260,161,259,161,258,160,257,159,256,159,255,158
81,161,80,162,79,162,78,162,77,163,76,164,75,165,75,166,74,167,74,168,74,169,74,170,74,171,74,172,75,173,76,174,76,175,77,176,78,176,79,176,80,177,81,177,82,177,83,176,84,176,85,175,86,175,87,174,87,173,88,172,88,171,89,170,89,169,89,168,89,167,89,166,88,165,88,164,87,163,86,162,85,162,84,162,83,161,82,161
202,164,201,165,200,165,199,165,198,166,197,167,197,168,196,169,195,170,195,171,194,172,193,173,193,174,192,175,191,176,190,177,189,178,188,179,187,179,186,180,186,181,186,182,187,183,187,184,187,185,187,186,188,187,188,188,189,189,189,190,190,191,191,191,192,191,193,190,194,190,195,190,196,189,197,189,198,189,199,189,200,189,201,188,201,187,202,186,203,185,204,184,205,183,205,182,206,181,207,180,208,179,209,178,209,177,209,176,209,175,209,174,209,173,209,172,209,171,209,170,208,169,208,168,207,167,206,166,205,165,204,165,203,164
225,166,224,167,223,167,222,167,221,168,220,169,220,170,220,171,219,172,219,173,219,174,219,175,218,176,218,177,218,178,218,179,218,180,219,181,219,182,220,183,220,184,221,184,222,185,223,186,224,187,225,188,225,189,226,189,227,190,228,190,229,191,230,191,231,190,232,190,233,190,234,190,235,190,236,190,237,190,238,189,239,189,240,189,241,189,242,188,243,188,244,188,245,188,246,187,247,187,248,187,249,187,248,186,247,185,247,184,247,183,247,182,246,181,246,180,246,179,246,178,245,177,245,176,244,176,243,175,242,174,242,173,241,172,240,172,239,172,238,172,237,171,236,171,235,170,234,170,233,169,232,169,231,168,230,168,229,167,228,167,227,167,226,167
175,174,174,175,173,176,172,177,171,178,170,179,170,180,169,181,168,182,168,183,167,184,167,185,166,186,166,187,165,188,165,189,165,190,165,191,164,192,165,193,166,193,167,194,167,195,168,196,169,197,170,198,171,199,172,200,173,201,174,202,174,203,175,203,176,203,177,203,178,203,179,203,180,203,181,202,182,201,183,201,183,200,184,199,185,198,186,197,187,196,187,195,188,194,189,193,189,192,189,191,188,190,188,189,187,188,187,187,186,186,186,185,186,184,186,183,185,182,185,181,185,180,186,179,186,178,185,178,184,178,183,177,182,176,182,175,181,174,180,174,179,174,178,174,177,174,176,174
106,177,106,178,105,179,104,180,104,181,103,182,103,183,103,184,103,185,103,186,103,187,104,188,104,189,104,190,104,191,105,192,105,193,106,194,107,195,108,196,109,197,110,198,111,198,112,199,113,199,114,199,115,200,116,199,117,198,118,199,118,198,119,197,119,196,120,195,121,194,121,193,121,192,121,191,121,190,120,189,120,188,120,187,119,186,119,185,118,184,117,183,116,183,115,182,114,181,113,180,112,179,111,178,110,178,109,177,108,177,107,177
214,178,213,179,212,179,211,179,210,179,209,179,208,180,207,181,206,182,206,183,205,184,204,185,203,186,202,187,202,188,201,189,201,190,201,191,201,192,201,193,200,194,200,195,199,196,199,197,199,198,198,199,199,200,198,201,197,201,198,202,198,203,199,204,199,205,200,206,201,207,202,208,203,209,203,210,204,211,205,212,205,213,206,214,207,214,208,214,209,214,210,214,211,214,212,214,213,214,214,214,214,213,215,212,216,211,217,210,217,209,217,208,217,207,218,206,218,205,218,204,218,203,219,202,219,201,220,200,220,199,220,198,220,197,220,196,220,195,220,194,220,193,219,192,219,191,219,190,219,189,219,188,219,187,218,186,219,185,220,185,219,184,219,183,218,182,218,181,217,180,217,179,216,179,215,178
141,179,140,180,139,180,138,180,137,180,136,181,135,181,134,182,133,182,132,183,131,184,130,185,129,186,129,187,128,188,127,189,127,190,126,191,126,192,126,193,125,194,125,195,124,196,124,197,124,198,125,198,126,199,127,199,128,200,129,200,130,200,131,201,132,201,133,201,134,201,135,202,136,202,137,202,138,202,139,202,140,202,141,203,142,203,143,202,143,201,144,200,145,199,145,198,146,197,147,196,148,195,149,194,150,194,151,193,152,192,153,191,153,190,154,189,154,188,155,187,155,186,154,185,155,184,154,183,154,182,154,181,153,181,152,180,151,180,150,180,149,180,148,180,147,180,146,179,145,179,144,179,143,179,142,179
278,186,277,187,276,187,275,187,275,188,274,189,273,190,272,191,271,192,270,193,269,193,268,194,267,195,266,196,265,195,265,196,264,197,265,197,266,198,265,199,264,200,265,201,265,202,264,203,264,204,264,205,264,206,265,207,266,208,267,208,268,209,269,209,270,210,271,210,272,211,273,210,274,210,275,209,276,208,277,208,278,207,279,207,280,206,281,206,282,205,283,205,284,205,285,204,286,204,286,203,286,202,287,201,287,200,287,199,288,198,288,197,288,196,288,195,288,194,287,193,287,192,287,191,286,190,285,189,285,188,284,188,283,187,282,187,281,186,280,186,279,186
246,188,245,189,244,189,243,189,242,189,241,190,240,190,239,190,238,190,237,191,236,191,235,191,234,191,233,191,232,191,231,191,230,192,229,192,228,193,228,194,228,195,227,196,227,197,227,198,226,199,226,200,226,201,226,202,226,203,225,204,225,205,226,206,226,207,226,208,227,209,228,209,229,210,230,211,231,211,232,211,233,211,234,212,235,212,236,212,237,212,238,213,239,213,240,214,241,214,242,215,243,215,244,215,245,215,246,215,247,214,248,214,249,213,250,212,251,211,252,210,253,209,254,208,255,207,256,206,257,205,258,204,259,203,260,202,261,201,262,200,262,199,263,198,263,197,264,196,264,195,264,194,265,193,264,192,263,191,262,191,261,191,260,191,259,191,258,191,257,190,256,190,255,190,254,190,253,190,252,189,251,189,250,188,249,188,248,188,247,188
154,193,153,194,152,194,151,194,150,195,149,195,148,196,147,197,146,198,146,199,145,200,144,201,144,202,143,203,143,204,143,205,143,206,144,207,144,208,145,209,144,210,145,211,146,211,147,212,148,213,149,213,150,214,151,214,152,215,153,215,154,215,155,215,156,214,157,214,158,214,159,214,160,214,161,214,162,214,163,214,164,214,165,214,166,213,167,213,168,212,169,211,170,211,170,210,171,209,172,208,173,207,173,206,173,205,173,204,173,203,173,202,172,201,171,200,170,199,169,198,168,197,167,196,166,195,166,194,165,194,164,193,163,193,162,193,161,193,160,193,159,193,158,193,157,193,156,193,155,193
122,198,121,199,120,199,119,199,118,200,117,200,116,200,115,201,115,202,115,203,115,204,115,205,114,206,114,207,115,208,115,209,116,210,116,211,116,212,117,213,117,214,117,215,118,216,118,217,119,218,119,219,119,220,120,221,120,222,121,223,121,224,121,225,121,226,122,227,122,228,123,229,123,230,124,231,125,232,126,232,127,232,128,233,129,232,129,231,129,230,130,229,130,228,131,227,131,226,131,225,132,224,133,223,133,222,134,221,135,220,136,219,136,218,137,217,138,216,139,215,140,214,140,213,141,212,142,211,141,210,141,209,142,208,142,207,142,206,142,205,142,204,141,204,140,203,139,203,138,203,137,203,136,203,135,203,134,202,133,202,132,202,131,202,130,201,129,201,128,201,127,200,126,200,125,199,124,199,123,198
196,203,196,204,195,205,194,205,193,206,192,206,191,207,190,207,189,207,188,207,187,208,186,208,185,208,184,209,183,209,182,209,181,210,180,211,179,212,179,213,178,214,178,215,177,216,177,217,177,218,176,219,176,220,176,221,177,222,177,223,178,224,178,225,179,226,179,227,180,228,181,229,181,230,182,231,183,231,184,232,185,233,186,233,187,233,188,233,189,233,190,233,191,232,192,232,193,232,194,231,195,231,196,231,197,230,198,229,199,229,200,228,201,227,202,226,202,225,203,224,203,223,203,222,203,221,204,220,204,219,204,218,205,217,205,216,206,215,205,214,204,213,204,212,203,211,202,210,202,209,201,208,200,207,199,206,198,205,198,204,197,203
285,205,284,206,283,206,282,206,281,207,280,207,279,208,278,208,277,209,276,209,275,210,274,211,273,211,273,212,273,213,273,214,273,215,274,216,274,217,274,218,274,219,274,220,274,221,275,222,275,223,275,224,275,225,275,226,275,227,275,228,276,228,277,228,278,228,279,228,280,227,280,226,281,225,282,224,282,223,283,222,283,221,284,220,284,219,284,218,285,217,286,216,286,215,287,214,287,213,287,212,287,211,287,210,287,209,287,208,287,207,286,206,286,205
265,208,264,209,263,209,262,209,261,209,260,210,259,210,258,210,257,211,256,211,255,212,254,212,253,213,252,214,251,214,251,215,251,216,250,217,250,218,250,219,250,220,250,221,250,222,251,223,252,224,252,225,253,226,253,227,254,227,255,228,256,228,257,229,258,229,259,230,260,230,261,231,262,232,263,231,264,231,265,231,266,232,267,232,268,231,269,230,270,230,271,229,272,229,273,228,274,228,274,227,274,226,274,225,274,224,274,223,274,222,273,221,273,220,273,219,273,218,273,217,273,216,272,215,272,214,272,213,272,212,271,211,270,211,269,210,268,210,267,209,266,209
294,208,293,209,292,209,291,210,290,211,290,212,289,213,288,214,287,215,287,216,287,217,286,218,285,219,285,220,284,221,284,222,283,223,283,224,282,225,281,226,281,227,280,228,279,229,280,230,280,231,280,232,280,233,280,234,281,235,281,236,282,237,283,238,284,237,285,237,286,236,287,236,288,235,289,234,290,233,291,232,292,231,292,230,293,229,293,228,294,227,295,226,296,225,297,224,298,223,299,222,300,221,300,220,300,219,301,218,301,217,301,216,301,215,301,214,301,213,301,212,300,211,300,210,299,209,298,209,297,208,296,208,295,208
143,211,142,212,141,213,141,214,140,215,139,216,138,217,137,218,137,219,136,220,135,221,134,222,134,223,133,224,132,225,132,226,132,227,131,228,131,229,130,230,130,231,130,232,129,233,130,234,131,235,132,236,132,237,132,238,133,238,134,238,135,238,136,238,137,238,138,239,139,239,140,239,141,239,142,240,143,239,144,239,145,239,146,238,147,238,148,237,149,236,149,235,150,234,150,233,150,232,151,231,151,230,152,229,152,228,152,227,152,226,152,225,153,224,153,223,153,222,152,221,152,220,152,219,152,218,152,217,152,216,151,215,150,215,149,214,148,214,147,213,146,212,145,212,144,211
105,223,104,224,103,224,102,224,101,224,100,225,99,225,98,226,97,227,97,228,96,229,95,230,95,231,95,232,94,233,94,234,94,235,94,236,94,237,95,238,95,239,96,240,97,241,98,241,99,242,100,242,101,242,102,242,103,242,104,242,105,242,106,242,107,242,108,242,109,241,110,241,111,240,112,239,112,238,113,237,114,236,114,235,114,234,114,233,114,232,114,231,114,230,113,229,113,228,112,227,111,226,110,225,109,224,108,224,107,224,106,223
158,228,157,229,156,230,155,231,154,232,154,233,153,234,153,235,153,236,153,237,153,238,153,239,153,240,153,241,153,242,154,243,155,244,156,245,157,246,158,247,159,248,160,249,161,249,162,249,163,248,164,248,165,248,166,248,167,247,168,246,169,245,169,244,169,243,170,242,171,241,171,240,170,239,169,238,169,237,168,236,167,235,166,235,165,234,164,233,163,232,162,231,161,230,160,229,159,228
248,228,247,229,246,230,245,230,244,231,243,232,242,233,241,234,241,235,241,236,241,237,241,238,241,239,241,240,242,241,242,242,242,243,243,244,243,245,244,246,244,247,245,248,245,249,246,250,247,251,247,252,248,253,249,253,250,254,251,254,252,254,253,255,254,255,255,254,256,254,257,254,258,253,259,254,260,254,261,254,262,254,263,254,263,253,264,252,263,251,263,250,263,249,263,248,263,247,263,246,263,245,263,244,263,243,263,242,263,241,263,240,263,239,263,238,264,237,264,236,263,235,263,234,262,233,261,232,260,231,259,231,258,230,257,230,256,229,255,229,254,228,253,228,252,228,251,228,250,228,249,228
273,229,272,230,271,230,270,231,269,231,268,232,267,233,267,234,266,235,265,235,265,236,265,237,264,238,264,239,264,240,264,241,264,242,264,243,264,244,264,245,264,246,265,246,266,247,266,248,267,249,268,250,269,250,270,250,271,250,272,251,273,251,274,252,275,252,276,251,277,251,278,250,279,249,280,248,281,247,282,246,283,245,282,244,282,243,282,242,282,241,282,240,282,239,282,238,281,237,280,236,280,235,279,234,279,233,279,232,279,231,279,230,278,229,277,229,276,229,275,229,274,229
132,239,132,240,132,241,132,242,132,243,132,244,133,245,133,246,133,247,134,248,134,249,135,250,136,251,137,252,137,253,138,254,139,255,140,256,140,257,141,258,142,259,143,260,144,260,145,261,146,261,147,261,148,261,149,261,150,261,151,260,152,260,153,259,154,258,155,257,156,257,157,256,157,255,158,254,159,253,159,252,159,251,160,250,159,249,158,248,157,247,156,246,155,245,154,244,153,243,152,242,152,241,151,241,150,241,149,241,148,241,147,241,146,241,145,241,144,240,143,240,142,241,141,240,140,240,139,240,138,240,137,239,136,239,135,239,134,239,133,239
307,239,306,240,305,241,304,242,303,243,302,244,301,245,301,246,301,247,302,248,303,249,303,250,303,251,304,252,304,253,305,252,306,253,307,254,308,255,309,256,310,257,311,258,311,259,312,260,313,261,314,262,315,263,316,264,317,265,318,266,319,266,320,266,321,266,322,266,323,266,324,266,325,265,326,265,327,264,328,263,329,262,330,261,330,260,331,259,331,258,331,257,331,256,331,255,331,254,331,253,331,252,330,251,329,250,328,249,327,249,326,248,325,248,324,248,323,247,322,247,321,246,320,246,319,245,318,245,317,244,316,244,315,243,314,242,313,241,312,240,311,239,310,239,309,239,308,239
290,245,289,246,288,246,287,246,286,246,285,247,284,247,283,246,282,247,281,248,280,249,279,250,278,251,277,252,276,252,275,253,275,254,275,255,275,256,275,257,275,258,275,259,276,260,276,261,277,262,278,263,279,264,280,265,281,265,282,266,282,267,283,267,284,267,285,267,286,267,287,267,288,267,289,267,290,266,291,266,292,266,293,265,294,265,295,264,296,263,297,263,297,262,297,261,298,260,299,259,299,258,300,257,300,256,301,255,302,254,303,253,303,252,302,251,302,250,302,249,301,248,300,247,300,246,299,246,298,246,297,246,296,246,295,246,294,246,293,246,292,246,291,246
181,252,180,253,179,253,178,253,177,253,176,254,175,254,174,254,173,254,172,255,171,255,170,255,169,256,168,257,167,258,166,259,165,260,164,260,163,261,162,262,163,263,163,264,164,265,165,266,165,267,166,268,167,269,168,270,169,271,170,272,171,273,172,274,173,275,174,276,175,277,176,277,177,277,178,276,179,275,180,275,181,274,182,274,183,273,184,272,185,272,186,271,187,270,188,269,189,269,190,268,191,267,191,266,191,265,192,264,192,263,192,262,192,261,191,260,191,259,190,258,189,257,188,257,187,256,186,255,185,255,184,254,183,254,182,253
237,255,237,256,237,257,236,258,235,258,234,259,233,260,232,260,231,259,230,260,229,260,228,259,227,259,226,259,225,259,224,260,223,260,222,260,221,260,220,261,219,261,218,261,217,262,216,262,215,263,214,263,213,264,212,265,211,265,210,266,209,266,208,267,207,267,206,268,205,269,205,270,205,271,206,272,206,273,206,274,207,275,207,276,207,277,208,278,208,279,209,280,209,281,209,282,209,283,209,284,210,285,210,286,211,286,212,286,213,286,214,286,215,285,216,284,217,284,218,284,219,284,220,283,221,283,222,283,223,283,224,283,225,282,226,283,227,283,228,282,229,282,230,283,231,283,232,282,233,282,234,281,235,281,236,280,237,280,238,279,239,278,239,277,240,276,240,275,240,274,241,273,242,272,242,271,242,270,243,269,243,268,243,267,244,266,244,265,243,264,243,263,243,262,243,261,242,260,242,259,242,258,242,257,241,256,241,255,240,256,239,255,238,256
158,262,157,263,156,263,155,263,154,264,153,264,152,264,152,265,151,266,151,267,150,268,150,269,150,270,150,271,150,272,150,273,150,274,150,275,151,276,152,277,152,278,153,278,154,279,155,280,156,281,157,281,158,282,159,282,160,283,161,284,162,284,163,284,164,285,165,285,166,285,167,285,168,285,169,284,170,284,171,284,172,284,173,284,174,283,175,283,175,282,176,281,176,280,176,279,176,278,175,278,174,277,173,276,172,275,171,274,170,273,169,272,168,271,167,270,166,269,165,268,164,267,164,266,163,265,162,264,162,263,161,262,160,262,159,262
305,274,304,275,303,275,302,275,301,276,300,276,299,277,298,277,297,278,296,279,295,279,294,279,293,280,292,281,291,281,290,282,289,283,288,284,287,284,286,285,286,286,287,287,287,288,288,289,288,290,289,291,289,292,289,293,289,294,289,295,290,296,290,297,291,298,292,298,293,298,294,298,295,298,296,299,297,299,298,299,299,299,300,299,301,299,302,299,303,299,304,300,305,300,306,300,307,300,308,300,309,299,310,299,311,298,312,298,313,297,314,296,315,296,316,295,316,294,317,293,318,292,318,291,318,290,318,289,318,288,317,287,317,286,317,285,316,284,316,283,316,282,315,281,314,280,313,280,312,279,312,278,311,278,310,277,310,276,309,275,309,274,308,274,307,274,306,274
264,281,263,282,262,282,261,282,260,282,259,283,258,283,257,284,257,285,257,286,256,287,257,288,257,289,258,290,258,291,259,292,259,293,260,294,260,295,261,296,261,297,262,298,263,299,264,300,265,300,266,301,267,302,268,302,269,302,270,303,271,303,272,303,273,303,274,303,275,303,276,302,277,301,278,301,279,300,279,299,279,298,280,297,281,296,281,295,281,294,281,293,281,292,281,291,281,290,280,290,279,289,279,288,279,287,278,286,277,285,276,285,275,284,274,283,273,283,272,282,271,282,270,281,269,281,268,281,267,281,266,281,265,281
182,282,181,283,180,283,179,283,178,283,177,283,176,284,175,284,174,284,173,285,172,286,171,287,171,288,170,289,170,290,169,291,169,292,169,293,169,294,169,295,169,296,170,297,170,298,170,299,171,300,172,300,173,301,174,302,175,303,176,303,177,304,178,304,179,304,180,304,181,304,182,304,183,304,184,304,185,304,185,303,186,302,186,301,187,300,188,299,189,299,190,298,190,297,190,296,190,295,190,294,189,293,188,292,188,291,187,290,187,289,186,288,186,287,185,286,185,285,184,284,183,283,183,282
248,288,247,289,246,289,245,290,244,291,243,291,242,292,241,292,240,293,239,294,238,295,237,296,236,297,235,296,236,297,235,298,234,299,235,299,236,299,237,299,238,298,239,299,239,300,239,301,238,302,239,303,238,304,238,305,238,306,239,307,239,308,239,309,240,310,240,311,241,312,241,313,242,314,243,315,244,315,245,316,246,316,247,316,248,316,249,315,250,315,251,315,252,314,253,313,254,312,255,311,256,310,256,309,257,308,258,307,258,306,259,305,259,304,259,303,259,302,259,301,259,300,260,299,260,298,260,297,260,296,259,295,259,294,258,293,258,292,257,291,257,290,256,289,256,288,255,288,254,288,253,288,252,288,251,288,250,288,249,288
329,289,328,290,327,290,326,291,325,291,324,292,323,292,323,293,322,294,321,295,320,295,319,296,318,297,317,298,316,298,315,299,314,300,314,301,314,302,313,303,312,304,312,305,312,306,312,307,311,308,311,309,311,310,311,311,311,312,312,312,313,313,314,313,315,313,316,313,317,312,318,312,319,312,320,312,321,312,322,312,323,312,323,311,324,310,325,310,326,309,327,308,328,308,329,307,330,307,331,306,332,305,333,305,334,304,335,303,336,302,336,301,337,300,338,299,338,298,338,297,339,296,339,295,339,294,339,293,338,292,337,291,337,290,336,289,335,289,334,289,333,289,332,289,331,289,330,289
289,298,288,299,287,300,286,301,286,302,285,303,285,304,284,305,284,306,284,307,284,308,285,309,285,310,285,311,285,312,285,313,286,314,287,315,288,316,289,316,290,317,291,318,292,318,293,318,294,318,295,318,296,318,297,318,298,318,299,318,300,318,301,317,302,317,303,316,304,316,305,315,306,316,307,315,308,314,309,313,310,312,310,311,310,310,310,309,310,308,311,307,311,306,311,305,311,304,311,303,310,302,309,301,308,301,307,301,306,301,305,301,304,301,303,300,302,300,301,300,300,300,299,300,298,300,297,300,296,300,295,299,294,299,293,299,292,299,291,299,290,298
209,300,209,301,208,302,207,302,206,303,205,304,204,305,203,306,202,307,201,308,201,309,200,310,199,310,199,311,199,312,199,313,198,314,198,315,198,316,198,317,199,318,200,319,200,320,201,320,202,321,203,321,204,321,205,321,206,321,207,321,208,320,209,320,210,320,211,320,212,319,213,318,213,317,214,316,215,315,215,314,216,313,217,312,218,311,218,310,218,309,219,308,219,307,219,306,219,305,219,304,219,303,218,302,217,301,216,301,215,301,214,300,213,300,212,300,211,300,210,300
264,305,263,306,262,306,261,306,260,307,259,307,258,308,257,309,257,310,256,311,255,312,254,313,253,314,252,315,252,316,252,317,252,318,252,319,251,320,251,321,251,322,250,323,251,324,252,325,252,326,253,326,254,327,255,327,256,328,257,328,258,329,259,329,260,329,261,329,262,329,263,329,264,329,265,329,266,328,267,328,268,328,269,328,270,327,271,327,272,327,273,327,274,326,275,325,276,324,276,323,277,322,278,321,278,320,279,319,279,318,279,317,279,316,279,315,279,314,278,313,278,312,277,311,277,310,276,309,275,308,274,307,273,307,272,306,271,306,270,305,269,305,268,305,267,305,266,305,265,305
234,306,233,307,232,307,231,307,230,307,229,308,228,308,227,308,226,309,225,309,224,309,223,310,222,310,221,311,220,311,219,311,218,312,217,313,216,314,216,315,215,316,214,317,214,318,213,319,212,320,212,321,212,322,212,323,212,324,212,325,211,326,211,327,212,328,213,329,214,329,215,329,216,329,217,329,218,329,219,328,220,328,221,328,222,327,223,327,224,327,225,327,226,326,227,325,228,324,229,324,230,323,231,323,232,322,233,321,234,320,235,319,235,318,236,317,236,316,236,315,237,314,237,313,237,312,237,311,237,310,237,309,236,308,235,307
324,312,323,313,322,313,321,313,320,313,319,313,318,313,317,313,316,314,315,314,314,314,313,314,312,313,311,313,310,313,309,314,308,315,307,316,307,317,306,318,305,318,304,319,303,320,302,320,301,321,301,322,300,323,300,324,300,325,299,326,299,327,299,328,299,329,299,330,298,331,298,332,298,333,297,334,297,335,296,336,295,337,295,338,294,339,294,340,293,341,292,342,292,343,291,344,290,345,289,346,289,347,288,348,288,349,288,350,287,351,287,352,288,353,288,354,289,355,290,356,291,356,292,356,293,356,294,356,295,356,296,356,297,356,298,356,299,356,300,356,301,355,302,354,303,354,304,353,305,352,306,352,307,351,308,351,309,350,310,349,311,348,312,348,313,347,314,346,315,345,316,344,317,343,317,342,318,341,319,340,319,339,320,338,320,337,321,336,322,335,322,334,323,333,323,332,323,331,324,330,325,329,326,328,327,327,328,326,328,325,329,324,329,323,330,322,330,321,330,320,331,319,331,318,331,317,331,316,331,315,330,314,329,314,328,313,327,313,326,313,325,313
235,332,234,333,233,333,232,333,231,334,230,334,229,334,228,335,227,335,227,336,226,337,226,338,226,339,226,340,226,341,226,342,227,343,228,344,228,345,229,346,230,347,230,348,231,349,232,350,233,351,234,352,235,352,236,353,237,353,238,353,239,353,240,352,241,352,242,352,243,352,244,351,245,351,246,350,247,350,248,349,249,349,250,348,250,347,251,346,251,345,251,344,252,343,251,342,251,341,251,340,250,339,250,338,249,337,248,337,247,336,246,335,245,335,244,334,243,334,242,334,241,333,240,333,239,333,238,332,237,332,236,332
330,408,329,409,328,409,327,409,326,409,325,410,324,410,323,411,322,412,321,412,320,413,319,414,319,415,318,416,318,417,318,418,318,419,318,420,318,421,318,422,319,423,320,424,320,425,321,426,322,427,322,428,323,428,324,428,325,429,326,429,327,429,328,429,329,429,330,430,331,430,332,430,333,430,334,430,335,430,336,430,337,429,338,429,339,428,340,428,341,427,341,426,342,425,343,424,343,423,343,422,343,421,343,420,343,419,343,418,343,417,343,416,343,415,342,414,341,413,341,412,340,411,339,411,338,410,337,410,336,409,335,409,334,409,333,409,332,408,331,408
381,416,380,417,379,417,378,417,377,417,376,418,375,418,374,418,373,419,372,419,371,420,370,421,369,422,369,423,368,424,368,425,367,426,367,427,367,428,367,429,367,430,367,431,367,432,368,433,369,434,369,435,370,435,371,436,372,437,373,437,374,437,375,438,376,438,377,438,378,439,379,439,380,439,381,439,382,438,383,438,384,437,385,437,386,437,387,437,388,436,389,435,390,434,391,433,392,432,393,431,393,430,393,429,393,428,393,427,393,426,394,425,393,424,393,423,393,422,392,421,391,420,390,419,389,419,388,418,387,418,386,418,385,417,384,417,383,417,382,416
145,419,144,420,143,420,142,420,141,420,140,421,139,421,138,422,137,423,136,423,135,424,134,425,133,426,133,427,132,428,132,429,131,430,131,431,131,432,132,433,132,434,132,435,133,436,133,437,134,438,135,438,136,439,137,439,138,440,139,440,140,440,141,440,142,440,143,440,144,440,145,440,146,440,147,440,148,440,149,440,150,439,151,439,152,438,153,438,154,437,155,436,156,436,156,435,157,434,157,433,158,432,158,431,158,430,158,429,158,428,158,427,158,426,158,425,157,424,157,423,156,422,155,421,154,420,153,420,152,420,151,419,150,419,149,419,148,419,147,419,146,419
303,419,302,420,301,420,300,421,299,422,298,423,298,424,298,425,297,426,297,427,297,428,298,429,298,430,299,431,300,432,301,432,302,433,303,433,304,434,305,434,306,434,307,435,308,435,309,436,310,436,311,436,312,436,313,436,314,436,315,435,316,435,317,434,318,434,319,433,320,432,321,431,321,430,321,429,321,428,321,427,320,426,319,425,319,424,318,423,317,422,316,421,315,421,314,421,313,420,312,420,311,420,310,419,309,419,308,419,307,419,306,419,305,419,304,419
168,421,167,422,166,422,166,423,165,424,164,425,163,426,163,427,163,428,162,429,162,430,162,431,162,432,162,433,163,434,163,435,163,436,164,437,165,438,166,439,167,439,168,440,169,440,170,440,171,441,172,441,173,441,174,441,175,442,176,442,177,442,178,443,179,444,180,444,181,445,182,445,182,444,182,443,182,442,183,441,183,440,184,439,184,438,185,437,185,436,186,435,186,434,187,433,187,432,188,431,188,430,188,429,187,429,186,429,185,429,184,428,183,427,182,426,181,425,180,424,179,423,178,422,177,422,176,422,175,421,174,421,173,421,172,421,171,421,170,421,169,421
207,427,206,428,205,428,204,428,203,429,202,429,201,430,200,430,199,430,198,431,197,432,197,433,198,434,198,435,198,436,198,437,198,438,198,439,198,440,199,441,200,442,201,443,201,444,202,445,203,446,204,447,205,447,206,448,207,448,208,449,209,449,210,450,211,450,212,450,213,451,214,451,215,450,216,450,217,449,218,449,219,448,220,448,221,448,222,447,222,446,223,445,223,444,224,443,224,442,225,441,225,440,225,439,225,438,224,437,224,436,223,435,223,434,222,433,221,432,220,432,219,431,218,431,217,430,216,430,215,429,214,429,213,429,212,428,211,428,210,428,209,427,208,427
284,430,283,431,282,431,281,432,280,433,279,433,279,434,278,435,277,435,276,436,275,437,275,438,274,439,274,440,273,441,273,442,273,443,274,444,274,445,275,446,275,447,276,448,277,448,278,448,279,449,280,449,281,450,282,450,283,450,284,451,285,451,286,451,287,451,288,451,289,451,290,451,291,451,292,451,293,450,294,449,294,448,294,447,295,446,295,445,295,444,295,443,296,442,296,441,296,440,296,439,296,438,296,437,296,436,295,435,295,434,294,433,293,433,292,432,291,431,290,430,289,430,288,430,287,430,286,430,285,430
396,431,395,432,394,432,393,432,392,433,391,434,390,435,389,436,388,437,389,438,389,439,389,440,389,441,389,442,389,443,389,444,390,445,390,446,391,447,391,448,391,449,392,450,393,451,394,452,395,453,396,454,397,455,398,455,399,456,400,456,401,456,402,456,403,456,404,456,405,456,406,455,407,455,407,454,408,453,409,452,409,451,410,450,410,449,410,448,410,447,411,446,411,445,411,444,410,443,410,442,410,441,410,440,409,439,408,438,408,437,407,436,406,435,405,434,404,434,403,433,402,432,401,432,400,431,399,431,398,431,397,431
106,435,105,436,104,436,103,437,102,438,101,439,100,440,99,441,99,442,98,443,97,444,97,445,96,446,95,447,95,448,95,449,94,450,93,451,93,452,92,453,92,454,91,455,91,456,91,457,90,458,90,459,90,460,90,461,90,462,91,463,91,464,92,465,93,466,94,467,95,467,96,468,97,468,98,468,99,468,100,468,101,467,102,466,103,465,104,465,104,464,105,463,106,462,107,461,108,460,109,459,110,458,111,457,112,457,113,456,114,455,115,454,116,453,117,452,118,452,119,451,120,450,121,450,122,449,122,448,123,447,124,446,124,445,124,444,123,443,123,442,123,441,123,440,122,439,121,438,120,437,119,437,118,436,117,436,116,435,115,435,114,435,113,435,112,435,111,435,110,435,109,435,108,435,107,435
316,441,315,442,314,442,313,443,312,443,311,444,310,444,309,445,309,446,308,447,307,448,307,449,306,450,306,451,305,452,305,453,304,454,304,455,304,456,304,457,304,458,304,459,304,460,304,461,304,462,304,463,305,464,305,465,306,466,306,467,307,468,307,469,308,470,308,471,309,471,310,472,311,473,312,474,313,474,314,475,315,475,316,475,317,476,318,476,319,476,320,476,321,476,322,476,323,476,324,476,325,476,326,475,327,475,328,475,329,474,330,474,331,473,332,473,333,472,334,471,335,470,336,469,337,468,338,468,338,467,338,466,338,465,338,464,339,463,339,462,339,461,339,460,339,459,339,458,339,457,339,456,339,455,340,454,340,453,339,452,338,451,338,450,337,449,336,448,335,447,335,446,334,445,333,444,332,443,331,443,330,442,329,442,328,442,327,441,326,441,325,441,324,441,323,441,322,441,321,441,320,441,319,441,318,441,317,441
229,446,228,447,227,447,226,447,225,448,224,448,223,448,222,449,221,449,220,449,219,449,218,450,217,450,216,451,215,451,214,452,214,453,214,454,213,455,213,456,213,457,212,458,211,459,211,460,211,461,211,462,212,463,213,463,214,464,215,464,216,465,217,465,218,466,219,467,219,468,220,469,221,469,222,469,223,470,224,470,225,470,226,469,227,469,228,468,229,467,230,467,231,466,232,465,233,464,233,463,234,462,234,461,234,460,234,459,234,458,234,457,235,456,235,455,235,454,236,453,236,452,236,451,236,450,236,449,235,448,234,448,233,447,232,447,231,446,230,446
347,447,346,448,345,448,344,449,343,450,342,451,341,452,341,453,341,454,340,455,340,456,340,457,340,458,340,459,340,460,340,461,340,462,340,463,339,464,339,465,339,466,339,467,339,468,339,469,340,470,340,471,340,472,341,473,341,474,342,475,342,476,342,477,343,478,344,479,344,480,345,481,346,482,347,483,348,484,347,485,348,486,349,487,349,488,350,488,351,489,351,490,352,490,353,490,354,490,355,491,354,490,354,489,355,488,356,487,357,486,358,486,358,485,359,484,360,484,361,483,362,482,363,481,364,480,365,479,366,478,367,477,367,476,368,475,368,474,369,473,369,472,370,471,370,470,371,469,371,468,371,467,372,466,373,466,373,465,374,464,374,463,374,462,373,461,373,460,373,459,372,458,372,457,371,456,370,455,370,454,369,453,368,452,367,451,366,450,365,450,364,449,363,449,362,448,361,448,360,448,359,447,358,447,357,447,356,447,355,447,354,447,353,447,352,447,351,447,350,447,349,447,348,447
275,448,274,449,273,449,272,449,271,450,270,451,269,451,269,452,268,453,267,454,267,455,267,456,266,457,266,458,266,459,265,460,265,461,265,462,265,463,265,464,265,465,265,466,265,467,266,468,266,469,267,470,267,471,268,472,269,473,270,473,271,473,272,473,273,473,274,473,275,473,276,473,277,473,278,473,279,473,280,473,281,472,282,472,283,471,284,471,285,470,286,469,286,468,287,467,287,466,288,465,288,464,288,463,288,462,289,461,289,460,289,459,289,458,289,457,289,456,289,455,289,454,288,454,287,454,286,453,285,452,284,452,283,451,282,451,281,451,280,450,279,450,278,449,277,449,276,449
418,458,417,459,416,459,415,459,414,460,413,460,412,461,411,462,410,463,409,464,409,465,408,466,408,467,408,468,408,469,407,470,407,471,407,472,407,473,407,474,407,475,408,476,408,477,408,478,409,479,409,480,410,481,410,482,411,483,412,484,413,485,414,485,415,486,416,486,417,486,418,486,419,485,420,485,421,484,422,484,423,483,424,482,425,481,425,480,425,479,426,478,426,477,427,476,427,475,428,474,428,473,428,472,428,471,428,470,428,469,428,468,428,467,428,466,428,465,427,464,427,463,426,462,426,461,425,461,424,460,423,460,422,459,421,459,420,459,419,458
197,463,196,464,195,464,194,464,193,465,192,465,191,466,190,466,189,467,188,467,187,468,186,469,185,470,184,470,184,471,183,472,182,473,181,474,181,475,180,476,180,477,179,478,179,479,179,480,178,481,178,482,178,483,178,484,177,485,178,486,177,487,177,488,177,489,177,490,178,491,178,492,178,493,178,494,178,495,178,496,178,497,179,498,179,499,180,500,180,501,180,502,180,503,181,504,182,505,182,506,182,507,181,508,181,509,181,510,182,510,183,510,184,510,185,511,186,511,187,511,188,510,189,511,190,511,191,511,192,511,193,511,194,511,195,511,196,510,197,510,198,510,199,510,200,510,201,509,202,508,203,508,204,508,205,507,206,506,207,505,208,505,209,504,210,503,211,502,212,501,213,501,213,500,214,499,215,499,215,498,216,497,217,496,217,495,218,494,219,493,219,492,219,491,219,490,219,489,219,488,220,487,220,486,220,485,220,484,219,483,219,482,219,481,219,480,218,479,218,478,217,477,217,476,216,475,215,474,215,473,214,472,213,471,212,470,211,469,210,468,209,467,208,466,207,466,206,465,205,465,204,464,203,464,202,464,201,464,200,464,199,464,198,463
80,465,79,466,78,466,77,466,76,467,75,467,74,468,73,468,72,469,71,470,70,471,69,472,68,473,68,474,67,475,67,476,66,477,66,478,67,479,67,480,67,481,67,482,67,483,68,484,68,485,69,486,70,487,71,488,72,489,73,490,74,490,75,490,76,491,77,490,78,490,79,490,80,490,81,490,82,490,83,490,84,489,85,489,86,488,87,488,88,487,89,486,90,485,90,484,91,483,92,482,92,481,92,480,92,479,93,478,93,477,93,476,93,475,93,474,93,473,93,472,93,471,92,470,91,469,90,468,89,467,88,467,87,466,86,466,85,466,84,465,83,465,82,465,81,465
385,465,384,466,383,466,382,466,381,467,380,467,379,468,378,468,377,468,376,469,375,470,374,471,373,472,373,473,372,474,371,475,370,476,370,477,370,478,370,479,369,480,369,481,369,482,369,483,369,484,369,485,369,486,369,487,369,488,370,489,370,490,371,491,371,492,371,493,372,494,373,495,373,496,374,497,374,498,375,499,376,500,377,501,378,501,379,502,380,502,381,502,382,502,383,502,384,503,385,503,386,503,387,503,388,502,389,502,390,502,391,501,392,501,393,500,394,500,395,499,396,499,397,498,398,498,399,497,400,496,401,495,402,494,403,493,403,492,403,491,404,490,404,489,405,488,405,487,405,486,405,485,405,484,405,483,406,482,406,481,405,480,405,479,405,478,405,477,404,476,404,475,404,474,403,473,402,472,401,471,401,470,400,470,399,469,398,468,397,468,396,467,395,467,394,466,393,466,392,466,391,466,390,466,389,466,388,465,387,465,386,465
137,467,136,468,135,468,134,469,133,469,132,470,131,470,130,471,129,472,128,473,127,474,126,475,125,476,125,477,124,478,123,479,123,480,122,481,122,482,121,483,121,484,121,485,121,486,120,487,120,488,120,489,119,490,119,491,119,492,119,493,120,494,120,495,121,496,121,497,121,498,122,499,122,500,123,501,123,502,124,503,124,504,125,505,125,506,125,507,126,508,126,509,126,510,127,510,128,510,129,510,130,510,131,510,132,511,133,511,134,511,135,511,136,511,137,511,138,511,139,511,140,511,141,511,142,511,143,511,144,511,145,511,146,511,147,511,148,511,149,511,150,511,151,510,152,510,153,510,154,510,155,510,156,510,157,509,158,508,159,508,160,507,161,506,161,505,162,504,163,503,163,502,164,501,164,500,164,499,165,498,165,497,165,496,165,495,165,494,165,493,165,492,165,491,165,490,165,489,165,488,165,487,165,486,165,485,164,484,164,483,164,482,163,481,163,480,163,479,162,478,162,477,161,476,160,475,160,474,159,473,158,472,157,471,156,471,155,470,154,470,153,469,152,469,151,468,150,468,149,468,148,468,147,467,146,467,145,467,144,467,143,467,142,467,141,467,140,467,139,467,138,467
244,470,243,471,242,472,241,472,240,473,239,474,238,475,238,476,237,477,237,478,237,479,236,480,237,481,237,482,237,483,237,484,237,485,238,486,238,487,239,488,240,489,241,489,242,490,243,490,244,491,245,491,246,491,247,491,248,491,249,490,250,490,251,489,252,489,253,488,254,488,255,487,255,486,256,485,257,484,257,483,258,482,258,481,258,480,258,479,258,478,257,477,257,476,256,475,256,474,255,474,254,473,253,472,252,472,251,471,250,470,249,470,248,470,247,470,246,470,245,470
309,484,308,485,307,485,306,485,305,486,304,486,303,487,302,487,301,488,300,489,299,489,299,490,298,491,297,492,296,493,296,494,295,495,294,496,294,497,294,498,294,499,293,500,293,501,294,502,294,503,294,504,295,505,295,506,296,507,296,508,297,509,298,510,299,510,300,510,301,511,302,511,303,511,304,511,305,511,306,511,307,511,308,511,309,511,310,511,311,511,312,511,313,511,314,511,315,511,316,511,317,511,318,511,319,511,320,511,321,511,322,511,323,511,324,511,325,511,326,511,327,511,328,511,329,510,330,510,331,509,331,508,331,507,332,506,332,505,332,504,332,503,332,502,332,501,331,500,331,499,331,498,331,497,330,496,330,495,329,494,328,493,328,492,327,491,326,490,325,489,324,488,323,487,322,487,321,486,320,486,319,485,318,485,317,485,316,485,315,484,314,484,313,484,312,484,311,484,310,484
112,490,111,491,110,491,109,491,108,491,107,492,106,492,105,492,104,493,103,493,102,494,101,495,101,496,101,497,101,498,101,499,101,500,101,501,100,502,100,503,100,504,100,505,101,505,102,506,102,507,102,508,103,509,104,510,105,510,106,510,107,510,108,510,109,510,110,510,111,510,112,510,113,510,114,510,115,510,116,510,117,510,118,510,119,510,120,510,121,510,122,510,123,510,124,510,125,510,125,509,125,508,124,507,124,506,124,505,123,504,123,503,122,502,122,501,121,500,121,499,120,498,120,497,120,496,119,495,119,494,118,493,118,492,118,491,117,491,116,490,115,490,114,490,113,490
65,491,64,492,63,492,62,492,61,493,60,493,59,494,58,494,57,495,57,496,56,497,55,498,54,499,54,500,54,501,53,502,53,503,53,504,53,505,53,506,53,507,53,508,54,509,55,510,56,510,57,510,58,510,59,511,60,511,61,511,62,511,63,511,64,511,65,511,66,511,67,511,68,511,69,511,70,511,71,510,72,510,73,510,74,509,75,508,76,507,77,506,77,505,78,504,78,503,78,502,79,501,79,500,79,499,79,498,79,497,78,496,77,495,76,494,75,494,74,493,73,493,72,492,71,492,70,491,69,491,68,491,67,491,66,491
245,493,244,494,243,495,242,495,241,496,240,496,239,497,238,498,238,499,238,500,237,501,237,502,237,503,237,504,237,505,237,506,238,507,238,508,238,509,239,510,240,510,241,510,242,511,243,511,244,511,245,511,246,511,247,511,248,511,249,511,250,511,251,511,252,511,253,510,254,510,255,510,256,509,257,508,257,507,258,506,258,505,259,504,259,503,259,502,258,501,258,500,257,499,256,498,256,497,255,496,254,495,253,495,252,494,251,494,250,493,249,493,248,493,247,493,246,493
351,500,350,501,349,501,348,501,347,502,346,502,345,502,344,503,343,504,342,504,341,505,341,506,340,507,340,508,339,509,339,510,340,511,341,511,342,511,343,511,344,511,345,511,346,511,347,511,348,511,349,511,350,511,351,511,352,511,353,511,354,511,355,511,356,511,357,511,358,511,359,511,360,511,361,511,362,511,363,511,364,511,365,511,366,511,367,511,368,511,369,511,370,511,371,511,372,510,373,510,373,509,372,508,372,507,371,506,370,505,369,504,368,504,367,503,366,503,365,502,364,502,363,502,362,501,361,501,360,501,359,500,358,500,357,500,356,500,355,500,354,500,353,500,352,500
409,501,408,502,407,502,406,503,405,503,404,504,403,505,403,506,402,507,401,508,401,509,400,510,401,511,402,511,403,511,404,511,405,511,406,511,407,511,408,511,409,511,410,511,411,511,412,511,413,511,414,511,415,511,416,511,417,511,418,511,419,511,420,511,421,510,421,509,421,508,421,507,420,506,420,505,419,504,419,503,418,502,417,502,416,501,415,501,414,501,413,501,412,501,411,501,410,501
276,503,275,504,274,504,273,505,272,505,271,506,270,507,270,508,270,509,270,510,270,511,271,511,272,511,273,511,274,511,275,511,276,511,277,511,278,511,279,511,280,511,281,511,282,511,283,510,283,509,283,508,283,507,282,506,282,505,281,504,280,504,279,503,278,503,277,503
