151,54,150,55,149,55,148,55,147,56,146,56,145,57,144,57,143,58,143,59,142,60,142,61,142,62,141,63,142,64,142,65,142,66,142,67,143,68,144,69,145,70,146,70,147,70,148,70,149,71,150,71,151,70,152,70,153,70,154,70,155,70,156,69,157,69,158,69,159,68,160,68,161,67,161,66,161,65,162,64,162,63,162,62,162,61,162,60,161,59,161,58,160,57,159,56,158,56,157,55,156,55,155,55,154,54,153,54,152,54
74,71,73,72,72,72,71,73,70,73,69,74,68,75,67,76,67,77,66,78,66,79,66,80,66,81,66,82,66,83,67,84,68,85,69,86,70,87,71,88,72,88,73,88,74,87,75,87,76,87,77,86,78,86,79,86,80,85,81,85,82,84,83,84,84,83,85,82,86,81,87,80,87,79,87,78,87,77,87,76,86,75,86,74,85,73,84,72,83,72,82,71,81,71,80,71,79,71,78,71,77,71,76,71,75,71
87,81,86,82,85,83,84,84,83,85,84,86,83,87,83,88,83,89,82,90,82,91,82,92,82,93,83,94,83,95,84,96,84,97,85,98,86,99,87,99,88,99,89,98,90,97,91,97,92,96,93,95,94,95,95,94,96,94,97,93,97,92,97,91,98,90,98,89,98,88,97,87,97,86,96,85,96,84,95,83,94,82,93,82,92,81,91,81,90,81,89,81,88,81
97,94,96,95,95,95,94,96,93,96,92,97,91,98,90,98,89,99,88,100,88,101,88,102,88,103,88,104,88,105,88,106,89,107,89,108,90,109,91,110,92,111,93,112,94,113,95,113,96,112,97,112,98,111,99,111,100,110,101,109,102,108,103,108,104,107,105,106,106,105,106,104,106,103,107,102,107,101,106,100,106,99,105,98,105,97,104,97,103,96,102,96,101,95,100,95,99,95,98,95
124,99,123,100,123,101,123,102,123,103,122,104,122,105,122,106,121,107,121,108,121,109,120,110,120,111,119,112,120,113,121,114,122,115,122,116,123,117,124,118,125,119,125,120,126,121,127,121,128,121,129,121,130,120,131,120,132,120,133,120,134,120,135,119,136,118,137,117,137,116,138,115,138,114,139,113,139,112,139,111,140,110,139,109,139,108,139,107,139,106,139,105,138,104,138,103,137,102,136,101,135,100,134,100,133,99,132,99,131,99,130,99,129,99,128,99,127,99,126,99,125,99
150,105,149,106,148,106,147,106,146,107,146,108,145,109,144,110,144,111,144,112,144,113,144,114,144,115,144,116,144,117,144,118,145,119,144,120,145,121,145,122,146,122,147,123,148,123,149,123,150,124,151,124,152,124,153,124,154,125,155,125,156,125,157,124,158,124,159,125,160,125,161,125,162,125,163,126,164,126,165,126,166,126,167,126,168,126,169,126,170,126,171,126,172,125,173,125,174,126,175,125,176,124,177,124,178,123,179,122,180,122,181,121,182,121,183,120,184,120,184,119,185,118,184,117,184,116,184,115,183,114,183,113,182,113,181,112,180,111,179,111,178,110,177,110,176,110,175,109,174,109,173,109,172,109,171,108,170,108,169,108,168,108,167,107,166,107,165,107,164,107,163,106,162,106,161,106,160,106,159,106,158,106,157,106,156,106,155,106,154,106,153,106,152,106,151,106
105,107,104,108,103,109,102,109,101,110,100,111,99,112,98,112,97,113,96,113,95,114,94,114,95,115,94,116,94,117,93,118,93,119,94,120,94,121,94,122,94,123,94,124,94,125,94,126,95,127,95,128,95,129,96,130,96,131,96,132,97,133,97,134,98,135,99,136,100,137,101,138,102,138,103,138,104,138,105,138,106,138,107,138,108,138,109,138,110,138,111,138,112,137,113,137,114,136,115,136,116,136,117,135,118,135,119,134,120,134,121,133,122,133,122,132,123,131,123,130,124,129,125,128,125,127,125,126,126,125,126,124,125,123,125,122,125,121,124,120,124,119,123,118,122,117,121,116,121,115,120,114,119,113,118,112,117,112,116,112,115,112,114,112,113,112,112,111,111,111,110,111,109,110,108,109,107,108,106,107
185,120,184,121,183,121,182,122,181,122,180,123,179,123,178,124,177,125,176,125,175,126,174,127,174,128,173,129,173,130,172,131,172,132,172,133,172,134,172,135,172,136,171,137,171,138,172,139,172,140,172,141,172,142,172,143,172,144,173,145,173,146,174,147,175,147,176,148,177,149,178,149,179,150,180,150,181,150,182,151,183,151,184,151,185,151,186,151,187,151,188,151,189,151,190,151,191,150,192,150,193,150,194,150,195,149,196,148,197,147,198,147,199,146,199,145,200,144,201,143,202,143,202,142,203,141,203,140,204,139,204,138,205,137,205,136,205,135,205,134,205,133,204,132,204,131,204,130,203,129,202,128,201,127,200,126,199,126,198,125,197,125,196,124,195,124,194,123,193,123,192,122,191,122,190,122,189,122,188,122,187,122,186,122,185,121
146,124,145,125,144,126,143,126,142,126,141,127,140,128,139,128,138,129,137,129,137,130,136,131,135,132,135,133,134,134,134,135,134,136,134,137,134,138,134,139,133,140,133,141,133,142,133,143,133,144,133,145,134,146,134,147,134,148,134,149,134,150,134,151,135,152,135,153,136,154,137,154,138,155,139,156,140,157,141,157,142,158,143,159,144,159,145,159,146,159,147,159,148,159,149,160,150,160,151,161,152,161,153,162,154,162,155,162,156,162,157,163,158,163,159,163,160,163,161,163,162,163,163,163,164,162,165,162,166,161,167,161,168,160,168,159,169,158,170,157,170,156,171,155,171,154,171,153,171,152,172,151,172,150,172,149,172,148,172,147,172,146,172,145,171,144,171,143,171,142,170,141,170,140,169,139,168,138,167,137,167,136,166,135,166,134,165,133,164,132,163,131,162,130,161,130,160,129,159,128,158,128,157,128,156,127,156,126,155,126,154,126,153,125,152,125,151,125,150,125,149,124,148,124,147,124
218,134,217,135,216,136,215,137,215,138,215,139,214,140,214,141,214,142,214,143,214,144,214,145,214,146,214,147,214,148,214,149,214,150,214,151,214,152,214,153,215,154,215,155,215,156,215,157,216,158,216,159,216,160,216,161,217,162,217,163,217,164,217,165,217,166,217,167,218,168,218,169,218,170,218,171,219,172,219,173,220,174,220,175,221,176,221,177,222,177,223,178,224,178,225,179,226,179,227,180,228,180,229,180,230,180,231,180,232,180,233,180,234,181,235,180,236,180,237,179,238,179,239,178,240,177,240,176,241,175,241,174,241,173,241,172,242,171,242,170,242,169,242,168,241,167,241,166,241,165,241,164,240,163,240,162,240,161,240,160,239,159,239,158,239,157,239,156,239,155,238,154,238,153,238,152,238,151,238,150,237,149,237,148,237,147,237,146,236,145,236,144,235,143,235,142,234,141,233,140,232,139,231,138,230,137,229,137,228,136,227,136,226,135,225,135,224,134,223,134,222,134,221,134,220,134,219,134
118,144,117,145,116,145,115,146,114,146,113,147,112,147,111,148,110,148,109,149,108,150,107,150,106,151,105,152,104,153,103,154,102,155,102,156,102,157,102,158,101,159,101,160,102,161,102,162,102,163,102,164,102,165,103,166,103,167,104,168,104,169,105,170,106,171,107,172,108,173,109,174,110,174,111,175,112,176,113,176,114,177,115,177,116,177,117,177,118,177,119,177,120,176,121,176,122,175,123,175,124,174,125,174,126,173,127,173,128,172,129,171,130,170,131,169,132,168,133,167,134,166,134,165,135,164,135,163,135,162,135,161,135,160,135,159,135,158,135,157,135,156,135,155,135,154,134,153,134,152,133,151,133,150,132,150,131,149,131,148,130,148,129,147,128,146,127,145,126,145,125,144,124,144,123,144,122,144,121,144,120,144,119,144
184,156,183,157,182,157,181,157,180,157,179,157,178,158,177,158,176,159,175,160,174,161,173,162,173,163,173,164,172,165,172,166,172,167,172,168,172,169,172,170,172,171,173,172,174,173,174,174,175,175,176,176,177,177,178,177,179,178,180,178,181,178,182,178,183,178,184,178,185,178,186,178,187,178,188,178,189,179,190,179,191,179,192,179,193,180,194,180,195,180,196,180,197,181,198,180,199,179,200,178,201,178,202,177,203,176,204,175,204,174,205,173,205,172,205,171,205,170,205,169,205,168,205,167,205,166,204,165,204,164,203,163,202,162,201,161,200,160,199,159,198,159,197,158,196,158,195,157,194,157,193,157,192,157,191,157,190,157,189,157,188,157,187,157,186,157,185,157
249,166,248,167,247,168,246,168,245,169,244,170,243,171,242,172,242,173,242,174,242,175,241,176,241,177,241,178,242,179,242,180,243,181,243,182,243,183,243,184,244,185,244,186,244,187,245,188,246,189,247,189,248,190,249,190,250,191,251,191,252,192,253,192,254,192,255,192,256,192,257,191,258,192,259,191,260,190,261,189,262,188,263,187,263,186,264,185,264,184,264,183,265,182,265,181,265,180,265,179,266,178,265,177,265,176,265,175,265,174,265,173,264,172,264,171,263,170,262,169,261,168,260,168,259,167,258,167,257,166,256,166,255,166,254,166,253,166,252,166,251,166,250,166
148,170,147,171,146,171,145,171,144,172,143,172,142,173,141,174,140,175,139,176,138,177,138,178,137,179,136,180,136,181,135,182,134,182,133,183,132,184,131,184,130,185,130,186,129,187,129,188,129,189,129,190,129,191,130,192,130,193,131,194,132,195,133,195,134,196,135,196,136,197,137,197,138,197,139,198,140,198,141,198,142,198,143,198,144,198,145,197,146,197,147,197,148,196,149,196,150,196,151,195,152,195,153,195,154,194,155,194,156,194,157,193,158,193,159,193,159,192,159,191,160,190,160,189,161,188,161,187,162,186,162,185,162,184,162,183,162,182,162,181,162,180,162,179,162,178,162,177,162,176,161,175,160,174,159,173,158,173,157,172,156,171,155,171,154,171,153,170,152,170,151,170,150,170,149,170
212,176,211,177,210,177,209,177,208,178,207,178,206,179,205,180,204,180,203,181,202,181,202,182,201,183,201,184,201,185,200,186,199,187,199,188,199,189,199,190,199,191,199,192,199,193,199,194,200,195,200,196,200,197,200,198,200,199,201,200,202,201,202,202,203,203,204,204,204,205,205,205,206,205,207,205,208,205,209,205,210,205,211,205,212,205,213,205,214,204,215,204,216,203,217,202,218,201,219,200,219,199,220,198,220,197,220,196,220,195,220,194,220,193,221,192,220,191,220,190,220,189,220,188,220,187,220,186,220,185,221,184,221,183,221,182,220,181,220,180,220,179,220,178,219,177,218,177,217,176,216,176,215,176,214,176,213,176
177,178,176,179,175,180,174,181,173,181,172,182,171,183,171,184,170,185,170,186,169,187,169,188,170,189,170,190,170,191,170,192,171,192,172,192,173,193,174,193,175,194,176,194,177,195,178,195,179,196,180,196,181,196,182,196,183,196,184,196,185,196,186,196,187,196,188,196,189,196,190,197,191,197,192,197,193,196,194,195,195,195,196,194,197,193,197,192,198,191,198,190,198,189,198,188,198,187,198,186,198,185,197,184,196,183,197,182,196,181,195,181,194,181,193,181,192,180,191,180,190,180,189,180,188,179,187,179,186,179,185,179,184,179,183,179,182,179,181,179,180,179,179,179,178,178
106,179,105,180,104,181,103,182,103,183,103,184,103,185,103,186,103,187,103,188,103,189,103,190,104,191,104,192,105,193,105,194,106,195,107,196,108,197,109,198,110,198,111,199,112,199,113,200,114,200,115,200,116,200,117,200,118,200,119,199,119,198,120,197,120,196,121,195,121,194,121,193,121,192,121,191,121,190,121,189,121,188,120,187,120,186,119,185,119,184,118,183,117,182,116,181,115,180,114,180,113,179,112,179,111,179,110,179,109,179,108,179,107,179
234,185,233,186,232,186,231,187,230,188,229,188,228,189,228,190,227,191,227,192,226,193,226,194,226,195,226,196,226,197,226,198,226,199,226,200,226,201,226,202,226,203,227,204,227,205,228,206,228,207,229,208,230,209,231,209,232,210,233,210,234,210,235,211,236,211,237,211,238,211,239,211,240,210,241,209,242,209,243,208,244,207,245,206,245,205,246,204,247,203,247,202,248,201,248,200,248,199,248,198,248,197,248,196,248,195,247,194,247,193,246,192,246,191,245,190,244,189,244,188,243,188,242,187,241,187,240,187,239,186,238,186,237,186,236,186,235,185
276,186,275,187,274,188,273,188,272,189,271,190,270,191,270,192,269,193,269,194,268,195,267,196,266,197,265,197,265,198,265,199,265,200,265,201,264,202,264,203,264,204,264,205,264,206,263,207,263,208,263,209,263,210,262,211,262,212,261,213,261,214,260,215,260,216,259,217,259,218,258,219,257,220,257,221,256,222,256,223,256,224,257,225,258,226,258,227,259,226,260,227,261,228,262,229,263,229,264,229,265,229,266,229,267,229,268,229,269,228,270,227,271,226,272,227,273,226,274,226,274,225,275,224,276,223,276,222,276,221,277,220,278,219,279,219,279,218,280,217,281,217,282,216,282,215,283,214,284,214,284,213,285,212,286,211,286,210,287,209,287,208,287,207,288,206,288,205,288,204,288,203,288,202,288,201,288,200,288,199,288,198,288,197,288,196,288,195,288,194,287,193,287,192,286,191,286,190,286,189,285,188,284,188,283,187,282,187,281,186,280,186,279,186,278,186,277,186
259,192,258,193,257,194,256,194,255,195,254,196,253,197,252,198,251,199,251,200,250,201,249,201,248,202,248,203,247,204,246,205,246,206,245,207,244,208,243,209,242,210,241,210,240,211,239,212,239,213,240,214,240,215,240,216,240,217,240,218,241,219,242,220,243,221,244,221,245,221,246,222,247,222,248,222,249,222,250,222,251,222,252,223,253,223,254,222,255,222,256,221,256,220,257,219,258,218,258,217,259,216,259,215,260,214,260,213,261,212,261,211,262,210,262,209,262,208,262,207,263,206,263,205,263,204,263,203,263,202,264,201,264,200,264,199,264,198,264,197,264,196,263,195,263,194,262,193,261,192,260,192
167,193,166,194,165,194,164,194,163,194,162,194,162,195,162,196,162,197,161,198,161,199,161,200,160,201,160,202,160,203,160,204,160,205,159,206,159,207,159,208,159,209,159,210,159,211,159,212,160,213,161,213,162,214,163,214,164,215,165,215,166,215,167,215,168,214,169,214,170,213,171,213,172,213,173,212,174,212,175,211,176,211,177,210,178,209,178,208,179,207,179,206,179,205,180,204,180,203,180,202,180,201,180,200,180,199,180,198,180,197,179,197,178,196,177,196,176,195,175,195,174,194,173,194,172,193,171,193,170,193,169,193,168,193
157,194,156,195,155,195,154,195,153,196,152,196,151,196,150,197,149,197,148,197,147,198,146,198,145,198,144,199,143,199,142,199,142,200,141,201,141,202,140,203,141,204,141,205,142,206,142,207,143,208,143,209,144,210,144,211,145,212,146,213,146,214,147,215,148,216,149,216,150,215,151,215,152,215,153,215,154,215,155,214,156,214,157,213,158,212,158,211,158,210,158,209,158,208,158,207,158,206,159,205,159,204,159,203,159,202,159,201,160,200,160,199,160,198,161,197,161,196,161,195,161,194,160,194,159,194,158,194
121,200,120,201,119,201,119,202,118,203,117,204,117,205,117,206,117,207,117,208,117,209,117,210,118,211,118,212,118,213,118,214,118,215,119,216,119,217,120,218,120,219,121,220,122,221,122,222,123,223,124,224,124,225,125,226,126,226,127,227,128,228,129,229,130,229,131,229,132,230,133,230,134,231,135,232,135,233,135,234,136,234,137,234,138,234,139,235,140,235,141,235,142,236,143,236,144,236,145,235,146,235,147,235,147,234,148,233,149,232,149,231,150,230,150,229,150,228,150,227,151,226,150,225,150,224,150,223,150,222,149,221,149,220,148,219,148,218,149,217,148,217,147,216,146,215,145,214,145,213,144,212,143,211,143,210,142,209,142,208,141,207,141,206,140,205,140,204,139,204,138,203,137,202,136,202,135,201,134,201,133,201,132,201,131,200,130,200,129,200,128,200,127,200,126,200,125,200,124,200,123,200,122,200
224,206,223,207,222,207,221,207,220,207,219,207,218,207,217,207,216,208,215,208,214,208,213,209,212,209,211,209,210,210,209,210,208,211,207,212,206,212,206,213,206,214,206,215,206,216,206,217,207,217,208,218,209,219,210,219,211,220,212,220,213,221,214,221,215,222,216,222,217,222,218,222,219,223,220,223,221,223,222,222,223,222,224,222,225,221,226,221,227,220,227,219,227,218,228,217,228,216,228,215,228,214,228,213,228,212,228,211,228,210,228,209,227,209,226,208,226,207,225,207
291,217,290,218,289,218,288,219,288,220,288,221,288,222,289,223,289,224,289,225,289,226,290,227,291,228,292,228,293,228,294,227,295,226,296,226,297,225,298,224,298,223,298,222,298,221,298,220,298,219,297,218,296,217,295,217,294,217,293,217,292,217
225,222,224,223,223,223,222,223,221,224,220,224,219,224,218,224,217,225,216,226,215,226,214,227,213,227,212,228,211,229,210,230,210,231,209,232,208,233,208,234,207,235,206,236,206,237,205,238,205,239,205,240,205,241,205,242,205,243,206,243,207,244,208,245,209,246,210,247,211,248,212,249,212,250,213,249,214,249,215,249,216,249,217,249,218,248,219,248,220,247,221,246,222,246,223,245,224,244,225,243,226,243,227,242,228,242,229,243,230,242,231,241,232,240,233,240,234,239,235,239,236,238,237,238,238,238,239,238,240,237,240,236,241,235,242,234,243,233,242,233,241,232,240,231,240,230,240,229,240,228,240,227,239,227,238,226,237,226,236,226,235,225,234,224,233,224,232,224,231,224,230,223,229,223,228,223,227,223,226,223
180,224,179,225,178,225,177,225,176,226,175,226,174,226,173,227,172,227,171,228,170,228,169,228,168,229,167,230,166,231,165,232,165,233,164,234,164,235,163,236,163,237,163,238,164,239,165,240,165,241,166,242,167,243,168,244,168,245,169,245,170,245,171,245,172,245,173,245,174,245,175,245,176,244,177,244,178,243,179,243,180,243,181,242,182,242,183,241,184,240,185,239,186,238,187,237,187,236,187,235,188,234,188,233,187,232,187,231,186,230,185,229,185,228,184,227,183,226,182,225,181,224
254,228,253,229,252,229,251,229,250,230,249,230,248,231,247,231,246,232,245,233,244,233,243,234,242,235,241,236,241,237,241,238,242,239,243,240,244,241,245,242,246,243,247,244,248,245,248,246,249,247,250,248,251,249,251,250,252,251,253,251,254,252,255,253,255,254,255,253,256,252,256,251,257,250,258,249,258,248,259,247,260,246,260,245,261,244,261,243,262,242,262,241,263,240,263,239,263,238,263,237,262,236,262,235,261,234,260,233,259,232,258,231,257,230,256,229,255,229
134,235,133,236,132,237,131,237,130,238,130,239,130,240,129,241,129,242,129,243,130,244,130,245,131,246,131,247,132,248,133,248,134,249,135,249,136,250,137,249,138,248,138,247,139,246,139,245,140,244,140,243,140,242,141,241,141,240,141,239,141,238,142,237,141,236,140,236,139,236,138,235,137,235,136,235,135,235
145,236,144,237,143,237,142,238,142,239,142,240,142,241,141,242,141,243,141,244,140,245,140,246,139,247,139,248,138,249,137,250,136,251,137,252,137,253,137,254,137,255,138,256,138,257,139,258,140,259,141,260,142,261,143,262,144,262,145,262,146,262,147,262,148,262,149,262,150,262,151,262,152,262,153,262,154,261,155,261,156,260,157,260,158,260,159,259,160,259,161,259,162,259,163,258,164,257,165,256,165,255,166,254,166,253,167,252,167,251,167,250,167,249,167,248,167,247,168,246,167,245,167,244,166,243,165,242,164,241,164,240,163,239,162,238,161,238,160,237,159,237,158,237,157,237,156,237,155,237,154,237,153,237,152,237,151,237,150,237,149,237,148,237,147,237,146,236
240,238,239,239,238,239,237,239,236,239,235,240,234,240,233,241,232,241,231,242,230,243,230,244,230,245,230,246,229,247,229,248,229,249,228,250,228,251,228,252,228,253,228,254,227,255,228,256,228,257,229,258,229,259,230,260,230,261,231,262,232,263,233,264,234,264,235,265,236,266,237,266,238,266,239,267,240,268,241,267,242,266,243,265,244,264,245,263,246,262,247,261,248,260,248,259,248,258,248,257,248,256,249,255,249,254,250,253,250,252,251,251,250,250,250,249,249,248,248,247,247,246,247,245,246,244,245,243,244,242,243,241,242,240,241,239
304,238,303,239,302,240,301,241,300,242,299,243,298,243,297,244,296,245,296,246,295,247,294,248,294,249,293,250,293,251,293,252,293,253,293,254,293,255,294,256,294,257,295,258,296,259,297,260,298,261,299,261,300,261,301,262,302,262,303,261,304,261,305,261,306,260,307,259,308,258,309,257,309,256,310,255,311,254,312,253,312,252,313,251,314,250,314,249,315,248,315,247,315,246,315,245,315,244,315,243,314,242,314,241,313,240,312,239,311,239,310,239,309,238,308,238,307,238,306,238,305,238
191,240,190,241,189,241,188,242,187,242,186,243,185,243,185,244,184,245,184,246,184,247,184,248,184,249,185,250,186,251,186,252,186,253,187,254,188,255,189,256,190,257,191,258,191,259,192,260,193,260,194,261,195,262,196,263,197,264,198,264,199,264,200,264,201,264,202,263,203,263,204,262,205,262,206,261,207,260,208,259,208,258,209,257,209,256,210,255,210,254,211,253,211,252,212,251,211,250,211,249,210,248,209,247,208,246,207,245,206,244,205,244,204,244,203,244,202,243,201,243,200,242,199,242,198,241,197,241,196,240,195,240,194,240,193,240,192,240
176,252,175,253,174,254,173,254,172,255,171,255,170,256,169,256,168,257,167,257,166,258,165,259,164,258,163,259,164,260,164,261,165,262,166,263,167,264,168,265,169,266,170,267,171,267,172,268,173,269,174,270,175,271,176,272,177,273,178,274,179,273,180,273,181,273,182,273,183,273,184,273,185,273,186,273,187,272,188,272,189,271,190,270,191,269,191,268,192,267,192,266,192,265,192,264,192,263,192,262,192,261,191,260,190,259,190,258,189,257,188,256,187,255,186,255,185,254,184,253,183,253,182,252,181,252,180,252,179,252,178,252,177,252
213,259,212,260,211,261,210,262,209,263,209,264,209,265,208,266,207,267,207,268,206,269,206,270,206,271,207,272,208,273,208,274,209,275,210,276,210,277,211,278,212,279,212,280,212,281,213,280,214,280,215,280,216,280,217,280,218,280,219,280,220,280,221,280,222,279,223,279,224,279,225,279,226,279,227,279,228,279,229,279,230,278,231,277,231,276,232,275,233,274,232,273,233,272,233,271,233,270,233,269,233,268,232,267,232,266,231,265,230,264,230,263,229,262,228,261,227,260,226,260,225,260,224,259,223,259,222,259,221,259,220,259,219,259,218,259,217,259,216,259,215,259,214,259
159,260,158,261,157,261,156,261,155,262,154,262,153,263,152,263,153,264,152,265,152,266,152,267,151,268,151,269,151,270,150,271,150,272,151,273,151,274,151,275,151,276,152,277,152,278,153,278,154,279,155,280,156,281,157,281,158,282,159,283,160,283,161,284,162,284,163,284,164,285,165,285,166,285,167,285,168,285,169,285,170,285,171,285,172,284,173,284,174,284,174,283,175,282,175,281,175,280,176,279,176,278,176,277,177,276,177,275,177,274,176,273,175,272,174,271,173,270,172,269,171,268,170,268,169,267,168,266,167,265,166,264,165,263,164,262,163,261,163,260,162,260,161,260,160,260
288,260,287,261,286,261,285,261,284,261,283,262,282,262,281,263,280,263,279,264,278,265,278,266,277,267,276,268,276,269,276,270,275,271,275,272,275,273,275,274,275,275,274,276,275,277,275,278,275,279,275,280,276,281,276,282,277,283,277,284,278,285,279,286,280,287,281,287,282,287,283,288,284,288,285,289,286,289,287,289,288,289,289,289,290,289,291,289,292,289,293,288,294,287,295,287,296,286,297,285,298,284,298,283,299,282,300,281,301,280,301,279,301,278,301,277,301,276,300,275,300,274,300,273,300,272,300,271,299,270,299,269,299,268,298,267,298,266,297,265,296,264,295,263,294,262,293,262,292,261,291,261,290,261,289,261
200,270,199,271,198,271,197,271,196,272,195,273,194,274,193,274,192,275,191,276,190,276,189,277,188,278,187,279,186,280,185,281,185,282,185,283,185,284,185,285,184,286,185,287,185,288,186,289,187,290,188,291,189,291,190,291,191,291,192,291,193,291,194,291,195,291,196,291,197,290,198,290,199,290,200,289,201,289,202,289,203,288,204,287,205,287,206,287,207,286,208,286,209,285,210,285,211,284,211,283,211,282,211,281,211,280,211,279,210,278,209,277,209,276,208,275,207,274,207,273,206,272,205,271,205,270,204,270,203,270,202,270,201,270
306,279,305,280,304,280,303,280,302,280,301,281,300,282,299,283,299,284,298,285,297,286,296,287,295,288,294,288,293,289,292,290,291,291,290,292,289,293,289,294,288,295,287,296,287,297,286,298,286,299,285,300,285,301,285,302,285,303,285,304,285,305,285,306,286,307,286,308,287,309,287,310,288,310,289,311,290,311,291,312,292,313,293,313,294,313,295,313,296,313,297,313,298,312,299,312,300,312,301,311,302,311,303,310,304,309,305,308,306,307,306,306,307,305,308,304,309,303,310,302,311,301,312,300,312,299,313,298,313,297,313,296,313,295,314,294,314,293,315,292,315,291,315,290,315,289,315,288,315,287,315,286,314,285,314,284,314,283,313,282,312,282,311,281,310,281,309,280,308,280,307,279
251,280,250,281,249,281,248,281,247,282,246,282,245,283,244,283,243,284,242,284,241,285,240,286,239,286,238,287,237,287,236,287,236,288,235,289,234,290,234,291,233,292,232,293,231,294,231,295,230,296,230,297,229,298,229,299,229,300,229,301,229,302,228,303,229,304,230,304,231,305,232,305,233,305,234,305,235,305,236,304,237,304,238,304,239,304,240,303,241,303,242,302,243,301,244,300,245,299,246,298,247,297,248,296,249,295,250,295,251,294,252,293,252,292,252,291,252,290,252,289,253,288,253,287,253,286,252,285,253,284,253,283,253,282,253,281,253,280,252,280
266,280,265,281,264,281,263,281,262,281,261,282,260,282,259,282,258,283,257,283,256,284,255,285,254,286,254,287,254,288,253,289,253,290,253,291,253,292,253,293,254,294,254,295,255,296,255,297,256,298,257,299,258,300,259,300,260,301,260,302,260,303,261,303,262,304,263,305,264,305,265,306,266,306,267,306,268,306,269,306,270,306,271,306,272,307,273,307,273,306,274,305,275,305,276,304,277,303,278,302,279,301,279,300,280,299,280,298,280,297,280,296,280,295,280,294,280,293,280,292,280,291,279,290,279,289,278,288,278,287,277,286,276,285,275,285,274,284,273,283,272,282,271,282,270,281,269,281,268,281,267,280
178,286,177,287,176,287,175,287,174,287,173,287,172,288,171,289,170,290,170,291,171,292,171,293,172,294,172,295,173,296,174,297,175,297,176,298,177,299,178,299,179,299,180,299,181,299,182,298,183,298,184,297,184,296,185,295,186,294,186,293,186,292,186,291,186,290,185,289,184,288,184,287,183,288,182,287,181,287,180,287,179,286
327,290,326,291,325,291,324,291,323,292,322,292,321,293,320,294,319,294,318,295,317,296,316,297,315,298,314,298,313,299,313,300,312,301,311,302,310,303,309,304,308,305,307,306,307,307,306,308,305,309,304,310,303,311,303,312,302,313,302,314,302,315,302,316,302,317,302,318,302,319,302,320,302,321,302,322,301,323,301,324,301,325,301,326,301,327,301,328,301,329,301,330,300,331,300,332,301,333,301,334,302,335,303,336,304,336,305,337,304,338,303,338,304,338,305,337,306,338,307,337,308,337,309,338,310,337,311,337,312,336,313,336,314,335,315,335,316,334,317,333,318,332,319,331,320,331,321,330,322,329,323,328,324,327,325,326,325,325,326,324,326,323,327,322,327,321,327,320,327,319,327,318,327,317,327,316,327,315,327,314,327,313,327,312,328,311,328,310,328,309,329,308,330,307,330,306,331,305,332,305,333,304,334,303,334,302,334,301,335,300,335,299,335,298,335,297,336,296,336,295,335,294,335,293,334,292,333,291,332,291,331,290,330,290,329,290,328,290
252,294,251,295,250,296,249,296,248,297,247,298,246,299,245,300,244,301,243,302,242,303,241,304,240,304,239,305,240,306,241,307,241,308,241,309,241,310,241,311,241,312,241,313,241,314,240,315,240,316,240,317,239,318,238,319,238,320,238,321,237,322,237,323,237,324,237,325,237,326,237,327,238,328,238,329,239,330,240,330,241,331,242,331,243,331,244,331,245,331,246,332,247,332,248,332,249,332,250,332,251,331,252,331,253,331,254,331,255,331,256,331,257,330,258,330,259,330,260,329,261,329,262,329,263,328,264,328,265,328,266,328,267,327,268,327,269,327,270,326,271,326,272,325,273,324,274,324,274,323,275,322,276,321,277,320,277,319,277,318,277,317,277,316,277,315,277,314,276,313,276,312,276,311,275,310,274,309,273,308,272,308,271,307,270,307,269,307,268,307,267,307,266,307,265,307,264,306,263,306,262,305,261,305,260,304,259,304,258,303,258,302,257,301,257,300,256,299,255,298,254,297,254,296,253,295,253,294
191,299,190,300,189,300,188,300,187,301,186,302,185,303,185,304,184,305,184,306,185,307,186,308,187,309,188,310,189,310,190,311,191,311,192,311,193,311,194,311,195,310,196,310,197,309,198,309,199,308,199,307,199,306,199,305,199,304,199,303,198,302,198,301,197,300,196,300,195,299,194,299,193,299,192,299
232,306,231,307,230,308,229,309,228,309,227,309,226,310,225,310,224,311,223,312,222,312,221,313,220,313,219,314,218,315,217,316,216,317,216,318,215,319,214,320,214,321,214,322,213,323,213,324,214,325,214,326,215,327,216,328,217,328,218,328,219,328,220,328,221,328,222,328,223,327,224,327,225,327,226,326,227,326,228,325,229,324,230,323,231,323,232,322,233,321,234,320,235,319,235,318,236,317,237,316,237,315,237,314,237,313,238,312,238,311,237,310,237,309,237,308,237,307,236,307,235,306,234,306,233,306
328,412,327,413,326,414,325,414,325,415,325,416,325,417,325,418,325,419,326,420,326,421,327,422,328,423,328,424,329,425,330,425,331,426,332,427,333,428,334,429,335,430,335,431,336,432,337,433,338,434,339,435,340,436,341,436,342,436,343,437,344,437,345,437,346,437,347,437,348,437,349,437,350,437,351,437,352,437,353,436,354,436,355,435,356,434,357,433,357,432,357,431,357,430,357,429,357,428,356,427,356,426,355,425,354,424,353,423,352,422,351,422,350,422,349,421,348,421,347,421,346,420,345,420,344,419,343,418,342,417,341,417,340,416,339,415,338,414,337,414,336,413,335,412,334,412,333,412,332,412,331,412,330,412,329,412
144,416,143,417,142,417,141,418,140,418,139,419,138,419,138,420,137,421,136,422,136,423,136,424,135,425,135,426,135,427,134,428,134,429,135,430,135,431,135,432,135,433,135,434,135,435,136,436,137,437,138,438,139,439,140,440,141,440,142,440,143,441,144,441,145,440,146,440,147,440,148,440,149,440,150,439,151,439,152,438,153,438,154,437,155,436,156,435,157,434,157,433,158,432,159,431,160,430,161,429,161,428,161,427,161,426,161,425,160,424,160,423,159,422,159,421,158,420,157,419,156,418,155,418,154,418,153,417,152,417,151,417,150,417,149,416,148,416,147,416,146,416,145,416
381,416,380,417,379,417,378,417,377,417,376,417,375,417,374,418,373,419,372,419,371,420,370,421,369,422,368,423,367,424,367,425,367,426,367,427,367,428,366,429,367,430,367,431,367,432,367,433,367,434,368,435,368,436,368,437,369,438,369,439,369,440,369,441,369,442,369,443,370,444,370,445,371,446,371,447,372,448,373,449,374,449,375,450,376,450,377,451,378,451,379,451,380,451,381,451,382,451,383,451,384,451,385,451,386,450,387,449,388,449,389,448,389,447,389,446,390,445,390,444,390,443,391,442,391,441,391,440,392,439,392,438,393,437,393,436,394,435,394,434,395,433,395,432,396,431,395,430,395,429,395,428,394,427,394,426,393,425,393,424,392,423,391,422,391,421,390,420,389,419,388,418,387,418,386,417,385,417,384,417,383,416,382,416
172,418,171,419,170,419,169,419,168,420,167,420,166,421,165,422,164,423,164,424,163,425,162,425,162,426,162,427,162,428,162,429,161,430,162,431,163,432,163,433,164,434,165,435,165,436,165,437,166,438,167,439,168,440,169,440,170,440,171,441,172,441,173,441,174,441,175,441,176,441,177,440,178,439,179,438,180,437,181,436,182,435,182,434,183,433,183,432,183,431,184,430,184,429,184,428,184,427,183,426,183,425,183,424,182,423,182,422,181,421,180,420,179,420,178,419,177,419,176,419,175,418,174,418,173,418
305,418,304,419,303,419,302,420,301,420,300,421,300,422,299,423,298,424,298,425,297,426,297,427,297,428,297,429,297,430,298,431,298,432,299,433,300,434,301,435,302,436,303,437,304,437,305,438,306,438,307,438,308,438,309,438,310,438,311,438,312,438,313,438,314,438,315,437,316,437,317,436,318,436,319,435,320,434,321,433,321,432,322,431,323,430,323,429,324,428,324,427,324,426,324,425,323,424,323,423,322,422,321,421,320,420,319,420,318,420,317,419,316,419,315,419,314,418,313,418,312,418,311,418,310,418,309,418,308,418,307,418,306,418
196,419,195,420,194,420,193,420,192,420,191,420,190,420,189,421,188,421,187,422,186,423,186,424,186,425,185,426,185,427,185,428,185,429,186,430,186,431,186,432,187,433,188,434,189,435,190,436,191,437,192,437,193,438,194,438,195,438,196,438,197,438,198,439,199,438,200,438,201,438,202,438,203,437,204,437,205,437,206,436,207,435,208,434,209,433,209,432,210,431,210,430,210,429,210,428,210,427,210,426,209,425,209,424,208,423,207,422,206,421,205,421,204,420,203,420,202,419,201,419,200,419,199,419,198,419,197,419
121,425,120,426,119,426,118,427,117,427,116,428,116,429,115,430,114,431,114,432,113,433,113,434,112,435,113,436,114,437,115,438,116,439,117,440,118,441,119,442,120,443,121,443,122,443,123,443,124,442,125,442,126,442,127,441,128,441,129,440,130,440,131,439,132,438,133,437,134,436,134,435,134,434,134,433,134,432,134,431,134,430,133,429,133,428,132,427,131,426,130,426,129,426,128,426,127,425,126,425,125,425,124,425,123,425,122,425
216,430,215,431,214,431,213,431,212,432,211,431,210,432,210,433,209,434,208,435,207,436,206,437,205,438,206,439,205,440,205,441,205,442,205,443,205,444,206,445,206,446,207,447,208,448,209,449,210,450,211,451,212,451,213,452,214,453,215,454,216,454,217,454,218,454,219,454,220,453,221,453,222,453,223,453,224,452,225,452,226,451,227,451,227,450,228,449,228,448,228,447,229,446,229,445,229,444,229,443,229,442,229,441,228,440,228,439,228,438,228,437,228,436,227,435,226,434,225,433,224,432,223,431,222,431,221,431,220,431,219,431,218,430,217,430
397,431,396,432,396,433,395,434,395,435,394,436,394,437,393,438,393,439,392,440,392,441,392,442,391,443,391,444,391,445,390,446,390,447,390,448,391,449,392,450,392,451,393,451,394,452,395,453,396,454,397,454,398,455,399,455,400,455,401,455,402,455,403,455,404,455,405,454,406,453,407,453,408,452,408,451,409,450,409,449,409,448,409,447,409,446,410,445,410,444,409,443,409,442,409,441,408,440,408,439,407,438,407,437,406,436,405,435,404,434,403,433,402,433,401,432,400,432,399,432,398,432
111,436,110,437,109,437,108,438,107,438,106,438,105,438,104,438,103,439,102,440,101,440,100,441,99,442,98,442,97,443,96,444,95,444,94,445,93,446,92,447,92,448,91,449,91,450,90,451,90,452,90,453,90,454,90,455,91,456,91,457,92,458,93,459,93,460,94,461,95,461,96,462,97,462,98,462,99,463,100,463,101,462,102,462,103,462,104,462,105,461,106,461,107,460,108,459,109,458,110,457,111,456,112,455,113,454,114,453,115,452,115,451,116,450,117,449,118,448,119,447,120,446,120,445,120,444,119,443,118,442,117,441,116,440,115,439,114,438,113,437,112,436
315,441,314,442,313,442,312,443,311,443,310,443,309,444,308,445,307,446,306,447,305,448,305,449,304,450,304,451,304,452,303,453,303,454,303,455,303,456,303,457,303,458,303,459,303,460,303,461,304,462,304,463,305,464,305,465,306,466,307,467,308,468,308,469,309,470,310,471,310,472,311,473,312,474,313,475,314,476,315,476,316,476,317,476,318,477,319,477,320,477,321,477,322,477,323,477,324,477,325,477,326,476,327,476,328,475,329,475,330,474,331,474,332,473,333,473,334,472,335,471,336,470,337,469,338,469,338,468,338,467,339,466,339,465,339,464,339,463,340,462,340,461,339,460,339,459,340,458,340,457,340,456,339,455,339,454,339,453,338,452,338,451,338,450,337,449,337,448,336,447,335,446,334,445,333,444,332,444,331,443,330,443,329,442,328,442,327,441,326,441,325,441,324,441,323,441,322,441,321,441,320,441,319,441,318,441,317,441,316,441
349,449,348,450,347,450,346,450,345,451,345,452,344,453,343,454,343,455,342,456,341,457,342,458,342,459,342,460,341,461,341,462,340,463,340,464,340,465,340,466,339,467,339,468,339,469,340,470,339,471,339,472,339,473,339,474,338,475,338,476,338,477,337,478,337,479,337,480,337,481,337,482,337,483,337,484,337,485,337,486,337,487,337,488,337,489,337,490,338,491,338,492,339,493,340,494,340,495,341,496,342,497,343,497,344,498,345,498,346,499,347,500,348,500,349,499,350,499,351,499,352,499,353,499,354,499,355,499,356,499,357,499,358,499,359,498,360,497,361,497,362,496,363,495,364,495,365,494,366,493,367,493,368,493,368,492,368,491,369,490,369,489,369,488,369,487,369,486,370,485,370,484,370,483,370,482,370,481,370,480,371,479,371,478,371,477,371,476,371,475,371,474,371,473,372,472,371,471,370,470,370,469,370,468,370,467,369,466,369,465,369,464,369,463,369,462,369,461,368,460,368,459,368,458,367,457,366,456,366,455,365,454,365,453,364,452,363,452,362,451,361,450,360,450,359,450,358,449,357,449,356,449,355,449,354,449,353,449,352,449,351,449,350,449
162,450,161,451,160,451,159,451,158,451,157,451,156,451,155,451,154,451,153,452,152,452,151,452,150,453,149,453,148,454,147,455,146,455,145,456,145,457,144,458,143,459,142,460,141,461,140,462,139,463,139,464,138,465,137,466,136,467,136,468,135,469,135,470,134,471,133,472,133,473,132,474,131,475,130,476,129,477,128,478,127,478,128,479,128,480,129,481,130,482,130,483,131,484,131,485,132,486,132,487,133,488,133,489,134,490,134,491,135,492,135,493,135,494,135,495,136,496,136,497,136,498,136,499,137,500,137,501,137,502,137,503,137,504,137,505,137,506,138,507,138,508,138,509,138,510,139,510,140,510,141,510,142,510,143,510,144,510,145,510,146,510,147,510,148,510,149,510,150,510,151,510,152,510,153,510,153,509,154,508,155,509,156,508,157,508,158,508,159,508,160,508,161,508,162,507,162,506,163,505,163,504,164,503,165,502,166,501,165,500,166,499,166,498,167,497,167,496,168,495,169,496,169,495,169,494,170,493,170,492,170,491,170,490,171,489,172,489,173,488,174,487,175,487,175,486,175,485,175,484,176,483,176,482,176,481,177,480,177,479,177,478,178,477,178,476,179,475,179,474,179,473,180,472,180,471,179,470,180,469,180,468,179,467,179,466,179,465,179,464,178,463,178,462,177,461,176,460,176,459,175,458,174,457,173,456,173,455,172,454,171,454,170,453,169,452,168,452,167,451,166,451,165,451,164,451,163,450
275,450,274,451,273,451,272,451,271,452,270,453,269,454,269,455,268,456,268,457,268,458,268,459,268,460,268,461,268,462,268,463,269,464,269,465,270,466,271,467,272,468,272,469,273,470,274,470,275,471,276,472,277,472,278,473,279,473,280,474,281,474,282,475,283,475,284,476,285,476,286,476,287,475,288,474,289,473,289,472,289,471,289,470,289,469,289,468,289,467,289,466,289,465,288,464,288,463,288,462,287,461,287,460,286,459,286,458,285,457,285,456,284,455,283,455,282,454,281,453,280,452,279,451,278,451,277,451,276,451
86,460,85,461,84,461,83,461,82,462,81,462,80,462,79,462,78,463,77,463,76,464,75,464,74,465,73,465,72,465,71,466,70,466,69,467,68,468,67,469,66,470,66,471,65,472,65,473,64,474,64,475,64,476,64,477,64,478,64,479,64,480,64,481,64,482,64,483,65,484,65,485,66,486,66,487,67,488,68,489,69,490,70,491,71,491,72,492,73,492,74,493,75,493,76,493,77,494,78,494,79,494,80,493,81,493,82,493,82,492,83,491,84,491,85,490,86,489,87,488,88,487,89,486,90,486,90,485,91,484,91,483,92,482,92,481,93,480,93,479,94,478,95,477,96,476,97,475,97,474,97,473,98,472,98,471,98,470,98,469,98,468,98,467,97,466,97,465,96,464,96,463,95,463,94,462,93,461,92,461,91,461,90,461,89,460,88,460,87,460
193,463,192,464,191,464,190,465,189,466,188,466,187,467,186,467,185,468,184,469,183,470,182,471,181,472,180,473,180,474,180,475,179,476,179,477,178,478,178,479,178,480,177,481,177,482,177,483,176,484,176,485,176,486,176,487,176,488,176,489,176,490,177,491,177,492,177,493,177,494,177,495,178,496,178,497,179,498,179,499,180,500,180,501,181,502,182,503,183,504,184,504,185,505,186,506,187,506,188,507,189,508,190,508,191,508,192,509,193,509,194,509,195,510,196,509,197,510,198,510,199,510,200,510,201,510,202,509,203,509,204,508,205,508,206,507,207,507,208,506,209,507,210,506,211,505,212,505,213,504,214,503,214,502,215,501,216,500,217,499,218,498,219,497,219,496,219,495,219,494,220,493,220,492,220,491,220,490,221,489,221,488,221,487,221,486,221,485,221,484,221,483,221,482,220,481,220,480,219,479,219,478,218,477,218,476,217,475,217,474,216,473,216,472,215,471,214,470,214,469,213,468,212,468,211,467,210,466,209,465,208,465,207,464,206,464,205,464,204,464,203,463,202,463,201,463,200,463,199,463,198,463,197,463,196,463,195,463,194,463
386,465,385,466,384,466,383,466,382,466,381,467,380,467,379,468,378,468,377,469,376,470,375,470,374,471,373,472,372,473,372,474,372,475,372,476,372,477,372,478,372,479,371,480,371,481,371,482,371,483,371,484,371,485,370,486,370,487,370,488,370,489,370,490,369,491,369,492,369,493,370,493,371,494,371,495,372,496,373,497,374,498,375,499,376,499,377,500,378,500,379,501,380,501,381,501,382,501,383,501,384,501,385,501,386,501,387,501,388,501,389,500,390,500,391,500,392,500,393,499,394,499,395,498,396,497,397,496,398,495,399,494,400,493,401,492,402,491,403,490,403,489,404,488,404,487,405,486,405,485,406,484,406,483,406,482,406,481,406,480,406,479,406,478,406,477,406,476,405,475,405,474,404,473,403,472,403,471,402,470,401,469,400,469,399,468,398,468,397,467,396,467,395,466,394,466,393,466,392,466,391,465,390,465,389,465,388,465,387,465
125,479,124,480,123,480,122,480,121,480,120,480,119,480,118,480,117,480,116,480,115,480,114,480,113,481,112,481,111,481,110,482,109,482,108,482,107,483,106,483,105,484,104,484,103,485,103,486,102,487,101,488,100,489,100,490,99,491,98,492,98,493,97,494,97,495,96,496,96,497,95,498,95,499,94,500,94,501,94,502,93,503,93,504,93,505,93,506,92,507,92,508,93,509,94,510,95,510,96,510,97,511,98,511,99,511,100,511,101,511,102,511,103,511,104,511,105,511,106,511,107,511,108,511,109,511,110,511,111,511,112,511,113,511,114,511,115,511,116,511,117,511,118,511,119,511,120,511,121,511,122,511,123,511,124,511,125,511,126,511,127,511,128,511,129,511,130,511,131,511,132,511,133,510,134,510,135,510,136,510,137,510,137,509,137,508,137,507,136,506,136,505,136,504,136,503,136,502,136,501,136,500,135,499,135,498,135,497,135,496,134,495,134,494,134,493,134,492,133,491,133,490,132,489,132,488,131,487,131,486,130,485,130,484,129,483,129,482,128,481,127,480,127,479,126,479
282,487,281,488,280,488,279,489,278,490,278,491,277,492,276,493,276,494,275,495,275,496,274,497,274,498,274,499,274,500,273,501,273,502,273,503,272,504,272,505,271,506,271,507,270,508,270,509,270,510,270,511,271,511,272,511,273,511,274,511,275,511,276,511,277,511,278,511,279,511,280,511,281,511,282,511,283,510,284,510,285,510,286,509,287,508,288,508,289,507,289,506,290,505,291,504,292,503,293,502,293,501,293,500,294,499,294,498,294,497,294,496,293,495,293,494,293,493,292,492,292,491,291,490,290,490,289,489,288,489,287,488,286,488,285,487,284,487,283,487
309,487,308,488,307,488,306,488,305,489,304,490,303,491,302,492,301,493,301,494,300,495,299,496,300,497,299,498,299,499,299,500,299,501,299,502,299,503,298,504,298,505,298,506,298,507,298,508,299,509,300,510,301,510,302,510,303,510,304,510,305,510,306,510,307,510,308,510,309,511,310,511,311,511,312,511,313,511,314,511,315,511,316,511,317,511,318,511,319,511,320,511,321,511,322,511,323,510,324,510,325,510,326,510,327,510,328,510,329,510,329,509,330,508,331,507,331,506,332,505,332,504,332,503,332,502,332,501,332,500,332,499,332,498,332,497,332,496,331,495,331,494,330,493,329,492,328,491,327,490,326,490,325,489,324,489,323,489,322,489,321,488,320,488,319,488,318,487,317,487,316,487,315,487,314,487,313,487,312,487,311,487,310,487
61,495,60,496,59,496,58,496,57,496,56,497,55,497,54,498,53,499,53,500,52,501,51,501,51,502,51,503,50,504,50,505,49,506,49,507,49,508,48,509,48,510,49,511,50,511,51,511,52,511,53,511,54,511,55,511,56,511,57,511,58,511,59,511,60,511,61,511,62,511,63,511,64,511,65,511,66,511,67,511,68,511,69,511,70,511,71,511,72,510,73,510,74,510,75,510,76,510,77,510,78,509,78,508,78,507,78,506,77,505,77,504,77,503,76,502,75,501,74,501,73,500,72,499,71,498,70,498,69,497,68,497,67,496,66,496,65,496,64,496,63,495,62,495
411,499,410,500,409,500,408,500,407,501,406,501,405,501,404,502,403,502,402,503,401,504,400,504,400,505,399,506,398,507,397,508,397,509,398,510,399,510,400,511,401,510,402,510,403,511,404,511,405,511,406,511,407,511,408,511,409,511,410,511,411,511,412,511,413,511,414,511,415,511,416,510,417,510,418,510,419,510,420,509,421,508,421,507,421,506,421,505,421,504,421,503,421,502,420,501,419,501,418,501,417,500,416,500,415,500,414,499,413,499,412,499
349,500,348,501,347,501,346,501,345,502,344,503,343,503,342,504,341,505,340,506,339,507,338,508,337,509,336,509,336,510,337,511,338,511,339,511,340,511,341,511,342,511,343,511,344,511,345,511,346,511,347,511,348,511,349,511,350,511,351,511,352,511,353,511,354,511,355,511,356,511,357,511,358,511,359,511,360,511,361,511,362,511,363,511,364,511,365,511,366,511,367,511,368,511,369,511,370,511,371,511,372,510,372,509,372,508,371,507,370,506,369,505,368,505,367,505,366,504,365,503,364,503,363,502,362,502,361,502,360,502,359,501,358,500,357,500,356,500,355,500,354,500,353,500,352,500,351,500,350,500
