56,14,55,15,54,16,53,17,52,18,52,19,51,20,52,21,52,22,53,23,54,24,55,24,56,24,57,25,58,24,59,24,60,25,61,24,62,24,63,23,64,23,64,22,65,21,65,20,65,19,64,18,64,17,63,16,62,15,61,14,60,14,59,14,58,14,57,14
60,37,59,38,58,38,57,39,57,40,56,41,55,42,55,43,55,44,56,45,56,46,57,47,58,48,59,48,60,49,61,49,62,50,63,50,64,51,65,51,66,51,67,51,68,51,69,51,70,51,71,50,72,50,73,49,74,48,75,47,75,46,75,45,75,44,75,43,75,42,74,41,74,40,73,39,72,39,71,38,70,38,69,38,68,37,67,37,66,37,65,37,64,37,63,37,62,37,61,37
35,40,34,41,33,42,32,42,31,43,30,44,30,45,29,46,29,47,28,48,28,49,29,50,29,51,30,52,31,53,32,53,33,54,34,54,35,53,36,53,37,53,38,53,39,52,40,52,41,51,42,50,43,49,43,48,43,47,44,46,44,45,44,44,44,43,43,42,42,42,41,41,40,41,39,40,38,40,37,40,36,40
67,54,66,55,65,55,64,56,63,56,62,57,61,58,61,59,61,60,61,61,61,62,61,63,61,64,61,65,61,66,62,67,63,67,64,68,65,68,66,69,67,69,68,69,69,70,70,70,71,69,72,69,73,68,74,68,75,68,76,67,77,66,78,65,78,64,79,63,79,62,79,61,78,60,78,59,78,58,77,57,76,56,75,56,74,55,73,55,72,54,71,54,70,54,69,54,68,54
58,67,57,68,56,69,56,70,56,71,55,72,55,73,55,74,56,75,56,76,57,77,57,78,58,79,58,80,59,81,60,82,60,83,61,84,61,85,62,86,63,87,64,88,65,89,66,90,67,90,68,90,69,91,70,91,71,91,72,91,73,91,74,91,75,90,76,90,77,90,78,90,79,89,79,88,80,87,81,86,82,85,82,84,83,83,84,82,85,81,86,80,87,79,87,78,86,77,86,76,85,75,84,74,83,74,82,74,81,73,80,73,79,73,78,73,77,72,76,72,75,72,74,72,73,72,72,72,71,71,70,71,69,71,68,70,67,70,66,70,65,69,64,69,63,68,62,68,61,67,60,67,59,67
87,80,86,81,85,82,84,83,83,84,83,85,82,86,81,87,80,88,80,89,79,90,78,91,79,92,79,93,79,94,78,95,78,96,79,97,79,98,80,99,81,100,82,100,83,100,84,101,85,101,86,101,87,101,88,102,89,102,90,102,91,101,92,101,93,100,94,100,95,99,96,98,97,97,98,96,98,95,98,94,99,93,99,92,99,91,99,90,100,89,100,88,100,87,100,86,99,85,99,84,98,84,97,83,96,83,95,82,94,82,93,82,92,82,91,81,90,81,89,81,88,80
123,105,122,106,121,106,120,107,119,107,118,108,117,108,116,109,115,110,114,111,113,112,113,113,112,114,111,114,111,115,110,116,109,117,108,118,107,119,106,120,105,121,104,122,104,123,104,124,103,125,102,126,102,127,102,128,102,129,102,130,103,131,103,132,103,133,104,134,105,135,106,136,107,137,108,138,109,138,110,139,111,139,112,139,113,139,114,138,115,138,116,137,117,136,118,135,119,135,120,134,121,133,122,132,123,131,124,131,125,130,126,129,127,129,128,128,129,128,130,127,130,126,131,125,131,124,132,123,133,122,133,121,134,120,135,119,136,118,136,117,137,116,137,115,137,114,137,113,137,112,137,111,137,110,136,109,135,108,134,108,133,107,133,106,132,105,131,105,130,105,129,105,128,105,127,105,126,105,125,105,124,105
72,115,71,116,70,116,69,116,68,117,67,118,67,119,67,120,67,121,67,122,67,123,68,124,68,125,69,126,70,127,71,127,72,128,73,128,74,129,75,129,76,129,77,129,78,129,79,128,80,128,81,127,82,126,82,125,83,124,83,123,83,122,83,121,82,120,82,119,81,118,80,117,79,117,78,116,77,116,76,116,75,115,74,115,73,115
130,128,129,129,128,129,127,130,126,130,125,131,124,132,123,132,122,133,121,134,120,135,119,136,118,136,117,137,116,138,115,139,114,139,113,140,112,140,111,140,111,141,112,142,112,143,112,144,112,145,112,146,112,147,112,148,113,149,112,150,112,151,112,152,112,153,112,154,112,155,111,156,111,157,111,158,111,159,111,160,111,161,111,162,112,163,112,164,112,165,112,166,112,167,112,168,112,169,112,170,113,169,114,168,115,169,116,169,117,169,118,169,119,169,120,169,121,168,122,168,123,168,124,167,124,166,125,165,126,165,127,164,128,163,128,162,128,161,129,160,130,159,131,158,132,157,133,156,134,155,135,155,135,154,136,153,137,152,137,151,137,150,137,149,137,148,137,147,137,146,137,145,137,144,137,143,137,142,137,141,137,140,137,139,137,138,136,137,136,136,136,135,136,134,136,133,135,133,134,132,133,131,132,130,131,129
145,128,144,129,143,129,142,129,141,130,140,131,139,131,139,132,138,133,137,133,137,134,137,135,137,136,137,137,138,138,138,139,138,140,138,141,138,142,138,143,138,144,138,145,138,146,138,147,138,148,138,149,138,150,138,151,138,152,138,151,139,150,140,151,141,152,140,153,141,154,141,155,142,156,143,157,144,158,144,159,144,160,145,161,146,161,147,161,148,162,149,162,150,162,151,163,152,163,153,164,154,164,155,165,156,165,157,164,158,164,159,164,160,163,161,163,162,163,163,162,164,162,165,162,166,161,167,161,168,161,169,160,169,159,170,158,171,157,170,156,170,155,170,154,171,153,171,152,170,151,170,150,170,149,170,148,170,147,170,146,170,145,169,144,169,143,169,142,168,141,168,140,167,139,166,138,165,137,164,136,163,135,162,134,161,134,160,133,159,132,158,132,157,131,156,130,155,130,154,130,153,129,152,129,151,129,150,128,149,128,148,128,147,128,146,128
215,141,214,142,213,142,212,143,211,144,210,145,210,146,209,147,209,148,209,149,209,150,209,151,210,152,210,153,211,154,211,155,212,156,213,157,213,158,213,159,213,160,214,161,214,162,214,163,215,164,215,165,215,166,215,167,216,167,217,168,218,168,219,169,220,170,221,171,222,172,223,173,223,174,224,175,225,176,226,177,227,178,227,179,228,178,229,178,230,177,231,177,232,177,233,177,234,177,235,178,236,177,237,177,238,177,239,177,240,176,241,176,242,175,243,174,243,173,243,172,243,171,243,170,243,169,244,168,244,167,244,166,244,165,244,164,244,163,243,162,243,161,242,160,242,159,241,158,240,157,239,156,239,155,238,154,237,153,237,152,236,151,235,150,235,149,234,148,233,147,232,146,231,145,230,145,229,145,228,144,227,143,226,142,225,142,224,141,223,141,222,141,221,141,220,141,219,141,218,141,217,141,216,141
88,147,87,148,86,149,85,149,84,150,83,150,82,150,81,151,80,152,80,153,79,154,79,155,78,156,78,157,78,158,78,159,79,160,79,161,79,162,80,163,81,164,82,165,83,165,84,165,85,165,86,165,87,165,88,165,89,165,90,165,91,165,92,165,93,165,94,164,95,163,96,162,97,162,97,161,98,160,98,159,98,158,98,157,98,156,98,155,98,154,97,153,97,152,96,151,95,150,94,149,93,148,92,148,91,147,90,148,89,147
183,152,182,153,181,153,180,153,179,154,178,154,177,155,176,155,175,156,174,156,173,156,172,156,172,157,171,158,170,159,170,160,169,161,169,162,169,163,170,164,170,165,169,166,169,167,169,168,169,169,170,170,170,171,170,172,170,173,171,174,172,175,172,176,173,177,174,178,174,179,175,180,176,180,177,181,178,181,179,182,180,182,181,182,182,182,183,181,184,181,185,181,186,181,187,180,188,180,189,180,190,180,191,179,192,179,193,179,194,178,195,178,196,177,197,177,198,178,199,177,200,176,201,175,202,174,203,174,203,173,203,172,203,171,203,170,203,169,204,168,204,167,204,166,204,165,203,164,203,163,203,162,202,161,202,160,201,159,201,158,200,157,199,156,198,156,197,155,196,154,195,154,194,154,193,153,192,153,191,153,190,153,189,152,188,152,187,152,186,152,185,152,184,152
207,174,206,175,205,175,204,175,203,175,202,175,201,176,200,177,199,178,199,179,199,180,198,181,198,182,198,183,197,184,197,185,196,186,196,187,196,188,197,189,197,190,197,191,197,192,198,193,199,194,200,195,200,196,200,197,201,198,202,199,203,199,204,200,204,201,204,202,205,203,206,204,207,205,208,206,209,207,209,208,210,209,211,210,212,211,213,212,214,213,215,214,216,214,216,213,217,212,218,211,219,210,220,209,221,208,222,207,223,206,224,205,225,204,226,204,225,204,224,203,223,202,222,201,222,200,221,199,221,198,221,197,221,196,220,195,220,194,220,193,220,192,220,191,220,190,220,189,221,188,221,187,221,186,220,185,219,185,218,184,217,183,216,182,215,182,214,181,213,180,212,179,211,179,210,178,209,177,208,176,208,175
232,181,231,182,230,182,229,183,228,183,227,183,226,184,225,184,224,184,223,185,222,186,222,187,222,188,221,189,221,190,221,191,221,192,221,193,221,194,221,195,222,196,222,197,222,198,222,199,223,200,223,201,224,202,225,203,226,203,227,204,228,204,229,204,230,204,231,204,232,203,233,203,234,203,235,203,236,203,237,203,238,203,239,203,240,203,241,203,242,202,242,201,243,200,244,199,244,198,245,197,246,196,246,195,247,194,247,193,246,192,246,191,245,190,245,189,244,188,244,187,243,186,242,185,241,184,240,183,239,183,238,182,237,182,236,182,235,181,234,182,233,181
255,191,254,192,253,193,252,194,251,194,250,194,249,194,248,194,247,195,247,196,246,197,245,198,245,199,244,200,243,201,243,202,242,203,241,204,241,205,241,206,241,207,241,208,241,209,241,210,241,211,240,212,240,213,240,214,239,215,239,216,238,217,237,218,237,219,236,220,236,221,235,222,234,223,233,224,232,225,232,226,232,227,232,228,232,229,233,230,233,231,233,232,233,233,233,234,234,235,234,236,235,237,235,238,236,238,237,238,238,238,239,239,240,239,241,238,242,237,243,236,244,235,245,234,246,234,247,233,248,232,249,231,250,230,251,230,252,229,253,228,254,227,255,227,256,226,257,225,258,224,259,224,260,223,261,223,262,222,263,222,264,221,265,221,266,221,267,220,268,220,269,220,270,220,269,220,268,219,267,219,266,218,265,217,265,216,264,215,263,214,263,213,263,212,262,211,262,210,262,209,262,208,262,207,262,206,262,205,262,204,262,203,262,202,261,201,261,200,261,199,261,198,261,197,261,196,261,195,260,194,260,193,260,192,260,191,259,191,258,191,257,191,256,191
176,194,175,195,174,195,173,195,172,195,171,196,170,196,169,196,168,197,167,197,166,197,165,197,164,197,165,197,166,198,165,199,164,200,163,200,162,199,161,200,160,201,159,202,158,203,157,203,156,204,155,205,154,205,153,205,152,206,151,206,150,206,149,206,148,206,147,207,146,207,145,207,144,207,143,208,142,208,141,208,140,208,139,208,138,209,138,210,138,211,138,212,138,213,137,214,136,215,135,216,136,217,135,218,136,219,135,220,135,221,136,222,137,223,137,224,138,225,139,225,140,226,141,227,142,227,143,228,144,228,145,228,146,228,147,228,148,228,149,228,150,229,151,229,152,229,153,229,154,229,155,229,156,230,157,230,158,231,159,232,160,232,161,233,162,233,163,232,164,232,165,231,166,230,167,229,168,228,169,227,170,226,170,225,170,224,170,223,171,222,171,221,172,220,173,219,174,219,175,218,176,218,177,217,177,216,178,215,179,215,179,214,179,213,180,212,180,211,181,210,182,210,182,209,182,208,182,207,182,206,183,205,182,204,182,203,182,202,182,201,182,200,181,199,181,198,180,197,180,196,180,195,179,195,178,194,177,194
197,198,196,199,195,200,194,201,193,201,192,202,191,203,190,204,189,204,188,205,188,206,189,207,189,208,189,209,189,210,189,211,189,212,189,213,188,214,188,215,187,216,187,217,187,218,187,219,186,220,186,221,185,222,186,223,187,224,188,225,189,226,190,227,191,228,192,228,193,229,194,230,195,230,196,230,197,229,198,229,199,228,200,228,201,228,202,227,203,227,204,226,205,226,206,226,207,225,208,224,209,223,210,222,211,221,212,220,213,220,214,219,215,219,216,218,216,217,215,216,215,215,214,214,213,213,212,212,211,211,210,210,209,209,208,208,208,207,207,206,206,205,205,204,204,203,203,202,202,202,201,202,200,202,199,201,199,200,198,199
232,204,231,205,230,205,229,205,228,205,227,205,226,205,225,205,224,206,223,207,222,208,221,209,220,210,219,211,218,212,217,213,217,214,216,215,217,216,217,217,218,218,219,219,220,219,221,220,222,221,223,221,224,222,225,223,226,223,227,223,228,224,229,224,230,225,231,224,232,224,233,223,234,222,235,221,235,220,236,219,236,218,237,217,238,216,238,215,239,214,239,213,239,212,240,211,240,210,240,209,240,208,240,207,240,206,240,205,240,204,239,204,238,204,237,204,236,204,235,204,234,204,233,204
282,214,281,215,280,215,279,216,278,216,277,217,276,217,275,218,274,218,273,219,272,220,271,221,271,222,271,223,271,224,271,225,271,226,271,227,271,228,270,229,270,230,270,231,270,232,269,233,269,234,268,235,268,236,267,237,266,238,265,239,264,240,263,241,262,242,261,243,260,244,259,245,258,246,257,247,256,247,255,248,254,249,253,250,252,251,251,252,250,252,249,253,248,254,248,255,248,256,247,257,247,258,247,259,247,260,248,260,249,261,250,261,251,261,252,262,253,262,254,262,255,262,256,263,257,263,258,263,259,263,260,263,261,262,262,262,263,261,264,261,265,260,266,260,267,259,268,258,269,257,269,256,270,255,271,254,271,253,272,252,273,251,274,250,275,249,276,248,276,247,277,246,278,245,278,244,279,243,280,242,280,241,280,240,281,239,281,238,282,237,282,236,282,235,283,234,283,233,283,232,284,231,285,230,285,229,286,228,286,227,286,226,287,225,287,224,287,223,288,222,288,221,288,220,287,219,287,218,287,217,286,216,285,215,284,214,283,214
217,218,216,219,215,220,214,220,213,221,212,221,211,222,210,223,209,224,208,225,207,226,206,227,206,228,205,229,204,230,204,231,203,232,202,233,202,234,201,235,200,236,200,237,200,238,200,239,200,240,199,241,198,242,199,243,200,244,201,245,202,246,203,246,204,247,205,248,206,248,207,249,208,249,209,250,210,250,211,250,212,251,213,251,214,251,215,251,216,251,217,250,218,250,218,249,219,248,220,249,221,248,222,247,223,246,224,245,225,244,226,243,227,242,227,241,228,240,229,239,230,238,231,237,232,236,233,235,232,234,232,233,232,232,232,231,232,230,231,229,231,228,231,227,231,226,230,226,229,225,228,225,227,224,226,224,225,224,224,223,223,222,222,222,221,221,220,220,219,220,218,219
271,220,270,221,269,221,268,221,267,221,266,222,265,222,264,222,263,223,262,223,261,224,260,224,259,225,258,225,257,226,256,227,255,228,254,228,253,229,252,230,251,231,250,231,249,232,248,233,247,234,246,235,245,235,244,236,243,237,242,238,241,239,241,240,241,241,241,242,242,243,243,244,243,245,244,246,245,247,245,248,246,249,246,250,247,251,247,252,248,253,249,252,250,251,251,251,252,250,253,249,254,248,255,247,256,246,257,246,258,245,259,244,260,243,261,242,262,241,263,240,264,239,265,238,266,237,267,236,267,235,268,234,268,233,269,232,269,231,269,230,269,229,270,228,270,227,270,226,270,225,270,224,270,223,270,222,270,221
178,222,177,223,176,224,175,224,174,225,173,226,172,227,171,228,170,227,169,228,168,229,167,230,166,231,165,232,164,233,163,233,162,234,163,235,163,236,163,237,163,238,164,239,164,240,165,241,165,242,166,243,167,243,168,244,169,244,170,245,171,245,172,245,173,246,174,245,175,246,176,246,177,246,178,246,179,246,180,246,181,246,182,246,183,246,184,246,185,246,186,245,187,245,188,245,189,244,190,244,191,244,191,243,192,242,193,241,194,240,194,239,194,238,195,237,195,236,195,235,195,234,195,233,195,232,194,231,193,230,192,229,191,229,190,228,189,227,188,226,187,225,186,224,185,223,184,222,183,222,182,222,181,222,180,222,179,222
65,231,64,232,63,232,62,233,61,234,60,235,60,236,60,237,59,238,59,239,60,240,60,241,61,242,61,243,62,243,63,244,64,244,65,244,66,244,67,244,68,244,69,243,70,243,71,242,71,241,72,240,72,239,72,238,72,237,72,236,72,235,72,234,72,233,71,232,70,232,69,231,68,231,67,231,66,231
234,241,233,242,232,242,231,242,230,242,229,243,228,243,227,243,226,244,225,245,224,246,223,247,222,248,221,249,221,250,221,251,220,252,219,253,219,254,219,255,219,256,220,257,220,258,221,259,222,260,222,261,223,262,224,263,225,263,226,264,227,264,228,265,229,265,230,265,231,265,232,265,233,265,234,265,235,264,236,264,237,264,238,264,239,264,240,264,241,263,242,263,243,262,244,262,245,261,246,260,246,259,246,258,246,257,247,256,247,255,247,254,247,253,246,252,246,251,245,250,245,249,244,248,244,247,243,246,242,245,242,244,241,243,240,242,239,242,238,242,237,242,236,241,235,241
196,243,195,244,194,244,193,244,192,244,191,245,190,245,189,245,188,246,187,246,186,246,185,247,184,247,183,247,182,247,181,247,180,248,179,248,178,249,177,249,176,249,175,249,174,249,173,250,172,250,171,251,170,251,169,252,169,253,169,254,170,255,170,256,171,257,171,258,172,259,172,260,172,261,173,262,173,263,173,264,173,265,173,266,174,266,175,267,176,268,176,269,177,269,178,270,179,271,180,272,181,273,182,273,183,273,184,274,185,273,186,273,187,274,188,274,189,274,190,274,191,274,192,274,193,274,194,273,195,273,196,272,197,272,198,272,199,271,200,271,201,270,202,270,203,269,204,269,205,268,206,268,207,267,207,266,208,265,209,265,209,264,210,263,211,262,212,261,213,260,214,259,214,258,215,257,216,256,217,255,218,256,218,255,218,254,218,253,217,252,216,252,215,252,214,252,213,252,212,252,211,251,210,251,209,251,208,250,207,250,206,249,205,249,204,248,203,247,202,247,201,246,200,245,199,244,198,243,197,243
302,245,301,246,300,246,299,247,298,248,297,249,296,249,296,250,295,251,294,252,294,253,293,254,292,255,292,256,291,257,291,258,291,259,290,260,290,261,290,262,290,263,290,264,290,265,290,266,290,267,289,268,289,269,289,270,289,271,289,272,289,273,288,274,289,275,290,276,291,277,292,277,293,277,294,278,295,277,296,277,297,277,298,277,299,276,300,276,301,275,302,274,303,273,304,272,305,271,306,270,306,269,307,268,308,267,308,266,309,265,309,264,310,263,311,262,312,261,312,260,312,259,312,258,313,257,313,256,313,255,313,254,312,253,312,252,312,251,311,250,310,249,310,248,309,247,308,247,307,246,306,246,305,245,304,245,303,245
283,257,282,258,281,258,280,259,279,259,278,260,277,261,276,261,275,262,274,263,273,264,272,264,271,265,270,266,269,267,268,268,267,269,266,270,265,271,264,272,263,272,263,273,262,274,262,275,261,276,261,277,261,278,260,279,260,280,260,281,260,282,260,283,261,284,261,285,262,286,263,287,264,288,265,288,266,288,267,289,268,289,269,289,270,289,271,289,272,289,273,288,274,288,275,287,276,287,277,286,278,286,279,285,280,284,281,283,282,283,282,282,283,281,284,280,284,279,285,278,285,277,286,276,286,275,287,274,288,273,288,272,288,271,288,270,288,269,288,268,289,267,289,266,289,265,289,264,289,263,289,262,289,261,289,260,289,259,288,259,287,258,286,257,285,257,284,257
246,261,245,262,244,263,243,263,242,264,241,264,240,265,239,265,238,266,238,267,237,268,236,268,235,269,234,270,233,271,232,272,231,272,230,273,229,274,228,274,227,275,226,276,225,277,224,277,224,278,223,279,223,280,223,281,223,282,222,283,222,284,221,285,221,286,221,287,220,288,220,289,219,290,219,291,219,292,218,293,218,294,219,295,220,296,220,297,221,297,222,298,223,298,224,299,224,300,225,299,226,298,227,297,228,297,229,296,230,295,231,294,232,293,233,292,234,291,235,290,236,289,237,288,238,288,239,287,240,286,241,286,242,285,243,284,244,283,245,282,246,282,247,281,248,280,249,279,250,278,251,278,252,277,253,277,254,276,255,276,256,275,257,275,258,275,259,274,260,274,261,274,262,273,262,272,262,271,261,270,261,269,261,268,261,267,261,266,260,265,260,264,259,264,258,264,257,264,256,264,255,263,254,263,253,263,252,263,251,262,250,262,249,262,248,261,247,261
259,275,258,276,257,276,256,276,255,277,254,277,253,278,252,278,251,279,250,279,249,280,248,281,247,282,246,283,245,283,244,284,243,285,242,286,241,287,240,287,239,288,238,289,237,289,236,290,235,291,234,292,233,293,232,294,231,295,230,296,229,297,228,298,227,298,226,299,225,300,225,301,225,302,225,303,225,304,226,305,226,306,227,307,228,308,229,308,230,309,231,309,232,309,233,309,234,309,235,309,236,309,237,308,238,307,239,307,240,306,241,306,242,305,243,304,244,303,245,302,246,301,247,300,248,299,249,298,249,297,250,296,251,295,251,294,252,293,253,292,254,291,254,290,255,289,256,288,256,287,257,286,257,285,258,284,259,283,259,282,259,281,259,280,259,279,260,278,260,277,260,276,261,275,260,275
190,283,190,284,191,285,190,286,190,287,190,288,190,289,189,290,189,291,189,292,189,293,189,294,189,295,189,296,189,297,190,298,190,299,191,300,191,301,192,302,193,303,194,304,195,304,196,305,197,305,198,305,199,306,200,306,201,306,202,306,203,306,204,306,205,306,206,305,207,305,208,304,209,303,210,303,210,302,211,301,211,300,212,299,212,298,212,297,211,296,212,295,211,294,210,293,209,292,208,291,208,290,207,289,206,289,205,288,204,288,203,288,202,287,201,287,200,286,199,286,198,285,197,285,196,285,195,284,194,284,193,284,192,283,191,283
293,292,292,293,291,293,290,293,289,294,288,294,287,295,286,296,286,297,285,298,285,299,284,300,284,301,284,302,284,303,284,304,285,305,285,306,285,307,286,308,287,309,288,310,289,311,290,311,291,312,292,312,293,312,294,313,295,313,296,313,297,313,298,313,299,313,300,313,301,313,302,312,303,312,304,311,305,311,306,310,307,309,308,308,308,307,309,306,309,305,310,304,309,303,309,302,309,301,309,300,309,299,308,298,307,297,307,296,306,295,305,294,304,294,303,293,302,293,301,292,300,292,299,292,298,292,297,292,296,292,295,292,294,292
253,306,252,307,251,307,250,307,249,308,248,309,247,309,246,310,245,310,244,311,243,311,243,312,242,313,242,314,241,315,241,316,241,317,240,318,240,319,240,320,240,321,240,322,241,323,241,324,241,325,241,326,241,327,242,328,243,329,243,330,244,330,245,331,246,331,247,331,248,332,249,332,250,332,251,332,252,332,253,332,254,332,255,332,256,331,257,331,258,331,259,330,260,330,261,329,262,329,263,328,264,327,265,326,265,325,266,324,267,323,268,322,268,321,269,320,269,319,269,318,269,317,268,316,267,315,267,314,266,313,266,312,265,311,264,310,263,309,262,309,261,308,260,308,259,307,258,306,257,306,256,306,255,306,254,306
174,412,173,413,172,413,171,414,170,415,169,416,169,417,168,418,167,419,166,420,165,421,164,422,163,423,163,424,163,425,163,426,163,427,164,428,164,429,164,430,164,431,165,432,165,433,166,434,167,434,168,435,169,435,170,436,171,436,172,436,173,436,174,436,175,436,176,436,177,436,178,435,179,435,180,434,181,433,182,433,183,432,184,431,185,431,186,430,186,429,186,428,186,427,187,426,187,425,186,424,186,423,186,422,185,421,185,420,184,419,184,418,183,417,183,416,182,415,181,414,180,414,179,413,178,413,177,413,176,412,175,412
151,414,150,415,149,415,148,415,147,415,146,415,145,416,144,416,143,417,142,417,141,417,140,418,139,418,138,419,137,419,136,419,135,420,134,421,133,421,132,422,131,423,130,424,129,425,129,426,128,427,128,428,129,429,129,430,129,431,130,432,130,433,130,434,130,435,131,436,132,437,133,438,134,439,135,440,136,441,137,441,138,441,139,441,140,441,141,441,142,441,143,440,144,440,145,440,146,439,147,439,148,439,149,438,150,438,151,438,152,438,153,438,154,437,155,437,156,436,157,436,158,435,159,435,159,434,160,433,160,432,161,431,161,430,161,429,161,428,161,427,161,426,162,425,161,424,161,423,161,422,160,421,160,420,159,419,158,418,157,417,156,416,155,415,154,415,153,414,152,414
202,417,201,418,200,418,199,418,198,418,197,418,196,418,195,418,194,419,193,419,192,420,191,421,190,422,190,423,189,424,188,425,188,426,188,427,188,428,187,429,187,430,186,431,187,432,187,433,187,434,187,435,187,436,188,437,188,438,189,439,190,440,191,440,192,441,193,441,194,441,195,442,196,442,197,442,198,442,199,442,200,442,201,442,202,441,203,441,204,441,205,440,206,439,207,438,208,437,209,436,210,435,210,434,211,433,211,432,211,431,211,430,211,429,211,428,211,427,211,426,211,425,211,424,210,423,210,422,210,421,209,420,208,419,207,418,206,418,205,417,204,417,203,417
342,417,341,418,340,418,339,418,338,419,337,419,336,420,335,421,334,422,334,423,334,424,333,425,333,426,333,427,333,428,333,429,333,430,333,431,334,432,334,433,334,434,335,435,335,436,336,437,337,438,338,439,339,440,340,440,341,440,342,440,343,441,344,441,345,441,346,441,347,441,348,441,349,441,350,441,351,440,352,440,353,440,354,439,355,438,356,437,357,436,357,435,357,434,357,433,357,432,357,431,357,430,357,429,356,428,356,427,355,426,354,425,354,424,353,423,353,422,352,421,351,420,350,419,349,418,348,418,347,417,346,417,345,417,344,417,343,417
111,426,110,427,109,428,108,428,108,429,107,430,107,431,106,432,106,433,105,434,105,435,105,436,105,437,105,438,105,439,105,440,105,441,105,442,105,443,106,444,106,445,107,446,108,447,109,448,110,449,111,450,112,450,113,450,114,450,115,451,116,451,117,451,118,450,119,450,120,450,121,450,122,449,123,449,124,448,125,447,126,446,127,445,127,444,128,443,128,442,129,441,129,440,129,439,129,438,129,437,129,436,129,435,129,434,129,433,129,432,128,431,128,430,128,429,127,428,126,428,125,428,124,427,123,427,122,427,121,427,120,427,119,427,118,426,117,426,116,426,115,426,114,426,113,426,112,426
225,428,224,429,223,429,222,429,221,429,220,430,219,430,218,431,217,431,216,432,215,433,214,434,213,435,212,435,211,436,211,437,211,438,210,439,209,440,209,441,209,442,208,443,208,444,208,445,208,446,208,447,208,448,209,449,209,450,210,451,211,452,212,453,213,453,214,454,215,454,216,454,217,453,218,453,219,453,220,452,221,452,222,451,223,450,224,449,225,448,226,447,226,446,227,445,228,444,228,443,228,442,228,441,228,440,228,439,229,438,229,437,229,436,229,435,228,434,228,433,228,432,227,431,227,430,226,429
375,432,374,433,373,433,372,433,371,433,370,433,369,434,369,435,368,436,368,437,367,438,367,439,367,440,367,441,367,442,367,443,366,444,366,445,367,446,367,447,368,448,368,449,367,450,368,451,368,452,369,453,370,453,371,454,372,455,373,455,374,456,375,456,376,456,377,456,378,456,379,456,380,456,381,456,382,456,383,455,384,455,385,455,386,454,387,454,388,453,388,452,389,451,389,450,390,449,390,448,390,447,390,446,390,445,390,444,390,443,390,442,390,441,389,440,388,439,388,438,387,437,386,436,385,435,384,435,383,434,382,434,381,433,380,433,379,433,378,432,377,432,376,432
304,439,303,440,302,440,301,440,300,441,299,441,298,442,297,443,297,444,296,445,296,446,295,447,295,448,295,449,295,450,295,451,295,452,295,453,296,454,296,455,296,456,297,457,298,458,298,459,299,460,300,461,301,461,302,462,303,463,304,463,305,463,306,464,307,464,308,465,309,465,310,465,311,465,312,466,313,466,314,466,315,466,316,466,317,466,318,466,319,466,320,465,321,465,322,464,323,463,323,462,324,461,324,460,325,459,325,458,325,457,325,456,325,455,325,454,325,453,325,452,325,451,325,450,324,449,324,448,323,447,322,446,321,445,320,445,319,444,318,443,317,443,316,443,315,442,314,441,313,441,312,441,311,440,310,440,309,440,308,440,307,440,306,440,305,439
351,441,350,442,349,442,348,442,347,442,346,442,345,443,344,444,343,445,342,446,342,447,342,448,341,449,341,450,341,451,341,452,341,453,341,454,341,455,341,456,342,457,342,458,343,459,343,460,344,461,344,462,345,463,345,464,346,465,346,466,347,467,348,467,349,468,350,468,351,468,352,468,353,469,354,469,355,469,356,469,357,469,358,469,359,469,360,469,361,469,362,469,363,469,364,469,365,469,366,469,365,468,365,467,365,466,365,465,366,464,367,463,367,462,367,461,367,460,367,459,367,458,367,457,367,456,367,455,367,454,368,453,367,452,367,451,366,450,365,449,364,448,363,447,362,446,361,445,360,445,359,444,358,444,357,443,356,443,355,443,354,442,353,442,352,441
93,447,92,448,91,448,90,449,90,450,89,451,88,452,87,453,87,454,86,455,86,456,85,457,85,458,84,459,84,460,83,461,83,462,82,463,82,464,82,465,81,466,81,467,81,468,81,469,81,470,82,471,82,472,83,473,84,474,85,475,86,475,87,476,88,476,89,476,90,477,91,477,92,476,93,476,94,476,95,475,96,475,97,474,98,474,99,473,100,473,101,472,102,472,103,471,104,471,105,470,106,470,107,469,108,468,109,467,109,466,110,465,110,464,110,463,111,462,111,461,111,460,111,459,111,458,110,457,110,456,109,455,109,454,108,453,108,452,107,451,106,450,105,449,104,449,103,448,102,448,101,447,100,447,99,447,98,447,97,447,96,447,95,447,94,447
155,447,154,448,153,448,152,448,151,448,150,449,149,449,148,450,147,450,146,451,145,451,144,452,143,453,142,454,141,455,140,456,140,457,139,458,139,459,138,460,137,461,137,462,137,463,136,464,136,465,136,466,136,467,136,468,135,469,135,470,135,471,135,472,135,473,135,474,136,475,136,476,136,477,136,478,137,479,137,480,138,481,138,482,139,483,140,484,140,485,141,486,142,487,142,488,143,488,144,489,144,490,145,491,146,491,147,492,148,493,149,493,150,494,151,494,152,495,153,495,154,495,155,496,156,496,157,496,158,496,159,496,160,495,161,495,162,495,163,495,164,495,165,495,166,494,167,494,168,494,169,493,170,493,171,493,172,492,173,491,174,491,175,491,176,490,177,489,178,489,179,488,180,487,181,486,181,485,182,484,182,483,183,482,183,481,183,480,184,479,184,478,184,477,184,476,185,475,185,474,184,473,184,472,184,471,184,470,184,469,184,468,184,467,184,466,183,465,183,464,183,463,182,462,182,461,181,460,180,459,180,458,179,457,178,456,177,455,176,454,175,453,174,453,173,452,172,451,171,451,170,450,169,450,168,449,167,449,166,449,165,449,164,448,163,448,162,447,161,447,160,447,159,447,158,447,157,447,156,447
236,448,235,449,234,449,233,450,232,450,231,451,230,451,229,452,228,453,227,453,226,454,225,455,224,456,224,457,223,458,222,459,221,460,221,461,221,462,221,463,222,464,223,465,224,466,225,466,226,466,227,466,228,466,229,467,230,467,231,467,232,467,233,467,234,467,235,467,236,467,237,467,238,467,239,467,240,467,241,467,242,466,243,466,244,466,245,465,246,465,247,464,248,463,248,462,249,461,249,460,249,459,249,458,249,457,249,456,249,455,249,454,248,453,247,452,246,451,245,450,244,450,243,449,242,449,241,448,240,448,239,448,238,448,237,448
381,460,380,461,379,461,378,462,377,462,377,463,376,464,376,465,376,466,375,467,375,468,375,469,375,470,376,471,376,472,376,473,376,474,377,475,377,476,377,477,377,478,378,479,378,480,379,481,380,482,380,483,381,484,382,485,382,486,383,487,384,487,385,488,386,489,387,489,388,490,389,490,390,491,391,491,392,491,393,491,394,491,395,491,396,491,397,491,398,490,399,490,400,489,401,488,402,487,403,486,403,485,404,484,404,483,404,482,404,481,404,480,404,479,404,478,404,477,404,476,404,475,403,474,403,473,403,472,403,471,402,470,401,469,401,468,400,467,400,466,399,465,398,464,397,464,396,463,395,463,394,462,393,462,392,462,391,461,390,461,389,461,388,460,387,460,386,460,385,460,384,460,383,460,382,460
286,462,285,463,284,463,283,464,282,464,281,465,280,466,280,467,279,468,279,469,279,470,279,471,279,472,279,473,280,474,280,475,280,476,281,477,282,478,282,479,283,480,283,481,284,482,285,483,285,484,286,485,287,486,288,487,289,487,290,488,291,488,292,488,293,489,294,489,295,488,296,488,297,488,298,488,299,487,300,487,301,487,302,486,303,486,304,485,305,485,305,484,306,483,307,482,307,481,307,480,307,479,307,478,307,477,307,476,307,475,306,474,306,473,306,472,305,471,305,470,304,469,304,468,303,467,302,466,302,465,301,464,300,464,299,463,298,463,297,462,296,462,295,462,294,462,293,462,292,462,291,462,290,462,289,462,288,462,287,462
326,464,326,465,325,466,325,467,324,468,324,469,324,470,324,471,324,472,324,473,324,474,325,475,326,476,327,477,328,478,329,479,330,480,331,481,332,482,333,483,333,484,333,485,334,486,334,487,335,488,335,489,336,490,337,491,337,492,338,493,338,494,338,495,339,496,339,497,339,498,340,499,340,500,340,501,339,502,338,503,337,504,336,505,335,506,334,506,334,507,333,508,333,509,333,510,334,511,335,511,336,511,337,511,338,511,339,511,340,511,341,511,342,511,343,511,344,511,345,511,346,511,347,511,348,511,349,511,350,511,351,511,352,511,353,511,354,511,355,511,356,511,357,511,358,511,359,511,360,511,361,511,362,511,363,511,364,510,365,510,366,510,367,510,368,510,369,510,370,510,371,510,372,510,373,509,374,508,375,508,376,508,377,507,378,507,379,506,380,505,380,504,381,503,381,502,382,501,382,500,383,499,383,498,383,497,383,496,383,495,383,494,383,493,383,492,383,491,383,490,383,489,383,488,382,487,381,486,381,485,380,484,379,483,379,482,378,481,377,480,377,479,376,478,376,477,375,477,374,476,373,475,373,474,372,473,371,473,370,472,369,471,368,470,367,470,366,470,365,470,364,470,363,470,362,470,361,470,360,470,359,470,358,470,357,470,356,470,355,470,354,470,353,470,352,469,351,469,350,469,349,469,348,468,347,468,346,467,345,468,344,468,343,468,342,468,341,468,340,468,339,468,338,467,338,466,337,465,336,465,335,464,334,464,333,464,332,464,331,464,330,464,329,464,328,464,327,464
194,466,193,467,192,468,191,469,191,470,190,471,189,472,188,473,187,474,186,475,185,476,185,477,185,478,185,479,184,480,184,481,184,482,183,483,183,484,182,485,182,486,181,487,180,488,181,489,181,490,181,491,181,492,180,493,180,494,180,495,180,496,181,497,181,498,181,499,182,500,182,501,183,502,184,503,185,504,186,505,186,506,187,507,188,507,189,507,190,507,191,507,192,508,193,508,194,509,195,509,196,509,197,508,198,508,199,508,200,509,201,508,202,507,203,506,204,505,204,504,205,503,206,503,206,502,206,501,207,500,208,499,209,498,210,497,211,496,211,495,212,494,213,493,213,492,214,491,214,490,214,489,215,488,215,487,216,486,216,485,217,484,217,483,218,482,217,481,218,480,218,479,218,478,218,477,217,476,217,475,216,474,215,473,214,472,213,471,212,471,211,470,210,469,209,469,208,468,207,468,206,467,205,467,204,466,203,467,202,466,201,466,200,466,199,466,198,466,197,466,196,466,195,466
75,476,74,477,73,477,72,477,71,478,70,478,69,479,68,480,67,481,67,482,66,483,66,484,66,485,66,486,66,487,66,488,65,489,65,490,65,491,65,492,66,493,66,494,66,495,67,496,67,497,68,498,68,499,69,500,70,501,71,502,72,502,73,502,74,502,75,503,76,502,77,503,78,503,79,503,80,503,81,503,82,502,83,502,84,502,84,501,85,500,86,500,86,499,87,498,87,497,88,496,88,495,89,494,89,493,89,492,89,491,89,490,89,489,89,488,88,487,88,486,88,485,87,484,87,483,86,482,86,481,85,480,84,479,83,478,82,478,81,477,80,477,79,477,78,476,77,476,76,476
116,477,115,478,114,478,113,478,112,478,111,479,110,479,109,479,108,479,107,480,106,480,105,481,104,481,103,482,102,483,101,484,100,485,99,486,98,487,97,488,96,489,95,490,94,491,94,492,93,493,93,494,92,495,92,496,92,497,92,498,91,499,91,500,91,501,91,502,91,503,91,504,90,505,90,506,90,507,90,508,90,509,90,510,91,510,92,511,93,511,94,511,95,511,96,511,97,511,98,511,99,511,100,511,101,511,102,511,103,511,104,511,105,511,106,511,107,511,108,511,109,511,110,511,111,511,112,511,113,511,114,511,115,511,116,511,117,511,118,511,119,511,120,511,121,511,122,511,123,511,124,511,125,511,126,511,127,511,128,511,129,511,130,511,131,511,132,511,133,511,134,511,135,511,136,511,137,510,138,510,139,509,139,508,139,507,139,506,139,505,139,504,139,503,139,502,139,501,139,500,139,499,139,498,139,497,138,496,138,495,138,494,137,493,137,492,137,491,136,490,136,489,135,488,135,487,134,486,133,485,133,484,132,483,131,482,130,482,129,481,128,480,127,479,126,479,125,478,124,478,123,478,122,477,121,477,120,477,119,477,118,477,117,477
317,490,316,491,315,491,314,492,314,493,313,494,313,495,313,496,313,497,313,498,313,499,313,500,314,501,314,502,315,503,316,504,316,505,317,505,318,506,319,506,320,506,321,506,322,506,323,506,324,506,325,506,326,506,327,505,328,505,329,505,330,504,330,503,330,502,330,501,330,500,330,499,329,498,329,497,329,496,328,495,328,494,327,494,326,493,325,492,324,492,323,491,322,490,321,490,320,490,319,490,318,490
223,494,222,495,221,495,220,495,219,496,218,497,217,497,216,498,215,499,214,499,213,500,212,501,211,501,210,502,209,503,208,503,207,503,206,504,205,505,204,506,203,507,202,508,201,509,201,510,202,510,203,511,204,511,205,511,206,511,207,511,208,511,209,511,210,511,211,511,212,511,213,511,214,511,215,511,216,511,217,511,218,511,219,511,220,511,221,511,222,511,223,511,224,511,225,511,226,511,227,511,228,511,229,511,230,511,231,511,232,511,233,511,234,511,235,511,236,511,237,511,238,511,239,511,240,511,241,511,242,510,243,510,242,509,243,508,242,507,242,506,241,505,241,504,240,503,240,502,239,501,238,500,237,499,237,498,236,498,235,497,234,496,233,496,232,495,231,495,230,495,229,494,228,494,227,494,226,494,225,494,224,494
296,494,295,495,294,496,293,496,292,497,292,498,291,499,290,500,290,501,290,502,290,503,290,504,290,505,290,506,290,507,290,508,290,509,291,510,292,511,293,511,294,511,295,511,296,511,297,511,298,511,299,511,300,511,301,511,302,511,303,511,304,511,305,511,306,511,307,511,308,511,309,511,310,511,311,511,311,510,311,509,311,508,311,507,311,506,311,505,311,504,310,503,310,502,310,501,309,500,308,499,307,498,307,497,306,497,305,496,304,495,303,494,302,494,301,494,300,494,299,494,298,494,297,494
