147,37,146,38,145,38,144,39,143,40,143,41,142,42,142,43,142,44,142,45,142,46,142,47,141,48,142,49,142,50,142,51,143,52,144,53,144,54,145,55,146,55,147,55,148,56,149,56,150,56,151,56,152,56,153,56,154,56,155,56,156,56,157,55,158,55,159,55,160,54,161,53,162,52,163,51,164,50,164,49,164,48,165,47,164,46,164,45,164,44,163,43,163,42,162,41,161,40,160,40,159,39,158,39,157,38,156,38,155,38,154,38,153,37,152,37,151,37,150,37,149,37,148,37
69,54,68,55,67,55,67,56,67,57,67,58,67,59,67,60,67,61,68,62,69,63,69,64,70,65,71,66,71,67,72,68,73,69,73,70,74,71,74,72,75,73,76,74,77,75,78,75,79,76,80,76,81,76,82,76,83,76,84,75,85,75,86,74,87,73,88,72,89,71,90,70,91,69,92,68,93,67,94,66,95,66,96,65,97,64,97,63,98,62,98,61,98,60,97,59,96,58,95,58,94,58,93,57,92,57,91,57,90,57,89,57,88,57,87,57,86,58,85,58,84,58,83,58,82,58,81,58,80,58,79,57,78,56,77,55,76,55,75,54,74,54,73,54,72,54,71,54,70,54
99,67,98,68,97,68,96,69,95,70,94,71,93,72,93,73,92,74,92,75,92,76,92,77,92,78,92,79,92,80,92,81,93,82,93,83,94,84,95,85,96,85,97,86,98,86,99,85,100,85,101,84,102,83,103,83,104,82,105,81,106,80,106,79,107,78,107,77,107,76,108,75,108,74,108,73,107,72,107,71,107,70,106,69,105,68,104,67,103,67,102,67,101,67,100,67
121,80,121,81,121,82,121,83,121,84,121,85,120,86,120,87,120,88,119,89,119,90,118,91,118,92,117,93,116,94,115,95,114,96,113,97,112,98,111,98,110,99,109,99,108,100,107,100,106,101,105,101,104,102,103,102,102,103,102,104,102,105,102,106,102,107,102,108,103,109,103,110,103,111,104,112,104,113,105,114,106,115,106,116,107,117,108,117,109,118,110,119,111,120,112,121,113,121,114,121,115,122,116,122,117,122,118,122,119,122,120,121,121,121,122,120,123,120,124,120,125,119,126,119,127,119,128,119,129,119,130,118,131,118,132,117,133,117,134,116,134,115,135,114,136,113,137,112,137,111,138,110,138,109,139,108,140,107,140,106,141,105,142,104,143,103,144,103,145,102,145,101,146,100,147,99,147,98,147,97,147,96,147,95,147,94,147,93,147,92,147,91,146,90,146,89,146,88,145,87,144,86,143,85,142,84,141,84,140,83,139,83,138,82,137,82,136,82,135,81,134,81,133,81,132,81,131,80,130,81,129,81,128,81,127,81,126,81,125,81,124,81,123,80,122,80
106,81,105,82,104,83,103,84,102,84,101,85,100,86,99,86,98,87,98,88,97,89,97,90,97,91,97,92,97,93,97,94,97,95,97,96,98,97,98,98,99,99,100,100,101,101,102,102,103,101,104,101,105,100,106,100,107,99,108,99,109,98,110,98,111,97,112,97,113,96,114,95,115,94,116,93,117,92,117,91,118,90,118,89,119,88,119,87,119,86,120,85,120,84,120,83,120,82,120,81,119,81,118,81,117,81,116,81,115,81,114,81,113,81,112,81,111,81,110,81,109,81,108,81,107,81
175,94,174,95,173,95,172,95,171,96,170,96,170,97,170,98,171,99,172,100,173,101,173,102,174,103,175,104,175,105,176,106,177,107,177,108,178,109,178,110,179,111,179,112,179,113,180,114,180,115,180,116,180,117,181,118,181,119,182,120,183,120,184,121,185,121,186,121,187,121,188,121,189,121,190,121,191,120,192,120,193,120,194,119,195,119,196,118,197,117,198,116,199,115,200,114,200,113,201,112,201,111,202,110,202,109,202,108,201,107,201,106,200,105,199,104,198,104,197,103,196,103,195,102,194,102,193,102,192,101,191,100,190,100,189,99,188,99,187,98,186,98,185,97,184,97,183,96,182,96,181,95,180,95,179,95,178,95,177,94,176,94
161,97,160,98,159,98,158,98,157,99,156,100,155,101,154,101,153,102,153,103,152,104,151,105,151,106,150,107,149,108,148,109,148,110,148,111,149,112,149,113,149,114,149,115,150,116,150,117,150,118,151,119,151,120,151,121,152,122,152,123,153,122,154,123,155,124,156,124,157,125,158,125,159,126,160,126,161,127,162,127,163,127,164,127,165,127,166,127,167,127,168,127,169,127,170,127,171,127,172,127,173,126,174,126,175,125,176,125,177,124,177,123,178,122,179,121,180,120,180,119,180,118,179,117,179,116,179,115,179,114,178,113,178,112,178,111,177,110,177,109,176,108,176,107,175,106,174,105,174,104,173,103,172,102,172,101,171,100,170,99,169,98,169,97,168,97,167,97,166,98,165,98,164,97,163,97,162,97
87,103,86,104,85,105,84,105,84,106,83,107,83,108,83,109,83,110,84,111,85,112,86,113,87,113,88,113,89,114,90,114,91,113,92,113,93,112,94,111,94,110,95,109,95,108,95,107,95,106,94,105,93,104,93,103,92,103,91,103,90,103,89,103,88,103
147,109,146,110,145,110,144,110,143,111,142,111,142,112,141,113,140,114,139,115,138,116,137,117,137,118,136,119,135,119,134,120,133,120,132,120,131,120,130,121,129,121,128,122,127,122,126,123,126,124,125,125,124,126,123,127,122,128,121,129,120,130,120,131,120,132,119,133,119,134,118,135,118,136,118,137,117,138,118,139,117,140,117,141,118,142,118,143,118,144,119,145,119,146,120,147,121,148,121,149,122,149,123,150,124,150,125,151,126,151,127,151,128,151,129,151,130,151,131,151,132,151,133,151,134,151,135,151,136,151,137,151,138,150,139,150,140,150,141,150,142,149,143,149,144,148,145,148,146,147,147,146,147,145,148,144,149,143,149,142,150,141,150,140,150,139,151,138,151,137,151,136,151,135,151,134,151,133,151,132,151,131,151,130,150,129,150,128,151,127,151,126,151,125,151,124,151,123,151,122,150,121,150,120,150,119,149,118,149,117,149,116,148,115,148,114,148,113,148,112,147,111,147,110
210,116,209,117,208,117,207,118,206,118,205,119,204,120,203,121,203,122,202,123,202,124,201,125,201,126,201,127,200,128,200,129,200,130,200,131,201,132,202,133,202,134,203,135,203,136,204,137,205,138,205,139,206,140,207,141,207,142,208,142,209,142,210,143,211,143,212,143,213,143,214,143,215,143,216,143,217,143,218,142,219,142,220,142,221,141,222,141,223,140,224,139,225,138,226,137,227,136,228,135,229,134,229,133,229,132,229,131,229,130,229,129,229,128,229,127,229,126,228,125,227,124,226,123,226,122,225,122,224,121,223,120,222,119,221,119,220,118,219,118,218,117,217,117,216,117,215,116,214,116,213,116,212,116,211,116
240,123,239,124,238,124,237,124,236,124,235,124,234,124,233,125,232,125,231,126,230,127,230,128,230,129,230,130,230,131,230,132,230,133,230,134,231,135,231,136,232,137,233,138,234,138,235,139,236,139,237,139,238,139,239,140,240,140,241,141,242,142,243,143,244,143,245,144,246,145,247,145,248,146,249,146,250,147,251,147,252,147,253,148,254,149,255,149,254,148,255,147,256,147,255,146,255,145,255,144,255,143,255,142,256,141,256,140,256,139,256,138,255,137,255,136,255,135,255,134,254,133,254,132,253,131,252,130,251,129,250,128,249,127,248,127,247,126,246,125,245,125,244,124,243,124,242,124,241,124
188,128,187,129,186,129,185,129,184,130,183,131,183,132,182,133,181,134,181,135,180,136,180,137,180,138,180,139,180,140,180,141,180,142,180,143,180,144,181,145,182,146,182,147,183,148,184,149,185,150,186,151,187,152,188,153,189,154,190,155,191,155,192,156,193,156,194,156,195,156,196,156,197,156,198,155,199,155,200,155,201,154,202,153,203,152,204,151,205,150,206,149,206,148,206,147,206,146,207,145,207,144,207,143,206,142,206,141,205,140,204,139,204,138,203,137,202,136,202,135,201,134,201,133,200,132,199,131,198,131,197,130,196,130,195,129,194,129,193,129,192,129,191,129,190,129,189,128
233,139,232,140,231,141,230,141,230,142,229,143,228,144,227,145,227,146,226,147,227,148,227,149,228,150,228,151,228,152,229,153,230,154,230,155,231,156,231,157,232,158,233,159,234,160,234,161,235,162,236,161,237,161,238,161,239,161,240,161,241,161,242,161,243,161,244,161,245,160,246,160,247,160,248,159,249,159,250,159,251,158,252,158,253,157,253,156,254,155,254,154,254,153,254,152,254,151,255,150,254,150,253,149,252,148,251,148,250,148,249,147,248,147,247,146,246,146,245,145,244,144,243,144,242,143,241,142,240,141,239,141,238,140,237,140,236,140,235,140,234,139
221,147,220,148,219,148,218,149,217,149,216,150,215,150,214,151,213,151,212,152,211,153,210,154,209,155,208,155,207,156,206,156,206,157,205,158,204,158,203,159,202,160,201,161,201,162,202,163,203,164,203,165,204,166,204,167,204,168,205,169,205,170,206,171,207,172,208,172,209,173,210,173,211,173,212,173,213,173,214,173,215,173,216,173,217,173,218,173,219,173,220,173,221,173,222,173,223,174,224,174,225,174,226,174,227,174,228,174,229,175,230,175,230,174,231,173,231,172,232,171,232,170,233,169,233,168,234,167,234,166,234,165,234,164,234,163,234,162,233,161,233,160,232,159,231,158,230,157,230,156,229,155,229,154,228,153,227,152,227,151,227,150,226,149,226,148,225,147,224,147,223,147,222,147
156,149,155,150,154,150,153,151,152,151,151,152,150,152,150,153,149,154,148,155,147,156,147,157,146,158,146,159,145,160,144,161,144,162,143,163,143,164,142,165,142,166,142,167,142,168,142,169,142,170,142,171,142,172,142,173,142,174,143,175,143,176,144,177,145,178,146,179,147,180,148,180,149,181,150,181,151,182,152,182,153,182,154,182,155,182,156,181,157,181,158,180,159,180,160,179,161,179,162,178,163,178,164,177,165,176,166,176,167,175,168,174,169,173,170,172,170,171,171,170,172,169,172,168,173,167,173,166,173,165,173,164,173,163,173,162,173,161,173,160,172,159,172,158,172,157,171,156,171,155,170,154,169,153,168,152,167,151,166,150,165,150,164,149,163,149,162,149,161,149,160,149,159,149,158,149,157,149
184,157,183,158,182,158,181,159,181,160,181,161,180,162,180,163,180,164,179,165,178,166,178,167,178,168,178,169,178,170,177,171,177,172,178,173,178,174,178,175,179,176,180,177,181,178,182,179,183,180,184,180,185,181,186,182,187,182,188,183,189,183,190,184,191,184,192,184,193,185,194,185,195,184,196,184,197,184,198,184,199,183,200,183,200,182,200,181,201,180,202,179,202,178,203,177,203,176,204,175,204,174,205,173,205,172,205,171,204,170,204,169,203,168,203,167,203,166,202,165,202,164,201,163,200,162,199,162,198,162,197,162,196,162,195,162,194,161,193,161,192,161,191,160,190,159,189,158,188,158,187,157,186,157,185,157
252,161,251,162,250,162,249,162,248,163,247,163,246,163,245,163,244,163,243,163,242,163,241,164,240,164,239,165,238,165,237,165,236,165,235,166,235,167,234,168,234,169,233,170,233,171,232,172,232,173,231,174,231,175,231,176,231,177,231,178,231,179,232,180,232,181,233,182,233,183,234,184,235,185,236,185,237,186,238,187,239,187,240,188,241,188,242,188,243,189,244,189,245,189,246,190,246,191,247,191,248,191,249,191,250,191,251,191,252,192,253,192,254,192,255,193,256,193,257,194,258,194,259,195,260,195,261,196,262,196,263,197,264,197,265,198,265,199,265,198,266,197,267,196,268,195,269,194,270,193,271,192,272,191,273,190,274,189,274,188,275,187,276,186,277,185,278,184,279,183,279,182,280,181,281,180,282,179,283,178,284,177,285,176,285,175,286,174,287,173,287,172,286,171,285,171,284,170,283,169,282,169,281,168,280,167,279,166,278,165,277,165,276,164,275,164,274,163,273,163,272,162,271,162,270,161,269,162,268,161,267,161,266,161,265,161,264,161,263,162,262,162,261,162,260,162,259,162,258,162,257,162,256,162,255,162,254,162,253,162
288,173,287,174,286,175,286,176,285,177,284,178,283,179,282,180,281,181,280,182,280,183,279,184,278,185,277,186,276,187,275,188,275,189,274,190,273,191,272,192,271,193,270,194,269,195,268,196,267,197,266,198,266,199,266,200,266,201,266,202,266,203,266,204,266,205,266,206,266,207,267,208,268,209,269,210,270,211,271,211,272,212,273,213,274,214,275,214,276,213,277,213,278,212,279,211,280,210,281,209,282,208,283,207,284,206,285,205,286,204,287,203,288,202,289,201,290,200,291,199,292,198,293,197,294,197,294,196,294,195,294,194,295,193,295,192,295,191,296,190,296,189,296,188,296,187,296,186,296,185,295,184,295,183,295,182,295,181,294,180,294,179,293,178,292,177,292,176,291,176,290,175,289,174
209,174,209,175,208,176,207,177,206,178,206,179,205,180,204,181,203,182,202,183,201,184,200,184,200,185,200,186,199,187,198,188,197,189,197,190,197,191,196,192,196,193,195,194,194,195,195,196,194,197,194,198,194,199,195,200,194,201,195,201,196,202,196,203,197,204,198,205,199,206,199,207,199,208,200,209,201,209,202,210,203,210,204,211,205,211,206,212,207,212,208,212,209,212,210,212,211,213,212,213,213,214,214,214,215,213,216,213,217,212,218,212,219,212,220,211,221,211,222,211,223,211,224,210,225,210,226,210,227,209,228,209,229,208,230,208,231,207,231,206,232,205,232,204,233,203,234,202,234,201,234,200,235,199,236,198,236,197,237,196,236,195,237,194,237,193,236,192,236,191,236,190,236,189,235,188,235,187,235,186,234,185,233,184,232,183,232,182,231,181,231,180,230,179,230,178,229,177,229,176,228,175,227,175,226,175,225,175,224,175,223,175,222,174,221,174,220,174,219,174,218,174,217,174,216,174,215,174,214,174,213,174,212,174,211,174,210,174
176,179,175,180,174,180,173,180,172,180,171,181,170,181,169,181,168,181,167,182,166,182,165,182,164,183,163,183,162,183,162,184,162,185,162,186,163,187,163,188,163,189,163,190,163,191,163,192,163,193,164,194,164,195,164,196,164,197,165,198,165,199,166,200,166,201,167,200,168,200,169,199,170,199,171,198,172,198,173,197,174,197,175,196,176,196,177,195,178,195,179,194,180,194,181,193,182,192,183,191,183,190,183,189,182,188,183,187,183,186,183,185,183,184,182,183,183,182,183,181,182,180,181,179,181,180,180,181,179,180,178,180,177,179
159,184,158,185,157,185,156,185,155,185,154,185,153,186,152,185,151,185,150,185,149,185,148,186,147,185,146,185,145,185,144,185,143,185,142,185,141,185,140,185,139,185,138,185,137,185,136,186,135,187,134,187,134,188,133,189,132,190,132,191,132,192,132,193,132,194,132,195,132,196,132,197,132,198,132,199,133,200,133,201,134,202,135,203,136,204,137,205,138,205,139,206,140,206,141,207,142,207,143,208,144,208,145,208,146,208,147,209,148,209,149,210,150,211,151,211,152,212,153,212,154,213,155,213,156,213,157,213,158,213,159,213,160,213,161,213,162,213,163,212,163,211,163,210,164,209,164,208,164,207,165,206,165,205,165,204,165,203,165,202,165,201,165,200,164,199,164,198,163,197,163,196,163,195,163,194,162,193,162,192,162,191,162,190,162,189,162,188,162,187,161,186,161,185,161,184,160,184
184,191,183,192,182,193,181,194,180,195,179,195,178,196,177,196,176,197,175,197,174,198,173,198,172,199,171,199,170,200,169,200,168,201,167,201,166,202,166,203,166,204,166,205,166,206,165,207,165,208,165,209,164,210,164,211,164,212,163,213,164,214,165,215,165,216,165,217,166,218,167,219,167,220,168,220,169,221,170,221,171,221,172,222,173,222,174,223,175,222,176,221,177,220,178,220,179,219,180,218,181,217,182,216,183,215,184,215,185,214,186,213,187,213,188,212,189,211,190,210,191,209,191,208,191,207,191,206,191,205,192,204,192,203,193,202,193,201,192,200,192,199,192,198,193,197,192,196,191,196,190,195,190,194,190,193,189,194,188,194,187,193,186,192,185,191
246,192,245,193,244,193,243,193,242,193,241,194,240,195,239,196,238,196,237,197,237,198,236,199,236,200,235,201,235,202,234,203,233,204,233,205,232,206,232,207,232,208,232,209,232,210,233,211,234,212,234,213,235,214,236,215,237,215,238,216,239,217,240,218,241,219,242,220,243,221,244,221,245,222,246,223,247,224,248,224,249,225,250,226,251,226,252,225,253,225,254,225,255,225,256,224,257,223,258,222,259,221,259,220,260,219,260,218,260,217,261,216,261,215,262,214,262,213,263,212,263,211,263,210,264,209,265,208,265,207,265,206,265,205,265,204,265,203,265,202,265,201,265,200,264,199,264,198,263,198,262,197,261,197,260,196,259,196,258,195,257,195,256,194,255,194,254,193,253,193,252,193,251,192,250,192,249,192,248,192,247,192
293,198,292,199,291,200,290,201,289,202,288,203,287,204,286,205,285,206,284,207,283,208,282,209,281,210,280,211,279,212,278,213,277,214,276,214,275,215,274,215,275,215,276,216,277,217,278,218,279,219,279,220,280,220,281,221,282,222,283,223,284,223,285,223,286,224,287,224,288,224,289,224,290,224,291,224,292,224,293,224,294,223,295,223,296,223,297,223,298,222,299,222,300,222,301,221,300,221,299,220,299,219,300,218,300,217,301,216,302,215,302,214,302,213,303,212,303,211,304,210,304,209,304,208,304,207,304,206,304,205,304,204,303,203,303,202,302,201,301,200,300,199,299,199,298,198,297,198,296,198,295,198,294,198
231,208,230,209,229,209,228,210,227,210,226,211,225,211,224,211,223,212,222,212,221,212,220,212,219,213,218,213,217,213,216,214,215,214,214,215,214,216,214,217,214,218,213,219,213,220,213,221,213,222,213,223,212,224,213,225,213,226,214,227,214,228,214,229,214,230,215,231,215,232,216,233,217,234,217,235,218,236,218,237,219,238,220,238,221,239,222,240,223,241,224,241,225,242,226,243,227,244,228,244,229,244,230,245,231,245,232,245,233,245,234,245,235,246,236,245,237,245,238,245,239,245,240,244,241,244,242,243,243,243,244,242,245,241,246,240,247,239,248,238,248,237,249,236,249,235,250,234,250,233,250,232,251,231,251,230,251,229,250,228,250,227,249,226,248,225,247,225,246,224,245,223,244,222,243,222,242,221,241,220,240,219,239,218,238,217,237,216,236,216,235,215,234,214,233,213,233,212,232,211,231,210,231,209
191,210,190,211,189,212,188,213,187,214,186,214,185,215,184,216,183,216,182,217,181,218,180,219,179,220,178,221,177,221,176,222,175,223,175,224,176,225,176,226,177,227,178,228,178,229,179,230,180,230,181,231,182,231,183,231,184,231,185,231,186,231,187,231,188,231,189,231,190,231,191,230,192,230,193,230,194,230,195,229,196,229,197,228,198,227,199,227,200,226,201,225,202,225,203,224,204,225,205,226,206,226,207,226,208,226,209,226,210,226,210,225,211,224,212,223,212,222,212,221,212,220,212,219,213,218,213,217,213,216,213,215,212,214,211,214,210,213,209,213,208,213,207,213,206,213,205,212,204,212,203,211,202,211,201,210,200,210,199,210,198,210,197,210,196,210,195,210,194,210,193,210,192,210
204,227,203,228,202,228,201,228,200,228,200,229,199,230,198,231,197,232,196,233,195,234,194,235,194,236,193,237,192,238,192,239,191,240,191,241,191,242,191,243,191,244,191,245,191,246,192,247,192,248,192,249,193,250,193,251,194,252,194,253,195,254,195,255,196,256,196,257,197,257,198,257,199,258,200,259,201,260,202,260,203,261,204,261,205,261,206,262,207,262,208,262,209,261,210,261,211,260,212,260,213,259,214,259,214,258,215,257,216,256,216,255,217,254,217,253,217,252,217,251,218,250,218,249,218,248,219,247,219,246,219,245,219,244,219,243,219,242,219,241,219,240,219,239,218,238,217,237,217,236,216,235,216,234,215,233,214,232,214,231,213,230,212,229,211,228,210,227,209,227,208,227,207,227,206,227,205,227
180,237,179,238,178,238,177,239,176,238,175,239,174,240,173,240,172,241,171,241,171,242,170,243,170,244,169,245,170,246,170,247,170,248,171,249,171,250,171,251,172,252,172,253,172,254,173,255,174,256,175,257,176,257,177,258,178,259,178,260,179,260,180,261,181,262,182,262,183,262,184,263,185,263,186,263,187,263,188,263,189,263,190,263,191,262,192,262,193,261,194,261,194,260,194,259,195,258,195,257,195,256,194,255,194,254,193,253,193,252,192,251,192,250,191,249,191,248,191,247,190,246,190,245,190,244,190,243,190,242,190,241,190,240,189,241,188,241,187,240,186,240,185,240,184,239,183,239,182,238,181,237
220,272,219,273,218,273,217,273,216,273,215,274,214,274,213,275,212,276,211,277,211,278,210,279,210,280,210,281,211,282,212,283,212,284,213,285,214,285,215,285,216,286,217,286,218,286,219,286,220,287,221,287,222,287,223,287,224,286,225,286,226,286,227,285,228,285,228,284,229,283,230,282,230,281,230,280,230,279,230,278,229,277,229,276,230,275,229,275,228,274,227,274,226,274,225,274,224,273,223,273,222,273,221,273
205,404,204,405,203,405,202,406,201,406,200,407,199,408,198,409,197,410,197,411,196,412,196,413,196,414,195,415,195,416,195,417,195,418,196,419,196,420,197,421,197,422,198,423,199,423,200,424,201,425,202,425,203,425,204,425,205,425,206,426,207,426,208,425,209,425,210,425,211,425,212,425,213,425,214,425,215,425,216,425,217,425,218,425,219,425,220,424,221,424,222,424,223,424,224,423,225,423,226,423,227,422,228,422,229,421,230,420,230,419,230,418,231,417,231,416,231,415,231,414,230,413,230,412,229,411,229,410,228,409,227,408,226,407,225,407,224,406,223,406,222,406,221,406,220,406,219,406,218,406,217,406,216,406,215,406,214,405,213,405,212,405,211,405,210,405,209,404,208,404,207,404,206,404
176,407,175,408,174,408,173,408,172,409,171,410,170,411,169,412,169,413,168,414,168,415,167,416,167,417,167,418,167,419,166,420,166,421,166,422,166,423,167,424,167,425,168,426,168,427,169,428,170,429,171,429,172,429,173,429,174,430,175,430,176,430,177,430,178,430,179,430,180,430,181,430,182,430,183,429,184,429,185,429,186,428,187,427,188,427,189,426,190,425,191,425,192,424,193,423,193,422,193,421,193,420,193,419,192,418,192,417,192,416,191,415,191,414,191,413,190,412,189,411,188,410,187,409,186,409,185,408,184,408,183,408,182,408,181,407,180,407,179,407,178,407,177,407
236,412,235,413,234,414,233,414,232,414,232,415,232,416,232,417,231,418,231,419,231,420,230,421,231,422,231,423,231,424,232,425,232,426,233,427,234,428,235,429,236,429,237,430,238,430,239,431,240,431,241,431,242,431,243,431,244,430,245,430,246,429,247,428,248,428,249,428,249,427,250,426,250,425,251,424,251,423,252,422,252,421,252,420,252,419,252,418,252,417,252,416,251,415,250,414,249,413,248,413,247,413,246,413,245,412,244,412,243,412,242,412,241,412,240,412,239,412,238,412,237,412
258,418,257,419,256,420,255,420,254,421,253,421,253,422,252,423,252,424,251,425,251,426,250,427,250,428,250,429,251,430,251,431,252,432,252,433,253,434,253,435,254,436,255,437,256,438,257,439,258,440,259,440,260,440,261,441,262,441,263,441,264,441,265,441,266,440,267,440,268,439,269,439,270,438,271,438,272,437,272,436,273,435,273,434,274,433,275,432,274,431,274,430,274,429,274,428,274,427,274,426,274,425,274,424,273,423,273,422,272,421,271,421,270,420,269,420,268,419,267,419,266,419,265,418,264,418,263,418,262,418,261,418,260,418,259,418
150,422,149,423,148,423,147,423,146,424,145,424,144,425,143,426,142,427,141,428,140,429,140,430,139,431,138,432,138,433,137,434,137,435,137,436,136,437,136,438,136,439,135,440,134,441,133,442,132,443,132,444,132,445,131,446,131,447,131,448,132,449,133,450,134,451,135,452,135,453,136,454,137,454,138,455,139,455,140,456,141,456,142,456,143,456,144,456,145,456,146,456,147,455,147,454,148,453,149,452,150,451,151,451,152,450,153,449,154,449,155,448,156,448,157,447,158,446,159,446,160,445,161,444,162,443,163,442,163,441,164,440,164,439,164,438,165,437,165,436,165,435,165,434,165,433,165,432,164,431,164,430,163,429,163,428,162,427,161,426,160,425,159,424,158,423,157,423,156,422,155,422,154,422,153,422,152,422,151,422
376,423,375,424,374,424,373,424,372,425,371,426,370,427,370,428,370,429,369,430,369,431,369,432,369,433,369,434,369,435,369,436,369,437,370,438,370,439,371,440,371,441,372,442,372,443,373,444,373,445,374,446,374,447,375,448,376,449,377,450,378,451,379,452,380,452,381,452,382,453,382,454,383,454,384,454,385,453,386,453,387,453,388,453,389,452,390,452,391,452,390,451,390,450,391,449,392,449,393,448,393,447,393,446,394,445,394,444,394,443,394,442,395,441,395,440,395,439,395,438,395,437,395,436,395,435,395,434,395,433,394,432,394,431,394,430,393,429,393,428,392,427,391,426,391,425,390,425,389,424,388,424,387,424,386,423,385,423,384,423,383,423,382,423,381,423,380,423,379,423,378,423,377,423
407,423,406,424,405,424,404,425,403,426,402,427,401,428,400,429,400,430,400,431,399,432,399,433,399,434,399,435,399,436,399,437,399,438,400,439,400,440,400,441,401,442,401,443,402,444,403,445,403,446,404,446,405,447,406,447,407,447,408,447,409,447,410,447,411,447,412,447,413,447,414,447,415,447,416,446,417,446,418,446,419,445,420,445,421,444,422,443,423,442,423,441,424,440,424,439,424,438,423,437,423,436,423,435,423,434,423,433,422,432,422,431,422,430,421,429,421,428,420,427,419,426,418,425,417,424,416,424,415,423,414,423,413,423,412,423,411,423,410,423,409,423,408,423
281,429,280,430,279,431,278,431,277,432,276,432,275,433,274,434,274,435,273,436,273,437,272,438,272,439,272,440,272,441,272,442,272,443,272,444,273,445,273,446,273,447,274,448,275,449,276,450,277,451,278,452,279,452,280,453,281,453,282,453,283,453,284,454,285,454,286,454,287,453,287,452,288,451,289,451,290,451,291,451,291,450,292,449,293,449,294,448,294,447,294,446,295,445,295,444,295,443,295,442,295,441,295,440,295,439,294,438,294,437,293,436,293,435,292,434,292,433,291,432,290,431,289,431,288,430,287,430,286,429,285,429,284,429,283,429,282,429
435,433,434,434,433,434,432,435,431,435,430,436,429,437,428,438,427,439,427,440,427,441,427,442,426,443,427,444,427,445,427,446,428,447,428,448,429,449,430,450,430,451,431,451,432,452,432,453,433,453,434,454,435,454,436,455,437,455,438,455,439,455,440,455,441,455,442,454,443,454,444,453,445,452,446,451,447,450,447,449,448,448,449,447,449,446,450,445,450,444,450,443,450,442,450,441,449,440,448,439,448,438,447,437,446,436,445,435,444,435,443,434,442,434,441,433,440,433,439,433,438,433,437,433,436,433
463,446,462,447,461,447,460,447,459,448,458,449,458,450,457,451,457,452,456,453,456,454,456,455,455,456,455,457,455,458,455,459,456,460,456,461,456,462,457,463,457,464,458,465,459,466,460,467,461,467,462,468,463,468,464,468,465,468,466,469,467,468,468,468,469,468,470,468,471,467,472,467,473,466,474,465,475,464,475,463,476,462,476,461,476,460,476,459,476,458,476,457,476,456,475,455,475,454,474,453,473,452,472,451,471,450,470,450,469,449,468,448,467,448,466,447,465,446,464,446
357,448,356,449,355,449,354,449,353,450,352,450,351,451,351,452,350,453,350,454,349,455,348,456,348,457,348,458,348,459,348,460,349,461,350,462,350,463,351,464,352,465,353,465,354,466,355,467,356,467,357,467,358,468,359,469,360,469,361,470,362,470,363,470,364,471,365,471,366,470,367,470,368,470,369,470,370,469,371,469,372,468,372,467,373,466,373,465,373,464,374,463,374,462,374,461,373,460,373,459,373,458,373,457,373,456,372,455,371,454,371,453,370,452,369,452,368,451,367,450,366,450,365,449,364,449,363,448,362,448,361,448,360,448,359,448,358,448
179,449,178,450,177,450,176,450,175,451,174,452,173,452,172,453,171,453,170,454,169,455,168,456,167,456,166,457,165,458,165,459,164,460,163,461,162,462,161,463,161,464,160,465,160,466,160,467,160,468,159,469,159,470,159,471,159,472,159,473,159,474,159,475,159,476,159,477,159,478,159,479,159,480,159,481,159,482,159,483,160,484,160,485,160,486,160,487,161,488,161,489,162,490,162,491,163,492,163,493,163,494,163,495,164,496,165,497,166,498,167,499,168,500,169,501,170,502,171,503,172,503,173,504,174,504,175,505,176,505,177,505,178,506,179,506,180,506,181,506,182,506,183,506,184,506,185,506,186,506,187,506,188,506,189,506,190,506,191,505,192,505,193,505,194,504,195,504,196,504,197,504,198,503,199,502,200,502,201,501,202,500,203,499,204,498,205,497,206,496,207,495,208,494,209,493,210,492,211,491,211,490,211,489,211,488,212,487,212,486,212,485,213,484,213,483,213,482,214,481,214,480,214,479,214,478,214,477,214,476,214,475,214,474,214,473,214,472,214,471,213,470,213,469,212,468,212,467,212,466,212,465,211,464,211,463,210,462,210,461,209,460,208,459,208,458,207,457,206,456,205,455,204,455,203,454,202,454,201,453,200,453,199,453,198,452,197,452,196,452,195,451,194,451,193,451,192,450,191,450,190,449,189,449,188,449,187,449,186,449,185,449,184,449,183,449,182,449,181,449,180,449
392,452,391,453,390,453,389,453,388,454,387,454,386,454,385,454,384,455,383,455,382,455,381,456,381,457,380,458,380,459,379,460,379,461,379,462,379,463,378,464,378,465,378,466,378,467,378,468,378,469,378,470,377,471,377,472,377,473,377,474,378,475,378,476,378,477,378,478,379,479,379,480,380,481,380,482,381,483,382,484,383,485,384,486,385,486,386,487,387,487,388,487,389,488,390,488,391,488,392,488,393,488,394,489,395,489,396,489,397,489,398,488,399,488,400,488,401,488,402,487,403,487,404,487,405,486,406,485,407,484,407,483,408,482,408,481,409,480,409,479,409,478,410,477,410,476,410,475,410,474,411,473,411,472,411,471,411,470,411,469,411,468,412,467,411,466,411,465,411,464,411,463,411,462,411,461,410,460,410,459,409,458,408,457,407,457,406,456,405,455,404,455,403,455,402,454,401,454,400,454,399,454,398,453,397,453,396,453,395,453,394,452,393,452
118,453,117,454,116,454,115,454,114,454,113,455,112,456,111,457,110,457,110,458,109,459,109,460,108,461,108,462,108,463,108,464,107,465,107,466,107,467,107,468,107,469,107,470,107,471,107,472,107,473,108,474,108,475,109,476,110,476,111,477,112,478,113,479,114,479,115,479,116,479,117,480,118,480,119,480,120,480,121,479,122,479,123,479,124,479,125,479,126,478,127,478,128,477,129,477,130,476,131,476,132,475,133,474,134,473,134,472,135,471,135,470,135,469,136,468,136,467,136,466,136,465,136,464,136,463,135,462,135,461,135,460,134,459,133,458,132,457,131,456,130,456,129,455,128,455,127,454,126,454,125,453,124,453,123,453,122,453,121,453,120,453,119,453
333,455,332,456,331,457,330,458,329,458,328,459,327,458,327,459,327,460,327,461,327,462,328,463,328,464,329,465,329,466,330,467,331,468,332,469,333,469,334,470,335,470,336,471,337,471,338,471,339,471,340,471,341,471,342,470,343,470,344,469,345,469,346,468,347,467,348,466,348,465,348,464,347,463,346,462,346,461,346,460,345,459,344,458,343,458,342,457,341,457,340,456,339,456,338,456,337,455,336,455,335,455,334,455
428,463,427,464,426,464,425,465,424,465,423,466,422,467,421,467,420,468,419,469,418,470,417,471,416,472,415,473,415,474,414,475,414,476,414,477,413,478,413,479,413,480,413,481,413,482,413,483,413,484,413,485,413,486,413,487,413,488,414,489,414,490,414,491,414,492,415,493,416,494,417,495,418,496,419,497,420,498,421,498,422,499,423,499,424,500,425,500,426,500,427,500,428,501,429,501,430,501,431,501,432,501,433,502,434,501,435,501,436,501,437,501,438,501,439,500,440,500,441,500,442,499,443,499,444,498,444,497,445,496,446,495,447,494,448,493,448,492,449,491,449,490,449,489,450,488,450,487,450,486,450,485,450,484,451,483,451,482,451,481,451,480,451,479,450,478,450,477,450,476,449,475,449,474,448,473,447,472,447,471,446,470,445,469,444,468,443,467,442,467,441,466,440,465,439,465,438,464,437,464,436,463,435,463,434,463,433,463,432,463,431,463,430,463,429,463
302,465,301,466,300,466,299,467,298,468,297,469,296,470,296,471,296,472,295,473,295,474,296,475,295,476,295,477,295,478,296,479,296,480,297,481,298,482,298,483,299,484,299,485,300,486,301,486,302,487,303,487,304,488,305,488,306,488,307,488,308,488,309,487,310,487,311,487,312,487,313,486,314,485,315,485,316,484,316,483,317,482,317,481,318,480,318,479,318,478,318,477,318,476,319,475,319,474,318,473,318,472,317,471,317,470,316,469,315,469,314,468,313,467,312,467,311,466,310,466,309,465,308,465,307,465,306,465,305,465,304,465,303,465
245,467,244,468,243,468,242,469,241,469,240,469,239,470,238,471,237,471,236,472,235,473,234,473,233,473,233,474,232,475,231,476,230,476,229,477,228,478,227,479,227,480,226,481,226,482,225,483,224,484,224,485,224,486,224,487,223,488,223,489,223,490,223,491,222,492,222,493,222,494,222,495,222,496,222,497,222,498,222,499,222,500,222,501,222,502,222,503,223,504,223,505,224,506,225,507,226,508,227,509,227,510,228,510,229,510,230,510,231,510,232,510,233,510,234,511,235,511,236,511,237,511,238,511,239,511,240,511,241,511,242,511,243,511,244,511,245,511,246,511,247,511,248,511,249,511,250,511,251,511,252,511,253,511,254,511,255,511,256,511,257,511,258,511,259,511,260,510,261,510,262,510,263,510,264,510,265,510,266,510,267,510,268,509,269,509,270,508,271,507,272,506,273,505,274,504,275,503,275,502,276,501,276,500,276,499,276,498,276,497,276,496,276,495,276,494,276,493,275,492,275,491,275,490,275,489,275,488,275,487,274,486,274,485,273,484,273,483,273,482,272,481,272,480,271,479,270,478,270,477,269,476,269,475,268,474,267,474,266,473,265,472,264,471,263,471,262,470,261,470,260,470,259,469,258,469,257,469,256,468,255,468,254,468,253,468,252,468,251,467,250,467,249,467,248,467,247,467,246,467
461,473,460,474,459,475,458,476,458,477,457,478,457,479,456,480,456,481,456,482,457,483,457,484,457,485,458,486,458,487,459,488,459,489,460,490,461,491,462,492,463,492,464,492,465,493,466,493,467,493,468,493,469,493,470,492,471,492,472,491,473,490,474,489,474,488,475,487,475,486,475,485,475,484,475,483,475,482,475,481,475,480,475,479,475,478,474,477,473,476,472,476,471,475,470,474,469,474,468,474,467,474,466,473,465,473,464,473,463,473,462,473
347,476,346,477,345,477,344,477,343,478,342,479,341,480,340,481,340,482,339,483,339,484,338,485,338,486,339,487,339,488,340,489,340,490,341,491,342,491,343,492,344,492,345,493,346,493,347,494,348,494,349,494,350,494,351,494,352,494,353,494,354,494,355,493,356,493,357,493,358,492,359,491,360,490,361,489,361,488,362,487,362,486,362,485,362,484,362,483,361,482,361,481,360,480,359,479,358,478,357,477,356,477,355,477,354,476,353,476,352,476,351,476,350,476,349,476,348,476
100,480,99,481,98,482,97,483,96,484,95,485,95,486,95,487,94,488,94,489,94,490,93,491,93,492,93,493,93,494,93,495,93,496,93,497,94,498,94,499,95,499,96,499,97,499,98,499,99,499,100,499,101,499,102,499,103,499,104,499,105,498,106,497,107,497,108,496,109,496,110,495,111,494,111,493,112,492,112,491,113,490,113,489,113,488,113,487,113,486,112,485,112,484,112,483,111,482,110,481,109,480,108,480,107,480,106,480,105,480,104,480,103,480,102,480,101,480
373,490,372,491,371,491,370,492,369,492,368,492,367,492,366,493,365,494,364,495,363,496,362,497,362,498,361,499,360,500,360,501,360,502,360,503,360,504,360,505,360,506,360,507,360,508,360,509,360,510,361,510,362,510,363,510,364,510,365,511,366,511,367,511,368,511,369,511,370,511,371,511,372,511,373,511,374,511,375,511,376,511,377,511,378,511,379,511,380,511,381,511,382,511,383,511,384,511,385,511,386,511,387,511,388,511,389,511,390,511,391,511,392,511,393,511,394,511,395,511,396,510,397,510,398,510,398,509,398,508,398,507,397,506,397,505,397,504,396,503,396,502,395,501,395,500,394,499,393,498,392,497,391,497,390,496,389,495,388,494,387,494,386,493,385,493,384,492,383,492,382,492,381,492,380,491,379,491,378,491,377,491,376,490,375,490,374,490
343,498,342,499,341,499,340,499,339,500,338,501,337,502,337,503,337,504,337,505,337,506,337,507,337,508,338,508,339,509,339,510,340,510,341,510,342,510,343,510,344,510,345,510,346,510,347,510,348,510,349,510,350,510,351,510,352,511,353,510,354,510,355,510,356,510,357,510,358,510,359,510,359,509,359,508,359,507,359,506,359,505,359,504,359,503,359,502,359,501,358,501,357,501,356,500,355,499,354,498,353,498,352,498,351,498,350,498,349,498,348,498,347,498,346,498,345,498,344,498
477,498,476,499,475,500,474,500,473,501,473,502,473,503,472,504,472,505,471,506,471,507,471,508,471,509,471,510,472,511,473,511,474,511,475,511,476,511,477,511,478,511,479,511,480,511,481,511,482,511,483,511,484,511,485,511,486,511,487,511,488,511,489,510,489,509,489,508,489,507,489,506,488,505,487,504,487,503,486,502,485,501,484,501,483,500,482,499,481,499,480,498,479,498,478,498
90,505,89,506,88,506,88,507,87,508,87,509,86,510,86,511,87,511,88,511,89,511,90,511,91,511,92,511,93,511,94,511,95,511,96,511,97,511,98,511,99,511,100,511,101,510,101,509,100,508,99,507,98,506,97,506,96,505,95,505,94,505,93,505,92,505,91,505
