268,0,267,1,267,2,267,3,267,4,268,5,269,6,270,7,271,7,272,7,273,8,274,8,275,8,276,8,277,8,278,8,279,8,280,8,281,7,282,6,283,5,284,5,285,4,286,3,286,2,285,1,285,0,284,0,283,0,282,0,281,0,280,0,279,0,278,0,277,0,276,0,275,0,274,0,273,0,272,0,271,0,270,0,269,0
190,179,189,180,188,180,187,180,186,181,185,181,184,182,183,182,182,183,181,183,180,184,179,185,178,186,178,187,177,188,177,189,176,190,176,191,176,192,175,193,175,194,174,195,174,196,174,197,174,198,175,199,174,200,175,201,176,201,177,202,178,203,179,203,180,203,181,203,182,203,183,204,184,204,185,205,186,204,187,204,188,204,189,204,190,203,191,204,192,204,193,203,194,203,195,203,196,203,197,202,198,202,199,201,200,201,201,200,202,199,203,198,204,197,205,196,205,195,205,194,205,193,205,192,205,191,205,190,205,189,205,188,205,187,205,186,205,185,204,184,203,184,202,183,202,182,201,182,200,181,199,180,198,180,197,180,196,179,195,179,194,179,193,179,192,179,191,179
234,185,233,186,232,186,231,186,230,187,229,187,228,188,227,189,226,190,226,191,225,192,225,193,224,194,224,195,223,196,223,197,223,198,223,199,222,200,222,201,222,202,222,203,223,204,223,205,222,206,223,207,224,208,225,209,226,210,227,211,228,212,229,212,230,212,231,211,232,211,233,211,234,211,235,210,236,210,237,210,238,209,239,208,240,207,241,206,242,205,243,204,244,203,245,203,246,202,246,201,247,200,247,199,247,198,248,197,248,196,248,195,248,194,248,193,247,192,247,191,247,190,246,189,245,188,244,187,243,186,242,186,241,185,240,185,239,185,238,185,237,185,236,185,235,185
221,207,220,208,219,208,218,208,217,209,216,210,215,210,215,211,214,212,213,213,213,214,212,215,212,216,212,217,211,218,211,219,211,220,212,221,212,222,213,223,214,224,215,225,216,225,217,225,218,225,219,225,220,225,221,226,222,225,223,224,224,223,225,222,226,221,227,220,228,219,227,218,227,217,227,216,228,215,228,214,229,213,228,213,227,212,226,211,225,210,224,209,223,208,222,207
259,207,258,208,257,208,256,208,255,208,254,208,253,209,252,209,251,210,251,211,251,212,250,213,251,214,251,215,251,216,252,217,252,218,253,219,253,220,253,221,254,221,255,221,256,221,257,221,258,220,259,220,260,219,260,218,261,217,262,216,262,215,262,214,261,213,261,212,261,211,260,210,260,209,259,208
239,210,239,211,238,212,237,213,236,213,235,214,234,215,234,216,233,217,232,217,231,218,230,219,229,219,228,220,227,221,226,222,225,223,224,224,223,225,222,226,221,227,221,228,220,229,220,230,220,231,220,232,220,233,219,234,220,235,220,236,221,237,222,238,222,239,223,239,224,240,225,240,226,240,227,240,228,240,229,239,230,239,231,238,232,238,233,237,234,237,235,237,236,236,237,236,238,236,239,235,240,235,241,235,241,234,242,233,243,232,244,231,245,230,246,229,247,228,248,227,249,226,250,225,250,224,251,223,252,222,252,221,252,220,252,219,251,218,251,217,250,216,250,215,250,214,249,213,248,213,247,213,246,212,245,212,244,212,243,211,242,211,241,211,240,210
275,225,274,226,273,226,272,227,271,227,270,228,269,229,268,230,268,231,268,232,267,233,267,234,267,235,267,236,267,237,267,238,267,239,267,240,267,241,267,242,268,243,268,244,268,245,269,246,270,246,271,247,272,247,273,247,274,247,275,247,276,247,277,247,278,246,279,246,280,245,281,244,282,243,283,242,284,241,284,240,285,239,285,238,286,237,286,236,286,235,286,234,286,233,286,232,286,231,286,230,285,229,285,228,284,227,283,226,282,226,281,225,280,225,279,225,278,225,277,225,276,225
305,227,304,228,303,228,302,228,301,228,300,229,299,229,298,229,297,230,297,231,296,232,296,233,296,234,295,235,295,236,295,237,295,238,296,239,296,240,296,241,297,242,297,243,298,244,299,245,300,246,301,246,302,247,303,247,304,246,305,246,306,246,307,245,308,245,309,244,310,244,311,244,312,243,312,242,313,241,314,240,314,239,314,238,314,237,315,236,315,235,315,234,314,233,314,232,313,231,312,230,311,229,310,229,309,228,308,228,307,228,306,227
218,235,217,236,216,236,215,236,214,237,213,237,212,238,212,239,212,240,212,241,212,242,213,243,214,244,215,244,216,244,217,244,218,243,219,243,220,242,221,242,221,241,222,240,221,239,221,238,220,237,219,236,219,235
239,236,238,237,237,237,236,237,235,238,234,238,233,238,232,239,231,239,230,240,229,240,229,241,228,242,227,243,226,244,226,245,225,246,224,246,223,247,223,248,222,249,222,250,222,251,222,252,221,253,221,254,221,255,221,256,221,257,221,258,221,259,222,260,222,261,223,262,224,262,225,263,226,263,227,263,228,263,229,262,230,262,231,261,232,260,233,260,234,260,234,259,235,258,236,257,237,256,237,255,238,254,238,253,239,252,239,251,240,250,240,249,240,248,241,247,241,246,242,245,242,244,243,243,244,242,244,241,244,240,244,239,243,238,243,237,242,236,241,236,240,236
252,236,251,237,250,237,249,238,248,239,247,239,246,240,245,240,245,241,245,242,244,243,243,244,243,245,242,246,242,247,241,248,241,249,241,250,240,251,240,252,239,253,239,254,238,255,238,256,237,257,236,258,235,259,235,260,235,261,235,262,235,263,236,264,237,265,238,265,239,265,240,265,241,264,242,264,243,264,244,263,245,263,246,262,247,261,248,260,249,259,250,258,251,258,252,257,253,256,254,255,255,254,256,253,257,252,258,251,259,250,259,249,260,248,261,247,261,246,262,245,262,244,262,243,262,242,262,241,262,240,261,239,261,238,260,237,259,236,258,236,257,236,256,236,255,236,254,236,253,236
323,237,322,238,321,238,320,239,319,239,318,240,317,241,316,241,315,242,314,241,313,242,313,243,312,244,311,245,310,246,310,247,310,248,310,249,309,250,309,251,309,252,309,253,309,254,310,255,310,256,310,257,310,258,310,259,310,260,311,261,311,262,312,262,313,263,314,262,315,262,316,262,317,261,318,261,319,260,320,259,321,258,322,258,323,257,324,256,324,255,325,254,326,253,327,252,327,251,328,250,329,249,329,248,330,247,330,246,330,245,331,244,331,243,331,242,331,241,330,240,330,239,329,238,328,238,327,237,326,237,325,237,324,237
295,251,294,252,293,252,292,252,291,253,290,254,289,255,288,256,287,257,287,258,287,259,287,260,287,261,287,262,287,263,286,264,286,265,286,266,286,267,286,268,286,269,285,270,285,271,285,272,285,273,285,274,285,275,286,276,286,277,287,278,288,278,289,279,290,279,291,280,292,280,293,280,294,279,295,279,296,279,297,279,298,278,299,277,300,277,301,276,302,275,303,274,304,273,305,272,305,271,306,270,306,269,306,268,306,267,306,266,306,265,307,264,307,263,307,262,307,261,307,260,307,259,307,258,306,257,306,256,305,256,304,255,303,254,302,253,301,253,300,252,299,252,298,252,297,251,296,251
279,255,278,256,277,257,276,257,275,258,274,259,273,260,272,261,272,262,271,263,271,264,270,265,269,266,270,267,270,268,270,269,271,270,271,271,271,272,272,273,272,274,273,275,274,276,275,276,276,277,277,277,278,277,279,276,280,276,281,275,282,274,283,273,284,273,284,272,284,271,284,270,285,269,285,268,285,267,285,266,285,265,285,264,286,263,286,262,286,261,286,260,286,259,286,258,286,257,285,256,284,256,283,255,282,255,281,255,280,255
325,257,324,258,323,258,322,259,321,259,320,260,319,261,318,262,318,263,317,264,317,265,317,266,317,267,316,268,316,269,316,270,316,271,316,272,317,273,318,274,318,275,319,276,320,277,321,278,322,278,323,278,324,279,325,279,326,279,327,279,328,279,329,279,330,279,331,278,332,278,333,277,334,277,335,276,336,275,337,274,337,273,338,272,338,271,338,270,339,269,339,268,339,267,339,266,339,265,339,264,339,263,338,262,337,261,336,260,335,260,334,259,333,259,332,259,331,258,330,258,329,258,328,258,327,258,326,257
258,261,257,262,256,262,255,262,254,263,253,264,252,264,251,265,250,266,250,267,249,268,249,269,249,270,248,271,248,272,247,273,247,274,247,275,247,276,248,277,248,278,249,279,250,280,251,281,252,281,253,281,254,281,255,281,256,281,257,281,258,280,259,280,260,280,261,279,262,278,263,277,264,276,265,275,266,274,267,273,267,272,268,271,268,270,268,269,268,268,269,267,268,266,268,265,268,264,267,263,266,262,265,261,264,261,263,261,262,261,261,261,260,261,259,261
339,282,338,283,337,283,336,284,335,284,334,285,333,286,332,286,331,287,330,288,329,289,328,289,327,290,326,291,325,291,324,292,323,293,322,294,322,295,321,296,321,297,321,298,320,299,320,300,320,301,319,302,319,303,318,304,318,305,318,306,319,307,319,308,319,309,319,310,320,311,321,312,322,312,323,313,324,313,325,313,326,313,327,313,328,313,329,313,330,313,331,312,332,312,333,312,334,311,335,311,336,310,337,309,338,308,339,307,340,307,341,306,342,306,343,305,344,304,345,303,346,302,347,301,348,300,349,299,349,298,350,297,350,296,350,295,350,294,350,293,350,292,350,291,350,290,349,289,349,288,348,287,347,286,347,285,346,284,345,283,344,283,343,282,342,282,341,282,340,282
306,283,305,284,304,284,303,284,302,285,301,285,300,285,299,286,298,286,297,287,296,288,295,288,294,289,294,290,294,291,293,292,293,293,292,294,292,295,291,296,291,297,291,298,291,299,291,300,291,301,292,302,292,303,292,304,293,305,294,306,294,307,295,308,296,309,297,310,298,310,299,311,300,311,301,312,302,312,303,312,304,312,305,312,306,312,307,311,308,311,309,311,310,310,311,310,312,309,313,308,314,307,315,307,315,306,316,305,317,304,318,303,318,302,319,301,319,300,319,299,320,298,320,297,320,296,321,295,321,294,322,293,322,292,322,291,322,290,322,289,321,288,321,287,320,286,319,285,318,285,317,284,316,284,315,283,314,283,313,283,312,283,311,283,310,283,309,283,308,283,307,283
278,284,277,285,276,286,275,286,275,287,274,288,274,289,273,290,273,291,272,292,272,293,272,294,272,295,272,296,272,297,273,298,273,299,274,300,274,301,275,302,276,302,277,303,278,303,279,304,280,303,281,303,282,303,283,303,284,303,285,302,286,301,287,300,288,299,289,298,290,297,290,296,291,295,291,294,291,293,291,292,290,291,290,290,289,289,288,288,288,287,287,286,286,285,285,285,284,284,283,284,282,284,281,284,280,284,279,284
327,315,326,316,325,316,324,317,323,318,322,318,321,319,320,320,319,321,318,322,318,323,317,324,317,325,316,326,316,327,316,328,315,329,315,330,316,331,316,332,317,332,318,333,319,334,320,334,321,335,322,335,323,335,324,335,325,335,326,335,327,335,328,335,329,335,330,335,331,334,332,334,333,334,334,335,335,334,335,333,336,332,337,331,337,330,338,329,338,328,339,327,339,326,340,325,340,324,340,323,340,322,340,321,339,320,339,319,339,318,338,317,337,316,336,315,335,315,334,315,333,315,332,315,331,315,330,315,329,315,328,315
349,321,348,322,347,322,346,322,345,323,344,323,343,324,342,325,341,324,341,325,340,326,340,327,339,328,339,329,338,330,338,331,337,332,336,333,336,334,335,335,336,336,336,337,337,338,337,339,338,340,339,340,340,341,341,341,342,341,343,341,344,341,345,340,346,340,347,340,348,339,349,339,350,338,351,338,352,337,353,336,354,335,354,334,355,333,356,332,356,331,357,330,357,329,357,328,357,327,357,326,357,325,357,324,357,323,356,322,355,321,354,321,353,321,352,321,351,321,350,321
227,349,226,350,225,350,224,350,223,350,222,351,221,351,220,352,219,353,218,354,217,355,217,356,216,357,216,358,216,359,215,360,214,361,214,362,213,363,212,364,213,365,214,366,215,367,216,368,217,369,218,370,219,371,220,372,221,373,221,374,222,375,223,376,223,377,224,378,224,379,224,380,225,380,226,380,227,380,228,379,229,379,230,379,231,379,232,379,233,378,234,378,235,377,236,377,237,377,238,376,239,375,240,374,241,374,242,373,243,372,244,371,245,370,245,369,246,368,246,367,246,366,247,365,247,364,247,363,247,362,247,361,246,360,246,359,246,358,245,357,245,356,244,355,243,354,242,353,241,352,240,351,239,351,238,350,237,350,236,350,235,350,234,349,233,349,232,349,231,349,230,349,229,349,228,349
211,364,210,365,209,366,208,365,207,366,206,366,205,366,204,366,203,366,202,367,201,367,200,367,199,368,198,368,197,368,196,369,195,370,194,371,193,371,193,372,192,373,191,374,191,375,190,376,190,377,189,378,189,379,189,380,189,381,189,382,188,383,188,384,189,385,189,386,189,387,190,388,190,389,191,390,192,391,193,392,194,393,195,393,196,393,197,394,198,394,199,395,200,395,201,395,202,395,203,395,204,395,205,395,206,395,207,395,208,395,209,394,210,394,211,394,212,393,213,393,214,392,215,391,216,390,217,389,218,388,219,387,219,386,220,385,221,384,221,383,222,382,223,382,224,381,223,380,223,379,223,378,222,377,222,376,221,375,220,374,220,373,219,372,218,371,217,370,216,369,215,368,214,367,213,366,212,365
91,365,90,366,89,366,88,366,87,366,86,367,85,367,84,367,83,368,82,368,81,369,80,370,80,371,79,372,78,373,77,374,77,375,77,376,76,377,76,378,76,379,76,380,76,381,76,382,76,383,76,384,76,385,77,386,77,387,78,388,78,389,79,390,80,391,81,391,82,392,83,392,84,393,85,393,86,393,87,394,88,394,89,394,90,393,91,393,92,393,93,393,94,392,95,392,96,391,97,391,98,391,99,390,100,390,101,389,102,388,103,387,103,386,104,385,105,384,105,383,106,382,106,381,106,380,106,379,106,378,106,377,106,376,106,375,106,374,105,373,105,372,105,371,104,370,103,369,102,368,101,367,100,367,99,367,98,366,97,366,96,366,95,366,94,366,93,365,92,365
52,376,51,377,50,377,49,377,48,378,47,379,46,380,45,381,44,381,43,382,43,383,43,384,43,385,44,386,45,387,46,388,46,389,47,389,48,390,49,391,50,391,51,392,52,392,53,392,54,392,55,392,56,392,57,391,58,391,59,391,60,391,61,390,62,389,63,388,63,387,63,386,64,385,64,384,63,383,63,382,63,381,62,380,61,379,60,379,59,378,58,377,57,377,56,376,55,376,54,376,53,376
411,442,410,443,409,444,408,445,407,446,407,447,406,448,406,449,406,450,405,451,405,452,404,453,404,454,404,455,405,456,405,457,406,458,407,459,408,460,409,460,410,460,411,460,412,459,413,459,414,459,415,459,416,459,417,458,418,457,419,457,419,456,420,455,421,454,422,453,423,452,423,451,423,450,423,449,423,448,423,447,423,446,422,445,422,444,421,443,420,443,419,442,418,442,417,442,416,442,415,442,414,442,413,442,412,442
428,450,427,451,426,451,425,452,424,452,423,453,422,454,421,455,420,456,420,457,419,458,419,459,418,460,417,461,417,462,417,463,417,464,417,465,417,466,417,467,417,468,417,469,418,470,418,471,418,472,419,473,420,474,421,475,422,475,423,476,424,476,425,476,426,476,427,476,428,476,429,476,430,476,431,475,432,475,433,474,434,474,435,473,436,472,437,471,438,470,438,469,439,468,439,467,440,466,440,465,441,464,441,463,441,462,442,461,442,460,442,459,441,458,441,457,440,456,439,455,438,454,437,453,436,452,435,451,434,451,433,450,432,450,431,450,430,450,429,450
361,455,360,456,359,456,358,456,357,456,356,457,355,457,354,458,353,459,352,460,351,461,351,462,351,463,350,464,350,465,350,466,350,467,350,468,350,469,350,470,350,471,351,472,352,473,352,474,353,475,354,475,355,476,356,476,357,476,358,476,359,476,360,476,361,476,362,476,363,477,364,476,365,476,366,475,367,474,368,474,369,473,370,472,370,471,371,470,371,469,371,468,372,467,372,466,372,465,372,464,372,463,372,462,371,461,371,460,370,459,369,458,368,457,367,457,366,456,365,456,364,456,363,456,362,455
446,468,445,469,444,469,443,470,442,470,441,471,440,472,439,473,438,474,437,475,436,476,436,477,435,478,435,479,435,480,435,481,435,482,435,483,435,484,436,485,436,486,437,487,438,488,439,489,439,490,440,491,441,491,442,492,443,493,444,493,445,494,446,494,447,494,448,495,449,495,450,495,451,495,452,494,453,494,454,494,455,493,456,493,457,492,458,492,459,491,460,491,461,490,461,489,462,488,463,487,463,486,463,485,463,484,463,483,463,482,463,481,463,480,463,479,463,478,463,477,463,476,462,475,462,474,461,473,460,472,459,471,458,471,457,470,456,470,455,470,454,469,453,469,452,468,451,468,450,468,449,468,448,468,447,468
385,470,385,471,384,472,383,472,382,473,381,474,380,474,379,475,378,474,377,474,376,474,375,474,374,474,373,474,372,474,371,473,370,473,369,474,368,475,367,475,366,476,365,477,364,477,363,478,363,479,363,480,363,481,363,482,363,483,364,484,364,485,364,486,365,486,366,487,367,487,368,488,369,489,370,489,371,489,372,489,373,490,374,490,375,491,376,492,377,492,378,493,379,494,380,495,381,496,382,497,383,498,384,499,385,500,386,501,387,501,388,502,389,502,390,503,391,503,392,504,393,504,394,505,395,505,396,505,397,505,398,505,399,506,400,507,401,508,402,508,403,509,404,508,405,509,406,509,407,510,408,510,409,510,410,509,411,509,412,508,413,508,414,507,415,506,416,505,416,504,417,503,418,502,418,501,419,500,419,499,419,498,419,497,419,496,419,495,419,494,418,493,417,492,417,491,417,490,416,489,415,490,414,489,413,488,413,487,413,486,413,485,412,484,412,483,411,482,410,481,409,480,408,479,407,478,406,477,406,476,405,475,404,474,404,473,403,473,402,472,401,472,400,472,399,472,398,472,397,472,396,472,395,472,394,472,393,472,392,472,391,472,390,471,389,471,388,471,387,470,386,470
356,487,355,488,354,488,353,489,352,489,351,490,350,491,350,492,350,493,349,494,349,495,348,496,348,497,348,498,348,499,347,500,347,501,347,502,348,503,348,504,348,505,348,506,349,507,349,508,349,509,349,510,350,510,351,510,352,510,353,511,354,511,355,511,356,511,357,511,358,511,359,511,360,511,361,511,362,511,363,511,364,511,365,511,366,511,367,511,368,511,369,511,370,510,371,510,372,510,372,509,372,508,373,507,374,506,374,505,375,504,375,503,375,502,375,501,374,500,374,499,374,498,374,497,373,496,373,495,372,494,372,493,371,492,371,491,370,490,369,490,368,489,367,488,366,488,365,487,364,487,363,487,362,487,361,487,360,487,359,487,358,487,357,487
460,499,459,500,458,500,457,501,456,502,455,502,455,503,454,504,454,505,453,506,452,507,452,508,451,509,451,510,452,511,453,511,454,511,455,511,456,511,457,511,458,511,459,511,460,511,461,511,462,511,463,511,464,511,465,511,466,511,467,511,468,511,469,511,470,511,471,511,472,510,473,509,473,508,473,507,473,506,472,505,472,504,471,503,471,502,470,501,469,500,468,500,467,499,466,499,465,499,464,499,463,499,462,499,461,499
