84,72,83,73,82,74,81,75,80,76,79,77,78,78,78,79,77,80,77,81,77,82,77,83,77,84,77,85,77,86,77,87,78,88,78,89,79,90,80,91,81,92,82,92,83,92,84,92,85,92,86,92,87,92,88,91,89,91,90,91,91,90,92,89,93,88,93,87,94,86,94,85,95,84,95,83,95,82,94,81,94,80,94,79,93,78,93,77,92,76,91,75,90,74,89,74,88,73,87,73,86,72,85,72
175,99,174,100,173,100,172,100,171,101,170,102,170,103,170,104,170,105,170,106,170,107,170,108,171,109,172,110,173,111,174,112,175,113,176,114,177,115,178,116,179,115,180,115,181,115,182,115,183,115,184,114,185,114,186,113,187,113,188,112,189,112,190,111,191,111,192,110,193,109,193,108,194,107,194,106,194,105,194,104,193,103,192,103,191,102,190,101,189,101,188,101,187,100,186,100,185,99,184,99,183,99,182,99,181,99,180,99,179,99,178,99,177,99,176,99
136,101,135,102,134,102,133,103,132,104,131,104,131,105,130,106,129,107,129,108,128,109,128,110,127,111,127,112,127,113,127,114,127,115,127,116,126,117,126,118,126,119,125,120,126,121,127,121,128,122,129,123,130,124,131,124,132,125,133,125,134,125,135,126,136,126,137,126,138,126,139,126,140,125,141,124,142,124,143,123,144,123,145,122,146,121,146,120,147,119,147,118,147,117,148,116,148,115,148,114,149,113,148,112,148,111,148,110,148,109,148,108,148,107,148,106,147,105,147,104,146,103,145,103,144,102,143,101,142,101,141,101,140,101,139,101,138,101,137,101
203,104,202,105,201,106,200,107,200,108,199,109,199,110,199,111,199,112,200,113,200,114,201,115,201,116,202,117,203,118,203,119,204,120,204,121,205,122,205,123,206,124,206,125,207,125,208,126,209,126,210,126,211,127,212,126,213,125,213,124,214,123,215,122,216,121,217,120,218,120,219,119,220,118,221,118,221,117,221,116,221,115,222,114,222,113,222,112,221,111,221,110,220,109,219,108,218,108,217,107,216,106,215,106,214,105,213,105,212,105,211,104,210,104,209,104,208,104,207,104,206,104,205,104,204,104
160,107,159,108,158,108,157,108,156,109,155,109,154,110,153,110,152,111,151,112,150,113,149,114,149,115,149,116,148,117,148,118,148,119,147,120,147,121,146,122,146,123,146,124,146,125,146,126,145,127,145,128,145,129,146,130,146,131,147,132,148,133,148,134,149,135,149,136,149,137,150,138,150,139,151,140,151,141,152,141,153,141,154,141,155,141,156,142,157,143,158,142,159,142,160,142,161,142,162,142,163,141,164,141,165,141,166,141,167,140,168,140,169,140,170,140,171,139,172,139,173,139,174,138,173,137,174,136,174,135,175,134,175,133,175,132,176,131,176,130,176,129,176,128,177,127,177,126,177,125,177,124,177,123,177,122,177,121,177,120,177,119,177,118,177,117,177,116,176,115,175,114,174,113,173,112,172,111,171,110,170,109,169,108,168,108,167,108,166,107,165,107,164,107,163,107,162,107,161,107
66,115,65,116,64,116,63,117,62,117,61,118,61,119,60,120,60,121,60,122,60,123,60,124,61,125,61,126,62,127,63,128,64,128,65,128,66,128,67,127,68,127,69,126,70,125,71,124,71,123,72,122,72,121,72,120,72,119,71,118,71,117,70,116,69,116,68,116,67,115
125,121,124,122,123,122,122,123,122,124,121,125,121,126,120,127,120,128,120,129,119,130,119,131,119,132,118,133,118,134,118,135,118,136,118,137,117,138,117,139,118,140,118,141,119,142,119,143,119,144,119,145,120,146,120,147,120,148,120,149,120,150,121,151,121,152,121,153,122,154,122,155,123,156,124,157,125,158,126,159,127,159,128,160,129,160,130,161,131,161,132,161,133,161,134,161,135,161,136,161,137,161,138,161,139,160,140,160,141,160,142,159,143,159,144,158,144,157,145,156,146,155,146,154,147,153,147,152,147,151,147,150,147,149,148,148,148,147,148,146,148,145,149,144,149,143,150,142,150,141,150,140,149,139,149,138,148,137,148,136,148,135,147,134,147,133,146,132,145,131,145,130,144,129,143,129,142,129,141,128,140,128,139,128,138,127,137,127,136,127,135,127,134,126,133,126,132,126,131,125,130,125,129,124,128,123,127,122,126,122
193,121,192,122,191,122,190,123,189,123,189,124,188,125,188,126,189,127,188,128,188,129,188,130,188,131,188,132,188,133,188,134,188,135,188,136,189,137,189,138,189,139,189,140,189,141,189,142,189,143,190,144,190,145,191,146,192,147,193,148,194,149,195,149,196,149,197,150,198,150,199,150,200,150,201,150,202,149,203,149,204,148,205,148,206,148,207,148,208,148,209,148,209,147,209,146,209,145,209,144,209,143,209,142,209,141,210,140,209,139,209,138,209,137,209,136,209,135,209,134,209,133,208,132,207,131,207,130,206,129,206,128,206,127,205,126,205,125,204,124,203,123,202,122,201,122,200,122,199,121,198,121,197,121,196,121,195,121,194,121
251,126,250,127,249,128,248,128,247,129,246,130,245,130,244,131,243,131,242,132,241,133,240,133,239,134,239,135,240,136,240,137,240,138,240,139,241,140,241,141,242,142,242,143,243,144,243,145,243,146,244,146,245,145,246,145,247,145,248,144,249,144,250,143,251,143,252,142,253,141,254,141,255,140,256,139,257,139,258,138,258,137,259,136,259,135,259,134,259,133,258,132,258,131,257,130,256,129,255,128,254,128,253,127,252,127
174,139,173,140,172,140,171,140,170,141,169,141,168,141,167,141,166,142,165,142,164,142,163,142,162,143,161,143,160,143,159,143,158,143,157,144,157,145,156,146,155,147,154,148,153,149,152,150,151,151,150,151,149,151,148,152,148,153,147,154,147,155,146,156,145,157,145,158,144,159,144,160,144,161,145,162,145,163,145,164,145,165,145,166,146,167,146,168,147,169,148,170,149,171,150,172,151,172,152,173,153,174,154,174,155,174,156,174,157,174,158,174,159,174,160,174,161,174,162,174,163,174,164,174,165,174,166,174,167,174,168,174,169,175,169,176,170,175,171,175,172,174,173,174,174,173,175,173,176,173,177,172,178,172,179,172,180,171,181,171,182,170,183,170,184,170,185,169,186,169,187,168,186,167,187,166,188,165,188,164,188,163,188,162,188,161,188,160,188,159,188,158,188,157,188,156,187,155,187,154,187,153,186,152,185,151,185,150,185,149,184,148,184,147,183,146,182,146,181,145,180,144,179,144,178,143,177,143,176,142,176,141,175,140
258,139,257,140,256,140,255,141,254,142,253,142,252,143,251,144,250,144,249,145,249,146,249,147,249,148,248,149,247,150,248,151,248,152,248,153,248,154,248,155,249,156,249,157,249,158,249,159,250,160,251,160,252,161,253,161,254,162,255,162,256,163,257,163,258,163,259,162,260,162,261,162,262,161,263,161,264,160,265,159,266,159,267,158,267,157,268,156,269,155,269,154,270,153,271,152,271,151,271,150,272,149,272,148,272,147,271,146,271,145,271,144,271,143,270,142,269,141,268,141,267,140,266,140,265,140,264,140,263,140,262,140,261,140,260,140,259,139
236,145,235,146,234,146,233,146,232,147,231,147,230,147,229,148,228,149,227,149,226,150,225,150,224,151,224,152,224,153,224,154,225,155,225,156,225,157,225,158,226,159,226,160,226,161,226,162,226,163,227,163,228,164,229,165,230,166,231,167,232,168,233,169,234,169,235,169,236,169,237,169,238,169,239,168,240,168,241,168,242,167,243,167,244,167,245,166,246,165,246,164,247,163,248,162,248,161,249,160,248,159,248,158,248,157,248,156,247,155,247,154,247,153,247,152,247,151,246,150,245,149,244,148,244,147,243,147,242,147,241,147,240,147,239,147,238,147,237,146
273,147,273,148,273,149,272,150,272,151,272,152,271,153,270,154,270,155,269,156,268,157,268,158,267,159,266,160,265,160,264,161,263,162,262,162,261,163,260,163,259,163,258,164,257,164,256,165,255,165,254,166,253,167,252,168,251,169,250,170,250,171,250,172,249,173,250,174,250,175,251,175,252,176,253,176,254,177,255,178,256,179,257,179,258,180,259,181,259,182,260,183,261,184,262,184,263,184,264,184,265,184,266,184,267,183,268,183,269,182,270,181,271,180,271,179,272,178,273,177,274,176,275,175,275,174,276,173,277,172,277,171,278,170,278,169,279,168,279,167,280,166,280,165,280,164,281,163,281,162,281,161,281,160,281,159,282,158,282,157,282,156,282,155,282,154,281,153,281,152,281,151,281,150,280,149,279,148,278,147,277,147,276,147,275,147,274,147
208,149,207,150,207,151,206,152,205,152,205,153,204,154,203,154,202,155,201,156,201,157,200,158,200,159,200,160,200,161,200,162,200,163,199,164,199,165,199,166,199,167,199,168,200,169,200,170,201,171,202,172,203,173,204,173,205,174,206,175,207,175,208,176,209,176,210,176,211,176,212,176,213,176,214,176,215,176,216,175,217,175,218,175,219,174,220,173,220,172,221,171,221,170,221,169,221,168,222,167,223,166,224,165,225,164,225,163,225,162,225,161,225,160,225,159,224,158,224,157,224,156,224,155,223,154,223,153,223,152,223,151,222,151,221,151,220,151,219,151,218,150,217,149,216,149,215,149,214,149,213,149,212,149,211,149,210,149,209,149
190,168,189,169,188,169,187,169,186,170,185,170,184,171,183,171,182,171,181,172,180,172,179,173,178,173,177,173,176,174,175,174,174,174,173,175,172,175,171,176,170,176,169,177,168,178,168,179,168,180,168,181,167,182,167,183,167,184,167,185,168,186,168,187,169,187,170,188,171,188,172,189,173,190,173,191,174,192,174,193,174,194,174,195,174,196,175,197,175,198,175,199,175,200,176,201,176,202,177,203,178,204,178,205,179,206,180,207,181,208,182,208,183,209,184,209,185,209,186,210,185,211,184,211,185,211,186,211,187,210,188,209,189,208,190,207,191,206,192,205,193,205,194,204,195,203,196,203,197,203,198,202,199,202,200,202,201,202,201,201,201,200,201,199,201,198,201,197,201,196,201,195,202,194,202,193,202,192,202,191,202,190,203,189,203,188,204,187,205,186,206,185,207,184,207,183,206,183,205,182,204,181,204,180,203,179,203,178,202,177,201,176,201,175,200,174,200,173,199,172,198,171,197,170,196,170,195,170,194,169,193,169,192,169,191,169
292,170,291,171,290,171,289,172,288,172,287,173,286,173,285,174,284,174,283,175,283,176,282,177,281,178,280,179,279,180,278,181,278,182,277,183,276,184,276,185,276,186,277,187,278,188,279,189,280,190,281,191,282,192,283,192,284,193,285,193,286,193,287,193,288,193,289,192,290,192,291,192,292,192,293,191,294,191,295,190,296,190,297,189,298,188,299,187,300,186,301,186,302,185,303,185,304,185,305,185,306,185,307,184,307,183,308,182,309,181,309,180,309,179,309,178,308,177,308,176,308,175,307,174,306,174,305,174,304,174,303,173,302,173,301,173,300,172,300,171,299,170,298,170,297,170,296,170,295,170,294,170,293,170
137,173,136,174,135,174,134,175,133,176,132,177,131,178,131,179,131,180,131,181,131,182,130,183,130,184,131,185,131,186,131,187,131,188,132,189,132,190,132,191,133,192,134,193,134,194,135,195,136,196,137,197,138,198,139,198,140,199,141,200,142,200,143,201,144,202,145,202,146,202,147,201,148,201,149,201,150,201,151,200,152,199,153,198,154,197,155,196,156,195,157,194,157,193,158,192,158,191,157,190,157,189,156,188,156,187,156,186,155,185,154,184,154,183,153,182,153,181,152,180,151,179,151,178,150,177,149,176,148,176,147,175,146,174,145,174,144,174,143,173,142,173,141,173,140,173,139,173,138,173
240,173,239,174,238,175,237,176,236,177,236,178,235,179,234,180,233,181,232,182,232,183,231,184,230,185,229,186,228,187,227,188,226,189,225,190,224,191,223,191,222,192,221,192,221,193,221,194,222,195,222,196,223,197,223,198,224,199,224,200,224,201,224,202,225,203,226,203,227,203,228,204,229,204,230,205,231,205,232,204,233,204,234,204,235,205,236,205,237,204,238,205,239,205,240,205,241,204,242,204,243,203,244,203,245,203,246,202,247,202,248,201,249,201,250,200,251,200,252,199,253,198,254,198,255,197,256,196,257,195,257,194,258,193,259,192,260,191,260,190,260,189,260,188,260,187,260,186,261,185,260,184,259,183,258,182,258,181,257,180,256,180,255,179,254,178,253,177,252,177,251,176,250,176,249,176,248,176,247,176,246,176,245,176,244,176,243,175,243,174,242,174,241,173
159,192,158,193,158,194,157,195,156,196,155,197,154,198,153,199,152,200,151,201,150,202,149,202,150,203,151,204,151,205,152,206,153,207,153,208,154,209,154,210,155,211,155,212,156,213,156,214,157,215,158,215,159,216,160,216,161,215,162,216,163,216,164,215,165,215,166,215,167,215,168,215,169,215,170,215,171,215,171,214,172,213,173,212,173,211,173,210,173,209,173,208,173,207,174,206,174,205,173,204,173,203,174,202,173,201,173,200,172,199,172,198,171,198,170,197,169,196,168,196,167,195,166,195,165,195,164,194,163,194,162,193,161,193,160,192
283,194,282,195,281,195,280,196,279,196,278,197,277,198,276,199,275,200,275,201,274,202,274,203,273,204,273,205,274,206,274,207,274,208,275,208,276,209,276,210,277,210,278,211,279,212,280,212,281,213,282,213,283,214,284,215,285,216,286,217,287,216,288,215,289,215,290,214,291,213,292,213,293,212,294,211,295,211,296,210,297,209,298,208,299,207,300,206,301,205,302,204,303,203,303,202,304,201,303,201,302,202,301,202,300,202,299,202,298,201,297,201,296,200,295,199,294,198,293,197,292,196,291,195,290,194,289,194,288,194,287,194,286,194,285,194,284,194
307,197,306,198,306,199,305,200,305,201,304,202,304,203,303,204,302,205,301,206,300,207,299,208,298,209,297,210,296,211,295,212,294,212,293,213,292,214,291,214,290,215,289,216,288,216,287,217,286,218,286,219,286,220,286,221,286,222,286,223,286,224,286,225,286,226,286,227,286,228,286,229,286,230,286,231,286,232,286,233,287,233,288,233,289,234,290,234,291,234,292,234,293,234,294,234,295,233,296,233,297,233,298,232,298,231,299,230,299,229,300,228,300,227,301,226,301,225,302,224,302,223,302,222,302,221,302,220,302,219,303,218,303,217,304,216,304,215,305,214,305,213,306,212,306,211,307,210,308,210,309,210,310,209,311,209,312,208,312,207,313,206,313,205,313,204,312,203,312,202,311,201,310,200,310,199,309,199,308,198
147,202,146,203,145,203,144,203,143,204,142,205,141,205,140,206,139,207,139,208,139,209,139,210,139,211,139,212,140,213,140,214,141,215,141,216,142,217,143,218,143,219,144,220,145,221,146,222,146,223,147,223,148,224,149,224,150,223,151,223,152,223,153,222,154,221,155,220,155,219,155,218,155,217,155,216,156,215,155,214,155,213,154,212,154,211,153,210,153,209,152,208,152,207,151,206,150,205,150,204,149,203,148,202
198,203,197,204,196,204,195,204,194,205,193,206,192,206,191,207,190,208,189,209,188,210,187,211,188,211,189,212,190,212,191,213,192,214,193,215,194,216,195,217,196,218,197,219,198,220,199,221,200,220,201,220,202,219,203,219,204,218,205,218,206,217,207,216,208,215,208,214,208,213,209,212,209,211,209,210,209,209,210,208,209,207,208,207,207,206,206,205,205,205,204,204,203,204,202,203,201,203,200,203,199,203
223,203,222,204,221,205,220,205,219,204,218,204,217,205,216,205,215,206,214,206,213,207,212,207,211,208,210,209,210,210,210,211,210,212,209,213,209,214,209,215,210,216,210,217,211,218,211,219,212,220,213,221,212,222,213,223,214,224,215,225,216,226,217,226,218,227,219,228,220,228,221,229,222,230,223,230,224,231,225,232,226,232,227,233,228,233,229,234,229,233,230,232,231,232,231,231,231,230,232,229,232,228,233,227,233,226,234,225,234,224,235,223,236,222,236,221,236,220,236,219,236,218,236,217,235,216,235,215,234,214,234,213,233,212,232,211,232,210,232,209,231,208,231,207,230,206,229,205,228,205,227,204,226,204,225,204,224,203
322,208,321,209,320,209,319,209,318,209,317,210,316,210,315,211,314,211,313,212,312,213,311,214,310,215,309,216,308,217,308,218,307,219,306,220,305,221,304,222,303,223,303,224,302,225,302,226,301,227,301,228,300,229,300,230,299,231,299,232,298,233,299,234,300,235,300,236,301,237,302,237,303,238,304,238,305,239,306,239,307,238,308,238,309,238,310,238,311,238,312,238,313,237,314,237,315,237,316,237,317,237,318,237,319,236,320,236,321,235,322,234,323,234,324,233,324,232,325,231,326,230,327,229,327,228,328,227,328,226,329,225,329,224,330,223,330,222,331,221,331,220,331,219,332,218,332,217,332,216,332,215,332,214,332,213,332,212,331,211,330,210,329,209,328,209,327,209,326,208,325,208,324,208,323,208
269,211,268,212,267,212,266,212,265,213,264,213,263,214,262,215,261,216,261,217,260,218,260,219,259,220,259,221,259,222,259,223,259,224,258,225,257,225,256,226,255,227,254,227,253,227,252,228,252,229,251,230,251,231,251,232,252,233,252,234,253,235,253,236,254,237,255,238,256,239,257,240,258,241,259,241,260,242,261,243,262,243,263,243,264,243,265,244,266,244,267,244,268,244,269,244,270,244,271,244,272,244,273,243,274,242,275,242,276,241,277,241,277,240,278,239,279,238,280,237,280,236,281,235,281,234,282,233,283,232,284,232,285,232,285,231,285,230,285,229,285,228,285,227,285,226,285,225,285,224,285,223,285,222,285,221,285,220,285,219,285,218,285,217,284,216,283,215,282,214,281,214,280,213,279,213,278,212,277,211,276,211,275,212,274,211,273,211,272,211,271,211,270,211
182,212,183,213,182,214,181,214,180,215,179,216,178,217,178,218,178,219,177,220,176,221,176,222,176,223,176,224,176,225,177,226,177,227,177,228,177,229,178,230,178,231,179,232,179,233,180,234,181,235,182,234,183,235,184,235,185,236,185,237,186,237,187,236,188,236,189,236,190,236,191,237,192,236,193,235,194,234,195,233,195,232,196,231,197,230,197,229,198,228,198,227,198,226,198,225,198,224,198,223,198,222,198,221,197,220,196,219,195,218,194,217,193,216,192,215,191,214,190,213,189,213,188,212,187,212,186,212,185,212,184,212,183,212
164,216,163,217,162,217,161,217,160,218,159,217,159,218,159,219,158,220,157,220,157,221,156,222,156,223,155,224,155,225,154,226,154,227,154,228,154,229,154,230,154,231,154,232,154,233,155,234,155,235,156,235,157,235,158,235,159,234,160,234,161,234,162,234,163,234,164,234,165,234,166,234,167,234,168,234,169,234,170,234,171,234,172,234,173,234,174,234,175,234,176,234,177,234,178,234,179,234,180,235,179,234,178,233,178,232,177,231,177,230,176,229,176,228,176,227,176,226,175,225,175,224,175,223,175,222,175,221,174,220,173,219,173,218,172,218,171,217,171,216,170,217,169,216,168,216,167,216,166,216,165,216
207,222,206,223,206,224,205,225,205,226,205,227,205,228,205,229,206,230,206,231,206,232,207,233,207,234,207,235,207,236,207,237,207,238,208,239,209,240,210,241,211,242,212,243,213,244,214,245,214,246,215,247,215,248,215,249,215,250,215,251,215,250,216,249,217,248,218,247,219,248,220,248,221,248,222,247,223,248,224,247,225,247,226,246,226,245,227,244,228,243,228,242,229,241,229,240,229,239,229,238,229,237,229,236,229,235,228,234,227,234,226,233,225,233,224,232,223,231,222,231,221,230,220,229,219,229,218,228,217,227,216,227,215,226,214,225,213,224,212,223,211,223,210,222,209,222,208,222
351,231,350,232,349,233,348,234,347,235,347,236,347,237,348,238,348,239,349,240,349,241,350,242,351,243,351,244,352,245,353,246,354,247,355,247,356,247,357,248,358,248,359,248,360,247,360,246,361,245,362,244,362,243,362,242,362,241,362,240,362,239,362,238,362,237,361,236,361,235,360,234,360,233,359,233,358,232,357,231,356,231,355,231,354,231,353,231,352,231
244,234,243,235,242,235,241,236,240,236,239,237,238,238,237,239,236,240,236,241,236,242,236,243,236,244,236,245,237,246,238,247,238,248,239,249,240,250,241,251,242,252,242,253,243,252,244,251,245,251,246,250,247,250,248,249,249,249,250,248,251,248,252,247,253,246,254,245,255,244,256,243,257,242,258,242,257,241,256,240,255,239,254,238,253,237,252,236,252,235,251,235,250,235,249,235,248,234,247,234,246,234,245,234
187,237,186,238,185,238,184,238,184,239,183,240,182,240,181,241,181,242,180,243,180,244,179,245,179,246,178,247,178,248,178,249,178,250,178,251,178,252,178,253,179,254,179,255,180,256,181,257,181,258,182,259,183,260,184,261,184,262,185,263,186,264,187,265,188,265,189,264,190,263,191,263,192,262,193,262,194,261,195,260,196,259,196,258,196,257,196,256,196,255,196,254,195,253,195,252,195,251,195,250,195,249,195,248,195,247,195,246,195,245,194,244,194,243,194,242,194,241,193,240,192,239,191,238,190,237,189,237,188,237
201,237,200,238,199,238,198,239,197,240,196,240,195,241,195,242,195,243,195,244,196,245,196,246,196,247,196,248,196,249,196,250,196,251,196,252,196,253,197,254,197,255,197,256,197,257,197,258,197,259,197,260,198,261,198,262,199,262,200,262,201,262,202,262,203,262,204,261,205,261,206,261,207,261,208,261,209,261,210,260,211,260,212,260,213,259,213,258,213,257,213,256,214,255,214,254,214,253,214,252,214,251,214,250,214,249,214,248,214,247,213,246,213,245,212,244,211,243,210,242,209,241,208,240,207,239,206,238,206,237,205,238,204,237,203,237,202,237
332,241,331,242,330,242,329,242,328,242,327,243,326,244,325,245,324,246,323,247,322,248,322,249,321,250,321,251,320,252,320,253,320,254,319,255,319,256,319,257,319,258,319,259,320,260,320,261,320,262,321,263,322,264,322,265,323,265,324,266,325,266,326,267,327,267,328,267,329,267,330,267,331,267,332,267,333,267,334,267,335,267,336,266,337,266,338,266,339,265,340,265,341,264,342,264,343,263,343,262,344,261,345,261,345,260,346,259,347,258,347,257,348,256,348,255,348,254,349,253,349,252,349,251,349,250,349,249,348,248,348,247,348,246,347,245,346,244,345,243,344,242,343,242,342,241,341,241,340,241,339,241,338,241,337,241,336,241,335,241,334,241,333,241
259,242,258,243,257,243,256,244,255,245,254,246,253,247,252,248,251,249,250,249,249,250,248,250,247,251,246,251,245,252,244,252,243,253,243,254,243,255,243,256,243,257,243,258,244,259,244,260,244,261,245,262,246,263,247,264,247,265,248,266,248,267,249,268,250,269,250,270,251,270,252,271,253,271,254,271,255,270,256,270,257,269,258,268,259,267,260,267,260,266,261,265,262,264,263,263,263,262,263,261,264,260,264,259,264,258,265,257,265,256,265,255,265,254,265,253,265,252,264,251,264,250,264,249,264,248,264,247,263,246,262,245,262,244,261,244,260,243
230,250,229,251,228,251,227,251,226,252,225,252,224,253,223,254,223,255,222,256,221,257,221,258,221,259,221,260,221,261,221,262,221,263,221,264,221,265,221,266,222,267,222,268,223,269,223,270,224,271,225,272,226,272,227,273,228,274,229,274,230,274,231,274,232,274,233,274,234,274,235,274,236,274,237,274,238,273,239,272,240,272,241,271,242,270,242,269,243,268,243,267,243,266,244,265,243,264,243,263,244,262,243,261,243,260,243,259,242,258,242,257,242,256,241,255,241,254,240,253,239,252,238,251,237,250,236,250,235,250,234,250,233,250,232,250,231,250
369,256,368,257,367,258,366,258,366,259,365,260,365,261,365,262,365,263,365,264,365,265,365,266,365,267,365,268,365,269,365,270,366,270,367,271,368,272,368,273,369,274,370,275,371,276,372,276,373,277,374,277,375,277,376,278,377,277,378,277,379,277,380,276,381,276,381,275,381,274,381,273,381,272,382,271,381,270,381,269,381,268,381,267,381,266,381,265,381,264,381,263,380,262,379,261,379,260,378,259,377,258,376,258,375,257,374,257,373,256,372,256,371,256,370,256
213,260,212,261,211,261,210,261,209,262,208,262,207,262,206,262,205,262,204,262,203,263,202,263,201,263,200,263,199,263,198,263,197,263,196,264,195,265,194,266,193,267,192,268,191,269,190,270,189,271,189,272,188,273,188,274,187,275,187,276,187,277,187,278,187,279,188,280,189,281,190,281,191,282,192,282,193,282,194,283,195,283,196,282,197,282,198,283,199,282,200,281,201,281,202,280,203,280,204,279,205,278,206,277,207,277,208,276,209,275,209,274,210,273,211,272,211,271,212,270,213,269,213,268,213,267,214,266,214,265,214,264,214,263,213,262,213,261
350,263,349,264,348,264,347,264,346,265,345,265,344,265,343,266,342,266,341,267,340,266,341,267,340,268,339,268,338,269,337,270,337,271,336,272,336,273,336,274,335,275,335,276,335,277,335,278,335,279,335,280,336,281,336,282,337,283,337,284,337,285,338,286,339,287,339,288,340,289,341,290,342,291,343,292,344,292,345,293,346,293,347,293,348,294,349,294,350,294,351,295,352,295,353,295,354,295,355,294,356,294,357,294,357,293,358,292,359,291,360,291,360,290,361,289,362,288,362,287,362,286,362,285,362,284,362,283,363,282,363,281,363,280,363,279,364,278,364,277,364,276,364,275,364,274,364,273,364,272,364,271,364,270,364,269,364,268,363,267,362,266,361,265,360,265,359,264,358,264,357,263,356,263,355,263,354,263,353,263,352,263,351,263
213,272,212,273,211,273,210,274,210,275,209,276,208,277,208,278,208,279,208,280,207,281,207,282,207,283,207,284,207,285,208,286,208,287,209,288,209,289,210,290,211,291,211,292,212,292,213,293,214,294,215,295,216,295,217,296,218,296,219,296,220,296,221,296,222,296,223,296,224,296,225,295,226,295,227,294,228,294,229,293,230,292,231,291,232,291,233,290,233,289,234,288,235,287,235,286,235,285,235,284,234,283,234,282,234,281,233,280,232,279,231,278,230,277,229,277,228,276,228,275,227,275,226,275,225,274,224,274,223,273,222,273,221,273,220,272,219,272,218,272,217,272,216,272,215,272,214,272
305,274,304,275,303,276,302,276,301,277,300,278,300,279,300,280,300,281,299,282,299,283,299,284,299,285,300,286,300,287,301,288,302,289,302,290,303,290,304,291,305,291,306,292,307,292,308,292,309,292,310,292,311,291,312,291,313,290,314,290,315,289,316,288,317,287,317,286,318,285,318,284,318,283,317,282,317,281,317,280,316,279,316,278,315,277,314,276,313,275,312,275,311,275,310,274,309,274,308,274,307,274,306,274
380,277,379,278,378,278,377,278,376,279,375,279,375,280,374,281,374,282,374,283,374,284,373,285,373,286,373,287,373,288,373,289,373,290,374,291,374,292,375,292,376,293,377,293,378,294,379,294,380,294,381,293,382,293,383,292,384,292,384,291,385,290,385,289,386,288,386,287,386,286,386,285,386,284,386,283,386,282,386,281,385,280,384,279,383,278,382,278,381,277
291,287,290,288,289,288,288,289,287,289,286,289,285,290,284,290,283,291,282,292,281,293,281,294,280,295,279,296,279,297,279,298,278,299,278,300,278,301,278,302,278,303,278,304,278,305,278,306,279,307,279,308,280,309,280,310,281,311,282,312,283,313,284,313,285,314,286,315,287,315,288,315,289,316,290,316,291,315,292,315,293,315,294,314,295,313,296,313,297,312,298,311,299,310,299,309,300,308,301,307,301,306,302,305,302,304,302,303,302,302,302,301,302,300,302,299,302,298,301,297,301,296,301,295,301,294,300,293,300,292,299,291,299,290,298,289,297,289,296,288,295,288,294,287,293,287,292,287
245,289,244,290,243,290,242,290,241,290,240,290,239,290,238,290,237,291,236,291,235,292,234,292,233,293,232,293,231,293,230,294,230,295,229,296,228,296,228,297,227,298,226,299,226,300,226,301,225,302,225,303,225,304,226,305,226,306,227,307,228,308,229,308,230,308,231,308,232,308,233,308,234,308,235,308,236,307,237,307,238,306,239,306,240,305,241,305,242,304,243,304,244,303,245,302,246,302,247,302,248,301,248,300,249,299,250,298,250,297,251,296,251,295,251,294,251,293,250,292,250,291,249,290,248,290,247,290,246,289
258,290,257,291,256,291,255,291,255,292,254,293,253,294,253,295,252,296,251,297,251,298,250,299,249,300,249,301,248,302,247,303,247,304,247,305,247,306,247,307,247,308,247,309,247,310,247,311,247,312,247,313,247,314,248,314,249,314,250,314,251,314,252,313,253,313,254,312,255,312,256,312,257,312,258,311,259,311,260,310,261,310,262,309,263,309,264,309,265,308,266,307,267,306,268,305,269,304,269,303,270,302,271,301,271,300,271,299,271,298,271,297,271,296,270,295,270,294,269,293,268,293,267,292,266,291,265,291,264,291,263,290,262,290,261,290,260,290,259,290
345,299,344,300,343,300,342,301,341,302,340,303,339,304,338,305,337,306,337,307,336,308,336,309,336,310,335,311,335,312,335,313,336,314,336,315,336,316,336,317,337,318,337,319,338,320,339,321,340,322,341,323,342,323,343,324,344,324,345,324,346,325,347,325,348,325,349,324,350,324,351,324,352,323,353,323,354,322,355,321,356,320,356,319,357,318,357,317,358,316,358,315,359,314,359,313,359,312,359,311,359,310,359,309,359,308,359,307,359,306,358,305,358,304,357,303,356,302,355,301,354,300,353,300,352,299,351,299,350,299,349,299,348,299,347,299,346,299
265,309,264,310,263,311,262,312,261,313,260,314,259,315,259,316,258,317,258,318,258,319,258,320,258,321,258,322,258,323,258,324,259,325,259,326,259,327,260,328,261,329,262,329,263,330,264,330,265,330,266,331,267,330,268,330,269,329,270,328,271,327,272,326,272,325,273,324,273,323,274,322,274,321,274,320,275,319,275,318,275,317,275,316,275,315,275,314,274,313,274,312,273,311,273,310,272,310,271,309,270,309,269,309,268,309,267,309,266,309
375,314,374,315,373,315,372,316,371,316,370,316,369,317,368,318,367,318,366,319,365,320,364,320,363,321,362,322,362,323,361,324,361,325,361,326,361,327,362,328,362,329,362,330,362,331,363,332,364,333,365,334,366,334,367,335,368,336,369,336,370,336,371,335,372,335,373,335,374,335,375,335,376,335,377,335,378,335,379,335,380,335,381,335,382,334,383,334,384,334,384,333,385,332,386,331,387,330,387,329,387,328,388,327,388,326,388,325,388,324,388,323,387,322,387,321,387,320,386,319,386,318,385,317,385,316,384,316,383,315,382,315,381,314,380,314,379,314,378,314,377,314,376,314
304,316,303,317,302,317,301,317,300,318,299,319,298,320,298,321,297,322,297,323,296,324,296,325,296,326,296,327,296,328,296,329,296,330,296,331,297,332,297,333,298,334,299,335,299,336,300,337,301,337,302,338,303,339,304,339,305,340,306,340,307,340,308,340,309,341,310,341,311,341,312,341,313,341,314,341,315,341,316,341,317,340,318,340,319,340,320,339,321,339,322,339,323,338,324,337,325,336,326,335,326,334,326,333,327,332,327,331,327,330,327,329,327,328,326,327,326,326,325,325,324,324,323,323,322,322,321,322,320,321,319,320,318,320,317,319,316,318,315,318,314,318,313,317,312,317,311,317,310,316,309,316,308,316,307,316,306,316,305,316
382,335,381,336,380,336,379,336,378,336,377,336,376,336,375,336,374,336,373,336,372,336,371,336,370,337,369,337,368,337,367,337,366,338,365,339,364,339,363,340,362,340,361,341,361,342,360,343,360,344,360,345,360,346,360,347,360,348,361,349,362,350,363,351,364,351,365,351,366,351,367,351,368,350,369,350,370,350,371,350,372,350,373,350,374,349,375,349,376,349,377,349,378,348,379,348,380,348,381,348,382,347,382,346,383,345,384,344,384,343,385,342,385,341,385,340,385,339,385,338,385,337,385,336,384,335,383,335
295,337,294,338,293,338,292,338,291,339,290,340,289,341,289,342,289,343,288,344,288,345,288,346,288,347,289,348,290,349,290,350,291,351,291,352,292,353,293,354,294,355,295,356,296,356,297,357,298,357,299,358,300,358,301,358,302,358,303,358,304,358,305,357,306,357,307,357,308,356,309,355,309,354,310,353,310,352,310,351,311,350,311,349,311,348,311,347,310,346,310,345,309,344,308,343,307,342,306,342,305,341,304,341,303,340,302,339,301,339,300,338,299,339,298,339,297,338,296,338
330,340,329,341,328,341,327,341,326,342,325,342,324,343,323,343,322,344,321,345,320,346,319,347,318,348,318,349,317,350,316,351,316,352,315,353,315,354,315,355,314,356,314,357,314,358,315,359,315,360,316,361,317,362,318,362,319,363,320,363,321,363,322,363,323,363,324,363,325,363,326,363,327,363,328,363,329,363,330,363,331,363,332,363,333,364,334,364,335,364,336,364,337,364,338,364,339,364,340,364,341,364,342,364,343,363,344,363,345,363,346,362,347,361,347,360,348,359,349,358,349,357,349,356,349,355,349,354,350,353,350,352,350,351,350,350,350,349,349,348,349,347,348,346,348,345,348,344,347,343,346,343,345,343,344,342,343,342,342,342,341,342,340,342,339,342,338,342,337,342,336,341,335,341,334,341,333,341,332,340,331,341
382,348,381,349,380,349,379,349,378,349,377,350,376,350,375,350,374,350,373,351,372,351,371,351,370,351,369,351,368,351,367,352,366,352,365,352,364,352,363,352,362,352,361,353,360,354,359,355,358,356,357,357,356,357,355,358,354,359,353,360,352,361,351,362,351,363,351,364,351,365,351,366,351,367,351,368,352,369,353,370,354,370,355,370,356,371,357,371,358,371,359,371,360,371,361,371,362,370,363,370,364,370,365,370,366,369,367,369,368,368,369,368,370,367,371,367,372,366,373,366,374,365,375,364,376,364,377,363,378,362,379,361,380,360,381,360,381,359,382,358,383,357,383,356,384,355,384,354,384,353,385,352,385,351,384,350,384,349,383,349
428,418,427,419,426,419,425,419,424,419,423,420,422,420,421,420,420,421,419,421,418,421,417,422,416,422,415,423,414,424,413,425,412,425,411,426,410,427,409,428,409,429,409,430,409,431,409,432,409,433,410,434,410,435,411,436,412,437,412,438,413,438,414,439,415,440,416,441,417,441,418,442,419,442,420,443,421,443,422,443,423,444,424,444,425,445,426,445,427,445,428,445,429,446,430,446,431,446,432,446,433,446,434,446,435,446,436,446,437,446,438,446,439,446,440,447,440,446,441,445,442,444,443,443,443,442,444,441,445,440,445,439,446,438,447,437,448,436,449,435,450,434,451,433,452,432,453,432,454,431,455,430,456,429,456,428,455,427,454,426,453,425,453,424,452,423,451,423,450,422,449,421,448,421,447,420,446,420,445,419,444,419,443,419,442,419,441,419,440,418,439,418,438,418,437,418,436,418,435,418,434,418,433,418,432,418,431,418,430,418,429,418
361,428,360,429,359,429,358,430,357,431,356,432,355,433,354,434,354,435,353,436,353,437,353,438,352,439,352,440,353,441,353,442,353,443,353,444,353,445,354,446,355,447,356,448,357,449,358,450,359,451,360,451,361,451,362,451,363,452,364,452,365,452,366,452,367,451,368,451,369,451,370,450,371,449,372,449,373,448,374,448,375,447,376,446,377,445,378,444,378,443,379,442,379,441,379,440,379,439,379,438,379,437,379,436,378,435,377,434,377,433,376,432,375,432,374,431,373,431,372,430,371,430,370,429,369,429,368,429,367,428,366,428,365,428,364,428,363,428,362,428
457,428,457,429,456,430,455,431,454,432,453,433,452,433,451,434,450,435,449,436,448,437,447,438,446,439,446,440,445,441,444,442,444,443,443,444,442,445,441,446,441,447,441,448,442,449,443,450,444,451,445,451,446,452,447,452,448,452,449,452,450,452,451,453,452,453,453,453,454,452,455,452,456,452,457,452,458,452,459,451,460,451,461,451,462,450,463,450,464,449,465,448,466,447,467,446,468,445,468,444,469,443,469,442,469,441,469,440,470,439,469,438,469,437,468,436,468,435,467,434,466,433,465,433,464,432,463,431,462,431,461,430,460,430,459,429,458,429
207,435,206,436,205,436,204,437,203,438,202,439,202,440,201,441,201,442,201,443,201,444,201,445,202,446,202,447,203,448,204,449,205,450,206,450,207,450,208,450,209,450,210,450,211,450,212,450,213,449,214,449,215,448,216,448,217,447,218,446,219,445,219,444,220,443,220,442,220,441,220,440,220,439,219,438,218,437,217,436,216,436,215,436,214,435,213,435,212,435,211,435,210,435,209,435,208,435
234,444,233,445,232,445,231,446,230,446,229,447,228,448,228,449,227,450,227,451,227,452,227,453,227,454,227,455,228,456,228,457,229,458,230,459,231,460,232,460,233,461,234,461,235,461,236,461,237,461,238,461,239,461,240,461,241,461,242,460,243,460,244,459,245,459,246,458,246,457,247,456,247,455,247,454,248,453,248,452,248,451,248,450,248,449,247,448,246,447,245,446,244,445,243,445,242,445,241,444,240,444,239,444,238,444,237,444,236,444,235,444
183,446,182,447,181,447,180,448,179,448,179,449,178,450,178,451,177,452,177,453,177,454,177,455,177,456,177,457,177,458,177,459,178,460,178,461,179,462,179,463,180,463,181,464,182,465,183,465,184,465,185,465,186,465,187,465,188,465,189,464,190,464,191,463,192,462,193,461,194,461,194,460,195,459,196,458,196,457,197,456,197,455,197,454,197,453,197,452,196,451,196,450,195,449,194,448,193,448,192,447,191,447,190,446,189,446,188,446,187,446,186,446,185,446,184,446
335,449,334,450,333,450,332,450,331,451,330,452,329,452,328,453,327,453,327,454,326,455,325,456,325,457,324,458,324,459,323,460,323,461,323,462,323,463,323,464,323,465,324,466,324,467,325,468,326,469,327,470,328,470,329,471,330,471,331,472,332,472,333,472,334,472,335,472,336,471,337,471,338,471,339,471,340,470,341,470,342,469,343,469,344,468,345,467,345,466,346,465,346,464,347,463,347,462,348,461,348,460,348,459,348,458,348,457,348,456,347,455,347,454,346,453,345,452,344,451,343,451,342,450,341,450,340,450,339,449,338,449,337,449,336,449
477,452,476,453,475,453,474,454,473,454,472,455,471,456,470,457,469,458,469,459,469,460,469,461,469,462,468,463,468,464,468,465,469,466,469,467,470,468,470,469,471,470,471,471,472,472,472,473,473,473,474,474,475,475,476,475,477,476,478,476,479,476,480,476,481,476,482,475,483,475,484,474,485,474,486,473,487,473,488,472,488,471,489,470,489,469,489,468,489,467,489,466,489,465,489,464,489,463,489,462,489,461,489,460,488,459,488,458,487,457,487,456,486,455,485,454,484,453,483,453,482,453,481,452,480,452,479,452,478,452
372,453,371,454,370,454,369,455,368,455,367,456,366,456,365,457,364,457,363,458,362,459,362,460,361,461,360,462,360,463,360,464,359,465,359,466,359,467,359,468,359,469,359,470,359,471,359,472,359,473,360,474,360,475,360,476,361,477,361,478,361,479,362,480,362,481,363,482,364,482,365,483,366,484,367,484,368,484,369,484,370,485,371,485,372,485,373,485,374,485,375,485,376,484,377,485,378,484,379,484,380,484,381,483,382,482,382,481,383,480,383,479,384,478,384,477,385,476,385,475,386,474,386,473,387,472,388,471,388,470,389,469,388,468,388,467,388,466,388,465,388,464,388,463,387,462,387,461,386,460,386,459,385,458,384,457,383,456,382,455,381,455,380,454,379,454,378,454,377,453,376,453,375,453,374,453,373,453
220,455,219,456,218,456,217,456,216,457,215,458,214,458,213,459,212,460,212,461,211,462,211,463,211,464,211,465,212,466,212,467,213,468,213,469,214,469,215,470,215,471,216,472,217,472,218,473,219,474,220,474,221,475,222,475,223,475,224,475,225,475,226,474,227,474,228,473,228,472,229,471,229,470,230,469,230,468,230,467,230,466,230,465,229,464,229,463,228,462,227,461,226,460,225,459,224,458,223,457,222,456,221,456
266,457,265,458,264,458,263,459,262,459,261,460,260,461,260,462,259,463,259,464,259,465,259,466,258,467,259,468,259,469,260,470,260,471,260,472,261,473,261,474,262,475,263,475,264,476,265,476,266,477,267,477,268,478,269,478,270,478,271,477,272,477,273,476,274,476,275,475,276,474,277,473,278,472,278,471,278,470,277,469,277,468,277,467,277,466,277,465,276,464,276,463,275,462,275,461,275,460,274,460,273,459,273,458,272,458,271,458,270,457,269,457,268,458,267,457
157,463,156,464,155,464,154,465,154,466,153,467,153,468,152,469,152,470,152,471,151,472,151,473,151,474,151,475,151,476,151,477,152,478,153,479,154,480,155,481,156,481,157,482,158,482,159,482,160,482,161,482,162,482,163,482,164,482,165,481,166,480,167,479,168,479,168,478,169,477,170,476,170,475,171,474,171,473,171,472,171,471,170,470,170,469,169,468,168,467,167,466,166,465,165,465,164,464,163,463,162,463,161,463,160,463,159,463,158,463
248,465,247,466,246,466,245,467,244,468,243,468,242,469,241,470,241,471,240,472,239,473,239,474,239,475,239,476,239,477,240,478,240,479,241,480,242,481,242,482,243,482,244,483,245,483,246,484,247,485,248,485,249,484,250,484,251,484,252,484,253,483,254,482,255,482,256,481,257,480,258,479,259,478,259,477,260,476,261,475,260,474,260,473,259,472,259,471,259,470,258,469,258,468,257,467,256,467,255,466,254,466,253,466,252,465,251,465,250,465,249,465
396,465,395,466,394,466,393,467,392,468,391,468,390,469,389,470,389,471,388,472,387,473,387,474,386,475,386,476,385,477,385,478,384,479,384,480,383,481,383,482,382,483,382,484,382,485,383,486,383,487,383,488,383,489,384,490,384,491,385,492,385,493,386,494,386,495,387,496,388,497,389,498,390,498,391,499,392,500,393,500,394,501,395,501,396,501,397,502,398,502,399,502,400,502,401,501,402,501,403,501,404,501,405,500,406,500,407,500,408,499,409,499,410,499,411,498,412,497,413,496,414,495,415,494,416,493,417,492,417,491,418,490,418,489,419,488,419,487,419,486,419,485,419,484,419,483,419,482,419,481,419,480,419,479,419,478,419,477,418,476,418,475,418,474,417,474,416,473,415,472,415,471,414,470,413,469,412,469,411,468,410,468,409,467,408,467,407,466,406,466,405,466,404,465,403,465,402,465,401,465,400,465,399,465,398,465,397,465
426,468,425,469,424,469,423,470,422,470,421,471,420,472,419,473,419,474,419,475,419,476,420,477,420,478,420,479,420,480,420,481,420,482,420,483,420,484,420,485,420,486,420,487,421,488,422,489,422,490,422,491,423,492,423,493,424,494,424,495,425,496,426,497,427,498,428,498,429,499,430,500,431,500,432,501,433,501,434,502,435,502,436,502,437,502,438,502,439,503,440,502,441,502,442,502,443,502,444,502,444,501,445,500,445,499,445,498,446,497,446,496,446,495,446,494,447,493,447,492,447,491,447,490,447,489,447,488,448,487,448,486,448,485,448,484,448,483,448,482,449,481,449,480,449,479,449,478,448,477,447,476,446,475,445,474,444,473,443,472,442,471,441,471,440,471,439,470,438,470,437,469,436,469,435,468,434,468,433,468,432,468,431,468,430,468,429,468,428,468,427,468
136,470,135,471,134,471,133,471,132,471,131,471,130,472,129,473,128,474,127,475,127,476,126,477,126,478,125,479,125,480,125,481,125,482,125,483,125,484,125,485,125,486,125,487,126,488,126,489,127,490,127,491,128,492,129,493,130,494,130,495,131,494,132,494,133,494,134,494,135,493,136,493,137,493,138,492,139,492,140,492,141,492,142,491,143,491,144,491,145,490,146,490,146,489,146,488,147,487,147,486,147,485,147,484,147,483,147,482,147,481,147,480,147,479,147,478,147,477,146,476,146,475,145,474,144,473,143,472,142,472,141,471,140,471,139,471,138,470,137,470
206,473,205,474,204,474,203,474,202,475,201,476,200,476,199,477,198,477,197,477,196,478,195,478,194,479,193,479,192,480,191,481,190,481,189,482,188,483,188,484,188,485,188,486,187,487,187,488,186,489,186,490,185,491,185,492,184,493,184,494,183,495,183,496,183,497,182,498,182,499,182,500,182,501,182,502,182,503,183,504,183,505,184,506,184,507,185,508,186,508,187,509,188,509,189,510,190,510,191,510,192,510,193,510,194,510,195,511,196,511,197,511,198,511,199,511,200,510,201,511,202,511,203,511,204,510,205,510,206,510,207,510,208,510,209,510,210,510,211,510,212,510,213,510,214,509,215,509,216,508,217,508,218,507,219,507,220,506,221,506,222,505,222,504,223,503,224,502,225,501,225,500,226,499,226,498,226,497,227,496,226,495,226,494,226,493,226,492,226,491,226,490,225,489,225,488,224,487,224,486,223,485,222,484,221,483,220,482,219,481,218,480,217,479,216,478,215,477,214,476,213,475,212,475,211,474,210,474,209,473,208,473,207,473
459,476,458,477,457,477,456,477,455,477,454,477,453,477,452,477,451,478,450,478,450,479,450,480,450,481,449,482,449,483,449,484,449,485,449,486,449,487,448,488,448,489,448,490,448,491,448,492,448,493,447,494,447,495,447,496,447,497,446,498,446,499,446,500,445,501,445,502,444,503,445,504,445,505,445,506,445,507,445,508,445,509,445,510,446,510,447,511,448,511,449,511,450,511,451,511,452,511,453,511,454,511,455,511,456,511,457,511,458,511,459,511,460,511,461,511,462,511,463,511,464,511,465,511,466,511,467,511,468,511,469,511,470,511,471,511,472,511,473,511,474,511,475,511,476,511,477,511,478,510,477,509,477,508,476,507,476,506,476,505,476,504,476,503,476,502,477,501,477,500,476,499,476,498,476,497,476,496,476,495,476,494,476,493,475,492,475,491,475,490,475,489,475,488,474,487,474,486,474,485,473,484,473,483,472,482,472,481,471,480,470,479,469,479,468,478,467,478,466,478,465,477,464,477,463,477,462,477,461,477,460,477
324,477,323,478,322,478,321,479,320,479,319,480,318,481,318,482,317,483,317,484,316,485,316,486,316,487,316,488,315,489,315,490,315,491,315,492,315,493,315,494,315,495,316,496,316,497,317,498,317,499,318,500,319,501,320,502,321,502,322,502,323,503,324,503,325,502,326,502,327,502,328,502,329,501,330,501,331,501,332,500,333,499,334,499,335,498,335,497,336,496,336,495,337,494,337,493,337,492,337,491,338,490,338,489,338,488,338,487,338,486,338,485,337,484,337,483,337,482,337,481,336,480,335,479,334,478,333,478,332,477,331,477,330,477,329,477,328,477,327,477,326,477,325,477
492,480,491,481,490,481,489,482,488,483,488,484,487,485,486,486,486,487,486,488,486,489,486,490,486,491,486,492,486,493,487,494,487,495,488,496,489,497,490,498,491,498,492,499,493,499,494,500,495,500,496,500,497,499,498,499,499,498,499,497,500,496,500,495,500,494,500,493,500,492,500,491,500,490,500,489,500,488,500,487,499,486,499,485,499,484,498,483,497,482,496,481,495,481,494,480,493,480
256,486,255,487,254,487,253,488,252,488,251,489,250,490,250,491,249,492,249,493,248,494,248,495,248,496,248,497,248,498,248,499,248,500,248,501,249,502,249,503,250,504,251,504,252,505,253,506,254,506,255,506,256,506,257,506,258,506,259,506,260,506,261,506,262,505,263,505,264,505,265,504,266,503,267,502,268,501,268,500,269,499,269,498,270,497,269,496,270,495,270,494,269,493,269,492,268,491,268,490,267,489,266,488,265,488,264,487,263,487,262,486,261,486,260,486,259,486,258,486,257,486
359,487,358,488,357,488,356,488,355,488,354,489,353,489,352,490,351,490,350,491,349,491,348,492,347,493,346,494,345,495,345,496,344,497,344,498,344,499,344,500,344,501,344,502,344,503,344,504,344,505,344,506,344,507,344,508,344,509,344,510,345,510,346,511,347,511,348,511,349,511,350,511,351,511,352,511,353,511,354,511,355,511,356,511,357,511,358,511,359,511,360,511,361,511,362,511,363,511,364,511,365,511,366,511,367,511,368,511,369,511,370,511,371,511,372,511,373,511,374,511,375,511,376,511,377,511,378,511,379,511,380,510,380,509,380,508,380,507,380,506,380,505,380,504,379,503,379,502,379,501,378,500,378,499,377,498,377,497,377,496,376,495,375,494,374,493,373,493,372,492,371,491,370,491,369,490,368,489,367,489,366,489,365,488,364,488,363,488,362,488,361,488,360,488
145,491,144,492,143,492,142,492,141,493,140,493,139,493,138,493,137,494,136,494,135,494,134,495,133,495,132,495,131,495,131,496,130,497,130,498,130,499,129,500,129,501,129,502,130,503,130,504,131,505,132,506,132,507,133,508,134,509,135,509,136,510,137,510,138,510,139,510,140,510,141,510,142,510,143,510,144,510,145,510,146,510,147,510,148,509,149,508,150,507,150,506,151,505,152,504,153,503,152,502,152,501,152,500,152,499,152,498,152,497,152,496,152,495,151,494,150,493,149,492,148,492,147,491,146,491
279,499,278,500,277,500,276,500,275,501,274,501,273,502,272,503,271,504,270,505,270,506,269,507,269,508,269,509,269,510,270,511,271,511,272,511,273,511,274,511,275,511,276,511,277,511,278,511,279,511,280,511,281,511,282,511,283,511,284,511,285,511,286,511,287,511,288,511,289,511,290,510,290,509,290,508,290,507,290,506,290,505,289,504,288,503,288,502,287,501,286,500,285,500,284,500,283,499,282,499,281,499,280,499
328,505,327,506,326,506,325,506,324,506,323,507,322,507,321,507,320,508,319,508,318,509,318,510,318,511,319,511,320,511,321,511,322,511,323,511,324,511,325,511,326,511,327,511,328,511,329,511,330,511,331,511,332,511,333,511,334,510,335,510,334,509,333,508,332,507,332,506,331,506,330,506,329,505
