92,0,91,1,90,1,89,1,88,2,87,2,87,3,86,4,86,5,85,6,84,7,83,8,83,9,82,10,82,11,82,12,82,13,82,14,82,15,81,16,81,17,81,18,80,19,80,20,80,21,79,22,79,23,79,24,78,25,78,26,78,27,78,28,78,29,77,30,77,31,77,32,77,33,77,34,77,35,77,36,77,37,76,38,76,39,76,40,75,41,76,42,75,43,75,44,76,45,76,46,76,47,76,48,77,49,77,50,78,51,78,52,78,53,79,54,80,54,81,55,81,56,82,56,83,57,84,57,85,57,86,58,87,58,88,59,89,59,90,59,91,58,92,58,93,57,94,57,95,56,96,56,97,55,98,54,99,54,100,53,101,52,102,52,103,51,104,50,105,49,106,49,107,48,108,47,109,46,110,46,110,45,110,44,110,43,111,42,111,41,111,40,112,39,111,38,112,37,111,36,110,35,110,34,110,33,110,32,110,31,110,30,110,29,110,28,111,27,110,26,111,25,111,24,111,23,110,22,110,21,110,20,109,19,109,18,109,17,109,16,108,15,107,14,107,13,106,12,106,11,105,10,105,9,105,8,105,7,105,6,104,5,103,4,103,3,102,2,102,1,101,0,100,1,99,1,98,0,97,0,96,1,95,1,94,1,93,0
66,4,65,5,64,6,63,6,62,7,62,8,61,9,61,10,61,11,60,12,60,13,60,14,60,15,60,16,61,17,61,18,62,19,63,19,64,20,65,20,66,20,67,20,68,20,69,19,70,19,71,19,72,18,73,17,73,16,74,15,74,14,74,13,75,12,75,11,75,10,75,9,74,8,73,7,72,6,71,5,70,5,69,4,68,4,67,4
119,9,118,10,117,10,116,11,116,12,116,13,115,14,115,15,115,16,115,17,115,18,116,19,116,20,117,21,118,22,119,23,120,23,121,24,122,24,123,24,124,24,125,24,126,24,127,24,128,23,129,23,129,22,130,21,130,20,131,19,131,18,131,17,131,16,130,15,130,14,129,13,129,12,128,11,127,10,126,10,125,9,124,9,123,9,122,9,121,9,120,9
220,43,219,44,218,44,217,45,216,45,216,46,215,47,215,48,215,49,215,50,216,51,217,52,218,52,219,53,220,53,221,53,222,53,223,53,224,53,225,53,226,52,227,51,227,50,227,49,227,48,227,47,227,46,226,45,225,44,224,43,223,43,222,43,221,43
102,70,101,71,100,71,99,72,98,72,97,73,96,73,95,74,94,75,93,76,93,77,93,78,93,79,93,80,93,81,93,82,94,83,94,84,95,85,96,86,97,87,98,88,99,89,100,89,101,90,102,90,103,90,104,90,105,91,106,91,107,91,108,90,109,90,110,90,111,89,112,89,113,88,114,87,114,86,115,85,115,84,116,83,116,82,116,81,117,80,117,79,116,78,116,77,116,76,115,75,115,74,114,74,113,73,112,72,111,71,110,71,109,71,108,71,107,70,106,70,105,70,104,70,103,70
130,89,129,90,128,90,127,91,126,91,125,92,125,93,124,94,124,95,123,96,122,97,122,98,122,99,121,100,121,101,120,102,120,103,120,104,120,105,120,106,120,107,120,108,121,109,121,110,121,111,122,112,122,113,123,114,124,115,124,116,125,116,126,117,127,117,128,117,129,117,130,117,131,117,132,117,133,116,134,116,135,115,136,114,137,113,138,112,139,111,140,110,140,109,140,108,141,107,141,106,141,105,141,104,141,103,141,102,141,101,141,100,141,99,141,98,140,97,140,96,140,95,139,94,139,93,138,92,137,91,136,91,135,90,134,90,133,90,132,89,131,89
198,171,197,172,196,173,195,174,194,174,193,175,192,176,191,177,191,178,190,179,190,180,190,181,190,182,190,183,190,184,190,185,191,186,191,187,192,188,192,189,193,190,193,191,194,192,195,193,195,194,196,195,197,196,197,197,198,197,199,198,200,199,201,200,202,201,203,201,204,202,205,202,206,202,207,202,208,202,209,202,210,202,211,202,212,202,213,202,214,202,215,201,216,202,217,201,217,200,218,199,218,198,219,197,219,196,220,195,220,194,221,193,221,192,222,191,223,190,223,189,223,188,223,187,223,186,223,185,222,184,222,183,222,182,221,181,221,180,220,179,219,178,218,177,217,176,216,176,215,175,214,174,213,174,212,174,211,173,210,173,209,173,208,173,207,173,206,173,205,173,204,173,203,173,202,172,201,172,200,172,199,171
119,189,118,190,117,190,116,191,115,191,114,192,113,193,112,194,112,195,111,196,111,197,111,198,111,199,111,200,111,201,111,202,111,203,112,204,112,205,113,206,114,207,115,208,116,208,117,208,118,208,119,209,120,209,121,209,122,208,123,208,124,208,125,208,126,208,127,208,128,207,129,206,130,206,131,205,132,204,133,203,134,202,135,201,136,200,136,199,136,198,136,197,136,196,136,195,136,194,135,193,135,192,134,191,133,190,132,190,131,189,130,189,129,189,128,189,127,189,126,189,125,189,124,189,123,189,122,189,121,189,120,189
225,189,224,190,223,191,222,192,222,193,221,194,221,195,220,196,220,197,219,198,219,199,218,200,218,201,218,202,218,203,218,204,218,205,218,206,219,207,220,208,220,209,220,210,220,211,221,211,222,212,223,213,224,214,225,215,226,215,227,215,228,215,229,216,230,216,231,216,232,216,233,216,234,216,235,216,236,215,237,215,238,214,239,214,240,213,241,212,242,211,242,210,242,209,243,208,243,207,244,206,244,205,244,204,244,203,244,202,244,201,244,200,244,199,244,198,244,197,244,196,244,195,243,195,242,194,241,193,240,193,239,192,238,192,237,191,236,191,235,190,234,190,233,190,232,189,231,189,230,189,229,189,228,189,227,189,226,189
172,383,171,384,170,384,169,384,168,384,167,385,166,386,165,387,164,387,163,388,163,389,162,390,162,391,161,392,161,393,160,394,160,395,160,396,160,397,160,398,160,399,161,400,161,401,162,402,163,403,164,404,165,405,166,406,167,406,168,406,169,406,170,406,171,405,172,406,173,405,174,405,175,405,176,404,177,404,178,403,179,403,180,402,180,401,181,400,181,399,181,398,182,397,182,396,183,395,183,394,183,393,183,392,183,391,183,390,182,389,181,388,181,387,180,386,179,386,178,385,177,385,176,384,175,384,174,384,173,384
137,384,136,385,135,385,134,386,133,386,132,386,131,387,130,388,129,389,129,390,128,391,127,392,127,393,127,394,127,395,126,396,126,397,126,398,126,399,126,400,126,401,126,402,126,403,127,404,127,405,127,406,128,407,129,408,129,409,130,410,131,411,132,411,133,412,134,412,135,413,136,413,137,413,138,414,139,414,140,414,141,414,142,413,143,413,144,412,145,412,146,411,147,411,148,410,149,409,150,409,151,408,152,407,153,406,153,405,154,404,155,403,155,402,155,401,155,400,156,399,156,398,156,397,156,396,155,395,155,394,155,393,155,392,154,391,154,390,153,389,152,388,151,387,150,387,149,386,148,386,147,385,146,385,145,385,144,384,143,384,142,384,141,384,140,384,139,384,138,384
195,386,194,387,193,387,192,387,191,388,190,389,189,390,188,391,188,392,187,393,187,394,186,395,186,396,186,397,186,398,186,399,186,400,186,401,186,402,187,403,187,404,187,405,188,406,189,406,190,407,191,407,192,408,193,408,194,408,195,408,196,408,197,408,198,408,199,408,200,408,201,408,202,408,203,407,204,407,205,407,206,406,206,405,207,404,207,403,208,402,208,401,208,400,209,399,208,398,208,397,208,396,208,395,207,394,207,393,206,392,205,391,205,390,204,389,203,388,202,387,201,387,200,387,199,386,198,386,197,386,196,386
215,395,214,396,213,397,212,397,212,398,211,399,210,399,209,400,209,401,209,402,208,403,208,404,207,405,207,406,206,407,206,408,207,409,207,410,208,411,208,412,208,413,209,414,209,415,210,415,211,416,212,417,213,418,214,419,215,419,216,420,217,420,218,421,219,421,220,422,221,422,222,423,222,424,223,424,224,425,225,426,225,427,226,427,227,428,227,429,228,429,229,429,230,430,231,431,232,430,233,429,234,428,235,427,236,427,237,426,236,425,235,424,236,423,236,422,237,421,237,420,237,419,237,418,236,417,236,416,235,415,235,414,234,413,234,412,233,411,233,410,232,409,231,408,231,407,230,406,229,405,229,404,229,403,228,402,227,401,226,400,226,399,225,398,224,397,223,397,222,396,221,396,220,396,219,395,218,395,217,395,216,395
109,400,108,401,107,401,106,401,105,402,104,402,103,403,102,404,101,405,100,406,100,407,99,408,98,409,97,410,96,411,96,412,96,413,95,414,95,415,95,416,95,417,95,418,94,419,94,420,94,421,93,422,93,423,93,424,93,425,93,426,93,427,92,428,92,429,91,430,91,431,90,432,89,433,89,434,88,435,88,436,88,437,88,438,88,439,88,440,88,441,88,442,88,443,88,444,89,445,90,446,91,447,92,448,93,449,94,450,95,451,96,452,97,452,98,452,99,451,100,452,101,451,101,450,102,449,102,448,103,447,103,446,104,445,104,444,104,443,105,442,105,441,106,440,106,439,107,438,108,437,109,436,110,435,111,434,112,433,113,433,114,432,115,432,116,431,117,430,117,429,118,428,119,427,119,426,120,425,121,424,122,423,122,422,123,421,123,420,123,419,123,418,124,417,124,416,124,415,124,414,124,413,124,412,124,411,124,410,124,409,124,408,123,407,122,406,122,405,121,404,120,403,119,402,118,402,117,401,116,400,115,400,114,400,113,400,112,400,111,400,110,400
304,404,303,405,302,405,301,406,300,406,299,407,298,408,298,409,298,410,297,411,297,412,297,413,298,414,298,415,298,416,299,417,299,418,300,419,301,420,302,421,303,422,304,422,305,423,306,423,307,424,308,424,309,424,310,424,311,424,312,424,313,424,314,424,315,423,316,423,317,422,318,422,319,421,320,420,320,419,321,418,322,417,322,416,322,415,322,414,321,413,321,412,320,411,320,410,319,409,318,408,317,408,316,407,315,406,314,406,313,405,312,405,311,405,310,405,309,404,308,404,307,404,306,404,305,404
368,406,367,407,366,407,365,407,364,408,363,408,362,409,361,410,360,411,359,412,358,413,358,414,358,415,358,416,357,417,357,418,357,419,358,420,358,421,358,422,358,423,359,424,359,425,360,426,361,427,362,428,363,428,364,429,365,429,366,429,367,429,368,430,369,430,370,430,371,430,372,429,373,429,374,429,375,429,376,429,377,428,378,428,379,427,380,426,381,425,381,424,382,423,382,422,383,421,382,420,383,419,383,418,383,417,382,416,382,415,382,414,382,413,381,412,381,411,380,410,379,409,378,408,377,408,376,407,375,407,374,407,373,407,372,407,371,406,370,406,369,406
335,408,334,409,333,409,332,409,331,410,330,411,329,412,328,413,328,414,327,415,327,416,326,417,326,418,326,419,327,420,327,421,328,422,329,423,330,424,331,425,332,425,333,425,334,425,335,426,336,426,337,426,338,426,339,425,340,425,341,425,342,424,343,423,343,422,344,421,345,420,345,419,345,418,345,417,345,416,345,415,345,414,344,413,343,412,342,411,341,410,340,410,339,409,338,409,337,408,336,409
177,410,176,411,175,411,174,411,173,411,172,411,171,411,170,411,169,412,168,412,167,413,166,413,165,414,164,414,163,415,162,416,161,417,160,418,159,418,158,419,157,420,157,421,156,422,155,423,155,424,155,425,155,426,154,427,154,428,154,429,154,430,154,431,154,432,154,433,154,434,154,435,154,436,154,437,154,438,155,439,155,440,155,441,156,442,156,443,156,444,157,445,158,446,159,447,160,448,161,449,162,450,163,451,164,452,165,452,166,453,167,454,168,454,169,455,170,455,171,456,172,456,173,456,174,456,175,457,176,457,177,457,178,457,179,457,180,457,181,456,182,456,183,455,184,455,185,454,186,454,187,454,188,453,189,453,190,452,191,451,192,451,193,450,193,449,194,448,195,447,195,446,196,445,197,444,197,443,198,442,198,441,198,440,198,439,199,438,199,437,199,436,199,435,199,434,199,433,200,432,200,431,200,430,199,429,199,428,199,427,199,426,199,425,198,424,198,423,198,422,197,421,197,420,196,419,195,418,194,417,193,416,192,416,191,415,190,414,189,414,188,413,187,413,186,413,185,412,184,412,183,412,182,411,181,411,180,411,179,411,178,411
238,426,237,427,236,428,235,428,234,429,233,430,232,431,231,432,231,433,231,434,231,435,231,436,230,437,231,438,231,439,231,440,231,441,231,442,232,443,233,444,234,445,235,446,236,446,237,447,238,447,239,447,240,448,241,448,242,447,243,447,244,446,245,446,246,445,247,445,247,444,247,443,248,442,248,441,249,440,249,439,249,438,249,437,249,436,249,435,249,434,249,433,249,432,248,431,248,430,247,429,246,429,245,428,244,428,243,427,242,427,241,427,240,426,239,427
123,430,122,431,121,431,120,431,119,431,118,431,117,431,116,432,115,433,114,433,113,434,112,434,111,435,110,436,109,437,108,438,107,439,107,440,106,441,106,442,105,443,105,444,105,445,104,446,104,447,103,448,103,449,102,450,102,451,101,452,102,453,102,454,102,455,102,456,102,457,103,458,103,459,103,460,103,461,103,462,103,463,104,464,104,465,104,466,105,467,105,468,106,469,107,470,107,471,108,471,109,472,110,472,111,473,112,473,113,473,114,473,115,474,116,474,117,474,118,474,119,474,120,474,121,474,122,474,123,474,124,475,125,475,126,475,127,475,128,475,129,475,130,475,131,475,132,474,133,474,134,474,135,474,136,473,137,473,138,472,139,472,140,471,141,470,142,469,142,468,143,467,143,466,143,465,144,464,144,463,145,462,146,461,146,460,146,459,146,458,147,457,147,456,147,455,147,454,147,453,147,452,147,451,147,450,146,449,146,448,146,447,145,446,145,445,144,444,144,443,143,442,142,441,142,440,141,439,140,438,139,437,138,436,137,435,136,434,135,433,134,433,133,432,132,432,131,431,130,431,129,431,128,431,127,430,126,430,125,430,124,430
367,437,366,438,365,439,364,440,363,441,362,442,362,443,361,444,360,445,360,446,360,447,360,448,360,449,359,450,359,451,359,452,360,453,360,454,360,455,360,456,360,457,360,458,360,459,360,460,360,461,360,462,361,463,362,464,362,465,363,466,364,467,365,468,366,469,367,469,368,470,369,470,370,470,371,470,372,470,373,470,374,470,375,469,376,469,377,468,378,468,379,467,380,466,381,465,381,464,382,463,382,462,383,461,383,460,383,459,383,458,384,457,384,456,384,455,384,454,384,453,384,452,384,451,384,450,383,449,383,448,382,447,382,446,381,445,381,444,380,443,379,442,378,441,377,440,377,439,376,439,375,438,374,438,373,437,372,437,371,437,370,437,369,437,368,437
350,440,349,441,348,441,347,442,346,442,345,443,344,444,344,445,343,446,343,447,342,448,342,449,342,450,342,451,342,452,343,453,343,454,344,455,344,456,345,456,346,457,347,457,348,457,349,457,350,457,351,457,352,457,353,457,354,456,355,455,356,454,357,454,358,453,358,452,358,451,358,450,359,449,359,448,359,447,359,446,358,445,357,444,357,443,356,442,355,441,354,441,353,440,352,440,351,440
84,445,83,446,82,446,81,446,80,447,79,447,78,448,77,448,76,449,75,450,74,451,73,452,72,453,71,454,70,455,69,456,68,457,68,458,67,459,67,460,67,461,66,462,66,463,65,464,65,465,66,466,65,467,65,468,65,469,65,470,65,471,66,472,66,473,66,474,67,475,68,476,69,477,70,477,71,478,72,478,73,478,74,479,75,479,76,479,77,480,78,480,79,480,80,480,81,480,82,480,83,480,84,480,85,480,86,479,87,478,88,477,88,476,89,475,90,474,90,473,91,472,91,471,92,470,92,469,92,468,93,467,93,466,93,465,93,464,94,463,94,462,94,461,94,460,95,459,95,458,95,457,95,456,95,455,95,454,96,453,95,452,94,451,93,450,92,449,91,448,90,447,89,446,88,445,87,445,86,445,85,445
211,448,210,449,209,449,208,449,207,450,206,450,205,451,204,451,203,452,202,453,201,454,200,454,200,455,199,456,198,457,197,458,197,459,196,460,195,461,195,462,194,463,194,464,193,465,193,466,193,467,193,468,192,469,192,470,192,471,192,472,192,473,193,474,193,475,193,476,194,477,194,478,195,479,196,480,196,481,197,481,198,482,199,483,200,484,201,485,202,486,203,486,204,487,205,488,206,488,207,488,208,489,209,489,210,489,211,489,212,489,213,489,214,489,215,489,216,489,217,489,218,488,219,488,220,488,221,488,222,487,223,487,224,487,225,487,226,486,227,486,228,485,229,485,230,484,231,483,231,482,232,481,232,480,233,479,233,478,234,477,234,476,234,475,235,474,235,473,235,472,235,471,235,470,235,469,235,468,236,467,236,466,236,465,235,464,235,463,235,462,234,461,234,460,233,459,233,458,232,457,231,456,230,455,230,454,229,453,228,452,227,451,226,451,225,450,224,450,223,449,222,449,221,449,220,448,219,448,218,448,217,448,216,448,215,448,214,448,213,448,212,448
328,455,327,456,326,456,325,457,324,458,324,459,323,460,323,461,323,462,324,463,325,464,325,465,326,466,327,467,327,468,328,469,329,470,329,471,330,472,331,473,331,474,332,475,333,476,333,477,334,478,334,479,335,479,336,479,337,479,338,480,339,480,340,481,341,481,342,482,343,482,344,482,345,482,346,482,347,482,348,482,349,483,350,483,351,483,352,482,353,482,354,481,355,480,355,479,355,478,356,477,356,476,356,475,355,474,355,473,354,472,353,471,353,470,352,469,351,468,350,467,349,466,348,466,347,465,346,464,345,463,344,463,343,462,342,461,341,460,340,460,339,459,338,458,337,457,336,457,335,456,334,456,333,455,332,455,331,455,330,455,329,455
322,461,321,462,320,462,319,462,318,462,317,462,316,462,315,462,314,463,313,464,312,465,311,466,311,467,311,468,311,469,311,470,311,471,311,472,311,473,312,474,312,475,312,476,312,477,313,478,313,479,313,480,314,481,315,481,316,482,317,483,318,483,319,484,320,484,321,484,322,485,323,485,324,485,325,485,326,485,327,484,328,484,329,483,330,482,331,482,332,481,333,480,333,479,333,478,332,477,332,476,331,475,330,474,330,473,329,472,328,471,328,470,327,469,326,468,326,467,325,466,324,465,324,464,323,463,322,462
254,466,253,467,252,467,251,467,251,468,250,469,249,469,248,470,247,471,247,472,246,473,245,474,245,475,245,476,244,477,244,478,244,479,244,480,244,481,245,482,245,483,246,484,247,485,247,486,248,486,249,486,250,487,251,487,252,487,253,487,254,487,255,487,256,486,257,486,258,485,259,485,260,484,261,483,262,482,263,481,263,480,264,479,264,478,264,477,264,476,264,475,263,474,263,473,263,472,262,471,262,470,261,469,260,468,259,468,258,467,257,466,256,466,255,466
111,479,110,480,109,480,108,481,107,481,106,482,105,482,104,483,103,484,102,484,101,485,100,486,100,487,99,488,99,489,98,490,98,491,97,492,97,493,97,494,97,495,97,496,96,497,96,498,96,499,96,500,96,501,97,502,97,503,97,504,97,505,98,506,98,507,99,508,100,509,100,510,101,510,102,511,103,511,104,511,105,511,106,511,107,511,108,511,109,511,110,511,111,511,112,511,113,511,114,511,115,511,116,511,117,511,118,511,119,511,120,511,121,511,122,511,123,511,124,511,125,511,126,511,127,511,128,511,129,511,130,511,131,511,132,511,133,511,134,511,135,511,136,510,137,510,138,510,138,509,139,508,139,507,139,506,139,505,140,504,140,503,139,502,139,501,139,500,139,499,139,498,139,497,138,496,138,495,138,494,137,493,137,492,136,491,136,490,135,489,134,488,133,487,132,486,131,485,130,484,129,484,128,483,127,482,126,482,125,481,124,481,123,481,122,480,121,480,120,480,119,479,118,479,117,479,116,479,115,479,114,479,113,479,112,479
73,484,72,485,71,485,70,485,69,486,68,486,67,487,66,487,65,488,64,489,64,490,63,491,63,492,62,493,62,494,62,495,61,496,61,497,61,498,61,499,61,500,61,501,61,502,62,503,62,504,62,505,63,506,63,507,64,508,64,509,65,510,66,510,67,510,68,510,69,511,70,511,71,511,72,511,73,511,74,511,75,511,76,511,77,511,78,510,79,510,80,510,81,509,82,509,83,508,84,507,84,506,84,505,85,504,85,503,85,502,85,501,85,500,85,499,85,498,85,497,85,496,85,495,85,494,84,493,84,492,84,491,83,490,83,489,83,488,82,487,81,486,80,485,79,485,78,484,77,484,76,484,75,484,74,484
246,487,246,488,245,489,244,489,243,490,242,491,242,492,241,493,241,494,240,495,241,496,240,497,240,498,240,499,240,500,240,501,240,502,240,503,241,504,241,505,241,506,241,507,241,508,241,509,242,510,243,510,244,510,245,510,246,510,247,510,248,510,249,510,250,511,251,511,252,510,253,510,254,510,255,510,256,509,257,509,258,509,259,508,260,507,260,506,261,505,261,504,261,503,262,502,262,501,261,500,262,499,261,498,261,497,261,496,260,495,260,494,259,493,258,492,257,491,256,490,255,489,254,488,253,488,252,488,251,488,250,488,249,487,248,487,247,487
