258,0,258,1,257,2,258,3,258,4,258,5,259,5,260,6,261,7,262,8,263,8,264,8,265,8,266,8,267,8,268,8,269,8,270,8,271,7,272,7,273,6,274,6,275,5,276,4,277,4,278,3,278,2,278,1,277,0,276,0,275,0,274,0,273,0,272,0,271,0,270,0,269,0,268,0,267,0,266,0,265,0,264,0,263,0,262,0,261,0,260,0,259,0
184,226,183,227,183,228,182,229,182,230,181,231,180,232,180,233,179,234,179,235,178,236,178,237,177,238,176,239,176,240,175,241,174,242,174,243,173,244,174,245,174,246,173,247,174,247,175,247,176,248,177,248,178,249,179,249,180,250,181,250,182,251,183,251,184,251,185,252,186,252,187,253,188,253,189,253,190,254,191,254,192,254,193,254,194,253,195,253,196,252,197,253,198,252,199,251,199,250,200,249,201,249,202,249,202,248,202,247,202,246,203,245,203,244,203,243,204,242,205,241,205,240,206,239,207,238,208,237,209,236,209,235,209,234,210,233,210,232,210,231,209,230,209,229,208,228,208,227,207,227,206,227,205,228,204,228,203,228,202,228,201,228,200,228,199,228,198,228,197,228,196,228,195,227,194,227,193,227,192,227,191,226,190,226,189,226,188,226,187,226,186,226,185,226
220,230,219,231,218,232,217,232,216,232,215,233,214,234,213,235,212,235,211,236,210,235,210,236,209,237,208,238,207,239,206,240,206,241,205,242,204,243,204,244,204,245,203,246,203,247,203,248,203,249,203,250,203,251,204,251,205,252,206,252,207,252,208,252,209,252,210,252,211,252,212,252,213,252,214,252,215,251,216,251,217,251,218,251,218,250,219,249,220,249,221,248,222,248,223,247,224,246,225,246,226,245,227,244,228,243,229,242,230,242,230,241,231,240,232,239,232,238,233,237,233,236,233,235,234,234,234,233,233,232,233,231,232,231,231,231,230,231,229,231,228,231,227,230,226,230,225,230,224,230,223,230,222,230,221,230
247,236,246,237,245,237,244,237,243,237,242,237,241,238,240,239,240,240,241,241,241,242,242,243,242,244,242,245,243,246,243,247,243,248,244,249,244,250,245,250,246,250,247,250,248,251,249,251,250,251,251,251,252,250,253,250,254,249,255,249,256,248,257,247,258,247,259,246,258,245,259,244,259,243,259,242,259,241,259,240,259,239,259,238,258,238,257,237,256,237,255,237,254,237,253,237,252,237,251,236,250,236,249,236,248,236
281,238,280,239,279,240,278,240,277,241,276,242,275,242,274,243,273,244,272,244,271,244,270,245,269,245,268,246,268,247,268,248,268,249,268,250,267,251,267,252,267,253,267,254,267,255,266,256,266,257,267,258,267,259,267,260,267,261,267,262,267,263,268,263,269,263,270,263,271,264,272,264,273,263,274,263,275,263,276,263,277,262,278,262,279,261,280,260,281,259,282,258,282,257,283,256,284,255,284,254,285,253,285,252,286,251,286,250,287,249,288,248,288,247,288,246,289,245,289,244,289,243,289,242,288,241,288,240,287,239,286,239,285,238,284,238,283,238,282,238
238,240,237,241,236,241,235,242,234,242,233,243,232,244,231,244,230,245,229,246,228,247,227,248,226,249,225,250,224,251,224,252,223,253,222,253,222,254,223,255,223,256,223,257,224,258,224,259,225,260,225,261,226,262,227,262,228,263,229,263,230,263,231,263,232,262,233,261,234,262,235,261,236,261,237,260,237,259,237,258,238,257,239,256,240,255,240,254,241,253,241,252,242,251,243,250,243,249,242,248,242,247,242,246,241,245,241,244,241,243,240,242,240,241,239,240
268,245,267,246,266,246,265,246,264,246,263,246,262,246,261,247,260,246,259,247,258,248,257,248,256,249,255,250,254,250,253,251,252,251,251,252,250,252,250,253,249,254,248,255,247,256,247,257,246,258,245,259,244,260,243,261,242,260,241,260,240,261,239,260,238,260,237,261,236,262,235,262,236,263,235,264,234,264,234,265,234,266,234,267,233,268,234,269,234,270,235,271,236,272,237,273,237,274,238,275,239,276,240,277,241,277,242,278,243,278,244,278,245,278,246,278,247,278,248,278,249,278,250,277,251,277,252,277,253,276,254,276,255,275,256,274,257,274,258,273,259,272,260,271,261,270,262,269,263,268,264,267,264,266,265,265,266,264,266,263,266,262,266,261,266,260,266,259,266,258,265,257,265,256,266,255,266,254,266,253,266,252,266,251,267,250,267,249,267,248,267,247,267,246
204,252,203,253,202,254,201,254,200,254,199,255,198,255,197,256,196,256,195,257,194,258,193,259,193,260,192,261,191,262,191,263,191,264,190,265,190,266,190,267,190,268,191,269,191,270,192,271,193,272,194,273,195,273,196,274,197,274,198,275,199,275,200,275,201,276,202,276,203,277,204,277,205,277,206,277,207,277,208,277,209,277,210,277,211,276,212,276,213,276,214,275,215,274,216,274,217,273,218,272,219,271,220,270,221,270,222,269,223,268,223,267,224,266,224,265,225,264,225,263,225,262,224,261,224,260,223,259,223,258,222,257,222,256,222,255,221,254,221,253,220,253,219,252,218,252,217,252,216,252,215,252,214,253,213,253,212,253,211,253,210,253,209,253,208,253,207,253,206,253,205,253
290,267,289,268,288,268,287,268,286,269,285,269,284,270,283,270,282,271,281,272,280,272,279,273,278,274,277,274,276,275,275,275,274,275,274,276,273,277,273,278,272,279,272,280,272,281,271,282,271,283,270,284,270,285,269,286,269,287,268,288,268,289,268,290,268,291,269,292,269,293,270,294,271,294,272,295,273,295,274,295,275,295,276,294,277,294,278,294,279,293,280,292,281,292,282,291,283,290,284,290,285,289,286,289,287,289,288,288,289,287,290,286,291,286,292,285,293,284,294,283,295,282,296,282,297,281,298,280,298,279,298,278,299,277,299,276,299,275,300,274,300,273,300,272,300,271,300,270,299,269,298,268,297,267,296,267,295,267,294,267,293,267,292,267,291,267
264,271,263,272,262,272,262,273,261,274,260,274,259,275,258,276,257,277,256,278,255,279,254,280,253,281,252,282,251,283,251,284,250,285,249,286,248,287,247,288,247,289,246,290,246,291,245,292,245,293,244,294,244,295,244,296,244,297,244,298,244,299,245,300,246,300,247,301,248,301,249,301,250,301,251,301,252,301,253,301,254,300,255,300,256,299,257,299,258,298,259,297,260,296,261,295,262,294,263,293,263,292,264,291,265,290,266,289,267,288,268,287,268,286,269,285,269,284,270,283,270,282,271,281,271,280,271,279,272,278,272,277,273,276,273,275,274,274,273,273,272,272,271,271,270,271,269,271,268,271,267,271,266,271,265,271
303,294,302,295,301,295,300,295,299,296,298,297,297,298,296,299,295,300,294,300,293,301,292,302,291,303,290,303,289,304,288,305,287,306,286,307,285,308,284,309,283,310,282,311,281,312,280,313,280,314,279,315,278,316,278,317,278,318,278,319,278,320,278,321,279,322,280,323,281,324,282,324,283,324,284,324,285,324,286,324,287,323,288,323,289,322,290,322,291,322,292,321,293,320,294,320,295,319,296,318,297,318,298,317,299,316,300,315,301,315,302,314,303,314,304,313,305,312,306,311,306,310,307,309,307,308,308,307,308,306,309,305,309,304,309,303,309,302,309,301,309,300,308,299,308,298,307,297,307,296,307,295,306,294,305,294,304,294
268,305,267,306,266,306,265,306,264,306,263,306,262,307,261,307,260,307,259,307,258,307,257,308,256,308,255,309,254,310,253,311,252,311,252,312,251,313,250,314,249,315,249,316,248,317,248,318,247,319,247,320,247,321,247,322,247,323,248,324,248,325,248,326,249,327,250,328,251,329,252,329,253,329,254,329,255,329,256,329,257,329,258,329,259,329,260,328,261,328,262,327,263,327,264,326,265,325,266,325,267,324,268,323,269,322,270,322,271,321,272,320,273,319,273,318,274,317,274,316,275,315,274,314,274,313,274,312,274,311,273,310,272,309,272,308,271,307,270,306,269,306
339,429,338,430,337,431,336,431,335,432,334,433,334,434,333,435,333,436,332,437,333,438,333,439,334,440,334,441,335,442,336,443,337,444,338,444,339,444,340,445,341,445,342,444,343,444,344,444,345,443,346,443,347,442,348,441,348,440,348,439,347,438,347,437,347,436,347,435,347,434,347,433,347,432,347,431,346,430,346,429,345,429,344,429,343,429,342,429,341,429,340,429
347,429,347,430,348,431,348,432,348,433,348,434,348,435,348,436,348,437,348,438,349,439,349,440,349,441,350,441,351,441,352,441,353,442,354,441,355,441,356,440,357,440,357,439,358,438,358,437,358,436,358,435,358,434,358,433,358,432,357,431,356,430,355,430,354,429,353,429,352,429,351,429,350,429,349,429,348,429
298,434,297,435,296,435,295,436,294,436,293,437,293,438,292,439,292,440,292,441,292,442,292,443,292,444,292,445,292,446,292,447,292,448,293,449,294,449,295,450,296,451,297,451,298,452,299,452,300,453,301,453,302,454,303,454,304,453,305,453,306,453,307,453,308,452,309,452,310,451,311,450,312,449,312,448,312,447,312,446,313,445,313,444,313,443,312,442,312,441,312,440,311,439,310,439,309,438,308,437,307,436,306,436,305,435,304,435,303,435,302,434,301,434,300,434,299,434
320,436,319,437,318,437,317,437,316,437,315,437,314,438,313,439,312,439,313,440,313,441,313,442,314,443,315,444,316,444,317,445,318,445,319,446,320,446,321,447,322,447,323,447,324,447,325,447,326,447,327,447,328,447,329,447,330,446,331,446,332,445,333,444,334,443,334,442,333,441,333,440,332,439,332,438,331,437,330,437,329,437,328,437,327,437,326,436,325,436,324,436,323,436,322,436,321,436
358,443,357,444,356,444,355,444,354,444,353,444,352,444,351,444,350,445,349,445,348,445,348,446,347,447,346,447,345,448,345,449,344,450,343,451,343,452,343,453,343,454,343,455,344,456,344,457,345,457,346,458,347,458,348,458,349,459,350,459,351,459,352,459,353,459,354,460,355,460,356,460,357,460,358,460,359,460,360,460,361,460,362,459,363,459,364,459,365,458,366,457,367,456,368,455,369,454,369,453,369,452,369,451,369,450,369,449,368,448,368,447,367,446,366,446,365,445,364,445,363,445,362,444,361,444,360,444,359,444
386,444,385,445,384,445,383,445,382,446,381,446,381,447,380,448,379,449,379,450,379,451,379,452,379,453,379,454,379,455,379,456,380,457,380,458,380,459,380,460,381,460,382,460,383,461,384,461,385,461,386,461,387,461,388,461,389,461,390,461,391,461,392,461,393,461,394,460,395,459,396,458,396,457,397,456,397,455,396,454,396,453,396,452,396,451,396,450,395,449,395,448,394,447,393,446,392,446,391,445,390,445,389,444,388,444,387,444
291,448,290,449,289,449,288,449,287,449,286,450,285,450,284,450,283,451,282,452,281,453,280,454,280,455,279,456,279,457,279,458,279,459,280,460,281,461,282,462,283,463,284,464,285,465,286,465,287,466,288,466,289,466,290,467,291,467,292,467,293,467,294,467,295,467,296,467,297,467,298,466,299,465,300,464,301,463,302,462,303,461,303,460,303,459,303,458,303,457,303,456,302,455,301,454,300,454,299,453,298,453,297,452,296,452,295,451,294,450,293,450,292,449
304,461,303,462,302,463,301,464,300,465,299,466,298,467,297,468,296,468,296,469,295,470,294,471,294,472,294,473,294,474,293,475,292,476,292,477,293,478,293,479,293,480,294,481,294,482,294,483,295,483,296,484,296,485,297,486,298,487,299,488,300,489,301,490,302,490,303,491,304,491,305,491,306,491,307,491,308,491,309,491,310,490,311,490,312,490,313,490,314,490,315,489,316,489,317,488,318,488,319,487,320,487,321,486,322,485,322,484,323,483,323,482,323,481,324,480,324,479,324,478,325,477,325,476,325,475,325,474,325,473,325,472,324,471,324,470,324,469,323,468,323,467,322,466,321,465,320,464,319,464,318,463,317,462,316,462,315,462,314,461,313,461,312,461,311,461,310,461,309,461,308,461,307,461,306,461,305,462
380,461,379,462,378,463,377,464,376,465,375,466,375,467,374,468,374,469,373,470,373,471,373,472,373,473,373,474,373,475,373,476,374,477,374,478,375,479,375,480,376,481,377,482,378,483,379,484,380,485,381,485,382,486,383,486,384,487,385,487,386,488,387,487,388,487,389,487,390,487,391,487,392,486,393,486,394,486,395,485,396,485,397,484,398,483,399,482,399,481,400,480,400,479,400,478,400,477,400,476,400,475,400,474,400,473,400,472,399,471,399,470,399,469,398,468,398,467,397,466,396,465,395,464,394,463,393,462,392,462,391,462,390,462,389,462,388,462,387,462,386,462,385,462,384,462,383,462,382,461,381,461
274,465,273,466,272,466,271,467,270,468,269,469,268,470,268,471,268,472,267,473,267,474,267,475,267,476,266,477,266,478,266,479,266,480,266,481,266,482,267,483,267,484,268,485,268,486,269,487,270,488,271,488,272,489,273,489,274,489,275,489,276,489,277,488,278,488,279,487,280,487,281,487,282,486,283,485,284,484,285,484,286,484,287,485,288,485,289,485,290,485,291,485,292,485,293,485,293,484,293,483,293,482,293,481,292,480,292,479,292,478,291,477,291,476,290,475,289,474,288,474,287,473,287,472,286,471,285,470,285,469,285,468,284,468,283,467,282,466,281,466,280,465,279,465,278,465,277,465,276,465,275,465
340,468,339,469,338,469,337,469,336,470,335,470,334,471,333,471,332,472,331,473,330,474,330,475,329,476,328,477,328,478,327,479,327,480,326,481,326,482,326,483,326,484,326,485,326,486,326,487,326,488,326,489,326,490,327,491,327,492,327,493,328,494,329,495,329,496,330,497,331,498,332,499,333,499,334,500,335,500,336,501,337,501,338,501,339,501,340,501,341,502,342,502,343,501,344,501,345,501,346,501,347,501,348,501,349,500,350,500,351,499,352,499,353,498,354,497,355,496,356,495,357,494,357,493,358,492,358,491,359,490,359,489,359,488,359,487,359,486,359,485,359,484,359,483,359,482,359,481,358,480,358,479,358,478,357,477,356,476,356,475,356,474,355,473,354,472,353,471,352,470,351,470,350,469,349,469,348,468,347,468,346,468,345,468,344,468,343,468,342,468,341,468
278,492,277,493,276,494,275,494,274,495,273,496,272,497,272,498,271,499,271,500,271,501,271,502,271,503,271,504,271,505,271,506,272,507,272,508,273,509,273,510,274,510,275,511,276,511,277,511,278,511,279,511,280,511,281,511,282,511,283,511,284,511,285,511,286,511,287,511,288,511,289,511,290,511,291,510,292,509,293,508,293,507,293,506,293,505,293,504,292,503,292,502,291,501,291,500,290,499,289,498,289,497,288,496,287,495,287,494,286,493,285,493,284,492,283,492,282,493,281,493,280,492,279,492
392,493,391,494,390,494,389,495,388,495,387,496,386,496,385,497,384,498,383,499,382,500,382,501,382,502,382,503,381,504,381,505,381,506,381,507,381,508,382,509,381,510,382,511,383,511,384,511,385,511,386,511,387,511,388,511,389,511,390,511,391,511,392,511,393,511,394,511,395,511,396,511,397,511,398,511,399,511,400,511,401,511,402,511,403,511,404,510,405,509,405,508,406,507,406,506,406,505,406,504,406,503,406,502,405,501,405,500,405,499,405,498,404,497,403,496,402,495,401,494,400,494,399,493,398,493,397,493,396,493,395,493,394,493,393,493
141,495,140,496,139,496,138,497,137,498,137,499,136,500,135,501,134,502,134,503,134,504,134,505,134,506,134,507,135,508,135,509,136,510,137,511,138,511,139,511,140,511,141,511,142,511,143,511,144,511,145,511,146,511,147,511,148,511,149,511,150,511,151,510,152,510,153,509,154,509,155,508,155,507,155,506,155,505,155,504,155,503,154,502,154,501,153,500,153,499,152,498,151,498,150,497,149,496,148,496,147,496,146,495,145,495,144,495,143,495,142,495
302,498,301,499,300,499,299,499,298,500,297,501,296,501,296,502,295,503,294,504,294,505,294,506,294,507,294,508,293,509,294,510,295,510,296,510,297,510,298,511,299,511,300,511,301,511,302,511,303,511,304,511,305,511,306,511,307,511,308,511,309,511,310,511,311,511,312,511,313,511,314,510,315,510,315,509,316,508,316,507,315,506,315,505,315,504,314,503,314,502,313,501,312,500,311,500,310,499,309,498,308,498,307,498,306,498,305,498,304,498,303,498
161,503,160,504,159,504,158,505,157,505,156,506,156,507,156,508,156,509,156,510,157,511,158,511,159,511,160,511,161,511,162,511,163,511,164,511,165,511,166,511,167,511,168,511,169,511,170,511,171,511,172,511,173,511,174,510,174,509,174,508,173,507,173,506,172,505,171,504,170,504,169,504,168,503,167,503,166,503,165,503,164,503,163,503,162,503
