89,93,88,94,87,94,86,95,85,96,85,97,84,98,84,99,83,100,83,101,83,102,83,103,83,104,83,105,84,106,84,107,85,108,86,108,87,108,88,108,89,108,90,108,91,108,92,108,93,107,94,107,95,106,96,105,97,104,97,103,98,102,98,101,98,100,98,99,98,98,98,97,98,96,97,95,96,94,95,94,94,93,93,93,92,93,91,93,90,93
122,119,121,120,120,120,119,120,118,121,117,122,116,123,116,124,116,125,116,126,115,127,115,128,115,129,115,130,115,131,115,132,116,133,116,134,117,135,117,136,118,137,118,138,119,138,120,138,121,138,122,138,123,138,124,138,125,138,126,139,127,139,128,138,129,138,130,137,131,136,132,135,132,134,133,133,133,132,133,131,133,130,134,129,134,128,134,127,133,126,133,125,133,124,132,123,132,122,131,121,130,120,129,120,128,120,127,119,126,119,125,119,124,119,123,119
146,137,145,138,144,138,143,139,142,140,141,141,140,142,140,143,139,144,139,145,139,146,138,147,138,148,138,149,138,150,139,151,139,152,140,153,140,154,141,155,142,156,143,156,144,156,145,157,146,157,147,157,148,157,149,157,150,157,151,157,152,157,153,156,154,156,155,156,156,156,157,155,158,155,159,154,160,153,160,152,160,151,161,150,161,149,161,148,161,147,161,146,161,145,161,144,160,143,160,142,159,141,158,140,157,139,156,138,155,138,154,137,153,137,152,137,151,137,150,137,149,137,148,137,147,137
117,139,116,140,115,141,115,142,115,143,115,144,115,145,114,146,114,147,114,148,115,149,115,150,116,151,117,152,118,153,119,153,120,153,121,153,122,153,123,152,124,152,125,152,126,151,127,150,128,149,128,148,128,147,128,146,128,145,128,144,128,143,128,142,127,141,127,140,126,140,125,139,124,139,123,139,122,139,121,139,120,139,119,139,118,139
182,149,181,150,180,150,179,150,178,151,177,151,176,152,175,152,174,152,173,153,172,154,171,154,170,155,169,156,168,157,168,158,167,159,167,160,167,161,166,162,166,163,165,164,165,165,165,166,165,167,166,168,166,169,166,170,166,171,166,172,166,173,166,174,166,175,167,176,167,177,167,178,168,179,168,180,169,181,170,182,170,183,171,184,172,184,173,184,174,185,175,185,176,185,177,185,178,185,179,185,180,185,181,184,182,184,183,184,184,183,185,182,186,182,187,181,188,180,189,179,190,178,191,177,192,176,193,175,194,174,195,173,195,172,196,171,197,170,198,169,199,168,199,167,199,166,200,165,200,164,200,163,200,162,199,161,199,160,199,159,199,158,198,157,198,156,197,155,196,154,195,153,194,152,193,151,192,151,191,150,190,150,189,149,188,149,187,149,186,149,185,149,184,149,183,149
159,155,158,156,157,156,156,157,155,157,154,157,153,157,152,158,151,158,150,158,149,158,148,158,147,158,146,159,145,159,144,159,143,159,142,158,141,158,140,158,139,158,138,157,137,157,136,158,135,158,134,158,133,159,132,160,131,161,130,162,129,163,129,164,128,165,127,166,127,167,127,168,126,169,126,170,126,171,125,172,125,173,125,174,125,175,125,176,125,177,125,178,125,179,126,180,126,181,127,182,128,183,129,184,130,184,131,185,132,185,133,185,134,186,135,186,136,187,137,187,138,188,139,188,140,188,141,187,142,187,143,187,144,186,145,186,146,185,147,185,148,184,149,184,150,184,151,183,152,183,153,183,154,182,155,181,156,180,157,179,158,178,159,178,160,177,160,176,161,175,161,174,162,173,162,172,162,171,162,170,163,169,163,168,163,167,163,166,163,165,163,164,163,163,163,162,163,161,163,160,163,159,162,158,162,157,162,156,161,156,160,155
219,159,218,160,217,160,216,160,215,160,214,161,213,161,212,162,212,163,212,164,212,165,212,166,212,167,212,168,212,169,212,170,212,171,212,172,213,173,213,174,214,175,214,176,214,177,215,178,215,179,215,180,215,181,216,182,217,182,218,183,219,183,220,183,221,184,222,184,223,184,224,184,225,184,226,183,227,183,228,184,229,183,230,182,231,181,232,180,233,179,234,179,235,178,236,177,236,176,236,175,236,174,236,173,236,172,236,171,236,170,236,169,236,168,236,167,236,166,236,165,236,164,235,163,235,162,235,161,234,161,233,161,232,160,231,160,230,160,229,160,228,160,227,160,226,160,225,160,224,160,223,160,222,160,221,159,220,159
239,159,238,160,237,160,236,161,236,162,236,163,237,164,237,165,237,166,237,167,237,168,237,169,237,170,237,171,237,172,237,173,237,174,237,175,237,176,237,177,236,178,237,179,238,180,239,180,240,181,241,181,242,182,243,182,244,183,245,183,246,184,247,184,248,184,249,185,250,185,251,185,252,185,253,185,254,184,255,183,255,182,255,181,255,180,255,179,255,178,255,177,255,176,255,175,255,174,255,173,255,172,255,171,254,170,254,169,253,168,253,167,252,166,251,165,250,164,249,163,248,162,247,161,246,161,245,160,244,160,243,160,242,159,241,159,240,159
235,179,234,180,233,180,232,181,231,182,230,183,229,184,228,185,228,186,228,187,229,188,230,189,231,189,232,190,233,191,234,192,235,193,236,194,237,195,238,196,239,197,240,198,241,199,242,200,243,200,244,201,245,202,246,201,247,201,248,200,249,200,250,200,251,199,252,199,253,198,254,198,255,197,256,197,257,197,258,196,259,196,260,196,261,195,262,194,263,193,264,192,265,191,266,190,265,190,264,189,263,188,262,187,261,186,261,185,260,184,259,183,259,182,258,183,257,183,256,183,255,184,254,185,253,186,252,186,251,186,250,186,249,186,248,185,247,185,246,185,245,184,244,184,243,183,242,183,241,182,240,182,239,181,238,181,237,180,236,179
206,181,205,182,204,182,203,182,202,183,201,183,200,184,199,185,198,185,198,186,197,187,197,188,197,189,197,190,197,191,197,192,197,193,198,194,198,195,198,196,199,197,199,198,200,199,201,200,202,201,203,202,204,203,205,204,206,204,207,205,208,205,209,205,210,205,211,205,212,204,213,204,214,203,214,202,215,201,215,200,216,199,216,198,216,197,216,196,217,195,217,194,217,193,217,192,217,191,217,190,217,189,218,188,218,187,218,186,217,185,217,184,217,183,216,183,215,182,214,181,213,181,212,181,211,181,210,181,209,181,208,181,207,181
154,183,153,184,152,184,151,184,150,185,149,185,148,185,147,186,146,186,145,187,144,187,143,188,142,188,141,188,140,189,139,189,138,189,138,190,137,191,137,192,136,193,136,194,135,195,135,196,135,197,135,198,135,199,135,200,135,201,136,202,136,203,137,204,138,204,139,204,140,205,141,205,142,205,143,204,144,204,145,203,146,202,147,202,148,201,149,201,150,200,151,200,152,200,153,200,154,200,155,200,156,200,157,200,158,200,159,200,160,200,161,200,162,200,163,200,164,200,165,200,166,200,167,200,168,199,168,198,169,197,169,196,170,195,170,194,171,193,172,192,172,191,173,190,173,189,174,188,174,187,173,186,172,186,171,185,170,184,169,185,168,185,167,185,166,184,165,184,164,184,163,184,162,184,161,184,160,184,159,184,158,184,157,184,156,184,155,184
175,188,174,189,174,190,173,191,173,192,172,193,171,194,171,195,170,196,170,197,169,198,169,199,168,200,168,201,169,202,169,203,170,204,171,205,171,206,172,207,173,208,174,208,175,208,176,208,177,208,178,208,179,208,180,208,181,207,182,207,183,207,184,207,185,206,186,206,187,205,188,205,189,204,190,203,190,202,191,201,191,200,192,199,192,198,192,197,192,196,191,195,191,194,191,193,191,192,190,191,189,190,188,189,187,188,186,188,185,188,184,188,183,188,182,188,181,188,180,188,179,188,178,188,177,188,176,188
228,188,227,189,226,189,225,189,224,190,223,190,223,191,222,192,222,193,221,194,221,195,221,196,221,197,220,198,220,199,220,200,220,201,220,202,220,203,220,204,220,205,221,206,221,207,222,208,223,209,223,210,224,211,225,212,226,212,227,212,228,213,229,213,230,213,231,213,232,213,233,212,234,212,235,212,236,211,237,210,238,210,239,209,240,208,241,207,241,206,242,205,242,204,243,203,242,202,242,201,241,200,240,199,239,198,238,197,237,196,236,195,235,194,234,193,233,192,232,191,231,190,230,190,229,189
276,192,275,193,274,193,273,194,272,195,272,196,271,197,270,198,269,199,270,200,271,201,272,202,273,203,274,204,275,204,276,205,277,206,278,206,279,207,280,207,281,208,282,208,283,208,284,208,285,207,286,207,287,206,287,205,288,204,288,203,288,202,288,201,288,200,288,199,287,198,287,197,286,196,285,195,284,194,283,193,282,193,281,192,280,192,279,192,278,192,277,192
150,201,149,202,148,202,147,203,146,203,145,204,144,205,143,205,144,206,143,207,142,207,142,208,141,209,141,210,140,211,139,212,139,213,138,214,138,215,137,216,137,217,137,218,137,219,137,220,138,221,138,222,138,223,138,224,138,225,138,226,139,227,139,228,140,229,140,230,141,231,142,232,143,233,144,233,145,232,146,232,147,232,148,232,149,232,150,232,151,232,152,232,153,232,154,232,155,231,156,231,157,231,158,231,158,230,159,229,160,230,161,229,162,229,163,228,164,227,165,226,166,225,167,224,168,223,169,223,170,222,171,221,171,220,171,219,170,218,171,217,171,216,171,215,172,214,172,213,172,212,172,211,172,210,172,209,172,208,171,207,170,206,170,205,169,204,168,203,168,202,167,201,166,201,165,201,164,201,163,201,162,201,161,201,160,201,159,201,158,201,157,201,156,201,155,201,154,201,153,201,152,201,151,201
286,211,285,212,285,213,285,214,285,215,286,216,287,217,288,218,289,219,290,220,291,221,292,221,293,222,294,222,295,222,296,223,297,223,298,222,299,221,299,220,299,219,298,218,298,217,297,216,296,215,295,214,294,214,293,213,292,212,291,211,290,211,289,211,288,212,287,211
228,214,228,215,227,216,226,217,225,218,224,219,224,220,223,221,223,222,223,223,222,224,222,225,222,226,222,227,222,228,222,229,222,230,222,231,223,232,224,233,225,233,226,234,227,234,228,234,229,234,230,234,231,234,232,234,233,233,234,233,235,232,236,231,237,230,238,229,238,228,239,227,239,226,240,225,241,224,241,223,241,222,240,221,240,220,240,219,240,218,239,217,239,216,238,215,237,215,236,215,235,214,234,214,233,214,232,214,231,214,230,214,229,214
203,223,202,224,201,224,200,224,199,225,199,226,198,227,198,228,198,229,198,230,198,231,198,232,198,233,198,234,199,235,200,236,200,237,201,238,201,239,201,240,200,241,201,242,201,243,202,244,202,245,203,246,203,247,204,248,205,248,206,248,207,248,208,249,209,249,210,249,211,248,212,248,213,247,214,247,215,247,216,246,217,246,218,245,219,245,220,244,220,243,221,242,221,241,221,240,221,239,221,238,221,237,221,236,221,235,221,234,221,233,220,232,219,231,218,230,217,229,216,228,215,227,214,226,213,226,212,225,211,225,210,224,209,224,208,224,207,223,206,223,205,223,204,223
145,233,144,234,143,234,143,235,143,236,143,237,143,238,143,239,143,240,144,241,144,242,144,243,144,244,145,245,145,246,145,247,145,248,146,249,146,250,147,251,147,252,148,253,149,254,150,255,151,256,152,256,153,255,154,255,155,255,156,255,157,254,158,254,159,254,160,254,161,254,162,254,163,253,164,252,165,251,165,250,166,249,166,248,165,247,164,246,163,246,162,245,161,244,160,243,159,242,158,241,157,240,157,239,156,238,156,237,155,236,155,235,154,235,153,234,153,233,152,233,151,233,150,233,149,233,148,233,147,233,146,233
301,233,300,234,299,234,298,235,297,236,297,237,296,238,296,239,295,240,295,241,294,242,294,243,294,244,294,245,293,246,293,247,293,248,294,249,295,250,295,251,296,251,297,252,298,253,299,253,300,253,301,253,302,253,303,253,304,252,305,252,306,251,307,250,308,249,309,248,310,247,310,246,310,245,311,244,311,243,311,242,311,241,312,240,311,239,311,238,311,237,310,236,310,235,309,235,308,234,307,234,306,234,305,233,304,233,303,233,302,233
244,237,243,238,242,238,241,238,240,238,239,239,238,239,237,240,236,241,236,242,235,243,235,244,235,245,235,246,235,247,235,248,235,249,236,250,236,251,237,252,237,253,237,254,238,255,239,256,239,257,240,258,241,259,241,260,241,261,242,262,243,263,244,263,245,263,246,263,247,263,248,263,249,263,250,263,251,263,252,263,253,263,254,263,255,264,255,263,255,262,256,261,257,260,257,259,257,258,258,257,258,256,258,255,258,254,258,253,259,252,259,251,259,250,258,249,258,248,258,247,258,246,258,245,257,244,257,243,256,242,256,241,255,240,254,239,253,238,252,238,251,238,250,238,249,237,248,237,247,237,246,237,245,237
182,238,181,239,180,240,179,240,178,241,178,242,178,243,178,244,178,245,178,246,179,247,179,248,179,249,180,250,180,251,181,252,181,253,182,254,182,255,182,256,182,257,183,258,184,259,185,260,185,261,186,262,187,263,188,263,189,263,190,263,191,263,192,263,193,263,194,263,195,262,196,261,197,261,198,260,199,259,200,259,200,258,201,257,201,256,202,255,202,254,203,253,203,252,203,251,202,250,203,249,203,248,202,247,202,246,201,245,201,244,200,243,200,242,199,241,198,241,197,240,196,240,195,239,194,239,193,238,192,238,191,238,190,238,189,238,188,238,187,238,186,238,185,238,184,238,183,238
225,250,224,251,223,251,222,252,221,253,220,254,219,255,218,255,217,256,217,257,217,258,217,259,217,260,217,261,217,262,217,263,217,264,217,265,217,266,217,267,217,268,217,269,218,270,218,271,219,272,220,273,221,274,222,274,223,274,224,274,225,275,226,275,227,274,228,274,229,274,230,274,231,273,232,272,233,271,233,270,234,269,234,268,234,267,234,266,234,265,234,264,235,263,235,262,235,261,235,260,235,259,235,258,235,257,235,256,235,255,234,254,234,253,233,252,232,251,231,250,230,250,229,250,228,250,227,250,226,250
209,252,208,253,207,253,206,254,205,254,204,254,203,254,203,255,202,256,202,257,201,258,201,259,201,260,201,261,200,262,200,263,200,264,200,265,199,266,198,267,198,268,198,269,198,270,198,271,199,272,200,272,201,272,202,273,203,273,204,273,205,273,206,274,207,274,208,274,209,274,210,274,211,273,212,273,212,272,213,271,214,270,215,269,216,269,216,268,216,267,216,266,216,265,216,264,216,263,216,262,216,261,216,260,216,259,216,258,216,257,216,256,215,256,214,255,213,254,212,253,211,253,210,253
169,254,168,255,167,255,166,256,165,257,165,258,165,259,164,260,164,261,164,262,163,263,163,264,162,265,162,266,162,267,162,268,162,269,163,270,163,271,164,272,164,273,165,274,166,275,166,276,166,277,166,278,166,279,167,279,168,279,169,279,170,279,171,279,172,278,173,279,174,279,175,279,176,279,177,279,178,279,179,278,180,278,181,277,182,277,183,277,184,276,185,275,186,275,187,274,187,273,188,272,188,271,188,270,188,269,188,268,187,267,187,266,187,265,187,264,186,263,185,262,184,261,184,260,183,259,182,258,181,257,181,256,180,255,179,255,178,255,177,255,176,255,175,255,174,254,173,254,172,254,171,254,170,254
157,255,156,256,155,256,154,256,153,256,152,257,151,257,151,258,151,259,150,260,150,261,151,262,151,263,152,264,153,265,154,266,155,266,156,267,157,267,158,267,159,266,160,266,161,266,161,265,162,264,162,263,163,262,163,261,163,260,164,259,164,258,164,257,163,256,162,255,161,255,160,255,159,255,158,255
283,256,282,257,281,257,280,257,279,258,278,259,277,259,276,260,275,261,274,262,273,263,272,264,272,265,271,266,270,267,269,268,269,269,269,270,269,271,269,272,269,273,269,274,269,275,270,276,270,277,271,278,272,279,273,280,274,280,275,281,276,281,277,282,278,282,279,282,280,282,281,282,282,282,283,282,284,281,285,281,286,280,287,279,288,279,288,278,289,277,289,276,289,275,290,274,290,273,291,272,291,271,292,270,292,269,293,268,293,267,294,266,294,265,295,264,295,263,295,262,296,261,295,260,294,259,293,258,292,258,291,258,290,257,289,257,288,257,287,256,286,256,285,256,284,256
297,261,296,262,296,263,296,264,295,265,295,266,294,267,294,268,293,269,293,270,292,271,292,272,291,273,291,274,290,275,290,276,290,277,289,278,289,279,290,280,290,281,291,282,291,283,292,284,293,285,294,285,295,286,296,287,297,287,298,287,299,287,300,286,301,286,302,286,303,285,304,285,305,284,306,283,307,283,307,282,308,281,309,280,309,279,309,278,310,277,310,276,310,275,310,274,310,273,310,272,310,271,310,270,309,269,309,268,308,267,308,266,307,265,306,264,305,263,304,262,303,262,302,261,301,261,300,261,299,261,298,261
243,264,243,265,242,266,241,267,241,268,240,269,240,270,239,271,238,271,237,272,236,273,235,274,234,274,233,275,232,275,231,275,231,276,230,277,229,278,228,278,227,279,226,279,225,279,225,280,225,281,225,282,225,283,225,284,225,285,226,285,227,285,228,285,229,286,230,286,231,287,232,287,233,288,234,288,235,288,236,287,237,287,238,286,239,286,240,286,241,285,242,285,243,284,244,284,245,283,246,282,247,282,248,281,249,280,250,280,251,279,252,278,253,277,254,276,255,275,255,274,256,273,256,272,257,271,257,270,256,269,256,268,256,267,256,266,255,265,254,264,253,264,252,264,251,264,250,264,249,264,248,264,247,264,246,264,245,264,244,264
198,273,197,274,196,275,195,275,194,275,193,276,192,276,191,276,190,277,189,277,188,278,187,278,186,279,185,280,184,281,183,282,183,283,182,284,182,285,182,286,181,287,181,288,182,289,182,290,183,291,184,292,185,293,186,293,187,293,188,294,189,294,190,294,191,294,192,295,193,294,194,294,195,294,196,294,197,293,198,293,199,293,200,293,201,293,202,292,203,292,204,292,205,291,206,291,207,291,208,290,209,290,210,290,211,289,212,288,213,288,214,287,215,287,215,286,215,285,215,284,215,283,215,282,215,281,215,280,215,279,215,278,215,277,214,276,213,275,212,274,211,274,210,275,209,275,208,275,207,275,206,275,205,274,204,274,203,274,202,274,201,273,200,273,199,273
269,280,268,281,267,281,266,281,265,282,264,283,263,283,262,284,262,285,261,286,261,287,261,288,261,289,260,290,260,291,260,292,261,293,261,294,261,295,261,296,262,297,262,298,263,298,264,299,265,299,266,300,267,300,268,301,269,301,270,301,271,301,272,300,273,300,274,300,275,300,276,299,277,299,278,298,279,297,280,296,281,295,281,294,281,293,281,292,281,291,281,290,281,289,280,288,280,287,279,286,279,285,278,284,277,283,276,282,275,282,274,281,273,281,272,280,271,281,270,280
231,288,230,289,229,289,228,289,227,289,226,289,225,289,224,290,223,290,222,291,221,291,220,291,219,291,218,291,217,291,216,291,215,292,214,292,213,293,212,294,211,295,210,296,209,296,208,297,207,297,206,297,206,298,205,299,205,300,204,301,204,302,203,303,203,304,203,305,203,306,204,307,204,308,205,309,206,310,207,310,208,310,209,311,210,311,211,310,212,310,213,310,214,309,215,309,216,308,217,308,218,308,219,307,220,307,221,306,222,306,223,305,224,305,225,305,226,304,227,304,228,303,229,303,230,302,231,302,232,301,233,301,234,300,235,300,236,300,236,299,236,298,236,297,236,296,236,295,237,294,236,293,236,292,236,291,236,290,235,289,234,289,233,289,232,288
290,288,289,289,288,289,287,290,286,291,285,292,285,293,285,294,285,295,284,296,285,297,285,298,285,299,286,300,286,301,287,302,288,303,288,304,289,305,290,306,291,307,292,308,293,309,294,309,295,310,296,310,297,310,298,310,299,310,300,310,301,310,302,310,303,309,304,309,305,308,306,307,307,307,308,306,309,305,309,304,310,303,310,302,310,301,310,300,311,299,311,298,310,297,310,296,310,295,309,294,308,293,308,292,307,292,306,291,305,291,304,290,303,290,302,290,301,289,300,289,299,288,298,288,297,288,296,288,295,288,294,288,293,288,292,288,291,288
329,296,328,297,327,297,326,297,325,297,324,297,323,297,322,298,321,299,320,300,319,301,319,302,318,303,318,304,318,305,318,306,318,307,317,308,318,309,318,310,318,311,319,312,320,313,321,313,322,314,323,314,324,315,325,315,326,314,327,314,328,314,329,314,330,313,331,313,332,312,333,311,333,310,334,309,334,308,334,307,334,306,334,305,334,304,334,303,333,302,333,301,333,300,332,299,332,298,331,297,330,297
257,298,256,299,255,299,254,299,254,300,254,301,254,302,254,303,254,304,254,305,254,306,254,307,254,308,254,309,254,310,254,311,254,312,254,313,254,314,255,315,255,316,255,317,255,318,255,319,255,320,256,320,257,321,258,321,259,322,260,322,261,322,262,322,263,322,264,322,265,322,266,321,267,321,268,320,268,319,269,318,270,317,270,316,271,315,271,314,271,313,272,312,272,311,272,310,272,309,272,308,272,307,272,306,271,305,270,304,270,303,270,302,269,302,268,302,267,301,266,301,265,300,264,300,263,299,262,299,261,298,260,299,259,298,258,298
247,299,246,300,245,301,244,301,243,301,242,302,241,303,240,304,239,304,239,305,238,306,237,307,237,308,237,309,237,310,237,311,236,312,236,313,236,314,236,315,237,316,237,317,237,318,237,319,237,320,237,321,238,322,238,323,239,324,240,324,241,325,242,325,243,325,244,325,245,325,246,324,247,324,248,324,249,323,250,322,251,321,252,320,253,319,254,319,254,318,254,317,254,316,254,315,253,314,253,313,253,312,253,311,253,310,253,309,253,308,253,307,253,306,253,305,253,304,253,303,253,302,253,301,253,300,253,299,252,299,251,299,250,299,249,299,248,299
234,301,233,302,232,302,231,303,230,303,229,304,228,304,227,305,226,305,225,306,224,306,223,306,222,307,221,307,220,308,219,308,218,309,218,310,217,311,216,312,216,313,215,314,215,315,215,316,215,317,215,318,216,319,216,320,217,321,218,321,219,321,220,321,221,321,222,321,223,321,224,321,225,321,226,320,227,319,228,319,229,318,230,317,231,316,232,315,232,314,233,313,233,312,233,311,234,310,234,309,234,308,234,307,235,306,235,305,235,304,235,303,235,302,236,301,235,301
285,311,284,312,283,312,282,312,281,312,280,313,279,314,278,315,277,316,276,317,275,318,275,319,274,320,273,321,273,322,272,323,272,324,271,325,271,326,271,327,271,328,271,329,271,330,272,331,272,332,272,333,273,334,274,335,275,336,276,336,277,336,278,336,279,336,280,336,281,336,282,336,283,336,284,336,285,335,286,335,287,334,288,334,289,334,290,333,291,332,292,331,293,331,294,330,295,329,296,328,296,327,296,326,297,325,297,324,297,323,297,322,297,321,296,320,296,319,295,318,295,317,294,316,293,315,292,314,291,314,290,313,289,312,288,312,287,312,286,312
328,321,327,322,326,322,325,322,324,322,323,323,322,323,321,323,320,324,319,324,318,325,317,325,316,326,315,326,314,327,313,328,312,329,311,330,310,331,310,332,310,333,310,334,311,335,312,336,313,337,314,337,315,337,316,337,317,337,318,337,319,337,320,337,321,337,322,336,323,336,324,336,325,335,326,335,327,335,328,334,329,334,330,333,331,333,332,333,333,332,334,332,335,331,336,330,336,329,337,328,337,327,337,326,337,325,337,324,336,323,335,322,334,322,333,321,332,321,331,321,330,321,329,321
230,323,229,324,228,324,227,324,226,325,225,325,224,326,223,326,222,327,221,327,221,328,220,329,220,330,219,331,219,332,219,333,219,334,220,335,220,336,221,337,222,338,222,339,223,340,224,340,225,341,226,341,227,342,228,342,229,342,230,343,231,343,232,343,233,343,234,343,235,343,236,343,237,343,238,343,239,342,240,342,241,341,242,341,243,340,244,340,244,339,244,338,244,337,244,336,244,335,243,334,243,333,242,332,242,331,241,330,241,329,240,328,240,327,239,326,239,325,238,324,237,323,236,323,235,323,234,323,233,323,232,323,231,323
290,339,289,340,288,340,287,341,286,342,285,342,284,343,283,343,282,344,281,345,280,346,279,347,278,347,277,348,276,348,275,349,274,350,273,351,272,352,271,353,270,353,269,354,268,355,268,356,267,357,267,358,266,359,266,360,266,361,266,362,266,363,266,364,266,365,267,366,267,367,268,367,269,367,270,367,271,367,272,367,273,366,274,366,275,365,276,364,277,363,278,362,279,361,280,360,281,359,282,359,283,358,284,357,284,356,285,355,286,354,287,353,288,352,289,351,290,351,290,350,291,349,292,348,293,347,294,346,295,345,295,344,296,343,296,342,296,341,295,341,294,340,293,339,292,339,291,339
315,339,314,340,313,340,312,340,311,340,310,340,309,340,308,340,307,341,306,341,305,341,304,342,303,343,302,343,301,344,300,345,299,345,298,346,297,347,296,347,295,348,294,348,293,348,293,349,292,350,291,351,290,352,290,353,289,354,289,355,288,356,288,357,287,358,287,359,287,360,287,361,287,362,287,363,288,364,289,364,290,364,291,363,292,362,293,362,294,362,295,361,296,361,297,361,298,360,299,360,300,359,301,359,302,358,303,358,304,358,305,358,306,358,307,358,308,357,309,357,310,357,311,356,312,355,313,354,314,354,315,354,316,353,317,352,318,352,319,351,319,350,320,349,320,348,320,347,320,346,321,345,321,344,321,343,321,342,320,341,319,341,318,340,317,340,316,340
245,340,244,341,243,341,242,342,241,342,240,343,239,343,238,344,237,344,236,345,235,345,235,346,234,347,233,348,233,349,233,350,233,351,234,352,235,352,236,353,237,354,238,355,239,355,240,356,241,356,242,356,243,357,244,357,245,357,246,357,247,356,248,356,249,355,250,355,251,354,252,354,253,353,254,353,255,352,256,351,257,350,258,349,258,348,258,347,258,346,258,345,258,344,258,343,257,342,257,341,256,341,255,340,254,340,253,340,252,340,251,340,250,340,249,340,248,340,247,340,246,340
323,355,322,356,321,356,320,357,319,357,318,357,317,357,316,358,315,358,314,358,313,358,312,358,311,358,310,358,309,358,308,358,307,359,306,359,305,359,304,360,304,361,305,362,305,363,305,364,305,365,305,366,305,367,305,368,305,369,305,370,305,371,305,372,306,373,307,374,308,375,309,375,310,375,311,376,312,376,313,376,314,375,315,375,316,375,317,374,318,374,319,373,320,373,321,373,322,372,323,372,324,372,325,371,326,371,327,371,328,370,329,370,330,370,331,369,332,369,333,369,334,369,335,369,336,369,337,368,338,368,338,367,339,366,339,365,339,364,338,363,338,362,337,361,336,360,335,359,334,358,333,357,332,356,331,356,330,356,329,355,328,355,327,355,326,355,325,355,324,355
303,361,302,362,301,362,300,363,299,363,298,363,297,364,296,365,295,365,294,366,293,367,292,368,291,369,290,370,290,371,289,372,289,373,288,374,288,375,288,376,288,377,289,378,290,379,291,379,292,379,293,379,294,378,295,378,296,378,297,377,298,376,299,376,300,375,301,374,302,374,302,373,303,372,304,372,304,371,304,370,304,369,304,368,304,367,304,366,304,365,304,364,304,363,304,362
337,369,336,370,335,370,334,370,333,370,332,370,331,370,330,371,329,371,328,371,327,372,326,372,325,372,324,373,323,373,322,373,321,374,320,374,319,374,318,375,317,375,316,376,315,376,314,376,313,377,312,377,312,378,312,379,311,380,311,381,311,382,311,383,310,384,311,385,311,386,311,387,311,388,311,389,312,390,313,391,312,392,313,393,313,394,313,395,314,396,315,396,316,396,317,396,318,396,319,396,320,397,321,396,322,396,323,396,324,396,325,396,326,396,327,396,328,396,329,395,330,395,331,395,332,395,333,395,334,395,335,395,336,395,337,395,338,395,339,395,340,395,341,394,342,393,343,393,344,392,344,391,344,390,345,389,345,388,344,387,344,386,344,385,344,384,343,383,343,382,343,381,342,380,342,379,342,378,342,377,342,376,342,375,342,374,341,373,341,372,340,372,339,371,339,370,338,369
348,395,347,396,346,396,345,396,344,396,343,396,342,396,341,397,340,397,339,397,338,397,337,397,336,398,335,398,334,399,333,399,332,399,331,400,330,400,329,401,328,402,327,403,326,404,326,405,325,406,325,407,325,408,325,409,326,410,327,410,328,411,329,412,330,412,331,412,332,412,333,412,334,412,335,413,336,413,337,413,338,413,339,413,340,413,341,413,342,412,343,412,344,412,345,412,346,412,347,411,348,411,349,410,350,410,351,409,352,408,353,407,354,406,355,405,355,404,355,403,355,402,356,401,356,400,355,399,355,398,354,397,353,396,352,396,351,395,350,395,349,395
314,397,313,398,312,398,311,399,310,399,309,399,308,399,307,399,306,399,305,399,304,399,303,399,302,399,301,400,300,400,299,401,298,401,297,402,297,403,296,404,296,405,296,406,296,407,296,408,297,408,298,408,299,408,300,408,301,408,302,408,303,408,304,408,305,408,306,408,307,408,308,408,309,408,310,408,310,407,311,406,312,406,313,406,314,406,315,406,316,405,317,405,318,404,319,404,320,403,321,402,322,402,322,401,322,400,321,399,321,398,320,398,319,397,318,397,317,397,316,397,315,397
313,408,312,409,311,409,310,409,309,409,308,409,307,409,306,409,305,409,304,409,303,409,302,409,301,409,300,409,299,409,298,409,297,409,296,409,295,410,294,411,293,411,292,412,292,413,292,414,292,415,292,416,292,417,293,418,294,419,295,419,296,420,297,420,298,420,299,421,300,421,301,422,302,422,303,421,304,421,305,421,306,420,307,420,308,420,309,419,310,419,311,418,312,418,313,417,314,417,315,416,316,416,317,416,318,415,319,415,319,414,319,413,319,412,318,411,317,410,316,409,315,409,314,408
358,412,357,413,356,413,356,414,355,415,354,416,354,417,354,418,354,419,354,420,355,421,356,422,357,422,358,421,359,421,360,420,361,420,362,420,362,419,363,418,363,417,363,416,363,415,363,414,362,413,361,413,360,412,359,412
325,414,324,415,323,415,322,415,321,415,320,415,319,416,318,416,317,417,316,417,315,417,314,418,313,418,312,419,311,419,310,420,309,420,308,421,307,421,306,421,305,422,304,422,303,422,302,423,301,423,301,424,301,425,301,426,302,427,302,428,303,428,304,429,305,429,306,430,307,430,308,430,309,430,310,430,311,430,312,430,313,430,314,430,315,430,316,430,317,429,318,429,319,429,320,428,321,428,322,427,323,427,324,427,325,427,326,426,327,426,328,425,329,425,330,425,331,425,331,424,332,423,333,422,334,421,335,421,336,420,337,420,338,419,339,418,338,417,337,416,336,416,335,415,334,415,333,415,332,415,331,415,330,415,329,415,328,414,327,414,326,414
347,419,346,420,345,420,344,420,343,420,342,421,341,422,340,422,339,423,338,423,337,424,336,424,335,425,334,425,333,425,332,425,331,426,330,426,330,427,330,428,329,429,329,430,329,431,329,432,330,433,331,434,332,435,333,435,334,435,335,435,336,436,337,436,338,436,339,436,340,436,341,436,342,436,343,436,344,436,345,436,346,436,347,436,348,436,349,436,350,435,351,435,352,434,353,434,354,433,354,432,355,431,355,430,355,429,356,428,356,427,356,426,356,425,356,424,356,423,355,422,354,421,353,420,352,420,351,420,350,420,349,419,348,419
370,421,369,422,368,422,367,422,366,423,365,424,364,425,364,426,363,427,362,428,362,429,362,430,361,431,361,432,360,433,360,434,360,435,360,436,360,437,361,438,361,439,362,440,363,441,364,442,365,442,366,442,367,443,368,443,369,443,370,443,371,444,372,444,373,444,374,443,375,443,376,442,377,441,378,441,379,440,380,440,381,439,382,438,383,438,384,437,385,436,386,435,386,434,386,433,386,432,386,431,385,430,384,429,383,428,382,427,381,426,380,425,379,424,378,423,377,422,376,422,375,421,374,421,373,421,372,421,371,421
284,429,283,430,282,430,281,430,281,431,280,432,279,433,279,434,279,435,278,436,278,437,278,438,278,439,278,440,278,441,279,442,279,443,280,444,281,445,282,446,283,446,284,447,285,447,286,448,287,448,288,448,289,448,290,448,291,448,292,448,293,448,294,447,295,447,296,446,297,446,298,445,299,444,299,443,300,442,300,441,301,440,301,439,300,438,300,437,299,436,299,435,298,434,297,433,296,432,295,431,294,431,293,430,292,430,291,430,290,429,289,429,288,429,287,429,286,429,285,429
155,444,154,445,153,445,152,445,151,446,150,447,149,448,149,449,149,450,149,451,149,452,150,453,151,454,152,454,153,454,154,454,155,454,156,454,157,453,158,452,158,451,159,450,159,449,159,448,159,447,158,446,157,445,156,444
399,445,398,446,397,446,396,447,395,448,395,449,395,450,394,451,394,452,394,453,394,454,394,455,394,456,394,457,394,458,395,459,395,460,396,461,397,462,398,463,399,464,400,465,401,466,402,466,403,466,404,466,405,467,406,467,407,466,408,466,409,465,410,465,411,464,412,463,413,462,414,461,414,460,415,459,415,458,415,457,415,456,415,455,415,454,414,453,414,452,414,451,413,450,412,449,411,448,411,447,410,447,409,446,408,446,407,445,406,445,405,445,404,445,403,445,402,445,401,445,400,445
264,448,263,449,262,450,261,451,261,452,260,453,259,454,259,455,259,456,259,457,259,458,258,459,258,460,258,461,258,462,259,463,259,464,260,465,261,466,262,466,263,467,264,467,265,467,266,468,267,468,268,468,269,468,270,468,271,467,272,467,273,466,274,466,275,465,276,464,276,463,277,462,277,461,277,460,278,459,278,458,277,457,277,456,277,455,277,454,276,453,275,452,275,451,274,450,273,449,272,448,271,448,270,448,269,448,268,448,267,448,266,448,265,448
171,450,170,451,169,451,168,452,167,452,166,453,165,454,164,455,164,456,163,457,163,458,163,459,163,460,163,461,163,462,163,463,163,464,163,465,164,466,165,467,166,468,167,469,168,470,169,470,170,471,171,471,172,471,173,471,174,472,175,472,176,472,177,471,178,471,179,471,180,470,181,470,182,469,183,469,184,468,185,467,186,466,187,465,187,464,187,463,188,462,188,461,188,460,188,459,188,458,188,457,188,456,188,455,187,454,186,453,185,452,184,452,183,451,182,451,181,451,180,451,179,451,178,450,177,450,176,450,175,450,174,450,173,450,172,450
328,453,327,454,326,454,325,454,324,455,323,456,322,457,321,458,320,459,319,460,319,461,318,462,317,463,317,464,316,465,316,466,315,467,315,468,315,469,315,470,315,471,315,472,316,473,316,474,316,475,317,476,317,477,318,478,319,479,320,480,321,481,322,482,323,482,324,483,325,483,326,484,327,484,328,485,329,485,330,485,331,485,332,486,333,486,334,486,335,486,336,486,337,485,338,485,339,484,340,484,341,483,342,483,343,482,344,481,345,481,345,480,346,479,346,478,347,477,347,476,348,475,348,474,348,473,348,472,348,471,348,470,348,469,348,468,349,467,349,466,348,465,348,464,347,463,347,462,346,461,346,460,345,459,345,458,344,457,343,456,342,455,341,454,340,454,339,453,338,453,337,453,336,453,335,453,334,453,333,453,332,453,331,453,330,453,329,453
292,455,291,456,290,456,289,457,288,458,287,459,286,460,286,461,285,462,285,463,284,464,284,465,284,466,283,467,283,468,283,469,283,470,283,471,283,472,283,473,283,474,283,475,284,476,284,477,285,478,285,479,286,479,287,480,288,481,289,481,290,481,291,482,292,482,293,482,294,482,295,482,296,482,297,482,298,482,299,482,300,482,301,482,302,482,303,482,304,482,305,482,306,482,307,482,308,481,309,480,310,479,310,478,311,477,311,476,311,475,312,474,312,473,313,472,313,471,314,470,314,469,313,469,312,468,312,467,312,466,311,465,311,464,310,463,309,462,308,461,307,460,306,460,305,459,304,458,303,458,302,458,301,457,300,457,299,456,298,456,297,456,296,455,295,455,294,455,293,455
361,456,360,457,359,457,358,457,357,458,356,459,355,460,354,460,353,461,352,462,352,463,351,464,350,465,350,466,350,467,349,468,349,469,349,470,349,471,349,472,349,473,349,474,349,475,348,476,348,477,348,478,349,479,349,480,349,481,349,482,350,483,350,484,351,485,352,486,353,487,354,487,355,487,356,488,357,488,358,488,359,488,360,488,361,488,362,488,363,488,364,488,365,488,366,487,367,487,368,487,369,487,370,486,371,485,372,485,373,485,374,484,374,483,375,482,376,481,376,480,377,479,378,478,378,477,378,476,378,475,378,474,378,473,378,472,378,471,378,470,378,469,378,468,378,467,378,466,378,465,378,464,377,463,377,462,376,461,375,460,374,459,373,458,372,458,371,457,370,457,369,457,368,456,367,456,366,456,365,456,364,456,363,456,362,456
129,458,128,459,127,460,126,460,125,461,124,461,123,462,122,462,121,463,120,464,120,465,119,466,119,467,119,468,118,469,117,470,116,471,115,472,115,473,116,474,117,474,118,475,119,475,120,476,121,477,122,477,123,478,124,478,125,479,126,479,127,479,128,480,129,480,130,480,131,479,132,479,133,479,134,478,135,478,136,477,137,476,138,475,138,474,139,473,139,472,139,471,139,470,139,469,138,468,138,467,137,466,136,465,135,464,135,463,134,462,133,461,132,461,131,460,130,459
148,460,147,461,146,462,145,463,145,464,144,465,143,465,142,466,141,467,140,468,140,469,140,470,140,471,140,472,140,473,141,474,141,475,141,476,141,477,141,478,142,479,142,480,142,481,143,482,144,482,145,482,146,482,147,483,148,483,149,483,150,483,151,483,152,484,153,483,154,482,155,481,155,480,156,479,157,478,158,477,158,476,159,475,159,474,159,473,159,472,159,471,159,470,159,469,159,468,158,467,158,466,157,465,156,464,155,464,154,463,153,463,152,462,151,462,150,461,149,460
194,465,193,466,192,466,191,466,190,466,189,467,188,467,187,468,186,469,185,470,185,471,184,472,184,473,184,474,184,475,183,476,183,477,183,478,183,479,183,480,183,481,184,482,184,483,185,484,186,485,187,486,188,487,189,488,190,489,191,489,192,489,193,490,194,489,195,490,196,490,197,490,198,490,199,489,200,489,201,489,202,488,203,488,204,487,205,486,206,485,206,484,207,483,207,482,208,481,208,480,208,479,208,478,208,477,208,476,208,475,207,474,207,473,206,472,206,471,205,470,204,469,203,468,202,467,201,467,200,467,199,466,198,466,197,466,196,466,195,466
260,467,259,468,258,469,257,470,257,471,257,472,256,473,256,474,256,475,256,476,255,477,255,478,256,479,256,480,256,481,257,482,258,483,259,484,260,484,261,484,262,485,263,485,264,485,265,485,266,485,267,485,268,485,269,484,269,483,270,482,270,481,271,480,271,479,270,478,270,477,270,476,270,475,270,474,269,473,269,472,269,471,269,470,268,469,267,469,266,469,265,468,264,468,263,468,262,467,261,467
412,468,411,469,410,469,409,470,408,471,408,472,407,473,407,474,407,475,407,476,407,477,407,478,406,479,406,480,406,481,406,482,407,483,407,484,407,485,407,486,407,487,407,488,408,489,408,490,408,491,408,492,408,493,408,494,409,495,410,496,410,497,411,498,412,498,413,498,414,498,415,498,416,498,417,498,418,497,419,496,420,496,421,495,421,494,421,493,422,492,422,491,422,490,423,489,423,488,423,487,423,486,423,485,423,484,423,483,423,482,423,481,423,480,423,479,423,478,423,477,423,476,423,475,423,474,422,473,422,472,421,471,421,470,420,469,419,469,418,469,417,468,416,468,415,468,414,468,413,468
389,472,388,473,387,473,386,474,385,474,384,474,383,475,382,476,381,476,380,477,379,477,379,478,378,479,377,480,377,481,376,482,375,483,375,484,374,485,373,486,374,487,373,488,373,489,373,490,373,491,373,492,373,493,373,494,374,495,374,496,374,497,375,498,375,499,376,500,376,501,377,502,378,503,379,504,380,505,381,506,382,506,383,507,384,507,385,507,386,507,387,507,388,507,389,507,390,507,391,506,392,506,393,505,394,505,395,505,396,504,397,504,398,503,399,503,400,502,401,502,402,501,403,500,404,499,404,498,405,497,406,496,406,495,406,494,407,493,407,492,407,491,407,490,407,489,406,488,406,487,406,486,406,485,406,484,406,483,405,482,405,481,405,480,405,479,405,478,404,477,403,476,402,475,401,474,400,474,399,473,398,473,397,473,396,473,395,472,394,472,393,472,392,472,391,472,390,472
117,475,118,476,119,477,120,478,120,479,120,480,121,481,121,482,121,483,121,484,121,485,121,486,121,487,121,488,121,489,121,490,121,491,121,492,121,493,121,494,121,495,121,496,120,497,120,498,120,499,120,500,119,501,120,502,121,503,121,504,121,505,122,506,123,507,124,508,125,509,126,509,127,510,128,510,129,510,130,510,131,510,132,510,133,511,134,511,135,511,136,511,137,511,138,511,139,511,140,511,141,511,142,511,143,511,144,511,145,511,146,510,147,510,148,510,149,510,150,510,151,510,151,509,152,508,153,507,154,506,154,505,155,504,155,503,155,502,156,501,156,500,156,499,157,498,157,497,157,496,157,495,157,494,156,493,156,492,156,491,156,490,155,489,155,488,154,487,153,486,153,485,152,485,151,484,150,484,149,484,148,484,147,484,146,483,145,483,144,483,143,483,142,482,142,483,141,484,140,485,139,485,138,485,137,485,136,485,135,484,134,484,133,483,132,483,131,482,130,481,129,481,128,481,127,480,126,480,125,480,124,479,123,479,122,478,121,478,120,477,119,476,118,476
115,475,114,476,113,477,112,477,111,477,110,477,109,477,108,477,107,478,106,478,105,478,104,478,103,479,102,479,101,479,100,480,99,481,98,482,97,483,97,484,97,485,97,486,96,487,97,488,97,489,96,490,97,491,96,492,97,493,98,494,98,495,99,496,99,497,100,498,101,499,101,500,102,500,103,501,104,501,105,502,106,502,107,502,108,503,109,502,110,502,111,502,112,502,113,502,114,502,115,502,116,502,117,502,118,501,119,500,119,499,119,498,119,497,120,496,120,495,120,494,120,493,120,492,120,491,120,490,120,489,120,488,120,487,120,486,120,485,120,484,120,483,120,482,120,481,119,480,119,479,119,478,118,477,117,476,116,475
303,485,302,486,301,486,300,486,299,486,298,487,297,488,296,488,295,489,294,490,293,491,292,492,292,493,291,494,291,495,290,496,290,497,290,498,289,499,289,500,289,501,289,502,289,503,289,504,289,505,289,506,290,507,290,508,290,509,291,510,292,510,293,510,294,511,295,511,296,511,297,511,298,511,299,511,300,511,301,511,302,511,303,511,304,511,305,511,306,511,307,511,308,511,309,511,310,511,311,511,312,511,313,511,314,511,315,511,316,511,317,511,318,511,319,511,320,511,321,511,322,510,323,510,324,510,325,509,325,508,325,507,325,506,325,505,325,504,325,503,325,502,325,501,325,500,324,499,324,498,323,497,323,496,322,495,322,494,321,493,320,492,319,491,319,490,318,490,317,489,316,488,315,488,314,487,313,487,312,486,311,486,310,486,309,486,308,485,307,485,306,485,305,485,304,485
85,490,84,491,83,491,82,492,81,493,81,494,80,495,80,496,80,497,80,498,80,499,80,500,80,501,80,502,80,503,80,504,81,505,81,506,81,507,82,508,82,509,83,510,84,510,85,510,86,511,87,511,88,511,89,511,90,511,91,511,92,511,93,511,94,511,95,510,96,510,97,510,98,510,99,509,99,508,100,507,100,506,101,505,101,504,101,503,101,502,101,501,100,500,100,499,99,498,98,497,98,496,97,495,97,494,96,493,95,492,94,492,93,491,92,491,91,490,90,490,89,490,88,490,87,490,86,490
213,490,212,491,211,491,210,491,209,492,208,493,207,494,206,495,205,496,205,497,205,498,205,499,205,500,205,501,205,502,205,503,206,504,206,505,207,506,207,507,208,508,209,509,210,510,211,510,212,510,213,511,214,511,215,511,216,511,217,511,218,511,219,511,220,511,221,511,222,511,223,511,224,510,224,509,225,508,226,507,226,506,227,505,227,504,227,503,227,502,227,501,227,500,227,499,227,498,226,497,226,496,225,495,224,494,224,493,223,492,222,492,221,491,220,491,219,490,218,490,217,490,216,490,215,490,214,490
271,505,270,506,269,507,268,507,268,508,267,509,267,510,268,511,269,511,270,511,271,511,272,511,273,511,274,511,275,511,276,511,277,511,278,511,279,511,280,511,281,511,282,511,283,511,284,511,284,510,283,509,283,508,282,507,281,506,280,506,279,505,278,505,277,505,276,505,275,505,274,505,273,505,272,505
