89,90,88,91,87,91,86,92,85,93,84,93,83,94,83,95,82,96,81,97,81,98,81,99,80,100,80,101,80,102,80,103,80,104,80,105,81,106,81,107,82,108,82,109,83,110,84,110,85,110,86,111,87,111,88,111,89,111,90,111,91,110,92,110,93,110,94,109,95,109,96,108,97,108,98,107,99,106,99,105,100,104,100,103,100,102,100,101,100,100,100,99,100,98,100,97,99,96,99,95,98,94,97,93,96,93,95,92,94,92,93,92,92,91,91,91,90,90
152,118,151,119,150,119,149,120,148,121,149,122,149,123,150,124,151,125,152,126,152,127,153,128,154,129,154,130,155,131,156,132,157,133,158,134,159,134,160,133,161,133,162,132,163,132,164,132,165,132,166,131,167,131,168,130,168,129,169,128,169,127,169,126,169,125,169,124,168,123,168,122,167,122,166,121,165,120,164,120,163,119,162,119,161,119,160,119,159,118,158,118,157,118,156,118,155,118,154,118,153,118
147,121,146,122,145,122,144,122,143,122,142,123,141,123,140,124,139,124,138,124,137,125,136,126,135,127,135,128,134,129,134,130,133,131,133,132,133,133,133,134,133,135,133,136,133,137,132,138,133,139,134,140,135,141,136,142,137,143,138,144,138,145,139,146,139,147,140,148,140,149,140,150,141,151,142,152,143,153,144,154,145,154,146,155,147,156,148,157,149,157,150,157,151,157,152,156,153,156,154,155,155,155,156,154,157,153,158,152,159,151,159,150,159,149,159,148,159,147,159,146,159,145,159,144,160,143,159,142,159,141,159,140,159,139,159,138,159,137,159,136,159,135,158,135,157,134,156,133,155,132,154,131,153,130,153,129,152,128,151,127,151,126,150,125,149,124,148,123,148,122
64,124,63,125,62,125,61,126,60,127,60,128,59,129,59,130,59,131,59,132,59,133,60,134,61,135,61,136,62,136,63,137,64,137,65,137,66,137,67,137,68,136,69,135,70,134,71,133,72,132,72,131,72,130,72,129,72,128,72,127,71,126,70,125,69,125,68,124,67,124,66,124,65,124
201,130,200,131,200,132,199,133,199,134,198,135,197,136,197,137,196,138,196,139,197,140,197,141,197,142,198,143,199,144,200,145,200,146,201,147,202,147,203,147,204,148,205,149,206,148,207,148,208,147,209,147,210,146,211,146,212,145,213,144,214,144,215,143,216,143,216,142,216,141,216,140,216,139,216,138,216,137,215,136,215,135,214,134,213,133,212,133,211,132,210,132,209,131,208,131,207,130,206,130,205,130,204,130,203,130,202,130
187,132,186,133,185,133,184,133,183,133,182,133,181,133,180,133,179,133,178,133,177,134,176,134,175,134,174,134,173,135,172,135,171,136,170,137,169,137,169,138,168,139,167,140,167,141,166,142,165,143,165,144,165,145,165,146,165,147,165,148,165,149,165,150,165,151,166,152,166,153,167,154,168,155,169,156,169,157,170,158,171,159,172,159,173,160,174,161,175,162,175,163,175,164,176,164,177,164,178,164,179,164,180,164,181,164,182,164,183,165,184,165,185,165,186,166,187,166,188,166,189,167,189,166,189,165,190,164,191,164,192,164,193,163,194,162,195,161,195,160,196,159,196,158,196,157,196,156,197,155,197,154,197,153,197,152,197,151,197,150,197,149,197,148,197,147,197,146,197,145,196,144,196,143,196,142,196,141,196,140,195,139,194,138,193,137,192,136,191,136,190,135,189,134,188,133
130,139,129,140,128,140,127,140,126,140,125,140,124,141,123,142,122,142,122,143,121,144,120,145,119,146,119,147,118,148,118,149,118,150,118,151,117,152,118,153,118,154,118,155,119,156,119,157,120,158,121,158,122,159,123,159,124,159,125,159,126,159,127,159,128,158,129,158,130,158,131,158,132,157,133,157,134,157,135,156,135,155,136,154,137,153,138,153,139,152,140,151,139,150,139,149,139,148,138,147,138,146,137,145,137,144,136,143,135,142,134,141,133,140,132,139,131,139
217,143,216,144,215,144,214,145,213,145,212,146,211,147,210,147,209,148,208,148,207,149,206,149,205,150,205,151,205,152,205,153,205,154,205,155,205,156,205,157,205,158,205,159,206,160,206,161,207,162,208,163,209,163,210,163,211,164,212,164,213,164,214,164,215,164,216,164,217,163,218,163,219,162,220,162,221,161,222,160,223,159,223,158,224,157,224,156,225,155,225,154,226,153,226,152,226,151,225,150,225,149,224,148,223,147,222,146,221,145,220,145,219,144,218,144
232,154,231,155,230,156,229,156,229,157,228,158,227,159,226,160,225,161,225,162,224,163,224,164,223,165,223,166,223,167,223,168,224,169,224,170,225,171,226,172,226,173,227,174,228,175,228,176,229,176,230,176,231,176,232,176,233,177,234,177,235,177,236,177,237,177,238,177,239,176,240,175,241,174,241,173,242,172,243,171,244,170,245,169,246,168,247,167,248,167,249,166,249,165,249,164,248,163,248,162,248,161,247,160,247,159,246,158,245,157,244,156,243,156,242,155,241,154,240,154,239,154,238,154,237,154,236,154,235,154,234,154,233,154
135,157,134,158,133,158,132,158,131,159,130,159,129,159,128,159,127,160,126,160,125,161,124,162,123,163,122,163,121,164,120,165,119,166,119,167,118,168,118,169,118,170,118,171,118,172,118,173,118,174,118,175,119,176,119,177,119,178,119,179,120,180,120,181,121,182,121,183,121,184,122,185,122,186,123,187,124,188,125,189,126,189,127,190,128,190,129,190,130,190,131,190,132,190,133,190,134,190,135,190,136,189,137,189,138,188,139,188,140,188,141,188,142,187,143,187,144,186,145,185,146,184,146,183,147,182,148,181,149,180,150,179,150,178,151,177,151,176,151,175,151,174,151,173,151,172,151,171,151,170,151,169,151,168,150,167,150,166,150,165,149,164,148,163,147,162,146,161,145,160,144,160,143,160,142,159,141,159,140,158,139,158,138,158,137,158,136,158
250,166,249,167,248,168,247,168,246,169,245,170,244,171,243,172,242,173,242,174,241,175,240,176,239,177,240,178,240,179,241,180,242,181,243,182,244,183,245,184,246,185,247,186,248,186,249,187,250,188,251,188,252,187,253,186,254,185,255,184,256,183,257,182,257,181,258,180,259,179,260,178,260,177,261,176,261,175,262,174,261,173,261,172,260,171,260,170,259,170,258,169,257,169,256,169,255,168,254,168,253,168,252,168,251,167
213,167,212,168,211,168,210,168,209,168,208,168,207,168,206,169,205,169,204,169,203,170,202,170,201,171,200,171,199,172,198,173,197,174,196,175,196,176,196,177,195,178,195,179,195,180,195,181,195,182,195,183,195,184,195,185,195,186,196,187,196,188,197,189,197,190,198,191,198,192,199,193,199,194,199,195,200,196,201,196,202,197,203,197,204,198,205,198,206,199,206,200,207,200,208,200,209,200,210,200,211,200,212,199,213,198,214,197,215,196,216,195,217,194,217,193,218,192,219,191,220,191,221,190,222,190,223,189,224,188,225,187,225,186,225,185,226,184,226,183,226,182,226,181,227,180,227,179,227,178,228,177,227,176,227,175,226,174,225,173,225,172,224,171,223,170,223,169,222,168,222,167,221,167,220,167,219,167,218,167,217,167,216,167,215,168,214,167
263,174,262,175,262,176,261,177,261,178,260,179,259,180,258,181,258,182,257,183,256,184,255,185,254,186,253,187,252,188,251,189,251,190,251,191,251,192,251,193,251,194,251,195,251,196,251,197,251,198,251,199,252,200,252,201,253,202,253,203,254,204,255,203,256,203,257,202,258,201,259,201,260,200,261,200,262,199,263,198,264,198,265,197,266,196,267,195,268,194,269,193,269,192,269,191,270,190,270,189,271,188,271,187,271,186,272,185,272,184,272,183,272,182,272,181,272,180,272,179,271,178,271,177,270,176,270,175,269,174,268,174,267,174,266,174,265,174,264,174
229,177,228,178,228,179,228,180,227,181,227,182,227,183,227,184,226,185,226,186,226,187,226,188,227,189,228,189,229,190,230,191,231,192,232,193,233,193,234,194,235,195,236,195,237,195,238,196,239,196,240,197,241,197,242,197,243,197,244,197,245,197,246,197,247,196,248,196,249,196,250,196,250,195,250,194,250,193,250,192,250,191,250,190,250,189,249,188,248,187,247,187,246,186,245,185,244,184,243,183,242,182,241,181,240,180,239,179,239,178,238,178,237,178,236,178,235,178,234,178,233,178,232,177,231,177,230,177
225,188,225,189,224,190,223,190,222,191,221,192,220,193,220,194,220,195,220,196,220,197,220,198,220,199,220,200,220,201,221,202,221,203,222,204,223,205,224,206,225,207,226,208,227,208,228,208,229,209,230,209,231,209,232,210,233,210,234,210,235,210,236,211,237,212,238,212,239,212,240,212,241,212,242,212,243,212,244,212,245,211,246,210,247,209,248,208,249,208,250,207,251,206,252,205,253,205,253,204,252,203,252,202,251,201,251,200,250,199,250,198,250,197,249,197,248,197,247,197,246,198,245,198,244,198,243,198,242,198,241,198,240,198,239,197,238,197,237,196,236,196,235,196,234,195,233,194,232,194,231,193,230,192,229,191,228,190,227,190,226,189
279,188,278,189,277,189,276,189,275,190,274,190,273,191,272,192,272,193,271,194,270,195,270,196,270,197,270,198,271,198,272,199,273,199,274,200,275,200,276,201,277,201,278,202,279,203,280,203,281,204,282,205,283,205,284,206,285,207,286,208,287,209,287,210,288,211,289,212,289,213,290,214,290,215,290,216,291,217,291,218,292,219,292,220,293,221,294,222,294,223,295,224,296,224,297,224,298,223,298,222,299,221,299,220,299,219,299,218,299,217,298,216,298,215,297,214,296,213,296,212,296,211,296,210,295,209,295,208,295,207,294,206,294,205,293,204,293,203,293,202,292,201,292,200,291,199,291,198,290,197,290,196,289,195,289,194,288,193,287,192,286,191,285,190,284,189,283,189,282,189,281,188,280,188
178,189,177,190,176,191,175,191,174,191,173,192,172,192,171,192,170,193,169,194,168,194,167,194,166,194,165,194,164,194,163,194,162,194,161,195,160,196,159,197,158,198,157,199,157,200,156,201,155,202,155,203,155,204,155,205,155,206,155,207,154,208,154,209,154,210,154,211,153,212,153,213,153,214,153,215,153,216,153,217,154,218,154,219,154,220,155,221,155,222,155,223,156,224,157,224,158,224,159,224,160,224,161,224,162,223,163,223,164,222,165,222,166,221,167,220,168,219,169,218,169,217,170,216,171,215,172,214,173,214,174,213,175,212,176,212,177,211,178,210,179,210,180,209,181,208,182,207,183,206,184,206,185,205,186,204,187,203,188,202,189,201,190,201,191,200,192,199,192,198,192,197,192,196,192,195,192,194,191,193,191,192,190,191,189,191,188,190,187,190,186,190,185,190,184,189,183,189,182,189,181,189,180,189,179,189
126,199,125,200,124,200,123,200,122,201,122,202,122,203,122,204,122,205,122,206,122,207,122,208,123,209,123,210,123,211,124,212,124,213,125,214,125,215,126,216,127,216,128,217,129,218,130,218,131,218,132,218,133,218,134,218,134,217,135,216,136,215,137,214,138,213,138,212,139,211,140,210,140,209,140,208,140,207,140,206,140,205,139,204,138,204,137,203,136,202,135,202,134,202,133,201,132,201,131,201,130,200,129,200,128,200,127,200
268,199,267,200,266,200,265,200,264,201,263,202,262,203,261,204,260,205,259,206,258,207,258,208,258,209,259,210,260,211,261,211,262,212,263,212,264,213,265,213,266,214,267,214,268,215,269,216,269,217,270,217,271,218,272,218,273,219,274,219,275,219,276,219,277,219,278,220,279,220,280,220,281,220,282,219,283,219,284,219,285,218,285,217,286,216,286,215,287,214,287,213,287,212,287,211,286,210,286,209,285,208,284,207,283,206,282,206,281,205,280,204,279,204,278,203,277,202,276,202,275,201,274,201,273,200,272,200,271,199,270,199,269,199
147,201,146,202,145,202,144,203,143,204,142,205,141,205,141,206,141,207,141,208,142,209,143,210,144,211,145,211,146,212,147,212,148,213,149,213,150,214,151,214,152,215,152,214,152,213,152,212,153,211,153,210,153,209,153,208,154,207,154,206,154,205,154,204,154,203,154,202,153,202,152,201,151,201,150,201,149,201,148,201
203,201,202,202,201,202,200,203,200,204,200,205,199,206,199,207,199,208,198,209,198,210,198,211,198,212,198,213,199,214,199,215,199,216,200,217,200,218,201,219,201,220,202,220,203,221,204,222,205,222,206,222,207,221,208,221,209,221,210,221,211,221,212,221,213,221,214,220,215,220,216,220,217,220,218,220,219,220,220,219,221,219,221,218,222,217,223,216,223,215,223,214,223,213,222,212,221,211,220,210,219,209,218,209,217,208,216,208,215,207,214,207,213,206,212,206,211,205,210,204,210,203,209,202,209,201,208,201,207,201,206,201,205,201,204,201
141,209,141,210,140,211,139,212,139,213,138,214,137,215,136,216,135,217,135,218,134,219,135,220,135,221,135,222,135,223,136,224,136,225,136,226,136,227,136,228,137,228,138,229,139,229,140,229,141,229,142,229,143,229,144,229,145,229,146,229,147,229,148,228,149,228,150,228,151,228,152,228,153,227,154,227,155,227,154,226,155,225,155,224,154,223,154,222,154,221,153,220,153,219,153,218,152,217,152,216,151,215,150,215,149,214,148,214,147,213,146,213,145,212,144,212,143,211,142,210
240,213,239,214,238,215,237,216,236,216,235,216,234,216,233,216,232,216,231,216,230,217,229,217,228,218,227,218,226,218,225,218,224,218,223,219,222,220,221,220,221,221,221,222,221,223,220,224,220,225,221,226,222,227,223,228,224,229,225,230,226,231,227,231,228,231,229,231,230,232,231,231,232,231,233,231,234,230,235,230,236,229,237,228,238,227,239,226,239,225,240,224,241,223,241,222,242,221,243,221,244,221,245,221,246,220,247,220,248,219,249,220,250,220,250,219,250,218,250,217,250,216,250,215,249,214,248,214,247,214,246,214,245,213,244,213,243,213,242,213,241,213
260,217,259,218,258,218,257,218,256,218,255,219,254,219,253,220,252,220,251,221,250,222,249,222,248,223,248,224,247,225,247,226,247,227,247,228,247,229,247,230,247,231,247,232,247,233,248,234,248,235,249,235,250,235,251,236,252,236,253,236,254,237,255,237,256,237,257,238,258,238,259,238,260,239,261,239,262,239,263,239,264,239,265,239,266,239,267,239,268,239,269,238,270,238,271,237,272,237,273,237,274,236,275,236,276,236,277,236,278,237,279,237,279,236,279,235,279,234,279,233,279,232,279,231,280,230,280,229,280,228,280,227,280,226,279,226,278,225,277,224,276,223,275,222,274,221,273,220,272,219,271,219,270,218,269,218,268,218,267,217,266,217,265,217,264,217,263,217,262,217,261,217
196,220,195,221,194,221,193,222,193,223,192,224,192,225,192,226,192,227,192,228,193,229,194,230,194,231,194,232,195,232,196,233,197,233,198,234,199,234,200,234,201,235,202,236,201,235,202,234,202,233,203,232,204,231,204,230,205,229,206,228,206,227,207,226,206,225,205,224,204,223,203,222,202,221,201,221,200,220,199,220,198,220,197,220
181,223,180,224,179,224,178,224,177,225,176,225,175,226,174,227,173,227,172,228,171,228,170,228,169,229,168,229,167,229,166,228,165,228,164,228,163,228,162,227,161,227,160,227,159,227,158,228,157,228,156,228,155,229,155,230,155,231,155,232,155,233,155,234,155,235,156,236,156,237,157,238,157,239,158,240,159,241,159,242,160,243,161,244,162,245,163,246,163,247,164,246,165,246,166,245,167,245,168,245,169,245,170,244,171,243,172,243,173,242,174,242,175,241,175,240,176,239,177,239,178,238,179,237,180,237,181,236,182,236,183,236,184,235,184,234,185,233,185,232,186,231,186,230,186,229,186,228,185,227,185,226,184,225,183,224,182,224
212,226,211,227,210,227,209,227,208,227,207,227,207,228,206,229,205,230,205,231,204,232,203,233,203,234,202,235,203,236,203,237,204,238,205,239,205,240,206,240,207,240,208,241,208,242,209,243,210,243,211,243,212,243,213,244,214,244,215,244,216,244,217,243,218,243,219,243,220,242,221,242,222,242,222,241,223,240,224,239,225,238,225,237,225,236,225,235,225,234,225,233,225,232,225,231,224,230,223,229,222,228,221,227,220,226,219,226,218,226,217,226,216,226,215,226,214,226,213,226
153,228,152,229,151,229,150,229,149,229,148,229,147,230,146,230,145,230,144,230,143,230,142,230,141,230,140,230,139,230,138,230,137,229,136,229,136,230,136,231,135,232,135,233,135,234,135,235,135,236,135,237,136,238,136,239,136,240,136,241,137,242,137,243,137,244,137,245,138,246,138,247,139,248,139,249,140,250,140,251,140,252,141,252,142,253,143,253,144,254,145,254,146,254,147,254,148,255,149,254,150,254,151,254,152,254,153,254,154,253,155,253,156,252,157,251,158,251,159,250,160,249,161,249,162,248,162,247,162,246,161,245,160,244,159,243,158,242,158,241,157,240,156,239,156,238,155,237,155,236,154,235,154,234,154,233,154,232,154,231,154,230,154,229,155,228,154,228
305,231,304,232,303,232,302,233,301,233,300,234,299,235,298,236,297,237,296,238,296,239,295,240,295,241,294,242,293,243,293,244,293,245,292,246,292,247,293,248,293,249,294,250,295,251,296,252,296,253,297,254,298,254,299,255,300,255,301,255,302,255,303,254,304,254,305,253,306,252,307,251,308,251,308,250,309,249,310,248,310,247,311,246,312,245,312,244,312,243,312,242,313,241,313,240,313,239,313,238,313,237,313,236,313,235,312,234,311,233,310,232,309,232,308,232,307,231,306,231
193,233,193,234,193,235,192,236,191,237,191,238,190,239,190,240,191,241,191,242,192,243,192,244,193,245,193,246,193,247,194,248,194,249,194,250,194,251,194,252,194,253,194,254,194,255,194,256,194,257,194,258,195,259,195,260,195,261,195,262,196,263,197,262,198,263,199,263,200,263,201,263,202,264,203,264,204,264,205,263,206,262,207,261,208,261,209,260,210,259,211,259,211,258,212,257,213,256,214,255,214,254,214,253,215,252,215,251,215,250,214,249,214,248,214,247,213,246,212,246,211,245,210,244,209,244,208,243,207,244,206,243,205,242,205,241,204,240,204,239,203,238,202,237,201,236,200,235,199,235,198,235,197,234,196,234,195,233,194,233
247,236,246,237,245,237,244,237,243,237,242,238,241,238,240,239,239,240,238,241,237,242,237,243,237,244,237,245,237,246,236,247,236,248,236,249,237,250,237,251,238,252,238,253,239,254,240,255,240,256,241,257,242,258,243,259,244,260,245,261,246,261,247,261,248,262,249,262,250,262,251,262,252,263,252,262,253,261,254,261,255,260,256,260,256,259,256,258,256,257,256,256,256,255,256,254,256,253,257,252,257,251,257,250,257,249,257,248,258,247,258,246,258,245,258,244,259,243,259,242,260,241,260,240,259,239,258,239,257,239,256,238,255,238,254,238,253,237,252,237,251,237,250,236,249,236,248,236
181,237,180,238,179,238,178,239,177,240,176,240,176,241,175,242,174,243,175,244,175,245,176,246,176,247,176,248,176,249,176,250,176,251,176,252,176,253,176,254,176,255,176,256,176,257,175,258,176,259,176,260,177,261,177,262,178,263,179,263,180,263,181,263,182,263,183,263,184,263,185,263,186,263,187,263,188,263,189,263,190,263,191,263,192,263,193,263,194,263,195,263,194,262,194,261,194,260,194,259,193,258,193,257,193,256,193,255,193,254,193,253,193,252,193,251,193,250,193,249,193,248,192,247,192,246,192,245,191,244,191,243,190,242,190,241,189,240,188,240,187,239,186,238,185,238,184,238,183,237,182,237
162,249,161,250,160,250,159,251,158,252,157,252,156,253,155,254,155,255,156,256,156,257,156,258,157,259,157,260,157,261,158,262,158,263,158,264,158,265,158,266,158,267,158,268,159,269,159,270,160,270,161,271,161,272,162,273,162,274,162,275,162,276,162,277,162,278,162,279,162,280,162,281,162,282,163,282,164,283,165,283,166,282,167,282,168,281,169,281,170,280,171,280,172,280,173,280,174,279,175,279,176,278,177,277,178,277,178,276,178,275,177,274,177,273,177,272,177,271,177,270,177,269,177,268,177,267,177,266,177,265,177,264,177,263,176,262,176,261,175,260,175,259,174,258,173,257,173,256,172,255,171,254,171,253,170,252,169,252,168,251,167,251,166,251,165,250,164,250,163,250
224,250,223,251,222,251,221,251,220,252,219,253,218,254,217,255,217,256,216,257,216,258,215,259,214,260,215,261,215,262,215,263,215,264,215,265,215,266,214,267,214,268,214,269,214,270,214,271,214,272,214,273,215,274,215,275,216,275,217,275,218,275,219,275,220,275,221,275,222,275,223,275,224,275,225,275,226,275,227,275,228,275,229,275,230,274,231,273,231,272,232,271,233,271,234,270,234,269,235,268,236,268,236,267,236,266,237,265,236,264,237,263,237,262,236,261,236,260,235,259,235,258,235,257,234,256,234,255,233,254,233,253,232,252,231,252,230,251,229,251,228,250,227,250,226,250,225,250
317,250,316,251,315,252,314,253,314,254,314,255,314,256,314,257,314,258,314,259,314,260,314,261,315,262,315,263,316,264,317,265,318,266,319,267,319,268,320,269,320,270,321,271,321,272,322,273,323,274,324,274,325,274,326,274,327,273,328,273,329,272,329,271,330,270,330,269,330,268,331,267,331,266,331,265,331,264,331,263,330,262,330,261,330,260,329,259,329,258,329,257,328,256,327,255,327,254,326,253,325,253,324,252,323,251,322,251,321,250,320,250,319,250,318,250
154,254,153,255,152,255,151,255,150,255,149,255,148,256,147,257,147,258,146,259,145,260,145,261,145,262,145,263,145,264,146,265,146,266,146,267,147,268,148,269,149,270,150,270,151,270,152,271,153,271,154,271,155,271,156,271,157,270,158,270,158,269,157,268,157,267,157,266,157,265,157,264,157,263,157,262,156,261,156,260,156,259,155,258,155,257,155,256,154,255
294,260,293,261,292,261,291,261,290,262,289,263,288,263,287,264,287,265,286,266,286,267,285,268,285,269,284,270,284,271,284,272,284,273,284,274,284,275,284,276,284,277,284,278,285,279,285,280,286,281,286,282,287,283,288,284,289,285,290,285,291,286,292,286,293,286,294,286,295,286,296,285,297,285,298,285,299,284,299,283,300,282,301,281,302,280,303,279,303,278,304,277,305,276,306,275,307,274,307,273,308,272,308,271,308,270,307,269,307,268,307,267,307,266,306,265,306,264,305,263,304,262,303,262,302,261,301,261,300,261,299,260,298,260,297,260,296,260,295,260
178,264,178,265,178,266,178,267,178,268,178,269,178,270,178,271,178,272,178,273,178,274,179,275,179,276,179,277,179,278,180,278,181,279,182,280,183,280,184,281,185,281,186,280,187,280,188,279,189,278,190,277,191,277,191,276,192,275,193,274,194,273,194,272,194,271,195,270,195,269,195,268,194,267,194,266,194,265,195,264,194,264,193,264,192,264,191,264,190,264,189,264,188,264,187,264,186,264,185,264,184,264,183,264,182,264,181,264,180,264,179,264
206,269,205,270,204,270,203,270,202,271,201,271,200,271,199,272,198,272,197,273,196,273,195,273,194,274,193,275,192,276,192,277,191,278,190,278,189,279,188,280,187,281,186,281,185,282,185,283,184,284,184,285,183,286,183,287,183,288,183,289,183,290,183,291,184,292,184,293,184,294,185,295,186,295,187,295,188,295,189,295,190,295,191,295,192,295,193,295,194,295,195,295,196,294,197,294,198,294,199,294,200,294,201,294,202,294,203,293,204,293,205,293,206,293,207,292,208,292,209,292,210,291,211,291,212,290,213,289,214,289,214,288,213,287,213,286,213,285,213,284,213,283,213,282,214,281,214,280,214,279,214,278,214,277,215,276,214,275,214,274,213,273,213,272,212,271,211,271,210,271,209,270,208,270,207,270
307,275,306,276,305,277,304,278,304,279,303,280,302,281,301,282,300,283,300,284,299,285,300,286,300,287,300,288,300,289,300,290,301,291,301,292,301,293,302,294,302,295,302,296,303,296,304,297,305,298,306,298,307,298,308,299,309,298,310,298,311,299,312,299,313,298,314,298,315,298,316,298,317,297,318,296,319,295,320,294,320,293,320,292,320,291,320,290,320,289,320,288,320,287,320,286,320,285,320,284,320,283,320,282,320,281,320,280,319,279,318,278,317,277,316,277,315,276,314,276,313,276,312,275,311,275,310,275,309,276,308,276
216,276,215,277,215,278,215,279,215,280,215,281,214,282,214,283,214,284,214,285,214,286,214,287,215,288,216,289,217,290,218,290,219,290,220,290,221,290,222,290,223,289,224,289,225,288,226,288,227,287,228,286,227,285,227,284,228,283,228,282,228,281,229,280,229,279,229,278,229,277,229,276,228,276,227,276,226,276,225,276,224,276,223,276,222,276,221,276,220,276,219,276,218,276,217,276
265,281,264,282,263,283,262,284,262,285,261,286,260,287,260,288,260,289,259,290,259,291,259,292,259,293,259,294,259,295,259,296,259,297,259,298,260,299,260,300,261,301,262,302,263,302,264,303,265,303,266,304,267,304,268,304,269,304,270,304,271,304,272,304,273,303,274,303,275,302,276,301,277,301,277,300,278,299,279,298,279,297,280,296,280,295,280,294,280,293,280,292,280,291,280,290,280,289,279,288,279,287,279,286,278,285,278,284,277,283,276,282,275,282,274,281,273,281,272,281,271,281,270,281,269,281,268,281,267,281,266,281
228,287,227,288,226,289,225,289,224,290,223,290,222,291,221,291,220,291,219,291,218,291,217,291,216,290,215,289,214,290,213,290,212,291,211,292,210,292,209,293,208,293,207,293,206,294,205,294,204,294,203,294,202,295,201,295,200,295,199,295,198,295,197,295,196,295,195,296,194,296,193,296,192,296,191,296,190,296,189,296,188,296,187,296,186,296,185,296,184,296,184,297,183,298,183,299,182,300,182,301,183,302,183,303,183,304,184,305,185,306,186,307,187,307,188,307,189,308,190,308,191,308,192,308,193,308,194,308,195,307,196,307,197,307,198,307,199,307,200,307,201,307,202,307,203,307,204,307,205,308,206,308,207,308,208,308,209,309,210,309,211,310,212,310,213,310,214,311,215,311,216,311,217,310,218,311,219,310,220,310,221,309,222,309,223,308,224,308,225,307,226,306,227,305,228,304,229,303,229,302,230,301,230,300,231,299,231,298,231,297,231,296,232,295,232,294,231,293,231,292,231,291,231,290,230,289,229,288
334,290,333,291,332,291,331,291,330,291,329,292,328,292,327,293,326,294,325,295,324,295,323,296,322,297,321,298,320,299,319,300,318,301,318,302,317,303,317,304,317,305,317,306,317,307,317,308,317,309,317,310,317,311,318,312,318,313,318,314,319,315,320,315,321,316,322,317,323,317,324,317,325,317,326,316,327,316,328,316,329,315,330,315,331,314,332,313,333,312,334,311,335,310,336,309,337,308,337,307,338,306,338,305,338,304,338,303,338,302,338,301,338,300,338,299,338,298,338,297,338,296,338,295,338,294,338,293,338,292,337,291,336,291,335,290
245,298,244,299,243,300,242,301,241,302,241,303,240,304,240,305,239,306,239,307,238,308,238,309,237,310,237,311,236,312,236,313,235,314,235,315,235,316,236,317,236,318,236,319,236,320,237,321,237,322,238,323,239,324,240,324,241,325,242,325,243,325,244,325,245,325,246,324,247,324,248,324,249,324,250,323,251,322,252,322,253,321,254,320,254,319,254,318,255,317,255,316,255,315,256,314,256,313,256,312,256,311,256,310,256,309,256,308,256,307,256,306,256,305,255,304,255,303,254,302,254,301,253,300,252,299,251,298,250,298,249,298,248,298,247,298,246,298
255,321,254,322,253,322,252,323,251,323,250,324,249,325,248,325,248,326,247,327,246,328,246,329,245,330,245,331,244,332,244,333,244,334,244,335,245,336,245,337,245,338,246,339,247,340,248,341,249,342,250,343,251,344,252,344,253,344,254,344,255,344,256,344,257,344,258,344,259,344,260,344,261,344,262,344,263,343,264,343,265,342,266,342,267,342,268,341,268,340,269,339,269,338,270,337,270,336,271,335,271,334,271,333,271,332,271,331,271,330,270,329,270,328,269,327,269,326,268,325,267,324,266,323,265,323,264,322,263,322,262,322,261,321,260,321,259,321,258,321,257,321,256,321
228,327,227,328,226,328,225,329,224,329,224,330,223,331,222,332,221,333,221,334,221,335,221,336,221,337,221,338,222,339,222,340,223,341,223,342,224,343,225,343,226,344,227,344,228,344,229,344,230,345,231,344,232,344,233,344,234,344,235,344,236,344,237,343,238,343,239,342,240,341,240,340,240,339,241,338,241,337,241,336,241,335,241,334,240,333,240,332,239,331,238,330,237,329,236,329,235,328,234,327,233,327,232,327,231,327,230,327,229,327
313,341,312,342,311,342,310,342,309,342,308,343,307,343,306,343,305,344,304,344,303,345,302,345,301,346,300,346,299,347,298,348,297,349,296,350,295,350,294,351,293,352,292,353,292,354,291,355,290,356,289,357,288,358,287,359,287,360,286,361,286,362,286,363,286,364,287,365,288,366,289,366,290,367,291,367,292,367,293,366,294,366,295,365,296,364,297,364,298,363,299,363,300,362,301,361,302,361,303,360,304,360,305,359,306,359,307,358,308,357,309,357,310,356,311,356,312,355,313,355,314,354,315,353,316,352,316,351,317,350,318,349,318,348,319,347,319,346,319,345,319,344,318,343,317,342,316,342,315,342,314,341
287,343,286,344,285,344,284,345,283,345,282,346,281,346,280,347,279,347,278,348,277,348,276,349,275,350,274,350,273,351,272,351,271,352,270,352,269,353,268,354,267,354,266,355,266,356,265,357,264,358,263,359,263,360,263,361,263,362,263,363,263,364,264,365,265,366,266,366,267,367,268,367,269,367,270,368,271,368,272,368,273,368,274,368,275,368,276,368,277,367,278,366,279,366,280,365,281,364,282,363,283,362,284,361,285,361,286,360,286,359,287,358,288,357,289,356,290,355,291,354,291,353,292,352,293,351,294,350,294,349,294,348,294,347,294,346,294,345,293,344,292,343,291,343,290,343,289,343,288,343
243,345,242,346,241,346,240,347,239,347,239,348,238,349,238,350,238,351,238,352,238,353,239,354,240,354,241,355,242,355,243,355,244,355,245,355,246,355,247,355,248,354,249,354,250,353,251,353,252,352,253,351,254,350,254,349,254,348,255,347,254,346,253,346,252,345,251,345,250,345,249,345,248,345,247,345,246,345,245,345,244,345
312,356,311,357,310,357,309,358,308,358,307,359,306,360,305,360,304,361,303,361,302,362,301,362,300,363,299,364,298,364,297,365,296,365,295,366,294,367,293,367,292,368,292,369,291,370,290,371,289,372,289,373,289,374,289,375,289,376,289,377,289,378,289,379,290,379,291,380,292,380,293,380,294,380,295,379,296,379,297,379,298,379,299,378,300,378,301,378,302,377,303,377,304,376,305,376,306,375,307,374,308,373,309,373,310,372,311,373,312,373,313,373,314,373,315,373,316,373,317,373,318,373,319,372,320,372,321,372,322,371,323,371,324,371,325,370,326,369,327,369,328,368,329,367,330,366,331,365,331,364,332,363,332,362,332,361,331,360,330,359,329,359,328,358,327,358,326,357,325,358,324,358,323,358,322,358,321,358,320,358,319,357,318,357,317,356,316,356,315,356,314,356,313,356
333,370,332,371,331,371,330,372,329,372,328,373,327,373,326,373,325,373,324,374,323,374,322,375,321,375,320,375,319,375,318,376,317,377,316,377,315,377,314,378,313,378,312,379,311,379,311,380,310,381,310,382,311,383,311,384,312,385,313,386,314,387,315,387,316,388,317,389,318,390,318,391,318,392,319,393,320,394,321,394,322,394,323,394,324,394,325,394,326,394,327,395,328,395,329,395,330,395,331,395,332,395,333,395,334,394,335,394,336,393,337,393,338,392,339,391,339,390,340,389,340,388,341,387,341,386,341,385,341,384,341,383,342,382,342,381,342,380,342,379,342,378,342,377,342,376,342,375,342,374,341,373,341,372,341,371,340,371,339,370,338,370,337,370,336,370,335,370,334,370
319,395,318,396,317,396,316,396,315,396,314,396,313,397,312,397,311,397,310,397,309,397,308,397,307,398,306,398,305,398,304,398,303,398,302,398,301,399,300,399,299,399,298,400,297,401,296,402,295,403,294,404,294,405,294,406,293,407,293,408,293,409,293,410,293,411,293,412,293,413,293,414,293,415,294,416,294,417,295,418,296,418,297,419,298,419,299,420,300,420,301,420,302,420,303,420,304,420,305,421,306,421,307,421,308,421,309,421,310,422,311,422,311,421,312,420,313,419,314,418,315,417,316,416,315,415,316,414,316,413,317,412,318,411,318,410,318,409,319,408,320,407,321,406,322,405,323,404,323,403,324,402,324,401,324,400,324,399,324,398,324,397,323,397,322,396,321,396,320,395
339,399,338,400,337,400,336,401,335,401,334,402,333,402,332,403,332,404,331,405,330,406,330,407,330,408,330,409,330,410,331,411,332,411,333,412,334,412,335,412,336,412,337,412,338,412,339,411,340,411,341,411,342,410,343,410,344,410,345,409,346,409,347,408,348,407,349,407,349,406,350,405,349,404,350,403,349,402,348,401,347,401,346,400,345,400,344,399,343,399,342,399,341,399,340,399
350,415,349,416,348,416,347,416,346,417,345,417,344,417,343,418,342,419,341,419,340,420,339,420,338,421,337,421,337,422,336,423,336,424,336,425,336,426,336,427,335,428,335,429,336,430,336,431,337,432,338,433,339,433,340,434,341,434,342,435,343,435,344,435,345,436,346,436,347,437,348,437,349,438,350,438,351,438,352,438,353,438,354,438,355,437,356,437,357,436,358,436,359,435,360,435,361,434,362,434,363,434,363,433,363,432,363,431,364,430,364,429,364,428,364,427,363,426,363,425,363,424,363,423,363,422,362,421,362,420,362,419,361,418,360,417,359,416,358,416,357,415,356,415,355,415,354,415,353,415,352,415,351,415
372,422,371,423,370,423,369,423,368,424,368,425,367,426,366,427,365,427,365,428,365,429,365,430,364,431,364,432,364,433,364,434,364,435,365,436,365,437,366,438,367,439,368,440,369,441,370,441,371,442,372,442,373,442,374,442,375,442,376,441,377,441,378,441,379,440,380,439,381,439,382,438,383,437,384,436,384,435,385,434,385,433,385,432,385,431,385,430,384,429,384,428,383,427,382,426,381,425,380,425,379,424,378,424,377,423,376,423,375,423,374,423,373,422
283,427,282,428,281,428,280,429,279,430,278,431,277,432,277,433,276,434,276,435,275,436,274,437,274,438,273,439,272,440,272,441,271,442,270,443,270,444,270,445,269,446,269,447,269,448,269,449,268,450,268,451,268,452,268,453,269,454,270,455,271,455,272,455,273,455,274,455,275,455,276,455,277,455,278,454,279,454,280,453,281,453,282,452,283,451,284,451,285,450,286,450,287,449,288,448,289,448,290,447,291,447,292,446,293,446,294,446,295,445,296,445,297,444,298,444,299,443,300,443,300,442,301,441,302,440,302,439,302,438,302,437,301,436,300,435,300,434,299,433,299,432,298,431,297,431,296,430,295,430,294,429,293,429,292,428,291,428,290,427,289,427,288,427,287,427,286,427,285,427,284,427
317,429,316,430,315,430,314,430,313,430,312,430,311,431,310,431,310,432,309,433,309,434,309,435,308,436,309,437,309,438,309,439,310,440,311,441,312,442,313,442,314,443,315,443,316,443,317,443,318,443,319,443,320,443,321,443,322,443,323,443,324,443,325,443,326,443,327,442,328,441,329,440,330,439,330,438,330,437,331,436,331,435,330,434,330,433,329,433,328,432,327,432,326,431,325,431,324,430,323,430,322,430,321,429,320,430,319,430,318,429
396,435,395,436,394,436,393,436,392,437,391,438,390,439,390,440,389,441,389,442,389,443,389,444,389,445,389,446,389,447,389,448,390,449,390,450,391,451,392,452,392,453,393,454,393,455,394,456,395,457,395,458,396,459,397,460,397,461,398,462,399,463,400,463,401,464,402,464,403,464,404,464,405,465,406,465,407,464,408,464,409,463,410,463,411,462,411,461,412,460,412,459,412,458,413,457,413,456,413,455,413,454,413,453,412,452,412,451,412,450,411,449,411,448,410,447,410,446,409,445,408,444,407,443,407,442,406,441,405,440,404,439,403,438,402,437,401,436,400,436,399,436,398,435,397,435
151,441,150,442,149,442,148,443,147,444,146,445,146,446,146,447,145,448,145,449,145,450,145,451,146,452,147,453,147,454,148,454,149,454,150,454,151,455,152,455,153,454,154,454,155,454,156,453,157,453,158,452,159,451,160,450,160,449,160,448,160,447,159,446,159,445,159,444,159,443,158,442,157,441,156,441,155,441,154,441,153,441,152,441
172,447,171,448,170,448,169,448,168,449,167,450,167,451,166,452,165,453,164,454,164,455,163,456,163,457,163,458,162,459,162,460,162,461,162,462,163,463,163,464,164,465,165,466,166,467,167,467,168,468,169,468,170,468,171,469,172,469,173,469,174,469,175,469,176,469,177,470,178,470,179,470,180,470,181,470,182,469,183,469,184,468,185,467,186,466,187,465,188,464,189,463,189,462,190,461,190,460,190,459,190,458,190,457,190,456,190,455,189,454,189,453,188,452,188,451,187,450,186,450,185,449,184,449,183,448,182,448,181,448,180,447,179,447,178,447,177,447,176,447,175,447,174,447,173,447
134,448,133,449,132,449,131,449,130,450,129,451,128,451,127,452,126,453,126,454,125,455,125,456,124,457,124,458,124,459,124,460,123,461,123,462,122,463,121,463,120,463,119,463,118,463,117,463,116,462,115,463,114,464,114,465,113,466,112,467,112,468,111,469,111,470,111,471,112,472,113,472,114,473,115,473,116,473,117,474,118,474,119,474,120,475,121,476,122,476,123,477,124,477,125,478,126,478,127,478,128,478,129,479,130,478,131,478,132,479,133,478,134,478,135,477,135,476,136,475,137,475,138,474,138,473,139,472,140,471,141,471,142,470,143,469,144,468,145,468,146,467,147,466,147,465,148,464,148,463,148,462,148,461,148,460,148,459,148,458,147,457,147,456,147,455,146,454,146,453,145,452,144,451,143,450,142,450,141,450,140,449,139,449,138,449,137,448,136,448,135,448
361,450,360,451,359,451,358,451,357,452,356,452,355,452,354,453,353,453,352,454,351,455,350,456,349,457,348,458,347,459,347,460,347,461,347,462,347,463,347,464,347,465,347,466,347,467,347,468,347,469,348,470,348,471,348,472,348,473,348,474,349,474,350,475,351,476,352,477,353,478,354,478,355,479,356,479,357,480,358,480,359,480,360,481,361,481,362,481,363,481,364,481,365,480,366,480,367,479,368,479,369,479,370,478,371,477,372,476,373,475,373,474,374,473,375,472,375,471,375,470,376,469,376,468,376,467,376,466,377,465,377,464,377,463,376,462,376,461,376,460,375,459,375,458,375,457,374,456,373,455,373,454,372,454,371,453,370,452,369,452,368,451,367,451,366,451,365,450,364,450,363,450,362,450
329,451,328,452,327,452,326,452,325,452,324,453,323,453,322,454,321,455,320,456,319,457,318,458,317,459,316,460,316,461,315,462,315,463,315,464,315,465,315,466,315,467,315,468,314,469,315,470,315,471,315,472,315,473,315,474,316,475,316,476,316,477,317,478,317,479,318,480,319,481,320,482,321,482,322,483,323,483,324,484,325,484,326,484,327,485,328,485,329,485,330,485,331,485,332,485,333,485,334,485,335,485,336,485,337,485,338,484,339,484,340,483,341,482,342,481,343,480,344,479,344,478,345,477,345,476,346,475,347,474,347,473,347,472,347,471,347,470,346,469,346,468,346,467,346,466,346,465,346,464,346,463,346,462,346,461,346,460,345,459,345,458,344,457,343,456,342,455,341,455,340,454,339,453,338,453,337,452,336,452,335,452,334,451,333,451,332,451,331,451,330,451
290,453,289,454,288,454,287,454,286,455,285,456,284,457,283,458,283,459,282,460,282,461,281,462,281,463,280,464,279,465,279,466,279,467,279,468,279,469,279,470,279,471,279,472,279,473,279,474,279,475,280,476,280,477,280,478,280,479,281,480,282,481,283,482,284,482,285,483,286,484,287,484,288,484,289,484,290,485,291,485,292,485,293,486,294,486,295,486,296,486,297,486,298,486,299,485,300,485,301,484,302,484,303,483,304,482,305,481,306,480,306,479,306,478,307,477,307,476,307,475,308,474,308,473,308,472,308,471,308,470,308,469,308,468,308,467,308,466,308,465,308,464,308,463,307,462,307,461,307,460,306,459,305,458,304,457,303,456,302,455,301,455,300,454,299,454,298,453,297,453,296,453,295,453,294,453,293,453,292,453,291,453
207,458,206,459,205,459,204,460,203,460,202,461,201,462,200,462,200,463,199,464,199,465,199,466,199,467,198,468,198,469,198,470,198,471,199,472,199,473,200,474,201,475,202,476,203,477,204,477,205,478,206,478,207,478,208,478,209,479,210,479,211,479,212,478,213,478,214,478,215,478,216,477,217,477,218,476,219,475,220,475,221,474,221,473,222,472,222,471,222,470,222,469,221,468,221,467,221,466,221,465,221,464,220,463,220,462,219,461,218,460,217,460,216,459,215,459,214,458,213,458,212,458,211,458,210,458,209,458,208,458
261,466,260,467,259,467,258,468,257,469,256,470,256,471,255,472,254,473,254,474,254,475,254,476,254,477,254,478,254,479,254,480,255,481,255,482,256,483,257,484,258,485,259,485,260,485,261,485,262,485,263,485,264,485,265,485,266,485,267,485,268,484,269,484,270,483,271,482,271,481,272,480,272,479,272,478,272,477,272,476,272,475,272,474,272,473,272,472,271,471,270,470,270,469,269,468,268,468,267,467,266,467,265,466,264,466,263,466,262,466
417,466,416,467,415,467,414,467,413,467,412,468,411,468,410,469,409,470,408,471,408,472,408,473,407,474,407,475,407,476,407,477,407,478,407,479,407,480,407,481,407,482,407,483,407,484,407,485,408,486,408,487,409,488,410,489,410,490,411,491,412,492,413,492,414,492,415,492,416,492,417,492,418,491,419,491,420,490,421,489,421,488,422,487,422,486,422,485,422,484,422,483,422,482,422,481,422,480,422,479,422,478,422,477,422,476,422,475,422,474,422,473,422,472,422,471,422,470,421,469,421,468,420,467,419,467,418,467
385,473,384,474,383,474,382,474,381,474,380,475,379,475,378,476,377,477,376,477,375,478,374,479,373,480,372,481,371,482,370,483,370,484,370,485,369,486,369,487,369,488,369,489,369,490,369,491,369,492,369,493,370,494,370,495,370,496,371,497,371,498,372,499,372,500,373,501,374,502,375,503,376,503,377,504,378,504,379,505,380,505,381,505,382,505,383,506,384,506,385,506,386,506,387,506,388,506,389,506,390,505,391,505,392,505,393,504,394,504,395,503,396,502,397,502,398,501,399,500,400,499,400,498,401,497,402,496,402,495,403,494,404,493,404,492,405,491,405,490,405,489,405,488,405,487,405,486,404,485,404,484,404,483,403,482,403,481,402,480,401,479,400,478,399,477,398,476,397,476,396,475,395,475,394,474,393,474,392,474,391,474,390,474,389,473,388,473,387,473,386,473
182,474,181,475,180,475,179,475,178,475,177,476,176,476,175,477,174,477,173,478,172,478,171,478,170,479,169,480,168,481,167,482,167,483,167,484,166,485,166,486,166,487,166,488,165,489,165,490,165,491,165,492,165,493,165,494,165,495,165,496,166,497,166,498,166,499,167,500,167,501,168,502,168,503,169,504,170,505,171,506,172,507,173,508,174,508,175,509,176,509,177,509,178,509,179,509,180,509,181,509,182,509,183,509,184,509,185,509,186,509,187,509,188,509,189,508,190,508,191,508,192,507,193,506,194,506,195,505,196,504,197,504,198,503,199,502,200,502,201,501,202,501,203,500,203,499,203,498,204,497,204,496,204,495,204,494,204,493,204,492,204,491,204,490,204,489,204,488,204,487,204,486,203,485,203,484,202,483,202,482,201,481,201,480,200,479,199,478,198,478,197,477,196,476,195,476,194,476,193,475,192,475,191,475,190,475,189,475,188,475,187,474,186,474,185,474,184,474,183,474
104,477,103,478,102,478,101,478,100,478,99,478,98,479,97,480,97,481,96,482,96,483,96,484,97,485,98,486,98,487,99,488,99,489,100,490,100,491,101,492,101,493,102,494,102,495,102,496,102,497,102,498,103,498,104,499,105,499,106,499,107,500,108,500,109,500,110,500,111,500,112,499,113,499,114,499,115,498,115,497,116,496,116,495,117,494,117,493,118,492,118,491,118,490,118,489,118,488,118,487,118,486,118,485,118,484,117,483,117,482,116,481,115,480,115,479,114,478,113,478,112,478,111,478,110,477,109,477,108,477,107,477,106,477,105,477
136,478,135,479,134,479,133,479,132,480,131,480,130,481,129,482,128,483,127,484,126,485,125,486,124,487,123,488,123,489,122,490,122,491,122,492,122,493,122,494,121,495,121,496,121,497,121,498,121,499,121,500,121,501,121,502,121,503,121,504,121,505,121,506,122,507,122,508,123,509,124,510,125,511,126,511,127,511,128,511,129,511,130,511,131,511,132,511,133,511,134,511,135,511,136,511,137,511,138,511,139,511,140,511,141,511,142,511,143,511,144,511,145,511,146,511,147,511,148,511,149,511,150,511,151,511,152,511,153,511,154,511,155,511,156,511,157,511,158,510,159,509,160,508,161,507,161,506,162,505,162,504,162,503,162,502,162,501,162,500,162,499,162,498,162,497,162,496,162,495,162,494,161,493,161,492,161,491,161,490,160,489,160,488,160,487,159,486,158,485,158,484,157,483,156,483,155,482,154,481,153,481,152,481,151,480,150,480,149,480,148,480,147,479,146,479,145,479,144,479,143,479,142,479,141,479,140,479,139,479,138,479,137,479
87,482,86,483,85,483,84,483,83,483,82,484,81,485,80,486,79,486,78,487,78,488,77,489,76,490,76,491,75,492,75,493,75,494,75,495,75,496,75,497,75,498,75,499,75,500,76,501,76,502,76,503,77,504,77,505,78,506,79,507,80,507,81,508,82,508,83,509,84,510,85,510,86,510,87,510,88,510,89,510,90,510,91,510,92,510,93,509,94,509,95,508,96,508,97,507,98,506,98,505,99,504,99,503,100,502,100,501,100,500,101,499,101,498,101,497,101,496,101,495,101,494,100,493,100,492,99,491,99,490,98,489,98,488,97,487,97,486,96,485,95,484,95,483,94,484,93,484,92,483,91,483,90,483,89,482,88,482
235,483,234,484,233,484,232,484,231,485,230,485,229,485,228,486,227,487,226,488,225,488,224,489,223,490,223,491,223,492,222,493,222,494,222,495,222,496,222,497,222,498,223,499,223,500,224,501,225,502,226,502,227,503,228,503,229,503,230,503,231,503,232,503,233,503,234,503,235,502,236,502,237,501,238,500,239,499,239,498,240,497,240,496,240,495,240,494,240,493,240,492,241,491,240,490,240,489,240,488,239,487,239,486,238,485,237,484,236,483
305,490,304,491,303,491,302,491,301,492,300,493,299,494,298,495,298,496,298,497,298,498,298,499,298,500,298,501,299,502,299,503,299,504,299,505,299,506,300,507,301,508,302,508,303,509,304,509,305,508,306,509,307,510,308,510,309,510,310,510,311,510,312,510,313,510,314,510,315,510,316,509,317,508,318,508,318,507,319,506,320,505,320,504,321,503,321,502,321,501,321,500,321,499,321,498,320,497,320,496,320,495,319,494,318,493,317,492,316,492,315,491,314,491,313,491,312,490,311,490,310,490,309,490,308,490,307,490,306,490
267,491,266,492,265,492,264,493,263,494,263,495,262,496,262,497,261,498,261,499,261,500,261,501,262,502,262,503,262,504,262,505,263,506,264,507,264,508,265,509,266,510,267,510,268,510,269,510,270,511,271,511,272,511,273,511,274,511,275,511,276,511,277,511,278,511,279,511,280,511,281,511,282,511,283,510,284,510,283,509,283,508,283,507,282,506,282,505,282,504,281,503,281,502,281,501,281,500,281,499,280,498,279,497,279,496,278,495,277,494,276,493,275,492,274,492,273,491,272,491,271,491,270,491,269,491,268,491
409,498,408,499,407,499,406,500,406,501,405,502,405,503,404,504,404,505,403,506,403,507,403,508,403,509,403,510,403,511,404,511,405,511,406,511,407,511,408,511,409,511,410,511,411,511,412,511,413,511,414,511,415,511,416,511,417,511,418,510,419,510,419,509,419,508,419,507,419,506,419,505,419,504,418,503,418,502,417,501,417,500,416,500,415,499,414,498,413,498,412,498,411,498,410,498
236,505,235,506,234,506,233,506,232,506,231,507,231,508,230,509,230,510,230,511,231,511,232,511,233,511,234,511,235,511,236,511,237,511,238,511,239,511,240,511,241,511,242,511,243,511,244,510,244,509,243,508,242,507,241,507,240,506,239,506,238,506,237,506
