420,52,419,53,418,54,417,55,417,56,416,57,415,58,415,59,414,60,415,61,415,62,415,63,416,64,417,65,418,65,419,65,420,65,421,66,422,66,423,66,424,66,425,66,426,65,427,64,428,63,428,62,429,61,429,60,430,59,430,58,429,57,429,56,428,55,428,54,427,54,426,53,425,53,424,52,423,52,422,52,421,52
53,64,52,65,51,65,50,66,49,67,48,68,47,69,46,70,45,71,45,72,45,73,45,74,45,75,45,76,46,77,46,78,47,79,48,80,49,81,50,82,51,83,52,83,53,84,54,84,55,84,56,84,57,84,58,84,59,83,60,83,61,82,62,81,63,80,63,79,63,78,64,77,64,76,64,75,64,74,64,73,63,72,63,71,63,70,62,69,62,68,61,67,60,67,59,66,58,65,58,64,57,64,56,64,55,64,54,64
161,90,160,91,159,91,158,91,157,92,156,92,155,93,154,94,153,95,153,96,153,97,153,98,153,99,154,100,154,101,155,101,156,102,157,102,158,103,159,104,160,104,161,105,162,105,163,106,164,106,165,107,166,107,167,107,168,107,169,107,170,107,171,107,172,107,173,107,174,107,175,106,176,106,177,105,178,104,179,103,179,102,180,101,179,100,179,99,179,98,178,97,178,96,177,95,176,94,175,93,174,93,173,93,172,92,171,92,170,92,169,91,168,91,167,91,166,91,165,91,164,90,163,90,162,90
136,93,135,94,134,94,133,94,132,95,131,96,130,96,129,97,128,98,128,99,128,100,127,101,127,102,127,103,126,104,126,105,126,106,126,107,126,108,126,109,125,110,125,111,125,112,125,113,124,114,124,115,125,116,125,117,125,118,126,119,127,120,127,121,128,122,129,123,129,124,130,125,131,126,132,126,133,126,134,126,135,127,136,127,137,127,138,127,139,127,140,127,141,127,142,126,143,126,144,125,145,125,146,124,147,123,148,122,148,121,148,120,149,119,149,118,150,117,150,116,150,115,151,114,151,113,152,112,153,111,153,110,153,109,153,108,153,107,153,106,153,105,153,104,153,103,153,102,153,101,153,100,152,99,152,98,151,97,150,96,149,95,148,95,147,94,146,94,145,94,144,93,143,93,142,93,141,93,140,93,139,93,138,93,137,93
188,102,187,103,186,103,185,103,184,104,184,105,183,106,183,107,182,108,182,109,182,110,182,111,182,112,182,113,182,114,182,115,183,116,183,117,183,118,184,119,185,120,185,121,186,122,187,123,188,123,189,124,190,124,191,124,192,125,193,125,194,125,195,125,196,125,197,125,198,125,199,126,200,126,201,125,202,125,203,125,204,125,205,125,206,125,207,125,208,125,209,124,210,124,211,123,212,122,212,121,212,120,213,119,213,118,213,117,213,116,213,115,213,114,213,113,212,112,212,111,212,110,211,109,210,108,209,107,208,106,207,105,206,105,205,104,204,104,203,104,202,103,201,103,200,102,199,102,198,102,197,102,196,102,195,102,194,102,193,102,192,102,191,102,190,102,189,102
119,114,118,115,117,116,117,117,116,118,115,119,114,119,113,120,112,120,111,121,110,122,109,122,108,123,107,124,106,124,105,125,105,126,105,127,104,128,104,129,104,130,104,131,104,132,104,133,104,134,104,135,104,136,105,137,105,138,105,139,105,140,106,141,107,142,107,143,108,144,109,145,110,146,111,146,112,147,113,147,114,147,115,147,116,148,117,147,118,146,119,145,119,144,120,143,121,142,122,141,123,140,124,139,125,138,126,137,127,136,128,135,128,134,128,133,128,132,129,131,129,130,129,129,129,128,129,127,130,126,129,125,128,124,128,123,127,122,126,121,126,120,125,119,124,118,124,117,124,116,123,115,122,115,121,115,120,114
224,119,223,120,222,120,221,121,220,121,219,122,218,122,217,123,216,124,216,125,215,126,215,127,214,128,213,129,213,130,212,131,211,132,211,133,210,134,209,135,209,136,208,137,208,138,207,139,207,140,207,141,207,142,208,143,208,144,209,145,209,146,210,147,211,147,212,148,213,148,214,148,215,148,216,147,217,147,218,146,219,146,220,146,221,145,222,144,223,144,224,143,225,143,226,142,227,142,228,142,229,141,230,141,231,141,232,140,233,140,234,139,235,138,236,138,237,137,238,136,238,135,238,134,238,133,238,132,238,131,238,130,238,129,238,128,238,127,238,126,237,125,236,124,235,123,234,122,233,121,232,120,231,120,230,119,229,119,228,119,227,119,226,119,225,119
240,125,239,126,239,127,239,128,239,129,239,130,239,131,239,132,239,133,239,134,239,135,239,136,240,135,241,136,241,137,242,137,243,138,244,139,245,139,246,138,247,138,247,137,248,136,249,135,249,134,250,133,250,132,249,131,249,130,249,129,249,128,248,127,247,126,246,126,245,125,244,125,243,125,242,125,241,125
175,130,174,131,173,131,172,131,171,132,170,132,169,133,168,134,167,135,167,136,166,137,166,138,165,139,165,140,165,141,165,142,165,143,165,144,165,145,165,146,165,147,165,148,164,149,164,150,165,151,166,152,167,153,168,154,169,154,170,155,171,156,172,156,173,157,174,158,175,159,176,159,177,160,178,160,179,161,180,161,181,161,182,160,183,159,184,158,185,158,186,158,187,157,188,157,189,157,190,157,191,157,192,157,193,157,194,157,195,156,196,156,197,156,198,155,199,155,200,154,201,153,201,152,202,151,202,150,203,149,203,148,204,147,204,146,204,145,204,144,204,143,204,142,204,141,204,140,204,139,204,138,203,137,203,136,202,136,201,135,200,135,199,134,198,134,197,133,196,133,195,133,194,132,193,132,192,131,191,131,190,131,189,131,188,131,187,131,186,131,185,130,184,130,183,130,182,130,181,130,180,130,179,130,178,130,177,130,176,130
129,135,128,136,127,137,126,138,125,139,124,140,123,141,122,142,121,143,120,144,120,145,119,146,118,147,117,148,118,149,118,150,118,151,118,152,119,153,120,154,121,155,122,156,123,156,124,157,125,158,126,159,127,159,128,159,129,159,130,159,131,159,132,159,133,158,134,158,135,157,136,157,137,157,138,156,139,156,140,155,141,155,142,154,143,154,144,153,145,152,145,151,145,150,146,149,146,148,146,147,146,146,146,145,146,144,146,143,146,142,145,141,144,140,143,139,143,138,142,138,141,137,140,137,139,136,138,136,137,136,136,136,135,136,134,136,133,136,132,136,131,136,130,136
103,147,102,148,101,148,100,149,100,150,99,151,98,152,99,153,99,154,100,155,100,156,101,156,102,157,103,157,104,157,105,157,106,157,107,156,108,155,109,154,109,153,109,152,109,151,108,150,108,149,107,148,106,148,105,147,104,147
227,149,226,150,225,150,224,150,223,151,222,151,221,151,220,151,219,152,218,152,217,153,216,153,215,154,214,154,213,155,212,156,211,157,211,158,211,159,211,160,211,161,211,162,211,163,211,164,211,165,211,166,211,167,212,168,212,169,213,170,214,171,214,172,215,172,216,173,217,173,218,174,219,174,220,175,221,175,222,176,223,176,224,176,225,176,225,175,226,174,227,174,228,173,229,172,230,171,231,170,232,169,233,168,233,167,234,166,235,165,236,164,237,163,238,164,239,164,239,163,239,162,238,161,238,160,237,159,237,158,237,157,236,156,236,155,235,154,235,153,235,152,234,151,233,151,232,150,231,150,230,149,229,149,228,150
267,151,266,152,265,152,264,153,263,154,263,155,262,156,262,157,262,158,262,159,262,160,262,161,262,162,261,163,261,164,262,165,262,166,262,167,262,168,262,169,263,170,263,171,263,172,263,173,263,174,264,175,264,176,263,177,263,178,263,179,263,180,263,181,263,182,262,183,262,184,261,185,261,186,260,187,260,188,261,189,262,189,263,190,264,190,265,190,266,190,267,191,268,191,269,190,270,189,271,188,272,187,273,186,274,185,275,184,276,183,276,182,276,181,277,180,278,179,278,178,278,177,279,176,279,175,279,174,280,173,280,172,280,171,280,170,280,169,280,168,280,167,280,166,280,165,280,164,280,163,279,162,279,161,279,160,278,159,278,158,277,157,277,156,276,155,276,154,275,153,274,153,273,152,272,152,271,151,270,151,269,151,268,151
118,153,117,154,116,154,115,154,114,154,113,155,112,155,111,156,111,157,111,158,110,159,110,160,110,161,110,162,110,163,110,164,110,165,110,166,110,167,110,168,111,169,111,170,111,171,112,172,113,173,114,174,115,174,116,174,117,175,118,174,119,174,120,174,121,173,122,172,123,172,123,171,124,170,124,169,125,168,125,167,125,166,125,165,125,164,125,163,126,162,126,161,126,160,125,159,124,158,123,157,122,157,121,156,120,155,119,154
204,156,203,157,202,157,201,158,200,159,199,159,199,160,198,161,198,162,198,163,198,164,197,165,197,166,198,167,199,167,200,168,201,169,202,169,203,170,204,170,205,170,206,169,207,169,208,168,209,167,210,166,210,165,210,164,210,163,210,162,210,161,210,160,210,159,210,158,210,157,209,157,208,157,207,157,206,156,205,156
143,158,142,159,141,159,140,159,139,159,138,160,137,160,136,161,135,161,134,162,133,163,132,164,131,165,130,166,130,167,129,168,129,169,129,170,129,171,129,172,129,173,129,174,129,175,129,176,130,177,131,178,132,179,133,179,134,180,135,180,136,181,137,181,138,182,139,181,140,181,141,181,142,181,143,181,144,181,145,181,146,181,147,180,148,180,149,179,150,179,151,178,151,177,152,176,153,175,153,174,154,173,154,172,155,171,155,170,155,169,155,168,155,167,155,166,155,165,155,164,154,163,153,162,153,161,152,160,151,159,150,159,149,158,148,158,147,158,146,158,145,158,144,158
246,162,245,163,244,164,243,164,242,164,241,164,240,164,240,165,239,166,239,167,238,168,238,169,238,170,238,171,237,172,237,173,236,174,236,175,235,176,235,177,236,178,236,179,236,180,236,181,236,182,237,183,238,184,239,185,239,186,240,187,241,187,242,188,243,188,244,188,245,189,246,190,247,190,248,190,249,189,250,189,251,189,252,189,253,188,254,188,255,188,256,188,257,188,258,188,259,187,260,186,260,185,261,184,261,183,262,182,262,181,262,180,262,179,262,178,262,177,263,176,263,175,262,174,262,173,262,172,262,171,262,170,261,169,261,168,261,167,261,166,261,165,260,164,260,163,259,163,258,163,257,162,256,162,255,162,254,162,253,162,252,162,251,162,250,162,249,163,248,163,247,162
195,167,194,168,193,168,192,169,191,170,190,170,189,171,188,172,187,173,186,173,185,174,184,175,184,176,184,177,184,178,184,179,184,180,184,181,184,182,184,183,184,184,184,185,184,186,184,187,184,188,185,189,186,190,187,191,188,192,188,193,189,194,189,195,190,196,191,197,192,198,192,199,193,200,194,201,195,202,195,203,196,203,197,203,198,203,199,203,200,203,201,202,202,202,203,201,204,200,205,200,206,199,206,198,206,197,206,196,207,195,207,194,207,193,207,192,207,191,207,190,207,189,207,188,207,187,207,186,207,185,207,184,207,183,207,182,207,181,207,180,207,179,206,178,206,177,206,176,205,175,205,174,205,173,205,172,205,171,204,171,203,171,202,170,201,170,200,169,199,168,198,168,197,167,196,167
212,173,211,174,210,174,209,175,208,176,208,177,207,178,208,179,208,180,208,181,208,182,208,183,208,184,208,185,208,186,208,187,209,187,210,188,211,189,211,190,212,190,213,191,214,190,215,189,216,188,217,187,218,186,218,185,219,184,220,183,220,182,220,181,221,180,221,179,221,178,221,177,221,176,220,176,219,175,218,175,217,174,216,174,215,173,214,173,213,173
223,177,223,178,222,179,222,180,221,181,221,182,221,183,220,184,219,185,219,186,218,187,217,188,216,189,215,190,214,191,214,192,214,193,215,194,215,195,216,196,216,197,217,198,217,199,218,200,218,201,219,202,219,203,219,204,219,205,219,206,219,207,220,206,221,206,222,207,223,208,223,209,223,210,223,211,224,210,225,209,226,208,227,208,228,207,229,206,230,206,231,206,232,205,233,204,234,203,235,202,236,201,237,200,237,199,238,198,239,197,239,196,239,195,239,194,239,193,239,192,240,191,240,190,240,189,239,188,239,187,238,186,238,185,237,184,236,183,235,182,234,182,233,181,232,181,231,180,230,180,229,180,228,180,227,179,226,178,225,177,224,177
135,183,134,184,133,184,132,184,131,185,130,185,129,185,129,186,128,187,127,188,126,189,126,190,125,191,125,192,125,193,124,194,124,195,124,196,124,197,124,198,124,199,124,200,125,201,125,202,126,203,126,204,126,205,127,206,127,207,128,208,128,209,129,210,129,211,130,212,131,213,131,214,132,215,133,215,134,216,135,216,136,217,137,217,138,217,139,217,140,217,141,217,142,217,143,218,143,217,144,216,144,215,144,214,144,213,144,212,145,211,145,210,145,209,145,208,145,207,146,206,146,205,146,204,147,203,147,202,148,201,148,200,149,199,149,198,150,197,150,196,151,195,152,194,153,193,153,192,153,191,152,190,151,190,150,190,149,189,148,188,147,188,146,187,145,186,144,186,143,186,142,185,141,185,140,185,139,185,138,185,137,184,136,184
277,183,276,184,275,185,274,186,273,187,272,188,271,189,271,190,270,191,269,191,268,192,268,193,269,194,269,195,269,196,268,197,268,198,268,199,269,200,269,201,269,202,269,203,270,204,271,205,272,204,273,203,274,203,275,202,276,202,277,202,278,202,279,201,280,201,281,201,282,201,283,201,283,200,284,199,285,199,286,198,287,197,288,196,289,195,290,194,290,193,291,192,292,191,293,190,293,189,293,188,293,187,293,186,292,186,291,186,290,185,289,185,288,185,287,185,286,185,285,185,284,185,283,185,282,184,281,184,280,184,279,183,278,184
175,187,174,188,173,188,172,188,171,189,170,190,169,191,168,192,168,193,167,194,167,195,166,196,166,197,166,198,166,199,166,200,166,201,167,202,167,203,168,204,168,205,169,206,169,207,170,208,170,209,171,210,171,211,171,212,172,213,173,213,174,213,175,212,175,211,176,210,177,210,178,209,179,208,180,207,181,207,182,206,183,206,183,205,184,204,185,204,185,203,186,202,186,201,187,200,187,199,187,198,188,197,188,196,188,195,188,194,187,193,187,192,186,191,185,190,184,189,183,188,182,188,181,188,180,188,179,187,178,187,177,187,176,187
259,188,258,189,257,189,256,189,255,189,254,189,253,189,252,190,251,190,250,190,249,190,248,191,247,191,246,191,247,192,246,193,245,193,244,194,243,195,242,196,242,197,242,198,242,199,242,200,242,201,243,202,243,203,244,204,245,205,246,206,247,207,248,207,249,208,250,208,251,209,252,209,253,209,254,209,255,210,256,211,257,212,258,213,259,213,260,213,261,214,262,214,263,214,264,213,265,213,265,212,265,211,266,210,267,209,268,209,268,208,269,207,270,208,270,207,270,206,270,205,269,204,268,203,268,202,268,201,268,200,267,199,267,198,267,197,268,196,268,195,268,194,267,193,267,192,266,191,265,191,264,191,263,191,262,190,261,190,260,189
299,189,298,190,297,191,296,192,296,193,295,194,295,195,294,196,294,197,294,198,294,199,294,200,293,201,293,202,293,203,294,204,294,205,294,206,295,207,295,208,295,209,296,210,296,211,296,212,296,213,296,214,297,215,297,216,298,216,299,216,300,215,301,215,302,214,303,213,304,212,304,211,305,210,305,209,306,208,307,207,308,206,308,205,309,204,309,203,309,202,308,201,309,200,308,199,308,198,308,197,308,196,307,195,307,194,307,193,306,192,305,191,304,190,303,189,302,189,301,189,300,189
279,202,278,203,277,203,276,203,275,203,274,204,273,204,272,205,272,206,271,207,271,208,271,209,271,210,271,211,272,212,272,213,273,214,274,215,275,215,276,216,277,217,278,217,279,218,280,219,281,220,282,220,283,221,284,220,285,220,286,220,287,220,288,220,289,220,290,219,291,219,292,219,293,218,294,217,295,216,296,216,296,215,295,214,295,213,295,212,295,211,295,210,294,209,294,208,294,207,293,206,293,205,293,204,292,204,291,203,290,203,289,202,288,202,287,202,286,202,285,202,284,202,283,202,282,202,281,202,280,202
194,208,194,209,193,210,192,209,191,209,190,210,189,210,188,210,187,210,186,211,185,211,184,211,183,211,182,212,181,212,180,212,179,213,178,213,177,213,176,213,175,213,174,214,174,215,174,216,174,217,174,218,174,219,174,220,174,221,174,222,174,223,175,224,175,225,175,226,176,227,176,228,177,229,178,230,179,229,180,230,181,230,182,230,183,230,184,230,185,230,186,229,187,229,188,229,189,229,190,229,191,229,192,229,193,229,193,228,193,227,194,226,195,226,196,226,197,225,198,224,199,224,200,223,201,223,202,222,202,221,202,220,201,219,201,218,201,217,201,216,200,215,200,214,199,213,199,212,198,211,197,210,196,209,195,208
119,213,118,214,117,214,116,215,115,216,114,217,114,218,114,219,114,220,114,221,114,222,115,223,115,224,116,225,116,226,117,227,117,228,118,229,119,230,120,230,121,230,122,231,123,231,124,230,125,230,126,229,127,229,128,228,129,227,129,226,130,225,130,224,130,223,130,222,130,221,130,220,130,219,129,218,129,217,129,216,128,215,127,215,126,214,125,214,124,213,123,213,122,213,121,213,120,213
264,214,263,215,262,215,261,216,261,217,260,218,259,219,259,220,259,221,259,222,259,223,259,224,260,225,260,226,261,227,262,228,263,229,264,229,265,230,266,231,267,230,268,231,269,231,270,231,271,231,272,232,273,232,274,232,275,232,276,232,277,233,278,233,279,233,280,234,280,233,281,232,281,231,282,230,283,230,284,229,285,229,286,229,285,229,284,228,283,227,283,226,284,225,283,224,283,223,283,222,282,221,281,221,280,220,279,219,278,218,277,218,276,217,275,217,274,216,273,215,272,214,271,214,270,214,269,214,268,214,267,214,266,214,265,214
154,216,153,217,152,217,151,217,150,217,149,217,148,217,147,217,146,218,145,218,144,218,143,219,143,220,142,221,142,222,142,223,141,224,141,225,141,226,141,227,141,228,141,229,141,230,141,231,142,232,142,233,142,234,143,235,143,236,143,237,144,237,145,237,146,237,147,237,148,237,149,238,150,238,151,238,152,237,153,236,154,236,155,235,156,234,157,233,157,232,158,231,159,230,160,229,160,228,161,227,161,226,161,225,162,224,162,223,161,222,161,221,161,220,160,219,160,218,160,217,159,217,158,217,157,217,156,216,155,216
223,216,222,217,221,218,220,218,219,219,219,220,218,221,218,222,217,223,217,224,217,225,218,226,218,227,219,228,220,229,220,230,221,231,221,232,221,233,222,234,222,235,223,236,224,237,225,238,225,239,226,239,227,240,228,240,229,240,230,240,231,239,232,238,233,238,234,237,235,236,235,235,236,234,236,233,237,232,237,231,237,230,237,229,237,228,236,227,236,226,236,225,236,224,236,223,236,222,236,221,236,220,235,219,235,218,234,218,233,218,232,217,231,217,230,217,229,217,228,216,227,216,226,216,225,216,224,216
311,217,310,218,309,218,308,219,307,220,306,221,305,222,304,223,304,224,304,225,303,226,302,227,301,227,301,228,301,229,300,230,299,231,298,232,297,233,296,234,295,234,294,234,294,235,294,236,294,237,294,238,295,239,294,240,294,241,294,242,293,243,292,244,292,245,291,246,291,247,290,248,291,249,291,250,291,251,292,252,292,253,293,254,294,254,295,253,296,252,297,251,298,250,299,249,300,248,301,247,302,246,303,245,304,244,305,244,306,243,307,242,308,241,309,241,310,240,311,240,312,239,313,239,313,238,313,237,314,236,315,235,315,234,316,233,316,232,317,231,317,230,317,229,317,228,317,227,318,226,317,225,318,224,317,223,317,222,317,221,317,220,316,219,316,218,315,218,314,218,313,217,312,217
202,227,201,228,200,228,199,229,199,230,199,231,198,232,198,233,198,234,199,235,199,236,199,237,200,238,200,239,200,240,201,241,201,242,202,243,202,244,202,245,203,246,203,247,203,248,204,249,204,250,204,251,204,252,204,253,204,254,205,255,206,256,207,257,207,258,208,258,209,258,210,258,211,259,212,260,212,261,213,260,214,259,215,259,216,258,217,257,218,256,219,255,220,254,220,253,221,252,221,251,222,250,222,249,223,248,223,247,223,246,223,245,223,244,223,243,223,242,222,241,222,240,221,239,220,238,220,237,219,236,218,236,217,235,216,234,215,233,214,232,213,231,212,231,211,230,210,229,209,228,208,228,207,227,206,227,205,227,204,227,203,227
186,230,185,231,184,231,183,231,182,231,181,231,180,232,179,233,178,233,177,234,177,235,177,236,177,237,176,238,176,239,177,240,177,241,177,242,178,243,179,244,179,245,180,246,180,247,181,248,181,249,182,250,182,251,183,252,183,253,183,254,184,255,184,256,185,257,185,258,186,258,187,258,188,259,189,259,190,259,191,260,192,260,193,260,194,261,195,261,196,261,197,261,198,260,199,260,199,259,200,258,201,258,202,257,203,257,203,256,204,255,203,254,203,253,203,252,203,251,203,250,203,249,202,248,202,247,202,246,201,245,201,244,201,243,200,242,200,241,199,240,199,239,199,238,198,237,198,236,198,235,197,234,197,233,197,232,196,232,195,232,194,231,194,230,193,230,192,230,191,230,190,230,189,230,188,230,187,230
257,232,256,233,255,233,254,234,253,234,252,235,251,236,251,237,251,238,251,239,251,240,251,241,252,242,252,243,253,244,253,245,254,246,255,247,256,248,257,248,258,249,259,249,260,250,261,250,262,250,263,251,264,251,265,251,266,251,267,251,268,251,269,250,270,250,271,250,272,250,273,249,274,249,275,249,276,248,277,247,277,246,277,245,278,244,279,243,279,242,280,241,280,240,280,239,280,238,280,237,280,236,279,235,279,234,278,234,277,234,276,233,275,233,274,233,273,233,272,233,271,232,270,232,269,232,268,232,267,232,266,232,265,232,264,232,263,232,262,232,261,233,260,233,259,233,258,232
150,239,151,240,152,241,152,242,153,243,154,244,154,245,155,246,156,247,156,248,157,249,157,250,157,251,157,252,158,253,158,254,158,255,158,256,159,257,159,258,160,258,161,259,162,259,163,259,164,259,165,259,166,260,167,260,168,260,169,260,170,260,171,261,172,261,173,261,174,261,175,261,176,261,177,261,178,261,179,260,180,260,181,259,182,259,183,259,184,258,184,257,183,256,183,255,182,254,182,253,182,252,181,251,181,250,180,249,180,248,179,247,179,246,178,245,178,244,177,243,176,242,176,241,176,240,175,239,174,240,173,240,172,240,171,240,170,240,169,240,168,240,167,241,166,241,165,241,164,241,163,241,162,241,161,242,160,242,159,242,158,242,157,242,156,242,155,242,154,242,153,242,152,241,151,240
314,239,313,240,312,240,311,241,310,241,309,242,308,242,307,243,306,244,305,245,304,245,303,246,302,247,301,248,300,249,299,250,298,251,297,252,296,253,295,254,294,255,295,256,294,257,294,258,294,259,294,260,294,261,293,262,293,263,293,264,293,265,294,266,294,267,295,267,296,268,297,268,298,268,299,268,300,267,301,267,302,266,303,265,304,265,305,264,306,263,307,262,308,262,309,261,309,260,310,259,311,258,312,257,312,256,313,255,313,254,314,253,315,252,315,251,316,250,316,249,316,248,317,247,317,246,318,245,318,244,318,243,318,242,317,241,316,240,315,240
334,242,333,243,332,243,331,244,330,244,329,245,328,246,328,247,327,248,327,249,326,250,325,251,325,252,325,253,324,254,324,255,324,256,324,257,324,258,325,259,325,260,326,260,327,261,328,262,329,263,330,263,331,263,332,263,333,263,334,264,335,264,336,264,337,264,338,264,339,263,340,263,341,262,342,262,343,261,344,260,345,260,346,259,346,258,347,257,347,256,348,255,348,254,348,253,348,252,348,251,348,250,347,249,347,248,346,247,345,246,344,245,343,244,342,244,341,243,340,243,339,242,338,242,337,242,336,242,335,242
248,252,247,253,246,253,245,253,244,254,243,255,242,256,241,257,240,258,240,259,240,260,239,261,239,262,239,263,239,264,239,265,240,266,240,267,240,268,240,269,241,270,242,271,243,272,244,272,245,273,246,273,247,273,248,273,249,273,250,273,251,273,252,272,253,272,254,272,255,272,256,272,257,271,258,270,259,269,259,268,260,267,260,266,260,265,260,264,260,263,260,262,260,261,260,260,260,259,260,258,260,257,260,256,260,255,259,255,258,254,257,254,256,253,255,253,254,253,253,252,252,252,251,252,250,252,249,252
224,257,223,258,222,259,221,259,220,260,219,261,218,262,217,263,217,264,216,265,215,266,215,267,215,268,215,269,215,270,215,271,215,272,215,273,214,274,215,275,216,276,217,277,218,278,219,279,220,280,221,280,222,281,223,281,224,282,225,282,226,282,227,282,228,282,229,281,230,281,231,281,232,281,233,280,234,280,235,279,235,278,236,277,237,276,238,275,238,274,239,273,239,272,239,271,240,270,239,269,239,268,239,267,239,266,238,265,238,264,238,263,238,262,237,261,236,260,235,259,234,259,233,258,232,258,231,258,230,257,229,257,228,257,227,257,226,257,225,257
184,259,183,260,182,260,181,260,180,261,179,261,178,262,177,262,177,263,177,264,177,265,177,266,177,267,177,268,176,269,176,270,175,271,175,272,174,273,174,274,175,275,176,276,177,277,178,278,179,278,180,278,181,278,182,278,183,279,184,279,185,280,186,279,187,278,188,277,188,276,189,275,189,274,190,273,190,272,191,271,191,270,191,269,192,268,192,267,192,266,192,265,193,264,193,263,194,262,193,261,192,261,191,261,190,260,189,260,188,260,187,259,186,259,185,259
202,260,201,261,200,261,199,261,198,261,197,262,196,262,195,262,194,263,194,264,193,265,193,266,193,267,193,268,192,269,192,270,192,271,191,272,191,273,190,274,190,275,189,276,189,277,188,278,187,279,186,280,186,281,187,282,188,283,189,284,190,284,191,283,192,282,193,282,194,281,195,281,196,280,197,279,198,279,199,278,200,278,201,277,202,277,203,276,204,276,205,275,206,275,207,274,208,274,209,273,210,273,209,272,210,271,210,270,210,269,210,268,210,267,210,266,210,265,209,264,209,263,210,262,209,262,208,262,207,262,206,262,205,261,205,260,204,261,203,260
174,262,173,263,172,263,171,263,170,263,169,264,168,265,167,265,167,266,167,267,166,268,166,269,167,270,168,271,169,272,170,272,171,272,172,272,173,272,174,272,174,271,175,270,175,269,176,268,176,267,176,266,176,265,176,264,176,263,176,262,175,262
325,265,324,266,323,266,322,266,321,266,320,266,319,267,318,267,317,268,316,268,315,269,314,270,313,271,312,272,311,273,311,274,311,275,310,276,310,277,310,278,310,279,310,280,310,281,311,282,311,283,312,284,312,285,313,286,314,287,315,288,316,289,317,289,318,290,319,290,320,290,321,290,322,290,323,290,324,290,325,290,326,290,327,290,328,289,329,288,330,288,331,287,332,287,333,286,334,285,335,285,336,284,337,283,338,283,339,282,339,281,339,280,339,279,339,278,339,277,339,276,339,275,339,274,339,273,338,272,338,271,338,270,337,270,336,269,335,268,334,267,333,267,332,266,331,266,330,266,329,265,328,265,327,265,326,265
362,271,361,272,360,272,359,273,359,274,358,275,358,276,358,277,357,278,357,279,356,280,356,281,355,282,355,283,354,284,354,285,354,286,353,287,352,288,351,288,352,289,352,290,352,291,352,292,352,293,351,294,351,295,351,296,351,297,351,298,351,299,351,300,351,301,351,302,351,303,351,304,351,305,352,305,353,304,354,304,355,304,356,304,357,303,358,303,359,303,360,303,361,303,362,303,362,302,363,301,363,300,364,299,364,298,365,297,365,296,366,295,366,294,367,293,368,292,369,291,369,290,370,289,370,288,370,287,370,286,371,285,370,284,370,283,371,282,371,281,371,280,371,279,370,278,370,277,370,276,369,275,369,274,368,273,368,272,367,272,366,272,365,271,364,271,363,271
209,274,208,275,207,275,206,276,205,276,204,277,203,277,202,278,201,278,200,279,199,279,198,280,197,280,196,281,195,282,194,282,193,283,192,283,191,284,190,285,191,286,191,287,192,288,192,289,192,290,192,291,192,292,193,293,193,294,193,295,194,296,195,296,196,296,197,297,198,297,199,297,200,297,201,297,202,297,203,297,204,297,205,297,206,296,207,296,208,296,209,295,210,295,211,294,212,294,213,294,214,294,215,293,216,293,217,293,218,293,219,292,220,291,221,290,222,289,223,288,224,287,224,286,224,285,224,284,224,283,223,282,222,282,221,281,220,281,219,280,218,279,217,278,216,277,215,276,214,275,213,274,212,274,211,274,210,274
245,277,244,278,243,278,242,279,241,279,240,280,239,281,238,281,237,281,237,282,237,283,236,284,236,285,235,286,234,287,233,288,232,289,231,290,231,291,230,292,230,293,229,294,229,295,228,296,229,297,229,298,229,299,230,300,230,301,231,301,232,302,233,302,234,301,235,301,236,300,237,300,238,299,239,299,240,298,241,297,242,297,243,296,244,295,245,295,246,294,247,293,248,293,249,292,250,291,251,291,252,290,253,289,254,289,255,288,256,287,257,287,258,286,258,285,259,284,259,283,259,282,259,281,259,280,258,279,257,279,256,279,255,279,254,279,253,278,252,278,251,278,250,278,249,278,248,277,247,277,246,278
340,282,339,283,338,284,337,284,336,285,335,286,334,286,333,287,332,288,331,288,330,289,329,289,328,290,327,291,326,291,326,292,326,293,326,294,326,295,326,296,326,297,327,298,327,299,327,300,327,301,327,302,328,303,329,304,330,305,331,306,332,306,333,307,334,307,335,307,336,307,337,307,338,307,339,307,340,307,341,306,342,306,343,306,344,306,345,305,346,305,347,304,348,304,349,303,350,304,350,303,350,302,350,301,350,300,350,299,350,298,350,297,350,296,350,295,350,294,351,293,351,292,351,291,351,290,351,289,350,288,350,287,349,286,348,286,347,285,346,284,345,284,344,283,343,283,342,283,341,283
300,283,299,284,298,284,297,284,296,284,295,284,294,284,293,284,292,284,291,285,290,285,289,286,288,287,287,288,286,289,286,290,285,291,285,292,285,293,285,294,285,295,285,296,285,297,286,298,286,299,286,300,286,301,287,302,287,303,288,304,288,305,289,306,290,307,291,308,292,308,293,309,294,309,295,310,296,310,297,310,298,310,299,310,300,310,301,310,302,309,303,309,304,309,305,308,306,307,307,306,308,305,309,304,310,303,310,302,311,301,311,300,311,299,311,298,312,297,311,296,311,295,310,294,310,293,310,292,309,291,309,290,309,289,308,288,307,287,306,286,305,286,304,285,303,285,302,284,301,284
258,287,257,288,256,288,255,289,254,290,253,290,252,291,251,292,250,292,249,293,248,294,247,294,246,295,245,296,244,296,243,297,242,298,241,298,240,299,239,300,238,300,237,301,236,301,235,302,234,302,233,303,233,304,233,305,233,306,232,307,232,308,232,309,233,310,233,311,234,312,235,312,236,313,237,314,238,314,239,314,240,314,241,314,242,313,243,312,244,311,245,310,246,309,247,309,248,308,249,307,250,306,251,305,252,304,253,303,254,302,255,302,256,301,257,300,258,299,259,299,259,298,260,297,261,296,262,295,262,294,262,293,263,292,263,291,263,290,262,289,261,288,260,287,259,287
258,300,257,301,256,302,255,303,254,303,253,304,252,305,251,306,250,307,249,308,248,309,247,310,246,310,245,311,244,312,243,313,242,314,242,315,242,316,242,317,241,318,241,319,241,320,242,321,242,322,242,323,243,324,244,325,245,325,246,325,247,326,248,325,249,324,250,324,251,323,252,323,253,322,254,322,255,322,256,321,257,321,258,320,259,319,260,318,261,317,262,316,263,315,264,314,265,313,265,312,266,311,267,310,267,309,267,308,267,307,267,306,267,305,267,304,266,303,265,302,264,301,263,301,262,301,261,301,260,300,259,300
279,304,278,305,277,305,276,305,275,305,274,305,273,306,272,307,272,308,271,309,270,310,269,311,268,312,268,313,267,314,266,315,266,316,265,317,265,318,264,319,264,320,263,321,264,322,263,323,264,324,264,325,265,326,265,327,266,327,267,328,268,328,269,329,270,329,271,329,272,329,273,328,274,328,275,328,276,327,277,327,278,326,279,325,280,324,281,324,281,323,282,322,282,321,283,320,284,319,284,318,285,317,285,316,285,315,285,314,286,313,285,312,285,311,285,310,285,309,284,308,284,307,283,306,282,305,281,304,280,304
357,304,356,305,355,305,354,305,353,305,352,306,351,306,351,307,350,308,350,309,350,310,350,311,350,312,349,313,349,314,349,315,348,316,348,317,348,318,348,319,348,320,348,321,348,322,348,323,348,324,347,325,347,326,347,327,346,328,346,329,346,330,347,331,347,332,347,333,347,334,346,335,346,336,346,337,345,338,344,338,344,339,343,340,343,341,343,342,343,343,343,344,343,345,343,346,344,347,345,348,346,349,347,349,348,350,349,350,350,350,351,350,352,350,353,350,354,350,355,349,356,349,357,349,358,348,359,348,360,347,361,347,362,346,363,346,364,345,365,344,366,343,367,342,367,341,368,340,369,339,370,338,370,337,370,336,371,335,371,334,371,333,371,332,371,331,371,330,371,329,371,328,371,327,371,326,371,325,371,324,371,323,371,322,371,321,371,320,371,319,371,318,371,317,372,316,372,315,372,314,371,313,371,312,371,311,371,310,371,309,370,308,369,307,368,306,367,306,366,305,365,305,364,304,363,304,362,304,361,304,360,304,359,304,358,304
332,310,331,311,330,311,329,311,328,311,327,312,326,312,325,313,324,314,323,315,323,316,322,317,322,318,322,319,321,320,321,321,321,322,321,323,321,324,322,325,322,326,323,327,323,328,324,329,325,330,326,330,327,331,328,331,329,331,330,332,331,332,332,332,333,331,334,332,335,332,336,332,337,332,338,332,339,331,340,331,341,331,342,330,343,329,344,329,345,329,345,328,346,327,346,326,346,325,347,324,347,323,347,322,347,321,347,320,347,319,347,318,347,317,347,316,346,315,345,314,344,313,343,312,342,312,341,312,340,312,339,311,338,311,337,311,336,311,335,311,334,311,333,311
296,313,295,314,294,315,293,315,293,316,292,317,291,318,290,319,290,320,290,321,290,322,290,323,290,324,290,325,290,326,290,327,290,328,291,329,291,330,292,331,292,332,293,333,294,334,295,334,296,335,297,335,298,335,299,336,300,336,301,336,302,336,303,336,304,336,305,336,306,336,307,335,308,335,309,335,310,334,311,334,312,333,312,332,313,331,314,330,315,329,315,328,316,327,316,326,316,325,316,324,316,323,315,322,315,321,314,320,314,319,313,318,312,317,311,317,310,316,309,316,308,315,307,315,306,315,305,314,304,314,303,314,302,314,301,314,300,314,299,313,298,313,297,313
258,321,257,322,256,322,255,323,254,323,253,323,252,324,251,324,250,325,249,325,248,326,247,327,247,328,247,329,247,330,247,331,247,332,247,333,247,334,248,335,248,336,249,337,250,338,250,339,251,339,252,340,253,340,254,341,255,341,256,341,257,340,258,340,259,339,260,338,261,337,262,336,262,335,262,334,263,333,263,332,263,331,263,330,264,329,264,328,264,327,264,326,263,325,263,324,262,323,262,322,261,323,260,322,259,322
280,337,279,338,278,339,277,340,277,341,276,342,275,343,276,344,276,345,276,346,276,347,276,348,276,349,276,350,276,351,277,352,277,353,277,354,277,355,278,356,278,357,278,358,279,359,280,360,281,361,282,361,283,362,284,362,285,362,286,362,287,362,288,362,289,362,290,362,291,362,292,361,293,361,294,360,295,360,296,360,297,359,298,359,299,358,300,357,300,356,301,355,301,354,301,353,300,352,300,351,300,350,299,349,298,348,298,347,297,346,296,345,296,344,295,343,294,342,293,341,292,340,291,339,290,338,289,338,288,337,287,337,286,337,285,337,284,337,283,337,282,337,281,337
315,340,314,341,313,342,312,342,311,343,310,344,309,345,309,346,308,347,308,348,308,349,307,350,308,351,308,352,308,353,308,354,309,355,309,356,310,357,311,358,312,358,313,359,314,359,315,359,316,358,317,358,318,358,319,358,320,357,321,357,322,357,323,356,324,355,325,354,326,353,327,352,327,351,328,350,328,349,328,348,329,347,329,346,329,345,329,344,328,343,327,342,326,342,325,341,324,341,323,340,322,340,321,340,320,340,319,340,318,340,317,340,316,340
200,424,199,425,198,425,197,426,196,426,195,427,194,427,193,428,192,429,191,430,191,431,190,432,190,433,189,434,189,435,189,436,189,437,190,438,190,439,191,440,192,441,193,441,194,441,195,442,196,442,197,441,198,441,199,440,200,440,201,439,202,439,203,438,204,437,204,436,205,435,205,434,205,433,206,432,206,431,207,430,207,429,207,428,207,427,206,426,205,425,204,425,203,424,202,424,201,424
214,428,213,429,212,429,211,429,210,429,209,430,208,430,207,431,207,432,206,433,206,434,206,435,205,436,205,437,204,438,205,439,205,440,206,441,206,442,206,443,207,444,208,444,209,444,210,445,211,446,212,446,213,446,214,446,215,446,216,445,217,445,218,445,219,444,220,444,221,443,222,443,223,442,224,441,224,440,224,439,225,438,225,437,224,436,224,435,224,434,223,433,222,432,221,431,220,430,219,430,218,429,217,429,216,429,215,429
383,429,382,430,381,430,380,430,379,430,378,431,377,431,376,432,375,433,375,434,374,435,374,436,373,437,373,438,373,439,373,440,373,441,373,442,373,443,374,444,374,445,374,446,375,447,376,448,376,449,377,450,378,451,379,451,380,452,381,452,382,453,383,453,384,453,385,453,386,454,387,453,388,453,389,453,390,452,391,452,392,451,393,451,394,450,394,449,395,448,395,447,396,446,396,445,396,444,397,443,397,442,397,441,397,440,396,439,396,438,396,437,395,436,395,435,394,434,393,433,392,432,391,431,390,431,389,430,388,430,387,429,386,429,385,429,384,429
412,430,411,431,410,431,409,432,408,433,407,434,406,435,406,436,406,437,406,438,406,439,406,440,406,441,407,442,408,443,408,444,409,445,409,446,410,447,411,448,412,449,413,450,414,451,415,452,415,453,416,454,416,455,417,456,418,457,419,457,420,458,421,458,422,459,423,459,424,459,425,459,426,459,427,459,428,459,429,459,430,459,431,458,432,458,433,457,434,457,435,456,435,455,436,454,437,454,438,453,439,452,439,451,439,450,439,449,440,448,440,447,440,446,440,445,440,444,440,443,439,442,439,441,439,440,438,439,437,438,436,437,435,437,434,436,433,436,432,435,431,435,430,435,429,434,428,434,427,434,426,433,425,433,424,432,423,432,422,432,421,431,420,431,419,430,418,430,417,430,416,430,415,430,414,430,413,430
234,431,233,432,232,432,231,432,230,433,229,433,228,434,227,435,227,436,226,437,226,438,225,439,225,440,225,441,225,442,226,443,226,444,226,445,227,446,228,447,229,448,230,449,231,449,232,449,233,449,234,449,235,449,236,449,237,449,238,448,239,448,240,448,241,447,242,446,243,445,243,444,244,443,244,442,244,441,244,440,244,439,244,438,243,437,243,436,243,435,242,434,241,433,240,433,239,432,238,432,237,432,236,432,235,431
165,432,164,433,163,433,162,433,161,434,160,434,159,435,158,436,157,437,156,438,156,439,155,440,155,441,155,442,155,443,156,444,156,445,157,446,157,447,158,448,159,449,159,450,160,450,161,451,162,451,163,451,164,451,165,451,166,451,167,451,168,451,169,451,170,451,171,450,172,450,173,449,174,448,175,447,176,446,176,445,177,444,177,443,177,442,177,441,177,440,177,439,177,438,177,437,176,436,175,435,175,434,174,433,173,433,172,432,171,432,170,432,169,432,168,432,167,432,166,432
346,438,345,439,344,439,343,439,342,439,341,440,340,441,339,442,338,443,338,444,337,445,337,446,337,447,337,448,337,449,338,450,338,451,339,452,340,453,341,454,342,455,343,456,344,456,345,457,346,457,347,458,348,458,349,458,350,459,351,459,352,459,353,459,354,459,355,458,356,458,357,457,358,457,359,456,360,455,361,454,362,453,363,452,363,451,363,450,364,449,364,448,364,447,364,446,363,445,363,444,362,443,361,442,360,441,359,440,358,440,357,439,356,439,355,438,354,438,353,438,352,438,351,438,350,438,349,438,348,438,347,438
139,442,138,443,137,443,136,443,135,444,134,444,133,445,132,445,131,446,130,447,129,448,128,449,127,450,127,451,127,452,126,453,126,454,126,455,126,456,126,457,126,458,127,459,127,460,128,461,129,462,130,463,131,464,132,464,133,464,134,465,135,465,136,465,137,465,138,465,139,465,140,465,141,465,142,464,143,464,144,464,145,463,146,463,147,462,148,462,149,461,150,460,151,459,152,458,152,457,153,456,153,455,153,454,153,453,153,452,153,451,152,450,152,449,151,448,151,447,150,446,149,445,148,444,147,444,146,443,145,443,144,442,143,442,142,442,141,442,140,442
249,445,248,446,247,446,246,447,245,447,244,447,243,448,242,448,241,449,241,450,240,451,240,452,240,453,240,454,240,455,240,456,240,457,240,458,241,459,241,460,242,461,243,462,244,463,245,463,246,463,247,463,248,464,249,464,250,464,251,464,252,464,253,464,254,464,255,464,256,464,257,464,258,463,259,463,260,462,261,461,262,460,262,459,262,458,263,457,263,456,263,455,263,454,262,453,262,452,262,451,261,450,261,449,260,448,259,447,258,447,257,446,256,446,255,446,254,445,253,445,252,445,251,445,250,445
447,449,446,450,445,450,444,450,443,451,442,451,441,452,440,452,439,453,438,454,438,455,438,456,438,457,437,458,437,459,437,460,437,461,437,462,437,463,437,464,438,465,438,466,438,467,439,468,440,469,440,470,441,471,442,471,443,472,444,473,445,474,446,474,447,474,448,474,449,474,450,474,451,475,452,475,453,475,454,475,455,475,456,475,457,474,458,473,459,473,460,472,461,471,461,470,462,469,462,468,463,467,463,466,463,465,463,464,463,463,463,462,464,461,463,460,463,459,463,458,463,457,463,456,462,455,461,454,460,453,459,452,458,451,457,451,456,451,455,450,454,450,453,450,452,449,451,449,450,449,449,450,448,449
315,457,314,458,313,458,312,459,311,460,310,461,310,462,309,463,309,464,308,465,308,466,308,467,308,468,308,469,308,470,308,471,309,472,309,473,310,474,311,475,311,476,312,476,313,477,314,477,315,478,316,478,317,478,318,479,319,479,320,479,321,478,322,478,323,478,324,478,325,477,326,476,327,476,328,475,329,475,330,474,331,473,331,472,332,471,333,470,333,469,333,468,333,467,333,466,333,465,333,464,332,463,331,462,330,461,329,460,328,459,327,459,326,459,325,458,324,458,323,458,322,457,321,457,320,457,319,457,318,457,317,457,316,457
361,463,360,464,359,464,358,464,357,464,356,464,355,465,354,465,353,465,352,465,351,466,350,466,349,467,348,467,347,468,346,469,345,470,345,471,344,472,343,473,343,474,342,475,342,476,342,477,341,478,341,479,341,480,341,481,341,482,341,483,341,484,341,485,341,486,341,487,341,488,341,489,342,490,342,491,343,492,344,493,344,494,345,495,345,496,346,497,347,498,348,498,349,499,350,500,351,500,352,501,353,501,354,502,355,502,356,502,357,502,358,502,359,502,360,502,361,502,362,502,363,502,364,501,365,501,366,501,367,500,368,500,369,499,370,499,371,499,372,498,373,497,374,496,375,495,375,494,376,493,376,492,377,491,377,490,378,489,378,488,378,487,378,486,379,485,379,484,379,483,379,482,379,481,379,480,379,479,379,478,379,477,379,476,378,475,378,474,378,473,377,472,376,471,376,470,375,469,374,468,373,468,372,467,371,466,370,466,369,465,368,465,367,465,366,464,365,464,364,464,363,464,362,464
115,468,114,469,113,469,112,469,111,470,110,470,109,470,108,471,107,472,106,472,105,473,104,474,104,475,103,476,103,477,102,478,102,479,102,480,101,481,101,482,101,483,101,484,100,485,100,486,101,487,102,487,103,487,104,487,105,487,106,488,107,488,108,488,109,488,110,489,111,489,112,489,113,490,114,490,115,490,116,491,117,491,118,492,119,492,120,493,121,493,122,492,123,491,123,490,124,489,125,488,126,487,126,486,127,485,127,484,127,483,127,482,127,481,127,480,127,479,127,478,126,477,126,476,126,475,125,474,125,473,124,472,123,471,122,470,121,470,120,469,119,469,118,469,117,468,116,468
230,468,229,469,228,470,227,471,227,472,226,473,225,474,224,475,223,476,222,477,221,478,220,479,219,479,219,480,218,481,217,482,217,483,217,484,217,485,217,486,216,487,217,488,217,489,217,490,217,491,217,492,217,493,217,494,217,495,218,496,218,497,218,498,219,499,219,500,220,501,220,502,221,503,221,504,222,505,223,506,224,507,225,507,226,507,227,508,228,508,229,508,230,509,231,509,232,509,233,509,234,509,235,509,236,509,237,509,238,509,239,509,240,509,241,508,242,508,243,508,244,507,245,506,246,505,247,505,248,504,249,504,250,503,251,502,252,501,253,501,254,500,255,500,256,500,256,499,257,498,257,497,257,496,258,495,257,494,258,493,259,493,260,494,259,493,260,492,259,492,258,491,257,490,257,489,257,488,257,487,257,486,256,485,256,484,255,483,255,482,255,481,254,480,254,479,253,478,252,477,252,476,251,475,250,475,249,474,248,473,247,473,246,472,245,471,244,471,243,470,242,470,241,469,240,469,239,468,238,468,237,468,236,468,235,468,234,468,233,468,232,468,231,468
276,470,275,471,274,471,273,471,272,471,271,472,270,473,269,473,269,474,268,475,267,476,266,477,266,478,265,479,265,480,265,481,265,482,265,483,265,484,264,485,264,486,265,487,265,488,265,489,266,490,266,491,267,492,267,493,268,494,269,494,270,495,271,495,272,495,273,495,274,494,275,494,276,494,277,493,278,493,279,492,280,491,281,491,282,490,283,489,284,489,284,488,285,487,286,486,286,485,286,484,286,483,286,482,286,481,286,480,286,479,286,478,285,477,285,476,284,475,283,474,283,473,282,473,281,472,280,472,279,471,278,471,277,470
466,471,465,472,464,472,463,472,462,473,461,473,460,474,459,474,458,474,457,475,456,476,456,477,455,478,455,479,455,480,455,481,455,482,456,483,457,484,458,485,459,486,460,486,461,487,462,487,463,487,464,488,465,488,466,488,467,488,468,487,469,487,470,487,471,487,472,487,473,486,474,485,475,485,475,484,476,483,476,482,476,481,476,480,477,479,477,478,476,477,476,476,475,475,474,474,473,474,472,473,471,473,470,472,469,472,468,472,467,472
394,479,393,480,392,480,391,481,390,481,389,482,388,482,387,483,386,484,385,485,384,486,384,487,384,488,383,489,383,490,383,491,383,492,383,493,383,494,383,495,383,496,383,497,383,498,383,499,383,500,383,501,384,502,384,503,384,504,384,505,384,506,384,507,385,508,386,509,387,510,388,510,389,511,390,511,391,511,392,511,393,511,394,511,395,511,396,511,397,511,398,511,399,511,400,511,401,511,402,511,403,511,404,511,405,511,406,511,407,511,408,511,409,511,410,511,411,511,412,511,413,510,414,510,415,510,416,510,417,509,418,508,418,507,419,506,419,505,419,504,419,503,419,502,419,501,419,500,419,499,419,498,420,497,420,496,420,495,420,494,420,493,419,492,419,491,418,490,418,489,417,488,416,487,416,486,415,485,414,484,413,483,412,483,411,482,410,481,409,481,408,480,407,480,406,480,405,479,404,479,403,479,402,479,401,479,400,479,399,479,398,479,397,479,396,479,395,479
183,481,182,482,181,482,180,482,179,482,178,483,177,483,176,484,175,484,174,485,173,485,172,486,172,487,171,488,170,489,169,490,169,491,168,492,167,493,167,494,166,495,165,496,165,497,165,498,164,499,164,500,164,501,164,502,164,503,164,504,164,505,164,506,164,507,164,508,164,509,164,510,165,510,166,511,167,511,168,511,169,511,170,511,171,511,172,511,173,511,174,511,175,511,176,511,177,511,178,511,179,511,180,511,181,511,182,511,183,511,184,511,185,511,186,510,186,509,186,508,186,507,187,506,187,505,187,504,188,503,188,502,188,501,189,500,189,499,189,498,189,497,189,496,190,495,190,494,190,493,190,492,190,491,190,490,190,489,190,488,190,487,190,486,190,485,190,484,190,483,190,482,190,481,189,481,188,481,187,481,186,481,185,481,184,481
191,481,191,482,191,483,191,484,191,485,191,486,191,487,191,488,191,489,191,490,191,491,191,492,191,493,191,494,191,495,190,496,190,497,190,498,190,499,190,500,189,501,189,502,189,503,188,504,188,505,188,506,187,507,187,508,187,509,187,510,186,511,187,511,188,511,189,511,190,511,191,511,192,511,193,511,194,511,195,511,196,511,197,511,198,511,199,511,200,511,201,511,202,511,203,511,204,511,205,511,206,511,207,511,208,511,209,511,210,510,211,510,212,509,213,508,213,507,214,506,214,505,214,504,214,503,214,502,213,501,213,500,213,499,212,498,212,497,211,496,210,495,210,494,209,493,208,492,208,491,207,490,206,490,205,489,204,488,203,487,202,486,201,485,200,484,199,483,198,482,197,482,196,482,195,481,194,481,193,481,192,481
305,482,304,483,303,484,302,484,301,485,300,485,299,486,298,487,297,488,296,489,296,490,296,491,296,492,296,493,296,494,296,495,296,496,296,497,296,498,296,499,297,500,298,501,298,502,299,503,300,504,300,505,301,505,302,506,303,506,304,506,305,506,306,506,307,507,308,507,309,506,310,506,311,507,312,506,313,506,314,506,315,505,316,505,316,504,317,503,318,502,318,501,318,500,319,499,319,498,319,497,319,496,320,495,320,494,320,493,320,492,320,491,320,490,320,489,320,488,319,487,319,486,318,485,317,484,316,483,315,483,314,483,313,482,312,482,311,482,310,482,309,482,308,482,307,482,306,482
430,485,429,486,428,486,427,487,426,487,425,488,424,489,424,490,423,491,423,492,422,493,422,494,421,495,421,496,421,497,420,498,420,499,420,500,420,501,420,502,420,503,420,504,420,505,420,506,419,507,419,508,419,509,420,510,421,510,422,510,423,510,424,511,425,511,426,511,427,511,428,511,429,511,430,511,431,511,432,511,433,511,434,511,435,511,436,511,437,511,438,511,439,511,440,511,441,511,442,511,443,511,444,511,445,511,446,511,447,511,448,511,449,511,450,511,451,511,452,511,453,511,454,511,455,511,456,511,457,511,458,511,459,511,460,510,461,510,462,509,462,508,462,507,462,506,462,505,462,504,461,503,461,502,461,501,460,500,460,499,459,498,459,497,458,496,457,495,457,494,456,493,455,492,454,491,453,490,452,489,451,489,450,488,449,488,448,487,447,487,446,486,445,486,444,485,443,485,442,485,441,485,440,485,439,485,438,485,437,485,436,485,435,485,434,485,433,485,432,485,431,485
472,497,471,498,470,498,469,499,468,499,467,500,466,501,465,502,465,503,464,504,463,504,463,505,463,506,463,507,463,508,463,509,464,508,465,509,466,510,467,510,468,510,469,511,470,511,471,511,472,511,473,511,474,511,475,511,476,511,477,511,478,511,479,511,480,511,481,511,482,511,483,511,484,510,484,509,484,508,484,507,484,506,484,505,484,504,484,503,483,502,483,501,482,500,481,499,480,499,479,498,478,498,477,498,476,497,475,497,474,497,473,497
275,502,274,503,273,504,272,504,271,505,270,506,269,507,269,508,269,509,269,510,270,511,271,511,272,511,273,511,274,511,275,511,276,511,277,511,278,511,279,511,280,511,281,511,282,511,283,511,284,511,285,511,286,511,287,510,288,510,288,509,288,508,288,507,287,506,286,505,285,504,284,504,283,503,282,502,281,502,280,502,279,502,278,502,277,502,276,502
