266,0,265,1,265,2,265,3,266,4,266,5,267,6,268,6,269,7,270,8,271,8,272,8,273,8,274,9,275,8,276,8,277,8,278,7,279,6,280,5,280,4,281,3,282,2,282,1,281,0,280,0,279,0,278,0,277,0,276,0,275,0,274,0,273,0,272,0,271,0,270,0,269,0,268,0,267,0
188,182,187,183,186,183,185,183,184,183,183,183,182,183,181,184,180,184,179,185,178,185,178,186,177,187,176,188,176,189,175,190,175,191,174,192,173,193,173,194,172,195,171,196,172,197,173,198,173,199,174,200,175,201,176,202,177,203,178,204,179,205,180,206,181,207,182,207,183,208,184,209,185,209,186,208,187,207,188,207,189,207,190,207,191,207,192,206,193,206,194,206,195,205,196,204,197,203,197,202,198,201,198,200,198,199,199,198,199,197,199,196,199,195,200,194,199,193,199,192,199,191,198,190,198,189,198,188,197,187,196,186,195,185,194,184,193,184,192,183,191,183,190,183,189,182
242,189,241,190,240,190,239,190,238,190,237,190,236,190,235,191,234,191,233,191,232,192,231,192,230,193,229,194,228,194,227,194,226,195,225,196,224,197,223,197,222,198,222,199,221,200,221,201,221,202,221,203,221,204,221,205,221,206,221,207,221,208,221,209,221,210,222,211,223,212,224,213,224,214,225,215,226,216,227,216,228,216,229,216,230,216,231,216,232,216,233,216,234,217,235,216,236,216,237,215,238,215,239,214,240,214,241,213,242,213,243,212,244,212,245,211,246,211,247,210,247,209,248,208,249,207,250,206,251,205,252,204,253,203,253,202,253,201,253,200,254,199,254,198,254,197,253,196,253,195,253,194,252,193,252,192,251,192,250,191,249,191,248,190,247,190,246,190,245,190,244,190,243,189
215,211,214,212,213,212,212,213,211,214,210,215,209,216,208,216,207,217,206,218,205,219,204,220,203,221,202,222,201,223,200,224,200,225,200,226,200,227,200,228,200,229,201,230,201,231,202,232,203,233,204,233,205,233,206,234,207,235,208,235,209,235,210,234,211,234,212,233,213,233,214,232,215,232,216,231,217,231,218,230,219,229,220,229,221,229,221,228,221,227,221,226,222,225,223,224,223,223,224,222,224,221,225,220,225,219,225,218,226,217,225,216,224,215,223,214,223,213,222,212,221,211,220,211,219,211,218,211,217,211,216,211
247,211,246,212,245,212,244,213,243,213,242,214,241,214,240,215,239,215,238,216,237,216,236,217,235,218,234,218,234,219,233,220,232,221,231,222,230,222,229,223,229,224,228,225,228,226,227,227,227,228,226,229,225,230,225,231,226,232,226,233,227,234,228,235,228,236,229,237,230,238,231,239,232,239,233,240,234,240,235,240,236,241,237,241,238,241,239,241,240,240,240,239,241,238,242,238,243,237,244,236,245,236,246,236,247,235,248,235,249,235,250,235,251,235,252,234,253,234,254,234,255,234,256,233,257,232,256,231,257,230,258,230,258,229,258,228,257,227,257,226,258,225,259,224,259,223,259,222,259,221,258,220,257,219,257,218,256,217,255,216,254,215,253,215,252,214,251,214,250,213,249,212,248,212
222,229,221,230,220,230,219,230,218,231,217,232,216,232,215,233,214,233,213,234,212,234,211,235,210,235,209,236,208,236,209,237,209,238,209,239,209,240,209,241,209,242,209,243,209,244,210,245,211,246,212,247,213,248,213,249,214,250,215,251,216,252,216,253,216,254,217,255,218,256,218,257,219,257,220,256,221,256,222,256,223,256,224,256,224,255,225,254,226,254,227,253,228,252,229,251,230,250,231,250,231,249,232,248,233,247,234,247,235,247,236,246,236,245,237,244,237,243,237,242,236,242,235,241,234,241,233,241,232,240,231,240,230,239,229,238,228,237,227,236,227,235,226,234,225,233,225,232,224,231,223,230
254,238,253,239,252,239,251,240,250,241,249,241,248,242,247,242,246,243,245,244,244,245,243,245,242,246,241,247,240,248,240,249,239,250,239,251,238,252,238,253,237,254,237,255,237,256,237,257,236,258,236,259,237,260,237,261,238,262,239,262,240,261,241,260,242,260,243,259,244,258,245,258,246,257,247,256,248,256,249,255,250,255,251,254,252,254,253,253,254,252,255,252,256,252,257,251,258,251,259,251,260,251,260,250,261,249,262,248,262,247,262,246,262,245,262,244,263,243,262,242,262,241,261,240,261,239,260,239,259,238,258,238,257,238,256,238,255,238
299,238,298,239,297,239,296,240,295,240,294,241,294,242,293,243,292,244,292,245,292,246,292,247,292,248,292,249,292,250,292,251,292,252,292,253,293,254,293,255,294,256,295,257,296,257,297,257,298,257,299,257,300,257,301,256,302,255,303,254,304,253,305,252,306,251,307,250,308,249,308,248,308,247,308,246,308,245,308,244,309,243,308,242,308,241,307,240,306,239,305,238,304,238,303,238,302,238,301,238,300,238
309,249,308,250,307,251,306,252,305,253,304,254,303,255,302,256,301,257,300,258,300,259,299,260,299,261,299,262,299,263,298,264,298,265,298,266,298,267,298,268,298,269,298,270,298,271,299,272,299,273,300,273,301,274,302,274,303,274,304,274,305,273,306,273,307,272,308,273,308,272,309,271,310,270,311,269,312,268,313,267,314,266,315,265,316,264,317,263,318,262,319,261,320,260,320,259,321,258,321,257,321,256,321,255,321,254,320,253,319,252,318,252,317,251,316,251,315,251,314,251,313,250,312,250,311,250,310,250
257,252,256,253,255,253,254,253,253,254,252,255,251,255,250,256,249,256,248,257,247,257,246,258,245,259,244,259,243,260,242,261,241,261,240,262,239,263,239,264,239,265,238,266,238,267,238,268,238,269,239,270,239,271,240,272,241,272,242,272,243,272,244,273,245,273,246,272,247,272,248,272,249,272,250,272,250,271,251,270,252,270,253,269,254,269,255,268,256,267,257,266,258,265,259,264,260,263,260,262,261,261,261,260,262,259,262,258,262,257,262,256,262,255,261,254,260,253,259,252,258,252
274,258,273,259,272,259,271,260,270,261,270,262,269,263,269,264,268,265,268,266,267,267,267,268,266,269,266,270,266,271,265,272,265,273,265,274,264,275,264,276,265,277,265,278,266,279,266,280,267,280,268,281,269,281,270,281,271,281,272,280,272,279,273,278,273,277,274,276,275,275,275,274,276,273,276,272,277,271,278,270,279,269,279,268,280,267,281,266,281,265,282,264,283,263,282,262,282,261,281,260,281,259,280,259,279,258,278,258,277,258,276,258,275,258
318,263,317,264,316,265,315,266,314,267,313,268,312,269,311,270,310,271,309,272,309,273,309,274,309,275,308,276,308,277,308,278,308,279,308,280,308,281,309,282,309,283,310,284,311,285,311,286,312,286,313,286,314,286,315,286,316,285,317,285,318,285,319,284,320,284,321,283,322,283,323,283,324,282,325,282,326,282,327,282,328,281,329,281,330,281,331,280,332,280,332,279,333,278,333,277,334,276,334,275,334,274,333,273,333,272,334,271,333,270,333,269,333,268,332,267,331,266,330,265,329,265,328,265,327,264,326,264,325,264,324,264,323,264,322,264,321,264,320,264,319,263
283,264,282,265,282,266,281,267,280,268,280,269,279,270,278,271,277,272,277,273,276,274,276,275,275,276,274,277,274,278,273,279,273,280,272,281,272,282,273,283,274,284,274,285,275,286,276,287,277,287,278,288,279,288,280,288,281,289,282,289,283,289,284,289,285,289,286,289,287,289,288,289,289,289,290,288,291,287,292,286,293,285,294,284,295,283,295,282,296,281,296,280,297,279,297,278,297,277,297,276,297,275,297,274,297,273,297,272,297,271,296,270,296,269,295,268,294,267,293,266,292,266,291,265,290,264,289,264,288,264,287,264,286,264,285,264,284,264
246,273,245,274,244,275,243,276,242,276,242,277,241,278,240,279,239,280,239,281,239,282,238,283,238,284,238,285,238,286,239,287,239,288,240,289,241,290,242,290,243,290,244,291,245,290,246,290,247,290,248,290,249,290,250,289,251,288,252,287,253,286,254,285,254,284,255,283,255,282,255,281,255,280,255,279,255,278,254,277,254,276,253,276,252,275,251,275,250,274,249,273,248,273,247,273
305,287,304,288,303,288,302,288,301,289,300,289,299,290,298,290,297,290,296,291,295,292,294,292,293,293,292,294,291,295,290,296,290,297,289,298,289,299,288,300,288,301,288,302,288,303,288,304,287,305,287,306,287,307,287,308,287,309,287,310,287,311,287,312,287,313,287,314,287,315,287,316,288,317,288,318,289,319,289,320,290,320,291,321,292,321,293,322,294,322,295,322,296,323,297,323,298,323,299,323,300,322,301,322,302,322,303,321,304,320,305,320,306,319,307,318,308,317,308,316,309,315,310,314,311,313,312,312,313,311,313,310,314,309,315,308,316,307,316,306,317,305,317,304,317,303,318,302,319,301,319,300,319,299,319,298,319,297,320,296,320,295,320,294,320,293,319,292,319,291,318,290,317,289,316,289,315,288,314,288,313,287,312,287,311,287,310,287,309,287,308,287,307,287,306,287
336,291,335,292,334,292,333,292,332,293,331,294,330,294,329,295,328,296,327,296,326,297,325,298,324,299,323,299,322,300,321,301,320,301,319,302,318,303,318,304,318,305,317,306,317,307,316,308,316,309,316,310,316,311,316,312,317,313,317,314,318,315,318,316,319,317,320,318,320,319,321,319,322,320,323,320,324,320,325,319,326,319,327,319,328,318,329,318,330,318,331,317,332,317,333,316,334,316,335,315,336,314,337,313,338,313,339,312,340,311,341,310,342,309,343,308,344,307,344,306,345,305,346,304,346,303,346,302,347,301,346,300,346,299,346,298,346,297,346,296,345,295,344,294,344,293,343,292,342,292,341,291,340,291,339,291,338,291,337,291
273,292,272,293,271,293,270,293,269,293,268,294,267,295,266,296,266,297,265,298,264,299,264,300,263,301,263,302,262,303,262,304,261,305,261,306,261,307,261,308,262,309,262,310,262,311,263,312,264,313,265,314,266,314,267,314,268,314,269,315,270,315,271,315,272,314,273,314,274,314,275,314,276,313,277,312,278,312,279,311,279,310,280,309,280,308,280,307,281,306,281,305,281,304,281,303,281,302,281,301,281,300,281,299,281,298,280,297,280,296,279,295,278,294,277,293,276,293,275,292,274,292
316,329,315,330,314,330,313,330,312,331,311,332,310,332,309,333,309,334,308,335,307,336,306,337,305,338,305,339,304,340,304,341,303,342,303,343,302,344,302,345,302,346,302,347,302,348,303,349,304,350,305,351,306,352,307,352,308,353,309,353,310,353,311,353,312,353,313,352,314,352,315,351,316,351,317,350,318,349,319,349,319,348,320,347,321,346,322,345,323,344,324,344,324,343,325,342,326,341,327,340,327,339,327,338,327,337,327,336,327,335,327,334,326,333,326,332,325,331,324,331,323,330,322,329,321,329,320,329,319,329,318,329,317,329
207,359,207,360,206,361,205,361,204,362,203,362,202,363,201,363,200,364,199,364,198,365,197,366,196,366,195,367,194,368,193,368,192,368,191,369,190,370,189,371,189,372,188,373,187,374,187,375,186,376,185,377,185,378,184,379,184,380,184,381,184,382,183,383,183,384,183,385,183,386,183,387,184,388,184,389,184,390,185,391,185,392,186,393,186,394,187,395,188,395,189,396,190,397,191,397,192,398,193,398,194,398,195,398,196,398,197,398,198,398,199,398,200,397,201,398,202,397,203,397,204,397,205,397,206,396,207,396,208,396,209,395,210,395,211,394,212,393,213,393,214,392,215,391,215,390,216,389,217,388,217,387,218,386,219,385,220,384,220,383,221,382,221,381,222,380,223,379,224,378,224,377,223,376,222,375,221,374,220,373,219,372,218,371,217,370,216,369,215,368,214,367,213,366,212,365,211,364,210,363,210,362,209,361,208,360
85,367,84,368,83,368,82,369,81,369,80,370,79,371,79,372,78,373,78,374,77,375,77,376,77,377,77,378,77,379,77,380,77,381,77,382,77,383,77,384,78,385,78,386,78,387,79,388,79,389,80,390,81,391,82,392,83,392,84,393,85,393,86,393,87,393,88,393,89,393,90,393,91,393,92,392,93,392,94,392,95,391,96,391,97,390,98,390,99,389,100,388,101,387,101,386,102,385,102,384,103,383,103,382,103,381,103,380,103,379,103,378,103,377,103,376,103,375,102,374,101,373,100,372,100,371,99,371,98,370,97,369,96,368,95,368,94,367,93,367,92,367,91,367,90,367,89,367,88,367,87,367,86,367
51,374,50,375,49,375,48,376,47,376,46,377,45,377,44,378,43,379,42,380,41,381,40,382,40,383,40,384,39,385,40,386,40,387,40,388,41,389,41,390,42,391,43,392,44,392,45,393,46,394,47,394,48,394,49,394,50,395,51,395,52,395,53,395,54,394,55,394,56,394,57,394,58,394,59,393,60,393,61,392,62,391,62,390,63,389,64,388,64,387,65,386,65,385,66,384,66,383,66,382,66,381,65,380,65,379,65,378,64,377,64,376,63,375,62,375,61,374,60,374,59,374,58,374,57,374,56,374,55,374,54,374,53,374,52,374
376,452,375,453,374,453,373,454,372,454,371,455,370,456,369,457,368,458,368,459,368,460,368,461,369,462,369,463,370,464,371,465,372,466,372,467,372,468,373,469,374,469,375,470,376,470,377,470,378,470,379,470,380,470,381,470,382,470,383,470,383,469,384,468,384,467,385,466,385,465,386,464,387,463,387,462,388,461,389,460,388,459,388,458,388,457,387,456,387,455,386,455,385,454,384,453,383,453,382,452,381,452,380,452,379,452,378,452,377,452
400,459,399,460,398,460,397,460,396,460,395,460,394,460,393,460,392,461,391,461,390,460,389,461,388,462,388,463,387,464,386,465,386,466,385,467,385,468,384,469,384,470,384,471,384,472,384,473,385,474,385,475,386,476,387,477,388,478,389,479,390,480,391,481,392,482,393,482,394,482,395,483,396,483,397,483,398,483,399,482,400,482,401,483,402,483,403,483,404,483,405,482,406,482,407,482,408,481,409,481,410,480,410,479,411,478,411,477,411,476,411,475,412,474,412,473,412,472,412,471,412,470,412,469,411,468,411,467,411,466,410,465,410,464,409,463,408,462,407,461,406,461,405,460,404,460,403,460,402,459,401,459
355,461,354,462,353,463,352,463,351,464,350,465,349,466,349,467,348,468,348,469,348,470,348,471,348,472,348,473,349,474,349,475,350,476,350,477,351,478,352,479,353,480,354,480,355,481,356,481,357,482,358,482,359,482,360,482,361,482,362,481,363,481,364,480,365,479,366,478,367,477,368,476,369,475,369,474,370,473,371,472,371,471,372,470,372,469,371,468,371,467,371,466,370,465,369,464,368,463,368,462,367,461,366,461,365,461,364,461,363,461,362,461,361,461,360,461,359,461,358,461,357,461,356,461
431,471,430,472,429,472,428,472,427,473,426,473,425,474,424,475,423,476,423,477,423,478,422,479,422,480,422,481,422,482,422,483,422,484,423,485,424,486,425,487,425,488,426,489,427,489,428,490,429,490,430,491,431,491,432,491,433,491,434,491,435,491,436,491,437,491,438,491,439,491,440,491,441,490,442,490,443,489,444,489,445,488,445,487,446,486,446,485,447,484,447,483,446,482,446,481,446,480,446,479,446,478,445,477,445,476,444,475,443,474,442,473,441,473,440,472,439,472,438,471,437,471,436,471,435,471,434,471,433,471,432,471
334,474,333,475,332,476,331,476,330,477,330,478,329,479,328,480,328,481,328,482,327,483,327,484,327,485,327,486,327,487,328,488,328,489,329,490,330,491,330,492,331,493,332,493,333,494,334,494,335,494,336,494,337,494,338,494,339,494,340,493,341,493,342,493,343,492,344,491,345,490,346,489,346,488,346,487,347,486,347,485,347,484,347,483,347,482,347,481,346,480,346,479,345,478,345,477,344,476,343,475,342,475,341,475,340,474,339,474,338,474,337,474,336,474,335,474
44,477,43,478,42,479,42,480,42,481,42,482,43,483,44,483,45,484,46,484,47,484,48,484,49,483,50,483,50,482,51,481,51,480,50,479,50,478,49,478,48,477,47,477,46,477,45,477
410,481,409,482,408,482,407,483,406,483,406,484,405,485,404,486,403,486,403,487,402,488,402,489,401,490,401,491,401,492,401,493,401,494,402,495,402,496,402,497,402,498,402,499,403,500,403,501,403,502,404,503,405,504,406,505,407,505,408,506,409,506,410,506,411,507,412,507,413,507,414,507,415,506,416,506,417,506,418,506,419,506,420,505,421,505,422,505,423,504,424,503,425,502,425,501,426,500,426,499,427,498,427,497,427,496,427,495,426,494,426,493,426,492,426,491,425,490,425,489,424,488,424,487,423,486,422,485,421,484,420,484,419,483,418,483,417,483,416,482,415,482,414,482,413,482,412,482,411,482
363,485,362,486,361,486,360,486,359,486,358,486,357,487,356,487,355,487,354,488,353,488,352,488,351,489,350,490,349,491,349,492,348,493,347,494,347,495,346,496,346,497,346,498,345,499,345,500,345,501,345,502,345,503,344,504,344,505,344,506,344,507,345,508,346,509,347,510,348,510,349,510,350,510,351,510,352,511,353,511,354,511,355,511,356,511,357,511,358,511,359,511,360,511,361,511,362,511,363,511,364,511,365,511,366,511,367,511,368,510,369,510,370,510,371,510,372,510,373,510,374,510,375,510,375,509,376,508,377,508,378,508,378,507,379,506,379,505,379,504,380,503,380,502,380,501,380,500,380,499,380,498,379,497,379,496,379,495,378,494,378,493,378,492,377,491,376,490,375,489,374,488,373,488,372,487,371,487,370,487,369,486,368,486,367,486,366,486,365,486,364,485
325,494,324,495,323,495,322,495,321,495,320,496,319,497,318,498,317,499,317,500,317,501,317,502,317,503,316,504,316,505,317,506,317,507,318,508,318,509,319,510,320,510,321,511,322,511,323,511,324,511,325,511,326,511,327,511,328,511,329,511,330,511,331,511,332,511,333,511,334,511,335,511,336,510,337,510,338,510,339,509,340,508,340,507,341,506,341,505,341,504,340,503,340,502,340,501,339,500,339,499,338,498,337,497,336,496,335,495,334,495,333,495,332,494,331,494,330,495,329,494,328,494,327,494,326,494
