265,0,264,1,264,2,264,3,264,4,264,5,265,6,266,6,267,7,268,8,269,8,270,9,271,9,272,9,273,9,274,9,275,9,276,8,277,8,278,7,279,6,280,5,281,4,281,3,282,2,282,1,281,0,280,0,279,0,278,0,277,0,276,0,275,0,274,0,273,0,272,0,271,0,270,0,269,0,268,0,267,0,266,0
114,111,113,112,112,112,111,113,110,113,109,114,109,115,108,116,107,117,107,118,106,119,106,120,106,121,106,122,106,123,106,124,106,125,106,126,106,127,106,128,106,129,106,130,106,131,107,132,107,133,108,134,108,135,109,136,110,136,111,137,112,137,113,137,114,137,115,137,116,136,117,136,118,135,119,135,120,134,121,133,122,132,123,132,123,131,124,130,124,129,125,128,125,127,126,126,126,125,126,124,126,123,127,122,127,121,127,120,127,119,126,118,126,117,126,116,125,115,125,114,124,113,123,113,122,112,121,111,120,111,119,111,118,111,117,111,116,111,115,111
198,149,197,150,196,150,195,151,194,151,193,152,193,153,192,154,192,155,191,156,191,157,190,158,190,159,190,160,190,161,189,162,188,162,189,163,190,164,190,165,191,166,192,166,193,166,194,166,195,166,196,166,197,166,198,166,199,166,200,166,201,166,202,166,203,166,204,166,205,166,206,166,207,166,208,166,209,167,209,166,209,165,210,164,209,163,209,162,209,161,209,160,209,159,209,158,209,157,209,156,209,155,208,154,207,153,207,152,206,151,205,150,204,150,203,150,202,149,201,149,200,149,199,149
226,161,225,162,224,162,223,163,222,163,221,164,221,165,220,166,220,167,219,168,219,169,219,170,219,171,219,172,220,173,220,174,221,175,222,176,223,177,224,177,225,177,226,177,227,177,228,177,229,177,230,176,231,176,232,175,233,175,234,174,234,173,235,172,236,171,236,170,236,169,236,168,236,167,236,166,236,165,235,164,235,163,234,162,233,162,232,161,231,161,230,161,229,161,228,161,227,161
187,177,186,178,185,178,184,178,183,179,183,180,182,181,181,181,180,182,179,182,178,183,177,184,177,185,176,186,175,187,175,188,175,189,174,190,174,191,174,192,174,193,174,194,174,195,174,196,175,197,175,198,175,199,176,200,177,201,178,202,179,203,180,203,181,203,182,204,183,204,184,204,185,203,186,202,187,202,188,201,189,201,190,200,191,200,191,199,191,198,192,197,192,196,193,195,193,194,194,193,194,192,194,191,194,190,194,189,194,188,194,187,194,186,194,185,194,184,194,183,194,182,193,181,192,180,191,179,190,178,189,178,188,177
205,181,204,182,203,182,202,182,201,183,200,184,199,185,199,186,198,187,198,188,197,189,196,190,196,191,195,192,195,193,194,194,194,195,193,196,193,197,192,198,192,199,192,200,192,201,193,202,193,203,194,204,194,205,194,206,195,207,196,207,197,208,198,209,199,209,200,210,201,210,202,210,203,210,204,210,205,209,206,209,207,209,208,209,209,208,210,208,211,207,212,206,213,205,214,205,215,204,216,204,217,204,218,203,219,203,220,202,221,201,221,200,221,199,222,198,222,197,222,196,222,195,222,194,222,193,222,192,222,191,222,190,222,189,222,188,221,187,221,186,220,185,219,184,218,183,217,183,216,182,215,182,214,181,213,181,212,181,211,181,210,181,209,181,208,181,207,181,206,181
242,185,241,186,240,186,239,186,238,187,237,187,236,188,235,188,234,189,233,189,232,189,231,190,230,190,229,191,228,191,227,192,226,192,225,193,224,194,223,195,223,196,223,197,223,198,222,199,222,200,222,201,221,202,222,203,222,204,222,205,222,206,222,207,222,208,223,209,223,210,224,211,224,212,225,213,226,214,226,215,227,216,228,217,229,217,230,217,231,218,232,218,233,218,234,218,235,217,236,217,237,216,238,215,239,215,239,214,240,213,241,212,242,212,243,211,244,210,245,209,246,208,247,207,248,206,249,205,250,204,251,203,252,202,253,201,254,201,255,200,255,199,256,198,257,197,258,196,259,195,259,194,259,193,259,192,258,191,257,190,257,189,256,189,255,189,254,188,253,188,252,187,251,187,250,186,249,186,248,186,247,185,246,185,245,185,244,185,243,185
269,196,268,197,267,197,266,198,265,198,264,199,264,200,264,201,264,202,264,203,264,204,265,205,266,205,267,205,268,205,269,205,270,205,271,205,272,205,273,204,274,204,275,204,276,203,277,203,277,202,277,201,277,200,277,199,276,198,275,197,274,196,273,196,272,196,271,196,270,196
262,208,261,209,260,209,259,210,258,210,257,210,256,210,255,211,254,211,253,211,252,211,251,211,250,211,249,212,248,212,247,213,246,214,245,214,244,215,243,215,242,216,241,217,240,218,239,218,238,219,237,219,236,220,235,220,234,221,233,221,232,221,231,222,230,223,229,224,228,224,228,225,227,226,227,227,226,228,226,229,226,230,226,231,226,232,226,233,227,233,228,234,229,235,230,235,231,236,232,236,233,237,234,238,235,238,236,238,237,239,238,239,238,238,239,237,240,236,241,236,242,235,243,235,244,234,245,233,246,233,247,232,248,231,249,230,250,229,251,228,252,227,253,226,254,225,255,225,256,224,257,223,258,223,259,222,260,222,261,221,261,220,261,219,262,218,263,217,263,216,264,215,264,214,264,213,264,212,263,211,263,210,263,209
216,209,215,210,214,210,213,210,212,211,211,212,210,213,210,214,209,215,208,216,208,217,209,218,210,219,210,220,211,221,212,222,212,223,213,224,214,225,215,226,215,227,216,228,217,229,217,230,218,231,219,231,220,230,221,229,222,228,223,227,223,226,223,225,224,224,224,223,225,222,225,221,225,220,225,219,226,218,226,217,226,216,225,215,225,214,224,213,223,212,223,211,222,211,221,211,220,210,219,210,218,210,217,209
206,218,205,219,204,219,203,219,202,220,201,221,200,222,199,223,198,224,198,225,198,226,198,227,198,228,198,229,198,230,199,231,200,232,200,233,201,234,202,235,203,235,204,236,205,236,206,236,207,237,208,237,209,237,210,237,211,237,212,236,213,235,214,235,215,234,216,233,217,233,217,232,217,231,216,230,216,229,215,228,214,227,214,226,213,225,212,224,211,223,211,222,210,221,209,220,209,219,208,218,207,218
261,222,260,223,259,223,258,224,257,224,256,225,255,226,254,226,253,227,252,228,251,229,250,230,249,231,248,232,247,233,246,234,245,235,245,236,244,237,244,238,243,239,243,240,243,241,244,242,244,243,245,244,246,245,247,245,248,245,249,245,250,245,251,244,252,244,253,243,254,243,255,243,256,242,257,242,258,242,259,241,260,241,261,241,262,241,263,241,264,240,265,240,266,240,267,239,268,238,269,237,270,237,271,236,272,235,273,235,274,234,275,234,276,233,276,232,276,231,276,230,276,229,276,228,275,227,275,226,274,225,274,224,273,223,272,223,271,223,270,223,269,222,268,222,267,222,266,222,265,222,264,222,263,222,262,222
183,225,182,226,181,226,180,226,179,227,178,228,177,229,176,230,175,231,175,232,174,233,174,234,174,235,174,236,174,237,174,238,174,239,174,240,175,241,176,242,177,242,178,242,179,242,180,242,181,242,182,242,183,242,184,242,185,241,186,241,187,241,188,240,189,239,190,238,190,237,190,236,190,235,190,234,190,233,190,232,190,231,190,230,189,229,188,228,187,227,186,226,185,226,184,225
299,235,298,236,297,237,296,238,295,238,295,239,294,240,294,241,293,242,293,243,292,244,292,245,292,246,292,247,292,248,292,249,292,250,292,251,292,252,292,253,292,254,293,255,293,256,294,257,295,258,296,259,297,260,298,261,299,262,300,262,301,261,302,260,303,260,304,259,305,258,305,257,306,256,307,255,307,254,308,253,309,252,309,251,310,250,310,249,311,248,312,247,311,246,311,245,311,244,311,243,311,242,311,241,311,240,311,239,310,238,310,237,309,236,308,236,307,235,306,235,305,235,304,235,303,235,302,235,301,235,300,235
193,237,192,238,191,238,190,239,189,240,188,241,187,242,187,243,187,244,187,245,186,246,186,247,186,248,186,249,186,250,187,251,187,252,188,253,189,254,189,255,190,255,191,255,192,256,193,256,194,256,195,256,196,257,197,258,198,258,199,258,200,258,201,258,202,257,203,257,204,257,205,256,206,255,207,254,208,253,209,252,209,251,209,250,209,249,208,248,209,247,209,246,209,245,209,244,209,243,208,242,207,241,207,240,206,239,205,239,204,238,203,238,202,237,201,237,200,237,199,237,198,237,197,237,196,237,195,237,194,237
273,239,272,240,271,241,270,242,270,243,269,244,268,245,267,246,267,247,266,248,266,249,266,250,265,251,265,252,264,253,264,254,264,255,264,256,264,257,264,258,264,259,265,260,265,261,266,262,266,263,267,264,268,263,269,263,270,262,271,262,272,261,273,261,274,260,275,260,276,259,277,258,278,258,278,257,278,256,278,255,278,254,278,253,279,252,280,251,280,250,281,249,281,248,281,247,282,246,282,245,283,244,283,243,283,242,282,241,281,240,280,239,279,239,278,239,277,239,276,239,275,239,274,239
259,242,258,243,257,243,256,243,255,244,254,244,253,244,252,245,251,245,250,246,249,247,248,248,247,248,246,249,245,250,244,250,243,250,242,251,241,252,240,252,239,253,238,254,237,255,236,255,236,256,237,257,237,258,237,259,237,260,237,261,237,262,237,263,238,264,238,265,239,265,240,265,241,265,242,264,243,264,244,263,245,263,246,263,247,262,248,262,249,261,250,261,251,260,252,260,253,259,254,259,255,258,256,258,257,257,258,257,259,256,260,256,261,256,261,255,262,254,263,253,264,252,264,251,265,250,265,249,265,248,266,247,266,246,266,245,266,244,265,244,264,243,263,242,262,242,261,242,260,242
312,248,311,249,311,250,310,251,310,252,309,253,308,254,308,255,307,256,306,257,306,258,305,259,304,260,303,261,302,261,301,262,300,263,300,264,300,265,300,266,301,267,301,268,302,269,303,270,304,270,305,271,306,271,307,271,308,271,309,271,310,272,311,272,312,271,313,271,314,270,315,269,316,268,317,267,318,266,319,266,319,265,320,264,320,263,320,262,321,261,321,260,321,259,321,258,322,257,322,256,321,255,321,254,321,253,321,252,320,251,319,250,318,250,317,249,316,249,315,249,314,249,313,248
224,253,223,254,222,254,221,254,220,255,219,255,218,256,217,256,216,257,215,257,215,258,215,259,215,260,214,261,213,262,212,263,212,264,211,265,211,266,211,267,210,268,210,269,210,270,210,271,210,272,211,273,211,274,212,275,213,275,214,276,215,276,216,276,217,276,218,276,219,276,220,276,221,276,222,275,223,275,224,274,225,274,226,273,227,273,228,272,229,271,230,270,231,269,232,268,233,267,234,266,234,265,235,264,236,263,236,262,236,261,236,260,236,259,236,258,236,257,235,256,235,255,234,254,233,254,232,254,231,254,230,254,229,254,228,253,227,253,226,253,225,253
259,257,258,258,257,258,256,259,255,259,254,260,253,260,252,261,251,261,250,262,249,262,248,263,247,263,246,264,245,264,244,264,243,265,242,265,241,266,240,266,239,266,238,266,238,267,238,268,237,269,237,270,236,271,236,272,236,273,237,274,238,275,238,276,239,276,240,276,241,276,242,276,243,275,244,275,245,275,246,274,247,274,248,274,249,274,250,274,251,273,252,273,253,273,254,272,255,271,256,270,257,270,258,269,258,268,259,267,260,266,260,265,261,264,261,263,262,262,262,261,262,260,262,259,262,258,261,257,260,257
277,259,276,260,275,261,274,261,273,262,272,262,271,263,270,263,269,264,268,264,267,265,267,266,267,267,266,268,265,269,265,270,264,271,264,272,264,273,263,274,263,275,263,276,262,277,262,278,262,279,263,280,263,281,263,282,264,283,265,284,266,284,267,284,268,283,269,283,270,283,271,283,272,282,273,281,274,281,275,280,275,279,276,278,277,277,278,276,278,275,279,274,280,273,281,272,282,271,283,270,283,269,283,268,283,267,283,266,284,265,284,264,283,263,283,262,282,261,282,260,281,260,280,260,279,259,278,259
320,266,319,267,318,267,317,268,316,269,315,270,314,271,313,272,312,272,312,273,312,274,312,275,312,276,312,277,312,278,313,279,313,280,314,281,314,282,315,282,316,283,317,283,318,284,318,285,319,285,320,285,321,285,322,285,323,284,324,284,325,285,325,284,326,283,327,283,328,283,329,282,330,282,331,281,332,280,332,279,333,278,333,277,333,276,334,275,333,274,333,273,333,272,333,271,332,270,331,269,331,268,330,268,329,267,328,267,327,266,326,266,325,266,324,266,323,266,322,266,321,266
287,269,286,270,285,270,284,270,283,271,282,272,281,273,280,274,279,275,279,276,278,277,277,278,276,279,276,280,275,281,274,282,274,283,274,284,275,285,276,286,277,287,278,287,279,287,280,287,281,288,282,288,283,288,284,288,285,287,286,287,287,286,288,286,289,285,290,284,291,283,292,282,292,281,293,280,294,279,294,278,295,277,295,276,295,275,295,274,295,273,296,272,296,271,295,271,294,270,293,270,292,269,291,269,290,269,289,269,288,269
251,274,250,275,249,275,248,275,247,275,246,275,245,276,244,276,243,276,242,277,241,277,240,277,239,278,239,279,238,280,237,281,236,282,235,283,235,284,234,285,234,286,234,287,234,288,235,289,235,290,236,291,237,291,238,292,239,292,240,292,241,292,242,292,243,292,244,292,245,292,246,291,247,291,248,291,249,290,250,290,251,289,252,289,253,288,254,287,255,286,256,285,256,284,257,283,257,282,257,281,257,280,257,279,257,278,257,277,256,276,255,275,254,274,253,274,252,274
323,285,322,286,321,286,320,286,319,286,318,286,317,286,317,287,316,288,315,289,315,290,315,291,314,292,314,293,314,294,314,295,314,296,314,297,314,298,314,299,314,300,314,301,315,302,315,303,316,304,316,305,317,306,317,307,317,308,316,309,317,310,317,311,317,312,318,313,318,314,319,315,320,316,321,317,322,318,323,318,324,319,325,319,326,319,327,319,328,319,329,320,330,320,331,320,332,319,333,319,334,319,335,318,336,318,337,317,338,317,339,316,340,315,341,315,342,314,343,313,343,312,343,311,344,310,344,309,345,308,345,307,345,306,346,305,346,304,346,303,347,302,347,301,347,300,347,299,347,298,347,297,346,296,346,295,345,294,344,294,343,293,342,293,341,292,340,292,339,292,338,291,337,291,336,290,335,290,334,289,333,289,332,289,331,288,330,288,329,288,328,287,327,287,326,286,325,286,324,285
251,290,250,291,249,291,248,292,247,292,246,292,245,293,244,294,243,294,242,295,241,296,240,296,239,297,239,298,239,299,239,300,239,301,239,302,240,303,241,304,242,304,243,305,244,305,245,305,246,304,247,304,248,303,249,303,250,302,251,302,252,302,253,301,254,301,255,301,256,300,256,299,257,298,258,297,258,296,259,295,258,294,258,293,258,292,257,291,256,290,255,290,254,290,253,290,252,290
270,293,269,294,268,294,267,295,266,296,265,297,265,298,264,299,263,300,262,301,261,302,261,303,260,304,260,305,260,306,260,307,260,308,260,309,260,310,260,311,260,312,261,312,262,313,263,313,264,314,265,314,266,315,267,315,268,315,269,315,270,315,271,314,272,314,273,313,274,313,275,312,276,311,277,310,278,309,279,308,279,307,280,306,280,305,281,304,281,303,281,302,281,301,281,300,281,299,281,298,280,297,280,296,279,295,278,294,277,294,276,293,275,293,274,293,273,293,272,293,271,293
256,301,255,302,254,302,253,302,252,303,251,303,250,303,249,304,248,304,247,305,246,305,245,306,246,307,246,308,246,309,247,310,247,311,248,312,249,313,250,313,251,314,252,314,253,315,254,315,255,315,256,314,257,313,258,312,259,312,259,311,259,310,259,309,259,308,259,307,259,306,259,305,259,304,258,303,257,302
301,304,300,305,299,305,298,305,297,306,296,306,296,307,295,308,294,309,294,310,293,311,293,312,293,313,293,314,293,315,293,316,294,317,294,318,294,319,294,320,295,321,295,322,296,323,296,324,297,325,298,326,298,327,299,328,300,329,301,329,302,330,303,330,304,331,305,331,306,331,307,330,308,330,309,330,310,329,311,329,312,328,313,328,314,327,315,326,315,325,316,324,316,323,317,322,317,321,317,320,317,319,317,318,317,317,317,316,317,315,316,314,316,313,316,312,316,311,316,310,315,309,314,308,313,307,312,307,311,306,310,306,309,305,308,305,307,304,306,304,305,304,304,304,303,304,302,304
343,326,342,327,341,327,340,327,339,328,338,328,337,329,336,329,335,330,334,330,333,331,332,332,331,333,330,334,329,334,328,335,328,336,327,337,327,338,326,339,326,340,326,341,326,342,326,343,327,344,327,345,328,346,329,347,330,347,331,347,332,347,333,348,334,347,335,346,336,345,337,345,338,344,339,343,340,342,341,342,342,341,343,340,344,340,345,339,346,338,347,338,348,337,349,336,350,336,351,335,352,334,352,333,352,332,352,331,351,330,351,329,351,328,350,327,349,326,348,326,347,326,346,326,345,326,344,326
315,332,314,333,313,333,312,333,311,334,310,335,309,336,308,337,307,338,306,339,305,340,304,341,303,341,303,342,302,343,302,344,301,345,301,346,300,347,300,348,300,349,300,350,300,351,300,352,300,353,301,354,301,355,302,356,303,356,304,356,305,357,306,357,307,357,308,357,309,357,310,357,311,356,312,355,313,355,313,354,314,353,315,352,316,351,316,350,317,349,317,348,318,347,319,346,319,345,320,344,321,343,322,342,323,341,324,341,324,340,325,339,326,338,326,337,326,336,326,335,325,334,325,333,324,332,323,332,322,332,321,332,320,332,319,332,318,332,317,332,316,332
352,335,351,336,350,337,349,337,348,338,347,339,346,339,345,340,344,341,343,341,342,342,341,343,340,343,339,344,338,345,337,346,336,346,335,347,334,348,334,349,333,350,333,351,334,352,334,353,334,354,335,355,336,355,337,356,338,356,339,356,340,356,341,356,342,356,343,356,344,355,345,355,346,354,347,353,348,353,349,352,350,352,351,351,352,350,353,349,354,348,354,347,355,346,355,345,355,344,356,343,356,342,356,341,356,340,356,339,355,338,354,337,353,336
283,341,282,342,281,342,280,343,280,344,280,345,280,346,280,347,281,348,281,349,282,350,283,350,284,351,285,351,286,351,287,351,288,350,289,350,290,350,291,349,292,348,292,347,293,346,293,345,293,344,293,343,292,342,291,341,290,341,289,341,288,341,287,341,286,341,285,341,284,341
357,363,356,364,355,364,354,364,353,365,352,366,351,366,350,367,349,368,349,369,348,370,348,371,347,372,347,373,347,374,348,375,349,376,350,376,351,376,352,376,353,376,354,376,355,376,356,376,357,376,358,376,359,376,360,376,361,375,362,374,363,373,364,372,365,371,366,370,366,369,367,368,368,367,367,366,367,365,367,364,366,363,365,363,364,363,363,363,362,363,361,363,360,363,359,363,358,363
369,367,368,368,367,369,367,370,366,371,365,372,364,373,363,374,362,375,361,376,360,377,361,378,360,379,360,380,360,381,360,382,361,383,361,384,362,385,362,386,363,387,364,386,365,386,366,386,367,385,368,385,369,385,370,384,371,384,372,383,373,383,374,383,375,383,376,382,377,382,378,382,379,382,380,381,381,381,382,381,383,381,384,381,385,380,386,380,386,379,387,378,387,377,387,376,387,375,387,374,386,373,386,372,385,371,384,370,383,370,382,369,381,369,380,368,379,368,378,368,377,367,376,367,375,367,374,367,373,367,372,367,371,367,370,367
385,381,384,382,383,382,382,382,381,382,380,382,379,383,378,383,377,383,376,383,375,384,374,384,373,384,372,384,371,385,370,385,369,386,368,386,367,386,366,387,365,387,364,387,363,388,363,389,362,390,362,391,361,392,361,393,360,394,360,395,359,396,359,397,358,398,359,399,359,400,360,400,361,400,362,401,363,401,364,401,365,400,366,400,367,400,368,399,369,399,370,399,371,399,372,399,373,399,374,399,375,399,376,398,377,398,378,398,379,398,380,399,381,399,382,399,383,398,384,397,385,396,386,395,387,394,388,393,388,392,389,391,389,390,389,389,389,388,389,387,389,386,389,385,388,384,387,383,386,382
376,399,375,400,374,400,373,400,372,400,371,400,370,400,369,400,368,400,367,401,366,401,365,401,366,402,366,403,366,404,366,405,366,406,366,407,366,408,366,409,367,410,368,411,369,412,370,412,371,412,372,412,373,412,374,412,375,411,376,411,377,411,378,410,379,410,380,410,381,409,381,408,382,407,382,406,383,405,383,404,383,403,383,402,382,401,381,400,380,400,379,399,378,399,377,399
378,436,377,437,376,437,375,437,374,438,373,438,372,438,371,438,370,439,369,439,368,440,367,441,367,442,367,443,367,444,367,445,368,446,369,447,370,448,371,448,372,448,373,449,374,449,375,449,376,449,377,449,378,449,379,449,380,449,381,449,382,449,383,448,384,448,385,447,386,446,387,446,388,445,388,444,388,443,389,442,389,441,389,440,388,439,387,438,386,438,385,437,384,437,383,437,382,437,381,436,380,436,379,436
371,450,370,451,369,451,368,452,367,452,366,453,366,454,366,455,365,456,365,457,365,458,365,459,364,460,364,461,364,462,365,463,365,464,365,465,366,466,366,467,367,467,368,468,369,469,370,469,371,469,372,469,373,469,374,470,375,470,376,470,377,470,378,470,379,470,380,469,381,469,382,469,383,468,384,468,385,467,386,466,387,466,388,465,389,464,389,463,389,462,389,461,389,460,389,459,389,458,389,457,388,456,388,455,387,454,386,453,385,452,384,452,383,451,382,450,381,450,380,450,379,450,378,450,377,450,376,450,375,450,374,450,373,450,372,450
403,457,402,458,401,458,400,458,399,459,398,459,397,460,396,460,395,460,394,461,393,461,392,462,391,463,390,463,390,464,389,465,389,466,389,467,389,468,389,469,389,470,389,471,389,472,389,473,390,474,390,475,391,476,392,477,393,478,394,479,395,479,396,480,397,480,398,481,399,481,400,480,401,480,402,480,403,479,404,479,405,479,406,479,406,478,407,477,408,477,409,476,409,475,410,474,410,473,410,472,410,471,410,470,410,469,410,468,410,467,410,466,410,465,410,464,410,463,409,462,409,461,408,460,407,459,406,458,405,458,404,458
335,463,334,464,333,464,332,465,331,465,330,466,329,467,328,468,327,469,326,470,326,471,325,472,325,473,325,474,325,475,324,476,324,477,324,478,324,479,324,480,325,481,325,482,326,483,326,484,327,485,328,486,329,487,330,488,331,489,332,489,333,490,334,491,335,491,336,491,337,491,338,490,339,490,340,490,341,489,342,490,343,489,344,488,345,487,346,486,347,485,348,484,348,483,348,482,348,481,348,480,349,479,349,478,348,477,348,476,347,475,347,474,346,473,346,472,346,471,346,470,345,469,345,468,344,467,343,466,342,465,341,464,340,464,339,463,338,463,337,463,336,463
429,467,428,468,427,468,426,469,425,469,424,470,423,471,423,472,422,473,421,474,421,475,420,476,420,477,420,478,420,479,420,480,420,481,420,482,420,483,421,484,421,485,422,486,422,487,423,488,424,489,425,489,426,490,427,490,428,491,429,491,430,492,431,492,432,492,433,492,434,493,435,493,436,493,437,493,438,493,439,493,440,492,441,492,442,492,443,491,444,491,445,490,446,490,446,489,447,488,448,487,448,486,448,485,448,484,448,483,448,482,447,481,447,480,447,479,447,478,446,477,446,476,445,475,445,474,444,473,444,472,443,471,442,470,441,469,440,469,439,468,438,468,437,468,436,467,435,467,434,467,433,467,432,467,431,467,430,467
355,481,354,482,353,482,352,483,351,483,350,484,349,484,348,485,347,486,346,487,345,488,344,489,343,490,343,491,343,492,342,493,343,494,342,495,342,496,342,497,342,498,342,499,343,500,343,501,343,502,343,503,342,504,343,505,343,506,343,507,343,508,344,509,344,510,345,510,346,511,347,511,348,511,349,511,350,511,351,511,352,511,353,511,354,511,355,511,356,511,357,511,358,511,359,511,360,511,361,511,362,511,363,511,364,511,365,511,366,511,367,511,368,511,369,511,370,511,371,510,372,510,373,509,374,508,375,507,375,506,376,505,376,504,376,503,376,502,376,501,377,500,376,499,376,498,376,497,376,496,376,495,376,494,376,493,375,492,375,491,374,490,374,489,374,488,373,487,372,487,371,486,370,485,369,484,368,483,367,483,366,482,365,482,364,481,363,481,362,481,361,481,360,481,359,481,358,481,357,481,356,481
412,489,411,490,410,490,409,490,408,491,407,492,407,493,406,494,405,495,404,496,404,497,403,498,402,499,402,500,401,501,401,502,401,503,402,504,402,505,403,506,404,506,405,507,405,508,406,508,407,509,408,510,409,510,410,510,411,510,412,510,413,510,414,510,415,510,416,510,417,510,418,510,419,510,420,509,421,509,422,509,423,508,424,507,424,506,424,505,424,504,425,503,425,502,425,501,425,500,425,499,424,498,424,497,423,496,422,495,421,494,420,493,420,492,419,491,418,491,417,490,416,490,415,489,414,489,413,489
323,492,322,493,321,493,320,493,319,494,318,495,317,495,316,496,315,497,315,498,314,499,314,500,314,501,314,502,314,503,314,504,314,505,314,506,314,507,314,508,315,509,315,510,316,511,317,511,318,511,319,511,320,511,321,511,322,511,323,511,324,511,325,511,326,511,327,511,328,511,329,511,330,511,331,511,332,511,333,511,334,511,335,511,336,510,337,510,338,509,339,508,339,507,340,506,340,505,340,504,340,503,340,502,339,501,339,500,338,499,338,498,337,497,336,496,335,495,334,494,333,494,332,494,331,493,330,493,329,493,328,493,327,492,326,492,325,492,324,492
454,496,453,497,452,498,452,499,452,500,452,501,451,502,451,503,451,504,451,505,451,506,450,507,451,508,451,509,451,510,452,510,453,511,454,511,455,511,456,511,457,511,458,511,459,511,460,511,461,511,462,511,463,511,464,510,465,510,465,509,466,508,466,507,466,506,466,505,466,504,466,503,465,502,465,501,465,500,464,500,463,499,462,499,461,498,460,497,459,497,458,497,457,497,456,496,455,496
