163,40,162,41,161,42,161,43,160,44,160,45,159,46,159,47,159,48,159,49,160,50,160,51,161,52,162,53,163,54,164,55,165,55,166,55,167,55,168,55,169,54,170,54,171,53,172,53,173,52,173,51,174,50,174,49,174,48,174,47,174,46,173,45,173,44,173,43,172,42,171,41,170,41,169,40,168,40,167,40,166,40,165,40,164,40
59,59,58,60,57,60,56,60,55,61,54,61,53,62,52,63,52,64,52,65,52,66,52,67,51,68,51,69,52,70,52,71,52,72,53,73,53,74,54,75,54,76,55,77,56,77,57,78,58,79,59,79,60,79,61,79,62,78,63,78,64,77,65,77,66,76,66,75,67,74,68,73,68,72,68,71,69,70,69,69,69,68,69,67,69,66,68,65,68,64,68,63,67,62,66,61,65,61,64,60,63,60,62,59,61,59,60,59
111,79,110,80,109,80,108,81,107,82,106,83,105,84,105,85,105,86,105,87,105,88,105,89,105,90,105,91,106,92,107,92,108,92,109,91,110,91,111,90,112,89,113,89,114,88,115,87,116,87,117,86,118,85,117,84,117,83,117,82,117,81,116,80,115,80,114,79,113,79,112,79
128,82,127,83,126,83,125,84,124,84,123,85,122,86,122,87,122,88,123,89,123,90,123,91,123,92,124,93,124,94,124,95,125,96,125,97,126,97,127,97,128,97,129,96,130,96,131,95,132,94,133,93,134,92,135,91,136,90,136,89,137,88,137,87,138,86,138,85,138,84,137,84,136,83,135,83,134,82,133,82,132,82,131,82,130,82,129,82
139,84,139,85,139,86,138,87,138,88,137,89,137,90,136,91,135,92,134,93,133,94,132,95,131,96,130,97,129,97,128,98,127,98,126,98,126,99,127,100,127,101,127,102,127,103,127,104,127,105,128,106,128,107,128,108,128,109,129,110,129,111,130,112,130,113,131,114,131,115,132,116,133,117,134,118,135,119,136,120,137,120,138,121,139,121,140,122,141,122,142,122,143,122,144,122,145,121,146,121,147,120,148,120,149,119,150,118,151,117,151,116,152,115,152,114,153,113,153,112,153,111,154,110,154,109,154,108,154,107,154,106,154,105,154,104,154,103,154,102,154,101,154,100,153,99,153,98,153,97,153,96,153,95,153,94,153,93,153,92,153,91,152,90,152,89,151,88,151,87,150,86,149,85,148,85,147,84,146,84,145,84,144,84,143,84,142,84,141,84,140,84
118,86,117,87,116,88,115,88,114,89,113,90,112,90,111,91,110,92,109,92,108,93,107,93,108,94,108,95,107,96,107,97,107,98,107,99,107,100,107,101,107,102,107,103,108,104,109,105,110,105,111,106,112,106,113,106,114,105,115,105,116,104,117,103,118,103,119,102,120,101,121,100,122,99,123,98,124,97,124,96,123,95,123,94,123,93,122,92,122,91,122,90,122,89,121,88,121,87,121,86,120,86,119,86
166,91,165,92,164,93,163,94,163,95,162,96,162,97,161,98,161,99,161,100,161,101,161,102,161,103,162,104,162,105,162,106,162,107,162,108,162,109,162,110,163,111,163,112,164,113,165,114,165,115,166,116,166,117,166,118,167,119,168,120,169,121,170,121,171,122,172,123,171,124,172,124,173,124,174,125,175,125,176,124,177,124,178,123,179,122,180,122,181,122,182,122,182,121,183,120,183,119,184,118,185,119,186,118,186,117,186,116,186,115,187,114,187,113,187,112,188,111,188,110,189,109,189,108,190,107,190,106,191,105,191,104,192,103,192,102,192,101,191,100,191,99,190,98,189,97,188,96,187,96,186,95,185,94,184,94,183,94,182,93,181,93,180,93,179,92,178,92,177,92,176,92,175,91,174,91,173,91,172,91,171,91,170,91,169,91,168,91,167,91
198,101,197,102,196,102,195,102,194,103,193,103,192,104,192,105,191,106,191,107,190,108,190,109,189,110,189,111,188,112,188,113,188,114,187,115,187,116,187,117,187,118,186,119,186,120,187,121,188,122,188,123,189,124,189,125,190,125,191,126,192,127,193,127,194,128,195,128,196,128,197,128,198,128,199,128,200,128,201,127,202,127,203,127,204,127,205,126,206,126,207,126,208,126,209,125,210,124,211,124,212,123,212,122,213,121,213,120,213,119,213,118,213,117,213,116,213,115,213,114,213,113,213,112,213,111,212,110,212,109,212,108,211,107,210,106,209,105,208,104,207,104,206,103,205,103,204,102,203,102,202,102,201,102,200,101,199,101
109,117,108,118,107,118,106,119,106,120,105,121,104,122,104,123,104,124,104,125,103,126,103,127,103,128,104,129,104,130,104,131,105,132,105,133,105,134,106,135,107,136,108,137,109,138,110,138,111,138,112,137,113,137,114,136,115,136,116,135,117,135,118,134,119,134,120,133,121,133,122,132,123,132,124,131,125,130,125,129,125,128,124,127,123,126,122,125,121,124,120,123,119,122,118,121,117,121,116,120,115,119,114,118,113,118,112,117,111,117,110,117
223,118,222,119,221,119,220,119,219,119,218,120,217,121,216,122,215,123,214,124,214,125,213,126,213,127,212,128,212,129,211,130,211,131,211,132,210,133,210,134,210,135,210,136,210,137,210,138,210,139,210,140,210,141,210,142,211,143,211,144,212,145,213,145,214,145,215,145,216,145,217,146,218,146,219,146,220,146,221,146,222,146,223,147,224,147,225,147,226,146,227,146,228,146,229,145,230,144,231,144,232,143,233,142,234,141,235,140,235,139,235,138,235,137,235,136,235,135,235,134,235,133,235,132,235,131,235,130,235,129,235,128,235,127,235,126,234,125,234,124,233,123,232,122,231,121,230,120,229,119,228,119,227,118,226,118,225,118,224,118
241,122,240,123,239,123,238,124,237,125,237,126,236,127,236,128,236,129,236,130,236,131,236,132,236,133,236,134,236,135,236,136,236,137,236,138,236,139,236,140,237,141,238,141,239,141,240,141,241,141,242,141,243,141,244,141,245,140,246,140,247,140,248,140,249,140,250,139,251,139,251,138,252,137,252,136,253,135,253,134,253,133,253,132,253,131,253,130,252,129,252,128,251,127,250,126,249,125,248,125,247,124,246,124,245,123,244,122,243,122,242,122
175,129,174,130,173,130,172,130,171,131,170,131,169,131,168,132,167,132,166,133,165,134,164,134,164,135,163,136,163,137,162,138,162,139,161,140,161,141,160,142,160,143,159,144,159,145,159,146,159,147,160,148,160,149,160,150,160,151,161,152,161,153,162,154,163,155,163,156,164,157,165,158,166,158,167,158,168,159,169,159,170,159,171,160,172,160,173,160,174,161,175,161,176,161,177,161,178,161,179,161,180,161,181,161,182,161,183,161,184,160,185,160,186,160,187,159,188,159,189,158,190,157,191,156,192,155,192,154,193,153,193,152,194,151,194,150,194,149,195,148,195,147,195,146,195,145,194,144,194,143,194,142,193,141,193,140,193,139,192,138,192,137,191,136,191,135,190,134,189,133,189,132,188,132,187,131,186,131,185,131,184,130,183,130,182,130,181,130,180,130,179,130,178,130,177,130,176,129
126,130,125,131,124,132,123,133,122,133,121,134,120,134,119,135,118,135,117,136,116,136,115,137,114,137,113,138,112,138,111,139,110,139,111,140,111,141,111,142,111,143,111,144,111,145,111,146,112,147,112,148,112,149,112,150,112,151,112,152,113,153,113,154,113,155,113,156,113,157,114,158,113,159,113,160,113,161,113,162,113,163,113,164,113,165,114,166,114,167,114,168,114,169,115,170,115,171,115,172,116,173,116,174,116,175,117,176,118,177,119,178,120,179,121,179,122,179,123,179,124,179,125,178,126,177,127,176,128,175,128,174,129,173,129,172,130,171,130,170,130,169,130,168,130,167,130,166,130,165,129,164,129,163,129,162,129,161,129,160,128,159,128,158,128,157,128,156,128,155,129,154,129,153,129,152,129,151,129,150,130,149,130,148,131,147,131,146,132,145,133,144,133,143,134,142,134,141,134,140,133,139,132,138,132,137,132,136,131,135,131,134,130,133,129,132,128,132,127,131
245,141,244,142,243,142,242,142,241,143,240,144,239,144,238,145,237,146,236,147,236,148,235,149,235,150,235,151,235,152,235,153,235,154,235,155,236,156,237,157,238,158,238,159,239,160,240,160,241,161,242,162,243,162,244,163,245,163,246,163,247,163,248,163,249,162,250,162,251,162,252,161,253,160,253,159,254,158,254,157,254,156,255,155,255,154,255,153,255,152,255,151,255,150,255,149,255,148,255,147,255,146,254,145,254,144,253,144,252,143,252,142,251,142,250,142,249,141,248,141,247,141,246,141
101,142,100,143,99,143,98,144,97,144,96,145,96,146,95,147,94,148,94,149,94,150,94,151,94,152,95,153,95,154,96,154,97,155,98,156,99,156,100,156,101,156,102,156,103,155,104,155,105,154,106,154,107,153,107,152,108,151,108,150,109,149,109,148,109,147,108,146,108,145,107,144,106,143,105,143,104,142,103,142,102,142
264,146,263,147,262,147,261,148,260,149,259,150,258,151,258,152,258,153,258,154,258,155,257,156,257,157,258,158,258,159,259,160,259,161,259,162,259,163,260,164,260,165,260,166,261,167,261,168,262,169,263,170,264,171,265,171,266,171,267,171,268,171,269,171,270,171,271,171,272,170,273,169,274,168,275,167,275,166,276,165,276,164,277,163,276,162,276,161,276,160,276,159,276,158,276,157,276,156,276,155,276,154,275,153,275,152,274,151,274,150,273,149,272,148,271,148,270,147,269,147,268,146,267,146,266,146,265,146
210,155,209,156,208,157,207,157,206,158,205,158,204,159,203,160,202,161,201,161,201,162,201,163,201,164,201,165,201,166,201,167,201,168,201,169,202,170,202,171,203,172,203,173,204,174,205,175,206,176,206,177,207,177,208,178,209,178,210,177,211,177,212,177,213,176,214,176,215,175,216,174,217,173,218,173,219,172,219,171,220,170,221,169,221,168,221,167,221,166,221,165,221,164,221,163,221,162,221,161,221,160,221,159,220,158,219,157,218,156,217,156,216,155,215,155,214,155,213,155,212,155,211,155
142,159,141,160,140,160,139,161,138,162,137,163,136,164,135,164,134,165,133,166,132,167,132,168,133,169,134,170,134,171,134,172,135,173,136,174,136,175,137,176,138,176,139,176,140,177,141,177,142,178,143,178,144,178,145,179,146,179,147,179,148,180,149,180,150,180,151,180,152,179,153,179,154,179,155,178,156,178,157,177,158,177,159,177,160,177,161,176,162,176,163,175,164,174,165,173,166,172,166,171,167,170,167,169,168,168,168,167,167,166,167,165,167,164,166,163,165,162,164,162,163,161,162,161,161,161,160,161,159,161,158,161,157,160,156,161,155,161,154,161,153,161,152,161,151,161,150,161,149,161,148,161,147,161,146,160,145,159,144,159,143,159
194,159,193,160,192,160,191,161,190,161,189,162,188,163,187,164,186,164,186,165,185,166,184,167,183,168,182,169,182,170,181,171,181,172,181,173,181,174,181,175,181,176,181,177,181,178,181,179,181,180,181,181,182,182,182,183,183,184,184,185,185,186,186,187,186,188,187,189,187,190,188,191,189,191,190,191,191,191,192,192,193,193,194,193,195,193,196,193,197,193,198,193,199,193,200,193,201,193,202,193,203,192,204,192,205,191,206,190,207,189,208,188,208,187,208,186,208,185,208,184,208,183,208,182,208,181,208,180,208,179,207,178,206,178,205,177,205,176,204,175,203,174,202,173,202,172,201,171,201,170,200,169,200,168,200,167,200,166,200,165,200,164,200,163,200,162,200,161,199,160,198,159,197,159,196,159,195,159
279,162,278,163,277,164,277,165,276,166,276,167,275,168,274,169,273,170,272,171,272,172,272,173,272,174,272,175,271,176,270,177,270,178,269,179,269,180,269,181,269,182,269,183,269,184,269,185,268,186,268,187,268,188,268,189,267,190,267,191,266,192,265,193,265,194,264,195,265,196,265,197,266,198,266,199,267,199,268,200,267,201,266,201,267,201,268,201,269,201,270,200,271,200,272,199,273,198,274,197,275,196,276,195,277,194,278,193,279,192,280,191,281,190,282,189,283,189,284,188,285,187,286,186,286,185,287,184,288,183,289,182,289,181,288,180,288,179,288,178,289,177,289,176,289,175,289,174,289,173,288,172,288,171,288,170,288,169,287,168,287,167,287,166,286,165,285,164,284,163,283,163,282,162,281,162,280,162
230,166,229,167,228,167,227,167,226,168,225,168,224,169,223,170,222,171,222,172,221,173,221,174,220,175,220,176,219,177,218,178,217,179,216,180,216,181,215,182,215,183,215,184,214,185,214,186,214,187,214,188,214,189,215,190,215,191,216,192,217,192,218,193,219,194,220,194,221,195,222,196,223,196,224,196,225,196,226,196,227,196,228,196,229,196,230,196,231,197,232,196,233,195,234,194,234,193,234,192,234,191,235,190,235,189,236,188,236,187,237,186,238,185,238,184,239,183,239,182,239,181,240,180,240,179,240,178,240,177,240,176,240,175,240,174,240,173,240,172,239,171,239,170,238,169,237,168,236,167,235,167,234,166,233,166,232,166,231,166
260,172,259,173,258,173,257,173,256,173,255,173,254,173,253,174,252,175,251,176,250,177,250,178,250,179,249,180,249,181,249,182,248,183,248,184,248,185,247,186,247,187,246,188,246,189,246,190,246,191,246,192,246,193,246,194,246,195,247,196,248,197,249,197,250,198,251,198,252,198,253,198,254,198,255,198,256,198,257,197,258,197,259,196,260,196,261,195,262,195,263,194,264,194,264,193,265,192,266,191,266,190,267,189,267,188,267,187,267,186,268,185,268,184,268,183,268,182,268,181,268,180,267,179,267,178,266,177,265,176,264,175,263,174,262,173,261,173
136,176,135,177,134,177,133,177,132,178,131,178,130,179,129,179,128,180,127,181,126,182,125,183,124,184,124,185,124,186,124,187,123,188,123,189,123,190,123,191,122,192,122,193,122,194,122,195,123,196,123,197,123,198,124,199,124,200,125,201,125,202,126,203,127,204,128,204,129,205,130,205,131,205,132,206,133,206,134,206,135,207,136,207,137,207,138,207,139,206,140,206,141,205,142,205,143,204,144,204,145,204,146,203,147,203,148,203,149,203,150,202,150,201,150,200,151,199,151,198,151,197,152,196,152,195,152,194,153,193,154,192,154,191,153,190,153,189,153,188,153,187,152,186,152,185,151,184,150,183,149,182,149,181,148,181,147,180,146,180,145,180,144,179,143,179,142,179,141,178,140,178,139,177,138,177,137,177
163,176,163,177,162,178,161,178,160,178,159,179,158,180,157,181,156,182,156,183,156,184,155,185,155,186,154,187,154,188,154,189,154,190,155,191,156,192,157,193,158,194,159,194,160,195,161,195,162,195,163,196,164,196,165,197,166,197,167,197,168,198,169,198,170,199,171,200,172,200,173,200,174,200,175,200,176,201,177,201,178,201,179,201,180,201,181,201,182,200,182,199,183,198,183,197,183,196,183,195,183,194,183,193,183,192,183,191,183,190,183,189,183,188,183,187,183,186,182,185,182,184,181,183,181,182,180,181,180,180,179,180,178,179,177,178,176,178,175,177,174,177,173,177,172,177,171,177,170,177,169,177,168,176,167,176,166,176,165,176,164,176
291,183,291,184,291,185,291,186,292,187,292,188,292,189,292,190,291,191,291,192,291,193,291,194,292,195,292,196,292,197,292,198,293,199,293,200,293,201,294,202,294,203,295,204,296,205,296,206,297,207,297,208,298,209,298,210,299,211,299,212,299,213,300,214,300,215,300,216,300,217,301,218,302,218,303,218,304,219,305,218,306,218,307,217,308,216,309,215,310,214,311,213,311,212,312,211,312,210,312,209,313,208,313,207,313,206,313,205,312,204,312,203,312,202,312,201,311,200,311,199,310,198,310,197,309,196,308,195,308,194,307,194,306,193,305,192,304,191,303,191,302,190,301,189,300,188,299,189,298,189,297,189,296,188,295,188,294,188,293,187,292,186,291,185,291,184
215,192,214,193,213,193,212,193,211,194,210,194,209,195,208,196,207,197,206,198,205,199,204,200,203,201,202,202,201,203,200,204,199,205,198,206,198,207,197,208,197,209,197,210,198,211,198,212,199,213,200,214,201,215,202,215,203,216,204,216,205,216,206,216,207,216,208,216,209,216,210,215,211,215,212,215,213,215,214,215,215,215,216,214,217,214,218,214,219,213,219,212,220,211,221,210,221,209,222,208,223,207,223,206,223,205,224,204,224,203,223,202,223,201,223,200,223,199,222,198,222,197,221,196,220,195,219,195,218,194,217,193,216,193
163,197,162,198,161,198,160,198,159,199,158,199,157,199,156,200,155,200,154,201,153,202,152,203,151,202,150,203,150,204,150,205,150,206,150,207,151,208,151,209,151,210,152,211,152,212,153,213,154,214,155,215,156,215,157,215,158,215,159,215,160,215,161,214,162,214,163,213,164,213,165,213,166,212,167,212,168,211,169,210,170,209,171,208,171,207,171,206,171,205,171,204,172,203,172,202,172,201,171,201,170,200,169,199,168,199,167,198,166,198,165,198,164,197
266,203,266,204,266,205,266,206,266,207,266,208,265,209,264,210,264,211,263,212,262,213,261,213,260,214,259,215,259,216,258,217,257,218,257,219,256,220,256,221,255,222,255,223,255,224,256,225,257,225,258,226,259,227,260,227,261,228,262,228,263,228,264,228,265,228,266,228,267,229,268,228,269,228,270,229,271,229,272,228,273,228,274,228,275,228,276,228,277,228,278,228,279,227,280,227,281,227,281,226,281,225,281,224,281,223,280,222,280,221,279,220,279,219,278,218,278,217,277,216,276,215,275,214,274,213,273,212,272,211,271,210,270,209,269,208,268,207,267,206,267,205,266,204
146,204,145,205,144,205,143,205,142,206,141,206,140,207,139,207,138,208,137,208,137,209,137,210,137,211,137,212,138,213,138,214,138,215,138,216,138,217,138,218,138,219,139,220,139,221,139,222,140,223,140,224,141,225,141,226,142,227,143,228,143,229,144,229,145,230,146,230,147,230,148,231,149,231,150,231,151,231,152,231,153,231,154,231,155,231,155,230,155,229,156,228,157,228,157,227,157,226,156,225,156,224,156,223,156,222,156,221,156,220,156,219,156,218,155,217,154,216,154,215,153,214,152,213,151,212,151,211,150,210,150,209,150,208,149,207,149,206,149,205,149,204,148,204,147,204
187,204,186,205,185,205,184,205,183,205,182,206,181,206,180,207,179,207,178,208,177,209,176,210,175,211,174,212,174,213,174,214,174,215,174,216,174,217,174,218,174,219,174,220,174,221,174,222,174,223,174,224,174,225,174,226,174,227,175,228,176,229,177,230,178,231,178,232,179,233,180,234,180,235,181,236,182,236,183,236,184,237,185,236,186,236,187,237,188,237,189,236,190,236,191,236,192,237,193,236,194,235,195,234,196,233,197,233,198,232,199,232,200,231,201,231,202,231,203,231,204,231,205,230,206,230,206,229,206,228,207,227,207,226,207,225,207,224,207,223,207,222,207,221,207,220,206,220,205,219,204,218,203,218,202,218,201,217,201,216,200,216,199,215,199,214,198,213,197,212,197,211,196,210,196,209,195,208,194,207,193,206,192,205,191,205,190,205,189,204,188,204
117,211,116,212,115,212,114,213,114,214,113,215,113,216,113,217,112,218,112,219,112,220,112,221,112,222,112,223,113,224,113,225,113,226,114,227,115,228,116,228,117,228,118,228,119,229,120,229,121,229,122,229,123,229,124,228,125,228,126,227,127,226,128,225,128,224,129,223,129,222,129,221,130,220,129,219,129,218,129,217,128,216,128,215,127,214,126,213,125,213,124,212,123,212,122,211,121,211,120,211,119,211,118,211
220,213,219,214,218,215,217,215,217,216,216,217,216,218,215,219,215,220,215,221,215,222,215,223,215,224,215,225,216,226,216,227,217,228,217,229,217,230,218,231,218,232,219,233,219,234,220,235,221,236,222,237,223,238,224,238,225,238,226,238,227,237,228,237,229,236,230,235,231,234,231,233,231,232,231,231,231,230,231,229,231,228,231,227,230,226,230,225,230,224,230,223,230,222,229,221,229,220,229,219,229,218,228,217,228,216,227,215,226,214,225,213,224,213,223,213,222,213,221,213
312,218,311,219,310,219,309,219,308,220,307,220,306,221,305,222,305,223,304,224,303,225,302,225,302,226,301,227,300,227,299,228,298,227,297,227,297,228,296,229,295,229,294,230,294,231,294,232,293,233,292,234,292,235,293,236,294,237,295,238,295,239,296,240,296,241,297,242,298,243,299,242,300,242,301,241,302,241,303,241,304,241,305,241,306,241,307,241,308,241,309,241,310,241,311,241,312,241,313,240,314,240,314,239,315,238,316,237,316,236,317,235,318,234,319,233,319,232,320,231,320,230,321,229,321,228,321,227,322,226,322,225,322,224,322,223,322,222,321,221,321,220,320,219,319,219,318,218,317,218,316,218,315,218,314,218,313,218
167,226,166,227,165,227,164,227,163,228,162,228,161,229,160,230,159,230,158,230,158,231,157,232,156,233,155,234,155,235,155,236,155,237,154,238,154,239,154,240,154,241,154,242,154,243,155,244,156,245,157,246,158,247,159,247,160,247,161,248,162,248,163,248,164,248,165,249,166,248,167,248,168,247,169,247,170,247,171,246,172,246,173,245,174,245,175,244,175,243,175,242,176,241,177,240,178,239,179,238,180,238,180,237,180,236,179,235,179,234,178,233,177,232,177,231,176,230,175,229,174,228,173,228,172,227,171,227,170,227,169,227,168,227
205,231,204,232,203,232,202,232,201,232,200,232,199,233,198,233,197,234,196,234,195,235,194,236,193,237,192,238,191,238,192,239,193,240,193,241,194,242,195,243,196,244,196,245,197,246,198,247,198,248,199,249,200,250,200,251,201,252,202,253,202,254,203,255,204,256,204,257,205,258,206,259,207,259,208,259,209,259,210,259,211,259,212,259,213,259,214,259,215,258,216,257,217,257,218,256,219,255,220,254,221,254,221,253,222,252,222,251,223,250,223,249,223,248,223,247,224,246,224,245,224,244,223,243,223,242,222,242,221,241,220,241,219,240,218,239,217,239,216,238,215,237,214,236,213,236,212,235,211,234,210,234,209,233,208,233,207,232,206,231
265,232,264,233,263,233,262,233,261,233,260,233,259,234,258,234,257,234,256,234,255,235,254,236,253,236,252,237,252,238,251,239,251,240,251,241,251,242,252,243,252,244,252,245,252,246,253,246,254,247,255,248,256,248,257,249,258,250,259,251,260,252,261,253,262,254,263,254,264,254,265,254,266,254,267,254,268,253,269,252,270,251,271,251,272,250,273,249,274,248,275,248,276,247,277,246,278,245,279,244,279,243,279,242,280,241,280,240,280,239,280,238,279,237,279,236,278,235,277,234,276,234,275,234,274,233,273,233,272,233,271,233,270,233,269,233,268,233,267,232,266,232
190,238,189,239,188,239,187,239,186,239,185,240,185,241,184,242,183,242,182,242,181,243,180,244,179,244,178,244,177,245,176,245,175,245,174,246,173,246,172,247,171,247,170,248,169,248,168,248,167,249,166,249,165,250,165,251,164,252,164,253,164,254,164,255,164,256,164,257,164,258,164,259,164,260,165,261,165,262,165,263,166,264,166,265,167,266,168,267,168,268,169,269,169,270,170,271,171,272,172,273,173,273,174,274,175,274,176,275,177,275,178,276,179,277,180,277,181,276,182,275,183,274,184,274,185,273,186,273,187,272,188,272,189,271,190,271,191,271,192,270,193,270,194,269,195,269,196,269,197,269,198,268,199,268,200,267,201,267,202,266,203,265,203,264,203,263,204,262,204,261,204,260,204,259,204,258,203,257,203,256,202,255,201,254,201,253,200,252,199,251,199,250,198,249,197,248,197,247,196,246,195,245,195,244,194,243,193,242,192,241,192,240,191,239
313,241,312,242,311,242,310,242,309,243,308,244,307,244,306,245,305,246,304,246,303,247,302,248,301,249,300,250,299,251,298,252,297,253,296,253,295,254,294,255,293,256,292,257,292,258,291,259,291,260,291,261,290,262,290,263,290,264,291,265,291,266,292,267,293,267,294,267,295,267,296,268,297,268,298,267,299,267,300,267,301,267,302,266,303,265,304,265,305,264,306,263,307,263,308,262,309,261,310,260,310,259,310,258,311,257,312,256,313,255,313,254,314,253,314,252,315,251,315,250,316,249,316,248,317,247,317,246,317,245,316,244,316,243,315,242,314,241
333,242,332,243,331,243,330,244,329,245,329,246,328,247,328,248,328,249,327,250,326,251,326,252,326,253,327,254,327,255,327,256,328,257,329,257,330,258,331,259,332,259,333,260,334,261,335,261,336,261,337,261,338,261,339,261,340,261,341,261,342,261,343,261,344,260,345,259,346,258,346,257,347,256,347,255,347,254,347,253,348,252,347,251,347,250,347,249,347,248,346,247,346,246,345,245,344,244,343,244,342,243,341,243,340,242,339,242,338,242,337,242,336,242,335,242,334,242
280,244,279,245,278,246,277,247,276,248,275,249,274,249,273,250,272,251,271,252,270,252,269,253,268,254,267,255,267,256,266,257,266,258,265,259,265,260,264,261,264,262,264,263,263,264,264,265,264,266,264,267,264,268,265,269,265,270,265,271,265,272,266,273,267,274,268,275,269,275,270,276,271,276,272,276,273,275,274,275,275,275,276,274,277,274,278,274,279,273,280,272,281,271,282,271,283,270,284,269,285,268,286,267,287,266,288,265,289,264,289,263,289,262,290,261,290,260,290,259,290,258,290,257,290,256,290,255,289,254,289,253,288,252,288,251,288,250,287,249,286,249,285,249,284,248,283,248,282,247,281,246,280,245
245,247,244,248,243,248,242,249,241,250,240,251,239,252,238,253,238,254,238,255,237,256,238,257,238,258,238,259,238,260,238,261,239,262,240,263,240,264,241,264,242,265,243,266,244,267,245,267,246,267,247,268,248,268,249,268,250,268,251,268,252,268,253,267,254,267,255,267,256,267,257,266,258,266,259,265,259,264,260,263,261,262,261,261,261,260,261,259,262,258,262,257,261,256,262,255,261,254,260,253,259,252,258,251,257,250,256,249,255,249,254,248,253,247,252,247,251,247,250,247,249,247,248,247,247,247,246,247
322,252,321,253,320,254,320,255,319,256,318,256,317,256,316,257,315,258,314,259,313,259,312,260,311,260,310,261,309,262,308,263,307,264,306,264,305,265,304,266,303,266,302,267,302,268,301,269,300,269,300,270,299,271,299,272,299,273,299,274,299,275,299,276,299,277,299,278,300,279,299,280,300,281,301,282,302,283,303,284,303,285,304,285,305,286,306,287,307,287,308,287,309,288,310,288,311,288,312,288,313,288,314,287,315,287,316,287,317,287,318,287,319,286,320,285,321,285,322,284,323,283,324,282,325,281,325,280,325,279,326,278,326,277,326,276,326,275,326,274,326,273,327,272,327,271,327,270,327,269,327,268,326,267,327,266,327,265,327,264,327,263,327,262,327,261,327,260,327,259,326,258,327,257,326,256,326,255,326,254,325,253,324,252,323,252
228,259,227,260,226,260,225,260,224,260,223,260,222,260,221,260,220,260,219,261,218,262,217,262,216,263,215,263,215,264,215,265,214,266,214,267,214,268,213,269,213,270,212,271,211,272,211,273,211,274,211,275,211,276,211,277,212,278,212,279,212,280,213,281,214,282,214,283,214,284,215,285,216,285,217,285,218,285,219,286,220,286,221,286,222,286,223,286,224,286,225,286,226,286,227,286,228,286,229,285,230,285,231,285,232,285,233,285,234,285,235,284,236,283,237,283,238,282,239,282,240,281,241,281,242,280,243,279,244,278,245,277,246,276,246,275,245,274,245,273,246,272,245,271,245,270,245,269,244,268,243,267,242,266,241,265,240,265,239,264,238,264,237,263,236,263,235,262,234,262,233,261,232,261,231,260,230,260,229,260
200,268,199,269,198,269,197,270,196,270,195,270,194,270,193,271,192,271,191,272,190,272,189,272,188,273,187,273,186,274,185,274,184,275,183,275,182,276,181,277,180,278,180,279,181,280,181,281,181,282,181,283,182,284,182,285,182,286,183,287,184,288,185,289,186,290,187,291,188,292,189,293,190,294,191,294,192,294,193,295,194,295,195,295,196,295,197,294,198,294,199,293,200,293,201,292,202,291,203,290,204,289,205,288,206,287,206,286,207,285,208,285,209,285,209,284,209,283,210,282,211,281,211,280,211,279,211,278,210,277,210,276,210,275,210,274,210,273,210,272,210,271,209,271,208,270,207,270,206,270,205,270,204,269,203,269,202,269,201,268
255,273,254,274,253,274,252,274,251,274,250,275,249,276,248,276,247,277,246,277,245,278,244,279,243,280,242,281,241,282,240,282,239,283,238,283,237,284,236,284,235,285,234,286,233,287,232,288,231,288,230,288,229,289,228,290,227,291,226,291,225,292,224,293,223,294,222,295,221,295,221,296,220,297,219,298,219,299,218,300,218,301,218,302,218,303,218,304,218,305,219,306,220,307,221,308,222,308,223,308,224,308,225,308,226,307,227,307,228,307,229,306,230,305,231,305,232,304,233,304,233,303,234,302,234,301,235,300,235,299,236,298,237,297,238,296,239,296,240,295,241,294,242,293,243,292,244,291,245,290,246,289,247,288,248,288,249,287,250,286,251,285,252,284,253,283,254,283,255,282,256,281,257,281,257,280,258,279,258,278,258,277,259,276,258,275,258,274,257,274,256,273
288,274,287,275,286,275,285,275,284,276,283,276,282,276,281,277,280,278,279,279,279,280,278,281,278,282,278,283,277,284,277,285,277,286,277,287,277,288,277,289,277,290,277,291,277,292,278,293,278,294,279,295,280,296,280,297,281,298,282,299,283,299,284,300,285,301,286,301,287,301,288,302,289,302,290,302,291,302,292,302,293,302,294,301,295,301,296,301,297,300,298,299,299,299,299,298,300,297,301,296,301,295,302,294,302,293,302,292,302,291,302,290,302,289,301,288,301,287,300,286,300,285,300,284,299,283,299,282,299,281,298,280,297,279,297,278,296,277,295,276,294,275,293,275,292,274,291,274,290,274,289,274
329,281,328,282,327,282,326,282,325,282,324,283,323,284,322,285,321,286,320,286,319,287,318,288,318,289,318,290,318,291,318,292,318,293,318,294,318,295,318,296,318,297,318,298,318,299,319,300,319,301,320,302,320,303,321,304,322,305,322,306,323,306,324,306,325,306,326,306,327,306,328,307,329,307,330,307,331,307,332,307,333,307,334,307,334,306,335,305,336,305,337,304,338,304,339,303,340,302,341,301,342,300,343,299,344,298,344,297,344,296,344,295,344,294,344,293,344,292,344,291,344,290,343,289,343,288,343,287,342,286,341,285,341,284,340,284,339,283,338,282,337,282,336,282,335,281,334,281,333,281,332,281,331,281,330,281
357,281,356,282,355,282,354,282,353,282,352,283,351,284,350,284,350,285,349,286,348,287,348,288,347,289,347,290,346,291,345,292,345,293,345,294,345,295,345,296,345,297,345,298,345,299,345,300,346,301,346,302,347,303,347,304,348,304,349,305,350,305,351,306,352,306,353,306,354,306,355,305,356,305,357,304,358,304,359,303,360,302,361,301,362,300,363,299,364,298,364,297,364,296,365,295,365,294,365,293,365,292,365,291,365,290,365,289,364,288,364,287,364,286,363,285,362,284,361,283,360,282,359,282,358,282
256,282,255,283,254,284,253,284,252,285,251,286,250,287,249,288,248,289,247,289,246,290,245,291,244,292,243,293,242,294,241,295,240,296,239,297,238,297,237,298,236,299,236,300,235,301,235,302,234,303,234,304,234,305,235,306,236,307,237,307,238,308,239,308,240,308,241,307,242,307,243,306,244,306,245,305,246,305,247,304,248,304,249,303,250,302,251,302,252,301,253,301,254,300,255,300,254,299,255,298,256,297,257,296,258,296,259,295,260,294,261,293,262,292,263,291,263,290,264,289,264,288,265,287,265,286,264,285,264,284,263,284,262,283,261,283,260,282,259,282,258,282,257,282
254,301,253,302,252,302,251,303,250,303,249,304,248,305,247,305,246,306,245,306,244,307,243,307,242,308,241,308,240,309,239,309,240,310,239,311,239,312,239,313,238,314,238,315,238,316,238,317,238,318,239,319,240,320,240,321,240,322,241,323,242,323,243,324,244,324,245,324,246,324,247,324,248,324,249,324,250,323,251,323,252,323,253,322,254,321,255,320,256,319,257,318,258,317,258,316,259,315,260,314,261,313,262,312,262,311,263,310,263,309,263,308,263,307,263,306,263,305,262,304,262,303,261,302,260,302,259,301,258,301,257,301,256,301,255,301
291,305,290,306,289,306,288,306,287,307,286,307,285,308,284,309,283,310,282,311,281,312,281,313,281,314,281,315,281,316,281,317,281,318,282,319,282,320,282,321,283,322,283,323,283,324,284,325,284,326,285,327,286,328,287,328,288,329,289,329,290,330,290,331,291,331,292,331,293,331,294,331,295,331,296,331,297,331,298,331,299,330,300,330,301,330,302,329,303,328,304,327,305,327,305,326,306,325,306,324,307,323,307,322,308,321,308,320,308,319,308,318,308,317,308,316,307,315,307,314,307,313,306,312,305,311,304,310,303,309,302,309,301,308,300,308,299,307,298,307,297,306,296,306,295,305,294,305,293,305,292,305
272,307,271,308,270,308,269,308,268,309,267,310,266,310,265,311,264,312,263,312,262,313,261,314,260,315,259,316,259,317,258,318,258,319,258,320,257,321,257,322,257,323,256,324,257,325,257,326,257,327,258,328,259,329,260,329,261,330,262,330,263,331,264,331,265,331,266,331,267,331,268,331,269,330,270,330,271,330,272,329,273,329,274,328,275,327,276,326,277,325,277,324,278,323,279,322,279,321,279,320,280,319,280,318,280,317,280,316,280,315,280,314,280,313,279,313,278,312,278,311,277,310,277,309,276,309,275,308,274,308,273,307
320,307,319,308,318,309,317,310,317,311,316,312,316,313,316,314,316,315,316,316,317,317,317,318,317,319,318,320,318,321,319,322,320,323,321,324,322,324,323,325,324,325,325,326,326,326,327,327,328,327,329,328,330,328,331,329,332,329,333,328,334,327,334,326,335,325,336,324,337,323,338,322,339,321,339,320,340,319,340,318,341,317,341,316,342,315,342,314,342,313,343,312,342,312,341,311,340,311,339,310,338,310,337,309,336,308,335,308,334,308,333,308,332,308,331,308,330,308,329,308,328,308,327,307,326,307,325,307,324,307,323,307,322,307,321,307
350,311,349,312,348,312,347,312,346,312,345,312,344,312,343,313,343,314,343,315,342,316,342,317,341,318,341,319,340,320,340,321,339,322,338,323,337,324,336,325,335,326,335,327,334,328,333,329,333,330,333,331,334,332,334,333,334,334,334,335,335,336,335,337,335,338,335,339,336,340,336,341,336,342,336,343,337,344,337,345,337,346,338,347,338,348,339,348,340,349,341,350,342,350,343,350,344,351,345,351,346,351,347,350,348,350,349,350,350,349,351,349,352,348,353,347,354,346,355,345,356,344,357,343,358,342,358,341,359,340,359,339,359,338,360,337,360,336,360,335,360,334,361,333,361,332,361,331,361,330,361,329,362,328,361,327,362,326,362,325,362,324,362,323,362,322,362,321,362,320,362,319,362,318,362,317,361,316,361,315,360,314,359,313,358,312,357,312,356,312,355,311,354,311,353,311,352,311,351,311
282,332,281,333,280,333,279,333,278,334,277,334,276,335,275,335,274,336,274,337,273,338,272,339,272,340,272,341,271,342,271,343,271,344,271,345,271,346,271,347,272,348,272,349,273,350,274,351,274,352,275,353,276,354,277,355,278,356,279,356,280,357,281,357,282,357,283,357,284,357,285,357,286,358,287,358,288,358,289,357,290,357,291,356,292,355,293,354,294,353,294,352,295,351,295,350,295,349,295,348,295,347,295,346,295,345,295,344,295,343,295,342,295,341,295,340,294,339,294,338,294,337,294,336,293,335,292,334,291,333,290,333,289,333,288,332,287,332,286,332,285,332,284,332,283,332
311,339,310,340,309,340,308,341,307,342,306,343,305,344,304,345,303,346,303,347,303,348,302,349,302,350,302,351,301,352,302,353,302,354,302,355,302,356,302,357,303,358,303,359,304,360,305,361,306,361,307,362,308,362,309,362,310,362,311,362,312,361,313,360,314,360,315,359,316,358,317,357,318,356,319,355,319,354,320,353,321,352,322,351,322,350,322,349,322,348,322,347,322,346,322,345,321,344,321,343,320,342,319,342,318,341,317,340,316,340,315,340,314,339,313,339,312,339
194,420,193,421,192,421,191,422,190,422,189,423,188,424,187,425,186,425,185,426,184,427,183,427,182,428,181,429,180,430,179,431,178,432,177,433,176,434,176,435,175,436,175,437,175,438,175,439,175,440,176,441,176,442,177,443,178,444,179,444,180,445,181,445,182,445,183,445,184,445,185,445,186,445,187,445,188,445,189,445,190,445,191,445,192,445,193,445,194,445,194,444,194,443,195,442,195,441,196,440,196,439,196,438,197,437,197,436,198,435,198,434,199,433,199,432,200,431,200,430,201,429,201,428,202,427,203,426,203,425,204,424,204,423,203,423,202,422,201,422,200,421,199,421,198,421,197,420,196,420,195,420
205,424,204,425,204,426,203,427,202,428,202,429,201,430,201,431,200,432,200,433,199,434,199,435,198,436,198,437,197,438,197,439,197,440,196,441,196,442,195,443,195,444,195,445,196,446,197,447,198,448,199,448,200,449,201,450,202,450,203,451,204,451,205,451,206,452,207,452,208,452,209,452,210,452,211,452,212,452,213,452,214,451,215,451,216,451,217,450,218,450,219,449,220,449,221,448,222,448,223,447,224,447,225,446,225,445,226,444,227,443,227,442,228,441,228,440,228,439,228,438,228,437,228,436,227,435,227,434,226,434,225,433,224,433,223,433,222,432,221,432,220,432,219,431,218,431,217,431,216,431,215,430,214,430,213,430,212,429,211,428,210,428,209,427,208,426,207,425,206,425
156,425,155,426,154,427,153,428,152,429,152,430,152,431,151,432,151,433,151,434,151,435,151,436,151,437,151,438,152,439,152,440,153,441,154,442,154,443,155,444,155,445,156,445,157,445,158,445,159,445,160,445,161,445,162,445,163,445,164,445,165,444,166,444,167,444,168,443,169,442,170,441,171,440,172,439,172,438,173,437,174,437,174,436,174,435,174,434,173,433,173,432,172,431,172,430,171,429,170,428,169,427,168,427,167,426,166,426,165,426,164,425,163,425,162,425,161,425,160,425,159,425,158,425,157,425
348,434,347,435,346,435,345,435,344,436,343,436,342,437,341,438,341,439,340,440,339,441,339,442,338,443,338,444,338,445,338,446,338,447,338,448,338,449,338,450,338,451,339,452,339,453,340,454,341,455,342,456,343,457,344,458,345,458,346,459,347,459,348,460,349,460,350,461,351,461,352,461,353,462,354,462,355,462,356,461,357,461,358,461,359,461,360,460,361,460,362,460,363,459,364,458,365,458,366,457,366,456,367,455,367,454,367,453,367,452,367,451,367,450,367,449,367,448,367,447,366,446,366,445,366,444,365,443,365,442,364,441,363,440,362,439,361,438,360,437,359,437,358,436,357,436,356,435,355,435,354,435,353,435,352,435,351,434,350,434,349,434
134,437,133,438,132,439,131,440,130,441,130,442,130,443,129,444,129,445,129,446,129,447,129,448,130,449,130,450,130,451,131,452,132,453,133,454,134,455,135,455,136,455,137,455,138,455,139,455,140,454,141,454,142,453,143,453,144,452,145,452,146,451,147,450,147,449,148,448,149,447,149,446,149,445,149,444,148,443,148,442,148,441,147,440,146,439,145,439,144,438,143,438,142,438,141,437,140,437,139,437,138,437,137,437,136,437,135,437
319,437,318,438,317,438,316,438,316,439,315,440,314,440,314,441,313,442,313,443,312,444,312,445,312,446,312,447,312,448,312,449,311,450,311,451,311,452,311,453,311,454,311,455,311,456,311,457,311,458,311,459,310,460,310,461,310,462,311,463,311,464,311,465,312,466,313,467,313,468,314,469,315,470,316,470,317,470,318,471,319,472,320,472,321,472,322,473,323,473,324,473,325,473,326,473,327,473,328,473,329,473,330,472,331,471,332,471,332,470,333,469,333,468,334,467,334,466,334,465,334,464,334,463,333,462,333,461,333,460,332,459,332,458,331,457,331,456,331,455,331,454,330,453,330,452,330,451,330,450,330,449,330,448,330,447,330,446,329,445,329,444,329,443,328,442,327,441,327,440,326,440,325,439,324,438,323,438,322,438,321,437,320,437
232,440,231,441,230,441,229,441,228,442,228,443,227,444,226,445,226,446,225,447,225,448,225,449,225,450,225,451,225,452,225,453,225,454,226,455,227,456,227,457,228,458,229,459,230,460,231,460,232,461,233,462,234,462,235,462,236,462,237,462,238,462,239,462,240,462,241,461,242,460,243,459,243,458,244,457,245,456,245,455,246,454,246,453,246,452,246,451,247,450,247,449,247,448,246,447,246,446,246,445,245,444,244,443,243,442,242,441,241,441,240,440,239,440,238,440,237,440,236,440,235,440,234,440,233,440
389,443,388,444,387,444,386,444,385,445,384,446,383,446,382,447,381,448,381,449,380,450,379,451,379,452,379,453,378,454,378,455,379,456,379,457,380,458,381,459,381,460,382,461,383,461,384,462,385,463,386,463,387,464,388,464,389,464,390,464,391,464,392,464,393,464,394,464,395,464,396,464,397,463,398,463,399,462,400,462,401,461,402,461,403,460,403,459,403,458,404,457,404,456,404,455,404,454,404,453,404,452,405,451,405,450,404,450,403,449,402,448,402,447,401,447,400,446,399,445,398,445,397,444,396,444,395,444,394,443,393,443,392,443,391,443,390,443
414,446,413,447,412,447,411,447,410,448,409,449,408,449,407,450,406,450,406,451,406,452,406,453,405,454,405,455,405,456,405,457,406,458,406,459,406,460,407,461,408,462,409,463,410,463,411,464,412,464,413,464,414,464,415,465,416,465,417,465,418,465,419,464,420,464,421,464,422,463,423,463,424,462,425,462,426,461,426,460,427,459,427,458,428,457,428,456,428,455,428,454,428,453,427,452,427,451,426,450,425,449,424,448,423,448,422,448,421,447,420,447,419,447,418,446,417,446,416,446,415,446
116,447,115,448,114,448,113,449,112,449,111,450,110,451,110,452,110,453,109,454,109,455,108,456,108,457,108,458,108,459,108,460,108,461,109,462,109,463,110,464,111,465,112,465,113,466,113,467,114,467,115,468,116,468,117,468,118,468,119,467,120,467,121,467,122,467,123,466,124,466,125,465,126,464,127,463,127,462,127,461,128,460,127,459,127,458,127,457,127,456,127,455,127,454,127,453,126,452,125,451,124,450,123,449,122,449,121,448,120,448,119,448,118,447,117,447
251,456,250,457,249,457,248,458,247,458,247,459,246,460,245,460,244,461,243,462,242,463,241,464,241,465,240,466,240,467,240,468,239,469,239,470,239,471,240,472,240,473,241,473,242,474,243,475,244,476,245,476,246,477,247,477,248,477,249,477,250,477,251,478,252,477,253,477,254,477,255,477,256,476,257,476,258,475,259,474,260,473,261,472,261,471,262,470,262,469,263,468,263,467,263,466,263,465,263,464,263,463,263,462,262,461,261,460,261,459,260,458,259,458,258,457,257,456,256,456,255,456,254,456,253,456,252,456
95,459,94,460,93,460,92,461,91,461,90,462,89,463,88,464,88,465,87,466,87,467,87,468,87,469,87,470,87,471,87,472,88,473,88,474,88,475,89,476,89,477,90,478,91,479,92,480,93,481,94,482,95,482,96,483,97,483,98,483,99,484,100,484,101,484,102,484,103,485,104,485,105,484,106,484,107,484,108,483,109,483,110,482,111,481,112,480,112,479,112,478,113,477,113,476,113,475,113,474,113,473,113,472,112,471,112,470,111,469,111,468,111,467,111,466,110,465,109,464,108,463,108,462,107,463,106,462,105,461,104,461,103,460,102,460,101,459,100,459,99,459,98,459,97,459,96,459
294,463,293,464,292,464,291,465,290,466,289,467,289,468,288,469,288,470,287,471,287,472,287,473,286,474,286,475,286,476,286,477,286,478,286,479,287,480,287,481,287,482,287,483,288,484,289,485,289,486,290,487,291,487,292,487,293,488,294,488,295,488,296,488,297,488,298,489,299,488,300,488,301,488,302,488,303,487,304,487,305,486,306,486,307,485,308,485,309,484,309,483,310,482,310,481,310,480,311,479,311,478,311,477,311,476,311,475,311,474,311,473,310,472,310,471,309,470,308,469,307,468,306,467,306,466,305,466,304,465,303,464,302,464,301,463,300,463,299,463,298,463,297,463,296,463,295,463
435,464,434,465,433,465,432,466,431,466,430,467,430,468,429,469,429,470,428,471,428,472,428,473,428,474,428,475,428,476,429,477,429,478,429,479,430,480,431,481,432,482,433,483,434,483,435,484,436,484,437,484,438,485,439,485,440,486,441,486,442,485,443,485,444,485,445,484,446,484,447,483,448,483,449,483,450,482,450,481,451,480,451,479,451,478,451,477,452,476,452,475,452,474,452,473,451,472,451,471,451,470,450,469,449,468,449,467,448,466,447,466,446,465,445,465,444,465,443,464,442,464,441,464,440,464,439,464,438,464,437,464,436,464
353,471,352,472,351,472,350,473,349,473,348,473,347,474,346,474,345,475,344,475,343,476,342,477,342,478,341,479,340,480,340,481,339,482,339,483,338,484,338,485,338,486,337,487,337,488,337,489,337,490,337,491,337,492,337,493,337,494,337,495,337,496,337,497,337,498,337,499,337,500,337,501,338,502,338,503,338,504,339,505,340,506,340,507,341,508,342,509,343,509,344,510,345,510,346,510,347,510,348,510,349,510,350,510,351,510,352,510,353,510,354,510,355,510,356,510,357,510,358,510,359,509,360,509,361,509,362,509,363,508,364,508,365,507,366,507,366,506,367,505,368,505,369,504,370,503,370,502,371,501,372,500,373,499,373,498,374,497,374,496,374,495,375,494,375,493,374,492,374,491,374,490,374,489,374,488,373,487,373,486,373,485,373,484,372,483,372,482,372,481,371,480,370,479,370,478,369,477,368,476,367,475,366,475,365,474,364,473,363,473,362,472,361,472,360,472,359,472,358,471,357,471,356,471,355,471,354,471
151,477,150,478,149,478,148,478,147,479,146,480,145,480,144,480,143,481,142,481,141,481,141,482,140,483,139,484,138,484,137,484,136,484,135,485,134,486,134,487,133,488,133,489,132,490,132,491,131,492,131,493,130,494,130,495,129,496,129,497,129,498,129,499,129,500,129,501,129,502,129,503,129,504,129,505,129,506,129,507,130,508,131,509,132,510,133,510,134,510,135,510,136,511,137,511,138,511,139,511,140,511,141,511,142,511,143,511,144,511,145,511,146,511,147,511,148,511,149,511,150,511,151,511,152,511,153,511,154,511,155,511,156,511,157,511,158,511,159,511,160,511,161,511,162,511,163,511,164,511,165,511,166,511,167,511,168,511,169,511,170,511,171,511,172,510,173,510,174,510,175,510,175,509,176,508,177,508,177,507,177,506,177,505,177,504,177,503,177,502,176,501,176,500,176,499,176,498,175,497,175,496,174,495,174,494,173,493,173,492,173,491,172,490,172,489,171,488,171,487,170,486,170,485,169,484,168,483,167,483,166,482,165,481,165,480,164,480,163,479,162,479,161,479,160,479,159,478,158,478,157,478,156,477,155,478,154,477,153,477,152,477
207,478,206,479,205,479,204,479,203,479,202,479,201,479,200,479,199,480,198,480,197,480,196,481,195,481,194,482,193,482,192,483,191,484,190,485,189,485,188,486,187,487,186,488,185,489,184,490,184,491,183,492,183,493,182,494,182,495,182,496,182,497,182,498,182,499,182,500,182,501,182,502,182,503,182,504,183,505,183,506,183,507,183,508,183,509,184,510,184,511,185,511,186,511,187,511,188,511,189,511,190,511,191,511,192,511,193,511,194,511,195,511,196,511,197,511,198,511,199,511,200,511,201,511,202,511,203,511,204,511,205,511,206,511,207,511,208,511,209,511,210,511,211,511,212,511,213,511,214,511,215,511,216,511,217,511,218,511,219,511,220,511,221,511,222,511,223,511,224,511,225,511,226,511,227,511,228,511,229,511,230,510,231,510,231,509,232,508,232,507,232,506,232,505,232,504,232,503,232,502,232,501,232,500,232,499,232,498,231,497,231,496,230,495,230,494,229,493,229,492,228,491,228,490,227,489,226,488,226,487,225,486,224,485,223,484,222,483,221,482,220,482,219,481,218,481,217,480,216,480,215,479,214,479,213,479,212,479,211,478,210,478,209,478,208,478
254,479,253,480,252,480,251,481,250,482,249,483,249,484,248,485,248,486,248,487,248,488,247,489,247,490,247,491,247,492,247,493,247,494,247,495,248,496,249,497,250,498,251,499,252,500,253,500,254,501,255,501,256,501,257,501,258,501,259,501,260,501,261,501,262,500,263,500,264,500,265,499,265,498,266,497,267,496,267,495,268,494,269,493,269,492,270,491,270,490,270,489,269,488,269,487,269,486,268,485,267,484,266,484,265,483,264,483,263,482,262,482,261,481,260,481,259,480,258,480,257,480,256,479,255,479
391,483,390,484,389,484,388,484,387,484,386,485,385,486,384,486,383,487,382,488,381,489,380,490,380,491,379,492,379,493,378,494,378,495,378,496,378,497,378,498,377,499,378,500,377,501,377,502,377,503,377,504,377,505,378,506,378,507,378,508,378,509,379,510,380,510,381,511,382,511,383,511,384,511,385,511,386,511,387,511,388,511,389,511,390,511,391,511,392,511,393,511,394,511,395,511,396,511,397,511,398,511,399,511,400,511,401,511,402,511,403,511,404,511,405,511,406,511,406,510,406,509,407,508,407,507,408,506,408,505,409,504,409,503,410,502,410,501,411,500,411,499,411,498,411,497,411,496,411,495,411,494,411,493,411,492,410,491,410,490,409,489,408,488,407,487,406,486,405,486,404,485,403,485,402,484,401,484,400,484,399,484,398,484,397,484,396,484,395,483,394,483,393,483,392,483
450,483,449,484,448,484,447,484,446,485,445,485,444,486,443,486,442,486,441,487,440,487,440,488,440,489,440,490,440,491,440,492,439,493,440,494,440,495,440,496,440,497,440,498,440,499,441,500,441,501,442,502,442,503,443,504,444,505,445,506,446,507,447,507,448,508,449,508,450,508,451,509,451,510,452,510,453,511,454,511,455,511,456,511,457,511,458,511,459,510,459,509,460,508,460,507,460,506,459,505,460,504,460,503,460,502,459,501,460,500,460,499,459,498,459,497,459,496,459,495,459,494,459,493,459,492,458,491,458,490,457,489,456,488,456,487,455,486,454,485,453,484,452,484,451,483
81,486,80,487,79,487,78,487,77,488,76,488,75,489,74,490,73,491,73,492,72,493,72,494,71,495,71,496,71,497,70,498,70,499,70,500,70,501,71,502,71,503,71,504,71,505,71,506,71,507,71,508,71,509,71,510,72,510,73,511,74,511,75,511,76,511,77,511,78,511,79,511,80,511,81,511,82,511,83,511,84,511,85,511,86,511,87,510,88,510,89,510,90,510,91,509,92,508,93,508,94,507,95,506,95,505,96,504,96,503,97,502,97,501,97,500,97,499,97,498,97,497,97,496,97,495,96,494,96,493,95,492,95,491,94,490,93,489,92,488,91,488,90,487,89,487,88,487,87,487,86,487,85,486,84,486,83,486,82,486
423,495,422,496,421,496,420,496,419,496,418,497,417,497,416,498,415,498,414,499,413,499,412,499,412,500,411,501,411,502,410,503,410,504,409,505,409,506,408,507,408,508,407,509,407,510,407,511,408,511,409,511,410,511,411,511,412,511,413,511,414,511,415,511,416,511,417,511,418,511,419,511,420,511,421,511,422,511,423,511,424,511,425,511,426,511,427,511,428,511,429,511,430,511,431,511,432,511,433,511,434,511,435,511,436,511,437,511,438,511,439,510,439,509,439,508,439,507,439,506,438,505,438,504,437,503,437,502,436,501,436,500,435,499,434,498,433,498,432,497,431,497,430,497,429,496,428,496,427,496,426,496,425,495,424,495
287,500,286,501,285,501,284,501,283,502,282,502,281,503,281,504,281,505,281,506,281,507,281,508,281,509,281,510,281,511,282,510,283,511,284,511,285,511,286,511,287,511,288,511,289,511,290,511,291,511,292,511,293,511,294,511,295,511,296,511,297,511,298,511,299,510,299,509,299,508,298,507,298,506,298,505,297,504,296,503,296,502,295,502,294,501,293,501,292,501,291,501,290,500,289,500,288,500
322,500,321,501,320,501,319,501,318,502,317,502,316,502,315,503,314,504,313,505,312,506,311,506,310,507,309,508,308,509,309,510,310,510,311,511,312,511,313,511,314,511,315,511,316,511,317,511,318,511,319,511,320,511,321,511,322,511,323,511,324,511,325,511,326,511,327,511,328,511,329,511,330,511,331,511,332,511,333,511,334,511,335,511,336,511,337,511,338,511,339,510,340,510,341,510,340,509,340,508,339,507,339,506,338,505,337,504,337,503,336,504,335,503,334,503,333,502,332,501,331,501,330,501,329,500,328,500,327,500,326,500,325,500,324,500,323,500
269,501,268,502,267,502,266,502,265,502,264,503,263,503,262,503,262,504,261,505,261,506,260,507,260,508,260,509,261,510,261,511,262,511,263,511,264,511,265,511,266,511,267,511,268,511,269,511,270,511,271,511,272,511,273,511,274,511,275,511,276,511,277,511,278,511,279,511,280,511,280,510,280,509,280,508,280,507,280,506,280,505,280,504,280,503,279,503,278,503,277,502,276,502,275,502,274,501,273,501,272,501,271,501,270,501
