73,0,72,1,72,2,73,3,74,4,75,4,76,4,77,4,78,4,79,4,80,4,81,3,82,2,83,1,82,0,81,0,80,0,79,0,78,0,77,0,76,0,75,0,74,0
81,18,80,19,79,19,78,20,77,21,76,22,75,23,75,24,75,25,75,26,76,27,76,28,77,29,78,30,79,31,80,32,80,33,81,33,82,33,83,33,84,33,85,33,86,33,87,33,88,33,89,33,90,33,91,33,92,32,93,31,93,30,93,29,94,28,94,27,94,26,95,25,95,24,94,23,94,22,93,21,93,20,92,19,91,19,90,18,89,18,88,18,87,18,86,18,85,18,84,18,83,18,82,18
52,19,51,20,50,21,49,21,49,22,48,23,47,24,47,25,46,26,46,27,46,28,46,29,47,30,47,31,48,31,49,32,50,32,51,33,52,33,53,33,54,33,55,33,56,32,57,32,58,31,59,31,60,30,60,29,61,28,61,27,62,26,62,25,62,24,62,23,61,22,60,21,59,20,58,20,57,19,56,19,55,19,54,19,53,19
80,34,79,35,79,36,79,37,78,38,78,39,78,40,78,41,78,42,78,43,79,44,79,45,79,46,79,47,79,48,80,48,81,49,82,49,83,50,84,50,85,50,86,51,87,51,88,51,89,51,90,51,91,50,92,50,93,49,94,49,94,48,95,47,95,46,96,45,97,44,97,43,97,42,98,41,98,40,97,39,97,38,96,37,96,36,95,36,94,35,93,35,92,34,91,34,90,34,89,34,88,34,87,34,86,34,85,34,84,34,83,34,82,34,81,34
77,48,76,49,75,49,74,50,74,51,73,52,73,53,73,54,73,55,73,56,73,57,74,58,74,59,75,60,76,61,76,62,76,63,77,64,78,65,78,66,78,67,79,68,79,69,80,70,81,71,82,72,82,73,83,73,84,73,85,73,86,74,87,74,88,74,89,73,90,73,91,73,92,72,93,72,94,72,95,72,96,71,96,70,97,69,98,68,98,67,99,66,100,65,101,64,102,63,103,62,104,62,105,61,106,60,105,59,104,58,104,57,103,57,102,56,101,56,100,55,99,55,98,55,97,54,96,54,95,53,94,53,93,53,92,53,91,53,90,52,89,52,88,52,87,52,86,52,85,51,84,51,83,51,82,50,81,50,80,49,79,49,78,48
106,61,105,62,104,63,103,63,102,64,101,65,100,66,99,67,99,68,98,69,97,70,97,71,96,72,96,73,96,74,96,75,96,76,97,77,97,78,98,79,98,80,99,81,100,82,101,83,102,84,103,84,104,85,105,84,106,84,107,84,108,83,109,83,110,82,111,82,112,81,112,80,113,79,114,78,114,77,115,76,115,75,115,74,115,73,115,72,115,71,115,70,115,69,114,68,114,67,113,66,113,65,112,65,111,64,110,63,109,63,108,62,107,62
88,98,87,99,86,99,85,100,84,100,83,101,83,102,82,103,82,104,82,105,82,106,83,107,84,108,85,109,86,110,87,110,88,111,89,111,90,112,91,112,92,112,93,112,94,112,95,112,96,111,97,110,98,109,98,108,98,107,99,106,98,105,98,104,98,103,97,102,96,101,95,100,94,99,93,99,92,99,91,99,90,98,89,98
166,98,165,99,164,99,163,99,162,100,161,101,160,102,159,103,158,104,157,104,156,105,156,106,156,107,156,108,156,109,156,110,157,111,157,112,157,113,157,114,157,115,157,116,158,117,158,118,158,119,159,120,160,121,160,122,160,123,161,124,162,125,163,126,163,127,164,128,165,129,166,130,167,130,168,131,169,131,170,131,171,132,172,132,173,132,174,132,175,132,176,132,177,131,178,130,179,129,180,129,181,128,181,127,181,126,181,125,181,124,181,123,181,122,181,121,181,120,181,119,181,118,181,117,182,116,182,115,182,114,182,113,182,112,183,111,183,110,183,109,182,108,182,107,181,106,181,105,180,104,179,103,178,102,177,101,176,101,175,100,174,100,173,99,172,99,171,98,170,98,169,98,168,98,167,98
191,107,190,108,189,108,188,108,187,108,186,109,185,109,184,110,184,111,183,112,183,113,183,114,183,115,183,116,182,117,182,118,182,119,182,120,182,121,182,122,182,123,182,124,182,125,182,126,182,127,183,127,184,128,185,128,186,129,187,129,188,129,189,130,190,130,191,130,192,130,193,130,194,130,195,129,196,129,197,129,198,128,199,128,200,127,201,127,202,126,203,125,204,124,205,123,206,122,206,121,206,120,206,119,206,118,206,117,206,116,206,115,205,114,204,113,203,113,202,112,201,111,200,110,199,110,198,109,197,108,196,108,195,108,194,108,193,108,192,107
129,129,128,130,128,131,128,132,127,133,126,134,125,135,125,136,124,137,124,138,124,139,124,140,124,141,124,142,124,143,125,144,125,145,126,145,127,145,128,146,129,147,130,148,131,148,132,149,133,150,133,151,134,152,134,153,135,153,136,154,137,155,138,156,139,157,140,157,141,157,142,157,143,157,144,157,145,157,146,157,147,156,148,156,149,155,150,155,150,154,151,153,152,152,153,152,154,151,155,150,156,149,157,148,158,147,158,146,158,145,159,144,159,143,160,142,160,141,160,140,160,139,160,138,160,137,160,136,159,136,158,135,158,134,158,133,158,132,157,132,156,131,156,130,155,130,154,131,153,131,152,131,151,131,150,131,149,131,148,131,147,131,146,131,145,131,144,131,143,131,142,130,141,130,140,130,139,130,138,130,137,130,136,130,135,129,134,129,133,129,132,129,131,129,130,129
212,132,211,133,210,133,209,134,208,134,207,135,206,135,205,136,205,137,204,138,204,139,204,140,203,141,203,142,203,143,202,144,202,145,202,146,202,147,202,148,202,149,202,150,202,151,202,152,203,152,204,153,204,154,204,155,205,156,206,157,206,158,207,159,208,160,208,161,209,161,210,161,211,160,212,160,213,160,214,159,215,159,216,159,217,158,218,158,219,158,220,157,221,157,222,157,223,156,224,156,225,155,226,154,226,153,227,152,228,151,228,150,229,149,229,148,229,147,229,146,229,145,229,144,229,143,228,142,228,141,228,140,227,139,226,138,225,137,224,136,223,136,222,135,221,134,220,134,219,134,218,133,217,133,216,132,215,132,214,132,213,132
184,135,183,136,182,136,181,137,180,137,179,138,178,138,177,139,176,140,175,141,175,142,174,143,173,144,173,145,173,146,173,147,173,148,173,149,173,150,173,151,173,152,173,153,174,154,174,155,174,156,175,157,176,158,177,159,178,160,179,161,180,161,181,162,182,163,183,163,184,163,185,164,186,164,187,164,188,164,189,164,190,164,191,163,192,163,193,162,194,161,195,161,196,160,197,159,197,158,198,157,199,156,200,155,200,154,201,153,201,152,201,151,201,150,201,149,201,148,201,147,201,146,201,145,201,144,200,143,199,142,199,141,198,140,198,139,197,138,196,137,195,136,194,136,193,135,192,135,191,135,190,135,189,135,188,135,187,135,186,135,185,135
252,158,251,159,250,159,249,160,248,160,248,161,248,162,248,163,248,164,248,165,247,166,247,167,247,168,247,169,247,170,246,171,246,172,246,173,245,174,245,175,245,176,244,177,244,178,243,179,243,180,242,181,241,182,240,183,240,184,239,185,238,186,237,187,237,188,236,189,236,190,237,191,237,192,238,193,238,194,239,195,239,196,239,197,240,198,240,199,241,200,242,201,243,201,244,201,245,202,246,202,247,202,248,202,249,203,250,203,251,203,252,203,253,204,254,204,255,204,256,204,257,204,258,203,259,203,260,202,261,202,262,202,263,202,264,201,265,201,266,200,267,199,267,198,268,197,269,196,270,195,270,194,271,193,272,192,272,191,273,190,274,189,274,188,275,187,275,186,275,185,275,184,275,183,274,182,274,181,274,180,274,179,273,178,273,177,272,176,272,175,271,174,271,173,270,172,269,171,269,170,268,169,267,168,266,167,266,166,265,165,265,164,264,163,263,162,262,161,261,160,260,160,259,160,258,159,257,159,256,159,255,158,254,158,253,158
171,169,170,170,169,170,168,171,167,171,166,171,165,172,164,172,163,172,162,172,161,173,160,173,159,173,158,174,157,174,156,174,155,174,154,175,153,175,152,175,151,175,150,175,149,176,148,176,147,176,146,176,145,177,144,177,143,178,142,178,141,178,140,179,139,179,138,179,138,180,138,181,138,182,139,183,138,184,139,185,138,186,138,187,138,188,138,189,138,190,138,191,138,192,137,193,138,194,138,195,138,196,138,197,139,198,140,199,141,200,141,201,142,202,143,203,144,203,145,204,146,205,147,205,148,206,149,206,150,206,151,207,152,207,153,208,154,208,155,208,156,208,157,208,158,208,159,208,160,208,161,207,162,206,163,206,164,205,164,204,165,203,166,202,167,201,168,200,168,199,168,198,169,197,169,196,170,195,170,194,170,193,171,192,172,191,171,190,171,189,170,188,170,187,169,186,170,185,170,184,171,183,172,182,173,182,174,182,174,181,175,180,176,181,177,180,178,179,178,178,179,177,179,176,178,176,177,175,177,174,176,174,175,173,174,172,173,171,173,170,173,169,172,169
283,185,282,186,281,186,280,186,279,187,278,187,277,187,276,187,275,188,275,189,274,190,273,191,273,192,272,193,271,194,271,195,270,196,269,197,268,198,268,199,267,200,266,201,265,202,266,203,266,204,265,205,264,205,264,206,264,207,264,208,264,209,265,210,265,211,265,212,265,213,265,214,265,215,265,216,266,217,266,218,266,219,266,220,266,221,266,222,267,223,268,223,269,223,270,223,271,223,272,223,273,223,274,223,275,223,276,223,277,223,278,223,279,222,280,222,281,221,282,220,283,219,284,218,285,217,286,216,287,215,288,214,289,213,290,212,291,212,292,211,293,211,294,210,295,209,296,208,297,208,297,207,297,206,298,205,299,204,300,203,300,202,300,201,300,200,300,199,300,198,299,197,298,196,297,195,296,195,295,194,294,193,293,192,292,191,292,190,291,190,290,189,289,188,288,187,287,187,286,186,285,186,284,186
174,204,173,205,172,205,171,205,170,206,169,207,168,208,167,209,167,210,167,211,166,212,166,213,167,214,167,215,167,216,167,217,168,218,168,219,169,220,170,221,170,222,171,223,172,224,173,225,174,226,175,227,176,228,177,228,178,228,179,229,180,229,181,229,182,229,183,229,184,229,185,229,186,230,187,230,188,229,189,229,190,229,191,229,192,229,193,228,193,227,193,226,193,225,193,224,193,223,192,222,192,221,192,220,191,219,191,218,191,217,190,216,190,215,189,214,189,213,188,212,188,211,188,210,187,209,186,208,185,208,184,207,183,207,182,207,181,206,180,206,179,205,178,205,177,205,176,205,175,204
258,204,257,205,256,205,255,205,254,205,253,205,252,206,251,207,250,208,249,208,248,209,247,210,246,210,245,209,244,210,244,211,244,212,243,213,243,214,243,215,242,216,242,217,241,218,241,219,240,220,240,221,240,222,239,223,239,224,239,225,239,226,239,227,239,228,240,229,240,230,241,230,242,231,243,231,244,231,245,231,246,232,247,232,248,232,249,233,250,233,251,233,252,233,253,233,254,232,255,232,256,232,257,231,258,230,259,229,260,228,261,227,262,226,263,225,263,224,264,223,265,222,265,221,265,220,265,219,265,218,265,217,264,216,264,215,264,214,264,213,264,212,264,211,264,210,263,209,263,208,263,207,263,206,262,206,261,205,260,205,259,204
216,214,217,215,216,216,215,216,215,217,214,218,213,218,213,219,212,220,211,221,210,222,209,223,210,224,210,225,209,226,209,227,209,228,208,229,208,230,208,231,207,232,207,233,207,234,206,235,206,236,206,237,207,238,208,239,209,240,210,241,211,242,212,243,213,244,214,245,215,246,216,246,217,246,218,246,219,246,220,246,221,246,222,246,223,246,224,246,225,246,226,246,227,246,228,246,229,245,230,245,231,245,232,245,233,244,233,243,234,242,235,241,236,240,237,239,237,238,236,237,236,236,236,235,237,234,237,233,238,232,239,231,239,230,239,229,238,228,238,227,238,226,237,225,237,224,236,223,235,222,234,221,233,220,232,220,231,219,230,218,229,217,228,217,227,216,226,216,225,215,224,215,223,215,222,214,221,214,220,214,219,214,218,214,217,214
92,217,91,218,90,218,89,218,88,219,87,220,87,221,86,222,86,223,86,224,86,225,86,226,87,227,87,228,88,229,89,230,90,230,91,231,92,231,93,231,94,230,95,230,96,230,97,229,98,228,98,227,98,226,99,225,99,224,99,223,99,222,99,221,99,220,98,219,97,218,96,218,95,217,94,217,93,217
239,262,238,263,237,263,236,264,235,264,234,264,233,264,232,265,231,265,230,265,229,265,228,266,227,266,226,266,225,267,224,267,223,268,222,269,221,269,220,270,219,270,218,271,217,271,216,272,215,272,214,273,213,273,212,274,211,275,210,276,209,276,209,277,208,278,208,279,208,280,208,281,208,282,208,283,209,284,210,285,211,286,212,287,212,288,213,289,214,290,215,290,216,291,217,291,218,291,219,291,220,291,221,291,222,291,223,291,224,291,225,291,226,291,227,291,228,290,229,290,230,290,231,291,232,291,233,290,234,290,235,290,236,290,237,290,238,289,239,288,240,288,241,288,242,287,243,287,244,287,245,286,246,286,247,286,248,285,249,285,250,284,251,284,252,283,253,282,254,281,254,280,254,279,255,278,254,277,254,276,254,275,254,274,254,273,254,272,253,271,252,270,251,270,250,269,249,268,248,267,247,267,246,266,245,265,244,265,243,264,242,264,241,263,240,263
171,411,170,412,169,412,168,412,167,412,166,412,165,412,164,412,163,412,162,412,161,412,160,413,159,413,158,413,157,414,156,414,155,415,154,416,153,417,153,418,152,419,152,420,151,421,151,422,151,423,151,424,150,425,151,426,151,427,152,428,153,429,153,430,154,431,155,432,156,433,156,434,157,435,158,436,159,437,160,437,161,437,162,438,163,438,164,437,165,437,166,437,167,436,168,436,169,436,170,436,171,435,172,435,173,435,174,435,175,435,176,435,177,435,178,434,179,434,180,434,181,433,182,433,183,433,184,432,185,432,186,431,187,431,188,430,189,429,190,428,190,427,190,426,191,425,191,424,191,423,191,422,191,421,191,420,190,419,190,418,189,417,188,416,188,415,187,414,186,413,185,413,184,412,183,412,182,411,181,411,180,411,179,411,178,411,177,411,176,411,175,411,174,411,173,411,172,411
204,411,203,412,202,412,201,412,200,412,199,413,198,413,197,414,196,415,195,416,194,417,193,418,193,419,192,420,192,421,192,422,192,423,192,424,192,425,191,426,191,427,192,428,193,429,193,430,194,431,194,432,195,433,196,433,197,434,198,435,199,435,200,435,201,436,202,436,203,436,204,436,205,436,206,435,207,435,208,435,209,434,210,434,211,433,212,432,213,431,213,430,214,429,214,428,215,427,215,426,215,425,216,424,216,423,216,422,216,421,216,420,216,419,215,418,215,417,215,416,214,415,213,414,212,413,211,413,210,412,209,411,208,411,207,411,206,411,205,411
137,420,136,421,135,421,134,422,133,423,132,423,131,424,131,425,130,426,129,427,129,428,128,429,128,430,128,431,128,432,128,433,127,434,127,435,127,436,127,437,127,438,127,439,127,440,128,441,129,442,130,443,130,444,131,444,132,443,133,443,134,443,135,443,136,443,137,443,138,443,139,443,140,442,141,442,142,442,143,441,144,441,145,440,146,439,147,438,148,437,148,436,149,435,149,434,149,433,150,432,150,431,150,430,150,429,150,428,150,427,150,426,149,425,149,424,148,423,147,422,146,421,145,421,144,420,143,420,142,420,141,420,140,420,139,420,138,420
225,423,224,424,223,425,223,426,222,427,222,428,221,429,221,430,221,431,221,432,221,433,221,434,221,435,221,436,222,437,222,438,222,439,223,440,223,441,224,442,225,443,225,444,226,445,227,446,228,447,229,447,230,448,231,448,232,449,233,449,234,450,235,450,236,451,237,451,238,451,239,451,240,451,241,451,242,451,243,450,244,451,245,451,246,450,247,449,248,448,249,447,249,446,250,445,251,444,251,443,252,442,251,441,251,440,251,439,251,438,251,437,250,436,250,435,249,434,249,433,249,432,248,431,247,430,246,429,245,428,244,428,243,427,242,427,241,426,240,426,239,426,238,425,237,425,236,424,235,424,234,424,233,423,232,423,231,423,230,423,229,423,228,423,227,423,226,423
118,443,117,444,116,444,115,445,114,445,113,446,112,447,111,448,110,448,109,449,108,449,107,449,106,449,105,449,104,449,103,449,102,449,101,449,100,450,99,450,98,450,97,451,96,452,95,453,94,454,93,455,92,456,92,457,91,458,90,459,90,460,90,461,90,462,90,463,90,464,89,465,90,466,90,467,90,468,91,469,91,470,92,471,93,472,94,473,95,474,96,474,97,475,98,475,99,475,100,475,101,476,102,476,103,476,104,476,105,476,106,476,107,475,108,475,109,475,110,474,111,474,112,473,113,472,114,471,115,470,115,469,116,468,117,467,117,466,118,465,119,464,120,463,121,462,122,461,123,460,124,459,125,458,126,457,127,456,128,455,128,454,129,453,129,452,130,451,130,450,130,449,130,448,130,447,130,446,130,445,129,444,128,444,127,443,126,443,125,443,124,443,123,443,122,443,121,443,120,443,119,443
254,443,253,444,252,444,251,445,250,446,250,447,249,448,248,449,247,450,246,451,246,452,246,453,246,454,246,455,246,456,246,457,246,458,245,459,246,460,246,461,246,462,246,463,246,464,247,465,247,466,248,467,248,468,249,469,249,470,250,471,251,472,252,473,253,473,254,474,255,474,256,475,257,476,258,477,259,477,260,477,261,477,262,477,263,476,264,476,265,476,266,476,267,475,268,475,269,475,270,475,271,474,272,474,273,474,274,473,275,473,274,472,274,471,273,470,273,469,273,468,273,467,272,466,272,465,272,464,272,463,272,462,272,461,272,460,271,459,271,458,271,457,271,456,270,455,270,454,269,453,269,452,269,451,268,450,267,449,267,448,266,447,265,446,264,445,263,445,262,444,261,444,260,444,259,443,258,443,257,443,256,443,255,443
356,446,355,447,354,447,353,447,352,447,351,448,350,449,349,450,348,451,348,452,347,453,347,454,347,455,347,456,347,457,347,458,348,459,348,460,349,461,348,462,349,462,350,462,351,463,352,463,353,464,354,464,355,465,356,466,357,466,358,467,359,468,360,469,361,470,362,470,363,471,364,470,365,470,366,469,367,469,368,468,369,468,370,467,371,466,371,465,371,464,371,463,372,462,371,461,371,460,371,459,371,458,371,457,371,456,370,455,370,454,369,453,369,452,368,451,367,450,366,449,365,448,364,447,363,447,362,446,361,446,360,446,359,446,358,446,357,446
203,454,202,455,201,455,200,456,199,456,198,456,197,457,196,457,195,458,194,459,193,460,192,461,191,462,190,463,189,464,189,465,188,466,188,467,187,468,187,469,186,470,186,471,186,472,186,473,185,474,185,475,185,476,185,477,185,478,185,479,185,480,184,481,184,482,185,483,185,484,185,485,185,486,185,487,186,488,186,489,186,490,187,491,187,492,188,493,188,494,189,495,190,496,191,497,192,498,193,499,194,500,195,501,196,501,197,502,198,503,199,503,200,504,201,504,202,504,203,505,204,505,205,506,206,506,207,506,208,506,209,506,210,506,211,506,212,506,213,506,214,505,215,505,216,505,217,505,218,504,219,504,220,503,221,503,222,503,223,502,224,501,225,500,226,499,227,498,228,497,229,496,229,495,230,494,230,493,231,492,231,491,232,490,232,489,233,488,233,487,233,486,233,485,233,484,233,483,233,482,233,481,233,480,232,479,232,478,232,477,232,476,232,475,232,474,233,473,232,472,232,471,232,470,231,469,231,468,231,467,230,466,230,465,229,464,228,463,227,462,226,461,225,460,224,459,223,458,222,457,221,456,220,456,219,456,218,455,217,455,216,454,215,454,214,454,213,454,212,454,211,454,210,454,209,454,208,454,207,454,206,454,205,454,204,454
385,457,384,458,383,458,382,458,381,459,380,459,379,460,378,461,378,462,377,463,376,464,376,465,376,466,375,467,375,468,375,469,375,470,375,471,375,472,376,473,376,474,376,475,376,476,376,477,376,478,377,478,378,479,379,479,380,480,381,480,382,480,383,481,384,481,385,481,386,481,387,481,388,481,389,481,390,481,391,481,392,481,393,481,394,481,395,481,395,480,395,479,396,478,397,477,398,476,399,475,399,474,400,473,400,472,400,471,400,470,401,469,401,468,400,467,400,466,400,465,400,464,399,463,399,462,398,461,398,460,397,459,396,458,395,458,394,457,393,457,392,457,391,457,390,457,389,457,388,457,387,457,386,457
347,463,346,464,345,465,344,465,343,466,342,466,341,467,340,468,339,469,338,470,338,471,337,472,337,473,336,474,336,475,336,476,335,477,335,478,335,479,335,480,335,481,336,482,336,483,337,484,338,485,339,486,340,487,341,488,342,488,343,488,344,488,345,488,346,489,347,489,348,489,349,489,350,488,351,488,352,488,353,487,354,486,355,486,356,485,357,484,358,483,358,482,359,481,360,480,360,479,360,478,361,477,361,476,361,475,361,474,361,473,361,472,362,471,361,471,360,470,359,469,358,468,357,467,356,467,355,466,354,465,353,465,352,464,351,464,350,463,349,463,348,463
146,464,145,465,144,465,143,466,142,466,141,466,140,467,139,468,138,468,137,469,136,469,135,470,134,471,133,472,132,473,131,474,130,475,129,476,128,477,128,478,127,479,126,480,126,481,125,482,125,483,124,484,124,485,123,486,123,487,123,488,123,489,123,490,122,491,122,492,122,493,122,494,122,495,122,496,122,497,122,498,122,499,122,500,122,501,122,502,123,503,123,504,123,505,124,506,124,507,125,508,125,509,126,510,127,510,128,511,129,511,130,511,131,511,132,511,133,511,134,511,135,511,136,511,137,511,138,511,139,511,140,511,141,511,142,511,143,511,144,511,145,511,146,511,147,511,148,511,149,511,150,511,151,511,152,511,153,511,154,511,155,511,156,511,157,511,158,511,159,511,160,511,161,511,162,511,163,511,164,511,165,511,166,511,167,511,168,511,169,511,170,511,171,510,172,510,173,509,174,509,174,508,175,507,176,506,176,505,176,504,177,503,177,502,177,501,177,500,177,499,177,498,177,497,178,496,178,495,178,494,178,493,178,492,177,491,177,490,177,489,176,488,176,487,176,486,176,485,176,484,175,483,175,482,175,481,175,480,174,479,174,478,173,477,173,476,172,475,171,474,170,473,169,472,168,471,167,470,166,470,165,469,164,468,163,468,162,467,161,467,160,467,159,466,158,466,157,465,156,465,155,465,154,465,153,464,152,464,151,464,150,464,149,464,148,464,147,464
421,469,420,470,419,470,418,470,417,471,416,472,415,472,414,473,413,474,413,475,412,476,412,477,411,478,411,479,411,480,411,481,411,482,411,483,411,484,411,485,412,486,412,487,413,488,414,489,415,490,416,490,417,491,418,492,419,492,420,493,421,493,422,493,423,493,424,494,425,494,426,494,427,494,428,494,429,493,430,493,431,493,432,492,433,492,434,491,435,490,436,489,436,488,437,487,437,486,437,485,437,484,437,483,438,482,438,481,438,480,438,479,437,478,437,477,437,476,436,475,436,474,435,473,434,472,433,471,432,471,431,470,430,470,429,469,428,469,427,469,426,469,425,469,424,469,423,469,422,469
73,478,72,479,71,479,70,479,69,480,68,480,67,481,66,482,65,482,64,483,64,484,63,485,63,486,63,487,63,488,63,489,62,490,62,491,62,492,62,493,62,494,63,495,63,496,64,497,65,498,66,499,67,499,68,499,69,500,70,500,71,500,72,501,73,501,74,502,75,502,76,503,77,504,78,505,79,505,80,506,81,507,81,508,82,509,83,508,84,508,85,508,86,508,87,508,88,508,89,508,90,508,91,508,92,507,93,506,94,506,95,505,96,504,97,504,98,503,99,502,99,501,100,500,100,499,100,498,101,497,101,496,101,495,101,494,101,493,101,492,101,491,101,490,100,489,100,488,99,487,98,486,97,485,96,484,95,484,94,483,93,483,92,482,91,482,90,481,89,481,88,480,87,480,86,480,85,479,84,479,83,479,82,478,81,478,80,478,79,478,78,478,77,478,76,478,75,478,74,478
375,478,374,479,373,479,372,480,371,481,370,481,369,482,368,483,367,484,366,485,365,486,364,487,363,488,362,489,361,490,360,491,360,492,360,493,359,494,359,495,358,496,358,497,357,498,358,499,358,500,358,501,358,502,358,503,358,504,359,505,359,506,359,507,359,508,359,509,360,509,361,510,362,510,363,510,364,510,365,510,366,510,367,510,368,510,369,510,370,510,371,511,372,511,373,511,374,511,375,511,376,511,377,511,378,511,379,511,380,511,381,511,382,511,383,511,384,511,385,511,386,511,387,511,388,511,389,511,390,511,391,511,392,511,393,511,394,511,395,511,396,511,397,511,398,511,399,511,400,511,401,510,402,510,403,510,404,510,405,510,406,510,407,510,408,510,409,509,409,508,410,507,411,506,411,505,412,504,413,503,414,502,413,501,413,500,413,499,413,498,413,497,413,496,413,495,413,494,413,493,412,492,412,491,411,490,411,489,410,488,409,487,408,486,407,486,406,486,405,485,404,485,403,485,402,484,401,484,400,483,399,483,398,483,397,482,396,482,395,482,394,482,393,482,392,482,391,482,390,482,389,482,388,482,387,482,386,482,385,482,384,482,383,482,382,481,381,481,380,481,379,480,378,480,377,479,376,479
312,485,311,486,310,486,309,486,308,487,307,487,306,487,305,488,305,489,304,490,303,490,302,490,301,491,301,492,301,493,300,494,300,495,300,496,301,497,302,498,301,499,302,500,303,501,304,502,305,502,306,503,307,504,308,504,309,504,310,504,311,504,312,504,313,504,314,504,315,504,316,504,317,503,318,502,319,502,319,501,320,500,321,499,322,498,322,497,323,496,324,495,324,494,323,493,323,492,323,491,322,490,322,489,322,488,321,487,320,486,319,487,318,487,317,487,316,486,315,486,314,486,313,485
339,489,338,490,337,490,336,491,335,492,334,492,333,493,332,494,332,495,331,496,331,497,331,498,331,499,331,500,331,501,332,502,333,503,334,504,335,505,336,506,337,507,337,508,338,509,339,510,340,510,341,510,342,510,343,510,344,510,345,511,346,510,347,510,348,511,349,510,350,510,351,510,352,510,353,510,354,510,355,509,356,509,357,508,358,508,358,507,358,506,358,505,357,504,357,503,357,502,357,501,357,500,357,499,356,498,355,498,354,497,353,496,352,495,351,494,350,493,349,492,348,491,347,490,346,490,345,489,344,489,343,489,342,489,341,489,340,489
65,500,64,501,63,502,62,502,61,503,60,504,59,504,59,505,58,506,58,507,57,508,57,509,57,510,58,511,59,511,60,511,61,511,62,511,63,511,64,511,65,511,66,511,67,511,68,511,69,511,70,511,71,511,72,511,73,511,74,511,75,511,76,511,77,511,78,511,79,511,80,510,81,510,81,509,80,508,80,507,79,506,78,506,77,505,76,504,75,503,74,503,73,502,72,502,71,501,70,501,69,501,68,500,67,500,66,500
321,502,320,503,319,503,318,503,317,504,316,505,315,505,314,506,314,507,314,508,314,509,314,510,315,511,316,511,317,511,318,511,319,511,320,511,321,511,322,511,323,511,324,511,325,511,326,511,327,511,328,511,329,511,330,511,331,511,332,511,333,511,334,511,335,511,336,511,337,511,338,511,338,510,337,509,336,508,336,507,335,506,334,505,333,504,332,503,331,503,330,503,329,503,328,503,327,503,326,502,325,502,324,502,323,503,322,503
417,502,416,503,415,503,414,503,413,504,412,505,412,506,411,507,410,508,410,509,409,510,410,511,411,511,412,511,413,511,414,511,415,511,416,511,417,511,418,511,419,511,420,511,421,511,422,511,423,511,424,511,425,511,426,511,427,510,428,510,428,509,429,508,428,507,427,506,426,505,425,504,424,503,423,503,422,502,421,502,420,502,419,502,418,502
