73,0,72,1,72,2,73,3,74,4,75,4,76,5,77,5,78,5,79,5,80,5,81,4,82,3,83,2,83,1,82,0,81,0,80,0,79,0,78,0,77,0,76,0,75,0,74,0
77,17,76,18,75,18,74,19,73,20,73,21,72,22,72,23,72,24,73,25,73,26,74,27,75,28,76,29,77,29,78,29,79,30,80,30,81,31,82,31,83,32,84,32,85,33,86,33,87,33,88,33,89,33,90,33,91,32,92,32,93,31,93,30,94,29,94,28,94,27,94,26,94,25,94,24,95,23,94,22,94,21,93,20,93,19,92,19,91,18,90,18,89,17,88,17,87,17,86,17,85,17,84,17,83,17,82,17,81,17,80,17,79,17,78,17
50,19,49,20,48,20,47,21,46,22,45,23,45,24,45,25,45,26,45,27,45,28,45,29,46,30,46,31,47,32,48,33,49,34,50,34,51,34,52,34,53,34,54,33,55,33,56,33,57,33,58,33,59,32,60,31,61,31,62,30,63,29,63,28,63,27,63,26,63,25,63,24,63,23,62,22,62,21,61,20,60,20,59,19,58,19,57,19,56,19,55,19,54,19,53,19,52,19,51,19
70,34,70,35,70,36,69,37,69,38,69,39,70,39,71,39,72,39,73,40,74,41,75,42,76,43,77,44,77,45,78,46,79,47,80,48,81,49,82,50,83,50,84,50,85,51,86,51,87,51,88,51,89,51,90,51,91,51,92,50,93,50,94,50,95,49,96,48,97,47,97,46,98,45,98,44,98,43,98,42,98,41,98,40,98,39,97,38,97,37,96,36,95,35,94,35,93,35,92,34,91,35,90,35,89,35,88,34,87,34,86,34,85,34,84,35,83,35,82,35,81,35,80,35,79,35,78,35,77,35,76,36,75,36,74,36,73,37,72,37,71,36,71,35,71,34
69,40,69,41,69,42,68,43,68,44,68,45,68,46,67,47,67,48,67,49,66,50,66,51,66,52,66,53,66,54,66,55,66,56,67,57,67,58,68,59,69,60,70,60,71,61,72,62,73,63,73,64,74,65,75,66,76,67,77,68,78,68,79,69,80,69,81,69,82,69,83,70,84,70,85,70,86,69,87,69,88,69,89,69,90,69,91,68,92,68,93,67,94,67,94,66,95,65,96,64,97,63,97,62,97,61,98,60,98,59,98,58,97,57,97,56,97,55,97,54,97,53,96,52,95,51,94,51,93,51,92,51,91,52,90,52,89,52,88,52,87,52,86,52,85,52,84,51,83,51,82,51,81,50,80,49,79,48,78,47,77,46,76,45,76,44,75,43,74,42,73,41,72,40,71,40,70,40
90,95,89,96,88,96,87,96,86,96,85,97,84,98,83,98,82,99,81,100,80,101,80,102,80,103,80,104,80,105,80,106,81,107,81,108,81,109,82,110,83,111,84,112,85,113,86,113,87,114,88,114,89,114,90,114,91,114,92,114,93,114,94,113,95,113,96,113,97,112,98,111,99,110,100,109,100,108,100,107,100,106,101,105,101,104,100,103,100,102,99,101,99,100,98,99,97,98,96,98,95,97,94,97,93,96,92,96,91,95
101,131,100,132,99,132,98,133,97,134,96,135,95,136,95,137,94,138,94,139,93,140,93,141,93,142,93,143,93,144,93,145,93,146,93,147,93,148,94,149,95,150,96,151,97,152,98,152,99,152,100,153,101,153,102,153,103,153,104,153,105,153,106,153,107,152,108,152,109,151,110,151,111,151,112,150,113,149,113,148,113,147,114,146,114,145,114,144,114,143,114,142,113,141,113,140,113,139,112,138,111,137,111,136,110,135,109,134,108,133,107,132,106,132,105,132,104,131,103,131,102,131
188,134,187,135,186,135,185,135,184,135,183,135,182,136,181,136,180,137,179,137,178,138,177,139,176,140,175,141,175,142,174,143,173,144,173,145,172,146,172,147,172,148,171,149,172,150,173,151,173,152,174,153,174,154,175,155,176,156,176,157,177,158,177,159,178,160,178,161,179,162,180,163,181,163,182,164,183,163,184,163,185,162,186,161,187,161,188,160,189,160,190,159,191,158,192,158,193,157,194,156,195,155,196,155,197,154,198,153,199,152,200,152,201,151,201,150,200,149,200,148,200,147,199,146,199,145,198,144,198,143,197,142,197,141,196,140,195,139,194,138,193,137,192,137,191,136,190,135,189,135
162,149,161,150,160,150,159,151,158,151,157,151,157,152,156,153,155,154,154,155,153,156,153,157,153,158,152,159,152,160,152,161,152,162,152,163,152,164,152,165,153,166,153,167,154,168,155,169,155,170,156,171,156,172,156,173,157,174,157,175,157,176,157,177,156,178,157,179,157,180,157,181,157,182,157,183,157,184,158,185,158,186,159,186,160,187,161,188,162,189,163,189,164,190,165,190,166,191,167,191,168,191,169,192,170,193,171,193,172,194,173,193,174,192,175,192,176,191,177,190,178,189,179,188,180,187,181,186,182,185,183,184,183,183,184,182,184,181,184,180,183,179,183,178,182,177,182,176,182,175,182,174,181,173,180,172,180,171,180,170,179,169,179,168,178,167,178,166,178,165,178,164,179,163,178,162,177,161,177,160,176,159,176,158,175,157,175,156,174,155,173,154,173,153,172,152,172,151,171,150,170,149,169,149,168,149,167,149,166,149,165,149,164,149,163,149
202,151,201,152,200,153,199,153,198,154,197,155,196,156,195,156,194,157,193,158,192,159,191,159,190,160,189,161,188,161,187,162,186,162,185,163,184,164,183,164,182,165,182,166,183,167,182,168,183,169,182,170,182,171,182,172,183,173,183,174,184,174,185,175,185,176,186,177,187,178,188,179,189,180,190,180,191,180,192,181,193,181,194,182,195,183,196,184,197,185,198,185,199,186,200,187,201,187,202,187,202,186,203,185,203,184,203,183,204,182,204,181,204,180,204,179,204,178,205,177,205,176,206,175,206,174,207,173,207,172,208,171,208,170,208,169,208,168,209,167,209,166,209,165,209,164,209,163,209,162,209,161,209,160,209,159,209,158,209,157,208,156,208,155,207,154,206,153,205,153,204,152,203,151
220,153,219,154,218,154,217,154,216,154,215,154,214,155,213,155,212,155,211,155,210,155,209,155,209,156,210,157,210,158,210,159,210,160,210,161,210,162,210,163,210,164,210,165,210,166,210,167,209,168,209,169,209,170,209,171,208,172,208,173,207,174,207,175,206,176,206,177,205,178,205,179,205,180,205,181,205,182,204,183,204,184,204,185,203,186,203,187,202,188,203,189,203,190,203,191,203,192,203,193,203,194,203,195,203,196,203,197,203,198,204,199,205,200,204,201,205,201,206,201,207,201,208,202,208,203,209,202,210,202,211,201,212,200,213,200,214,199,215,199,216,198,217,198,218,198,219,197,220,197,221,196,222,196,223,195,224,195,225,194,226,194,227,194,228,193,228,192,229,191,230,192,230,191,231,190,232,190,233,189,234,188,234,187,234,186,235,185,236,185,237,184,236,183,237,182,236,181,237,180,238,180,238,179,239,178,240,177,241,176,241,175,242,174,242,173,242,172,243,171,243,170,243,169,243,168,243,167,243,166,243,165,243,164,242,163,241,162,240,161,239,160,238,160,237,159,237,158,236,157,235,157,234,156,233,156,232,156,231,156,230,156,229,156,228,156,227,156,226,155,225,154,224,153,223,153,222,154,221,153
188,180,187,181,186,181,185,181,185,182,184,183,184,184,183,185,182,186,181,187,180,188,179,189,178,190,177,191,176,192,175,193,174,193,173,194,172,195,172,196,173,197,173,198,173,199,173,200,173,201,174,202,175,203,175,204,176,205,177,206,177,207,178,208,179,209,180,209,181,209,182,208,183,208,184,208,185,208,186,208,187,208,188,208,189,207,190,207,191,207,192,206,193,206,194,206,195,205,196,205,197,204,198,204,199,203,200,203,201,202,202,202,203,201,202,200,202,199,202,198,202,197,202,196,202,195,202,194,202,193,202,192,202,191,202,190,202,189,201,188,200,188,199,187,198,186,197,186,196,185,195,184,194,183,193,182,192,182,191,181,190,181,189,181
92,217,91,218,90,218,89,218,88,219,87,220,87,221,86,222,86,223,86,224,86,225,86,226,86,227,86,228,87,229,88,230,89,231,90,232,91,232,92,233,93,232,94,232,95,232,96,231,97,230,98,230,99,229,99,228,100,227,101,226,101,225,101,224,101,223,101,222,100,221,100,220,99,219,98,219,97,218,96,217,95,217,94,217,93,217
224,264,223,265,222,266,221,266,220,267,219,268,219,269,219,270,218,271,218,272,218,273,218,274,218,275,218,276,218,277,219,278,220,279,221,280,221,281,222,281,223,282,224,282,225,282,226,282,227,282,228,283,229,283,230,282,231,282,232,282,233,281,234,281,235,280,236,280,236,279,236,278,236,277,236,276,236,275,236,274,236,273,236,272,235,271,235,270,235,269,234,268,234,267,234,266,233,265,232,265,231,265,230,265,229,265,228,265,227,265,226,265,225,264
204,410,203,411,202,411,201,411,200,411,199,412,198,412,197,413,196,413,195,414,194,415,193,416,192,417,192,418,191,419,191,420,191,421,191,422,191,423,191,424,191,425,191,426,191,427,192,428,192,429,193,430,193,431,194,432,195,433,196,434,197,435,198,435,199,435,200,436,201,436,202,437,203,437,204,437,205,437,206,437,207,437,208,436,209,436,210,435,211,435,212,434,213,433,214,432,214,431,215,430,215,429,215,428,215,427,215,426,215,425,215,424,215,423,215,422,216,421,216,420,215,419,215,418,215,417,215,416,214,415,213,414,212,413,211,412,210,412,209,412,208,411,207,411,206,410,205,410
158,411,157,412,156,412,155,412,154,412,153,413,152,413,151,414,150,414,149,415,148,415,147,415,146,416,145,415,144,416,143,416,142,416,141,416,140,416,139,417,138,417,137,417,136,418,135,418,134,418,133,418,132,418,131,419,130,420,129,421,129,422,128,423,128,424,127,425,127,426,127,427,127,428,126,429,126,430,125,431,125,432,125,433,124,434,124,435,123,436,123,437,122,438,121,439,122,440,123,441,124,442,125,443,126,444,127,445,128,446,129,446,130,447,131,448,132,449,133,450,134,449,135,448,136,447,137,446,138,445,139,444,140,444,141,443,142,442,143,442,144,441,145,442,146,441,147,441,148,441,149,441,150,441,151,441,152,441,153,441,154,441,155,441,156,440,157,440,158,440,159,439,160,439,161,438,162,438,163,437,164,437,165,437,166,437,167,437,168,437,169,437,170,438,171,438,172,438,173,439,174,439,175,439,176,439,177,439,178,439,179,438,180,438,181,438,182,438,183,437,184,437,184,436,185,435,186,435,187,434,187,433,188,432,189,431,190,430,191,429,191,428,190,427,190,426,190,425,190,424,190,423,190,422,190,421,190,420,190,419,189,419,188,418,187,417,186,416,185,415,184,415,183,414,182,414,181,414,180,414,179,413,178,413,177,413,176,413,175,413,174,413,173,412,172,412,171,412,170,412,169,412,168,412,167,411,166,411,165,411,164,411,163,411,162,411,161,411,160,411,159,411
227,420,226,421,225,421,224,422,223,422,222,423,221,423,220,424,220,425,219,426,218,427,218,428,218,429,218,430,218,431,217,432,217,433,217,434,218,435,218,436,219,437,219,438,220,439,220,440,221,441,221,442,222,443,223,444,224,444,225,444,226,445,227,445,228,444,229,444,230,444,231,443,232,444,232,443,233,442,234,441,235,440,236,439,236,438,237,437,238,436,239,435,240,434,240,433,239,432,239,431,239,430,239,429,238,428,238,427,238,426,237,425,237,424,236,423,235,422,234,421,233,421,232,420,231,420,230,420,229,420,228,420
241,434,240,435,239,436,238,437,237,438,237,439,236,440,235,441,234,442,233,443,233,444,233,445,233,446,234,447,234,448,234,449,234,450,235,451,236,452,236,453,237,454,238,455,239,456,240,457,241,458,242,459,243,460,244,461,245,462,245,463,246,464,247,465,248,465,249,466,250,467,251,467,252,467,253,467,254,468,255,468,256,468,257,468,258,468,259,467,260,467,261,467,262,467,263,466,264,466,265,465,266,464,267,463,267,462,268,461,268,460,268,459,269,458,269,457,269,456,269,455,269,454,269,453,269,452,268,451,268,450,268,449,267,448,267,447,266,446,265,445,264,444,263,444,262,443,261,443,260,442,259,442,258,441,257,440,256,440,255,439,254,438,253,438,252,437,251,436,250,435,249,435,248,434,247,434,246,434,245,434,244,434,243,434,242,434
119,440,118,441,117,442,116,442,115,443,114,444,113,445,112,446,112,447,111,448,111,449,110,450,110,451,110,452,110,453,110,454,110,455,110,456,110,457,111,458,111,459,111,460,112,461,113,462,114,463,115,464,116,464,117,464,118,463,119,463,120,463,121,462,122,462,123,461,124,461,125,460,126,460,126,459,127,458,128,457,129,456,130,455,131,454,131,453,132,452,133,451,132,450,131,449,130,448,129,447,128,447,127,446,126,445,125,444,124,443,123,442,122,441,121,440,120,440
202,453,201,454,200,454,199,455,198,455,197,456,196,457,195,458,194,459,193,460,193,461,192,462,191,463,190,464,190,465,190,466,189,467,189,468,188,469,188,470,187,471,186,472,186,473,185,474,185,475,184,476,184,477,184,478,183,479,183,480,183,481,183,482,183,483,183,484,184,485,184,486,185,487,185,488,186,489,186,490,187,491,188,492,188,493,189,494,189,495,190,496,190,497,191,498,192,499,192,500,193,501,194,502,195,503,196,503,197,504,198,505,199,505,200,506,201,506,202,506,203,507,204,507,205,507,206,508,207,508,208,508,209,508,210,507,211,507,212,507,213,507,214,507,215,506,216,506,217,506,218,505,219,505,220,505,221,505,222,504,223,503,224,503,225,503,226,502,226,501,227,500,228,499,228,498,229,497,230,496,231,495,231,494,231,493,232,492,233,491,233,490,233,489,234,488,234,487,234,486,234,485,234,484,234,483,234,482,235,481,235,480,235,479,235,478,235,477,234,476,234,475,234,474,234,473,234,472,234,471,233,470,233,469,233,468,233,467,232,466,231,465,231,464,230,463,229,462,228,461,227,460,226,459,225,458,224,458,223,457,222,457,221,456,220,456,219,455,218,455,217,455,216,454,215,454,214,454,213,453,212,453,211,453,210,453,209,453,208,453,207,453,206,453,205,453,204,453,203,453
385,457,384,458,383,458,382,458,381,458,380,459,379,459,378,459,377,459,376,459,375,460,374,461,373,462,372,463,371,464,371,465,371,466,370,467,370,468,370,469,370,470,370,471,370,472,370,473,370,474,370,475,371,476,371,477,372,478,372,479,373,480,373,481,374,482,375,483,376,484,377,484,378,484,379,485,380,485,381,485,382,485,383,486,384,486,385,487,386,487,387,486,388,485,389,485,390,484,391,483,392,483,393,482,394,481,394,480,394,479,395,478,396,477,396,476,397,475,397,474,398,473,398,472,398,471,398,470,398,469,398,468,398,467,398,466,398,465,398,464,397,463,397,462,396,461,396,460,395,460,394,459,393,458,392,458,391,458,390,457,389,457,388,457,387,457,386,457
99,459,98,460,97,460,96,461,95,462,94,463,93,464,93,465,93,466,92,467,92,468,92,469,93,470,93,471,93,472,94,473,94,474,95,475,96,476,96,477,97,478,98,479,99,479,100,480,101,480,102,480,103,480,104,480,105,479,106,479,107,478,108,478,109,477,110,476,111,476,111,475,112,474,112,473,112,472,112,471,113,470,113,469,113,468,112,467,112,466,112,465,111,464,111,463,110,462,109,462,108,461,107,460,106,460,105,459,104,459,103,459,102,459,101,459,100,459
347,462,346,463,345,463,344,464,343,464,342,464,341,465,340,466,340,467,339,468,338,469,338,470,337,471,337,472,337,473,337,474,336,475,337,476,337,477,336,478,337,479,337,480,337,481,338,482,339,483,340,484,341,484,342,485,343,486,344,487,345,487,346,488,347,487,348,487,349,487,350,487,351,487,352,487,353,487,354,487,355,486,356,486,357,486,358,485,359,485,360,484,360,483,361,482,361,481,362,480,362,479,363,478,363,477,363,476,362,475,362,474,362,473,362,472,362,471,361,470,361,469,360,468,359,467,359,466,358,465,357,464,356,464,355,464,354,463,353,462,352,462,351,462,350,462,349,462,348,462
138,464,137,465,136,465,135,466,134,466,133,466,132,467,131,467,130,468,129,468,128,469,128,470,127,471,126,472,125,473,124,474,123,475,122,476,122,477,122,478,121,479,121,480,121,481,120,482,119,483,119,484,119,485,118,486,118,487,118,488,117,489,117,490,117,491,117,492,117,493,117,494,117,495,117,496,117,497,118,498,117,499,117,500,117,501,118,502,118,503,118,504,119,505,120,506,120,507,121,508,122,508,123,509,124,509,125,510,126,510,127,511,128,511,129,511,130,511,131,511,132,511,133,511,134,511,135,511,136,511,137,511,138,511,139,511,140,511,141,511,142,511,143,511,144,511,145,511,146,511,147,511,148,511,149,511,150,511,151,511,152,511,153,511,154,511,155,511,156,511,157,511,158,511,159,511,160,511,161,511,162,511,163,511,164,511,165,511,166,511,167,511,168,510,169,510,170,510,171,510,172,509,173,509,174,508,175,507,175,506,176,505,176,504,177,503,177,502,177,501,177,500,177,499,177,498,177,497,178,496,177,495,177,494,177,493,177,492,177,491,177,490,177,489,177,488,176,487,176,486,176,485,176,484,175,483,175,482,175,481,174,480,174,479,174,478,173,477,173,476,173,475,172,474,171,473,171,472,170,471,170,470,169,470,168,469,167,468,166,467,165,467,164,466,163,466,162,466,161,465,160,465,159,465,158,464,157,464,156,464,155,464,154,464,153,464,152,464,151,464,150,464,149,464,148,464,147,464,146,464,145,465,144,464,143,464,142,464,141,464,140,464,139,464
266,470,265,471,264,471,263,472,262,472,261,473,260,474,259,475,258,476,258,477,257,478,257,479,257,480,257,481,257,482,257,483,257,484,258,485,258,486,259,487,260,488,261,489,262,490,262,491,263,492,264,492,265,493,266,494,266,495,267,494,268,494,269,494,270,493,271,493,272,492,273,492,274,492,275,491,276,490,277,489,278,488,279,487,279,486,279,485,279,484,279,483,279,482,279,481,279,480,279,479,279,478,279,477,279,476,279,475,278,474,278,473,277,472,276,472,275,471,274,471,273,471,272,470,271,470,270,470,269,470,268,470,267,470
87,481,86,482,85,482,84,482,83,483,82,483,81,483,80,484,79,485,78,485,77,486,76,487,76,488,76,489,76,490,76,491,76,492,76,493,76,494,76,495,76,496,76,497,77,498,77,499,77,500,78,501,78,502,78,503,79,504,80,505,80,506,81,507,82,508,83,508,84,508,85,509,86,509,87,509,88,509,89,509,90,508,91,508,92,508,93,508,94,507,95,507,96,506,97,506,98,505,99,504,100,503,101,502,101,501,102,500,102,499,103,498,103,497,103,496,103,495,103,494,103,493,103,492,103,491,103,490,102,489,102,488,101,487,100,486,100,485,99,485,98,484,97,483,96,483,95,483,94,482,93,482,92,482,91,482,90,482,89,481,88,481
394,482,393,483,392,484,391,484,390,485,389,486,388,486,387,487,387,488,387,489,387,490,387,491,388,492,388,493,388,494,388,495,389,496,389,497,389,498,389,499,389,500,389,501,389,502,390,503,390,504,390,505,390,506,390,507,390,508,390,509,390,510,390,511,391,511,392,511,393,511,394,511,395,511,396,511,397,511,398,511,399,511,400,511,401,511,402,510,403,510,404,509,405,509,406,509,407,508,408,508,409,507,410,507,411,507,411,506,411,505,412,504,413,503,414,502,415,501,415,500,415,499,416,498,416,497,416,496,416,495,416,494,416,493,417,492,416,491,416,490,415,489,414,488,413,487,413,486,412,486,411,485,411,484,410,484,409,483,408,483,407,483,406,483,405,482,404,482,403,482,402,482,401,482,400,482,399,482,398,483,397,483,396,483,395,482
374,484,373,485,372,485,371,485,370,485,369,485,368,486,367,486,366,487,365,487,364,488,363,488,362,489,362,490,361,491,361,492,361,493,360,494,360,495,359,496,359,497,359,498,359,499,359,500,358,501,358,502,358,503,359,504,359,505,359,506,359,507,359,508,360,509,361,510,362,511,363,511,364,510,365,510,366,511,367,511,368,511,369,511,370,511,371,511,372,511,373,511,374,511,375,511,376,511,377,511,378,511,379,511,380,511,381,511,382,511,383,510,384,510,385,510,386,510,387,510,388,511,389,511,389,510,389,509,389,508,389,507,389,506,389,505,389,504,389,503,388,502,388,501,388,500,388,499,388,498,388,497,388,496,387,495,387,494,387,493,387,492,386,491,386,490,386,489,386,488,385,488,384,487,383,487,382,486,381,486,380,486,379,486,378,485,377,485,376,485,375,484
341,487,340,488,339,488,338,488,337,489,336,490,335,490,334,491,333,492,332,493,331,494,331,495,331,496,331,497,330,498,330,499,330,500,330,501,330,502,331,503,332,504,333,505,334,506,334,507,335,508,336,509,337,510,338,510,339,510,340,510,341,510,342,510,343,510,344,511,345,510,346,510,347,511,348,510,349,510,350,510,351,510,352,510,353,510,354,510,355,510,356,509,357,508,357,507,357,506,357,505,357,504,357,503,357,502,357,501,356,500,356,499,356,498,355,497,354,496,353,495,352,494,351,493,350,492,349,491,348,491,347,490,346,489,345,488,344,488,343,487,342,487
63,501,62,502,61,502,60,502,59,503,58,503,57,504,56,505,55,506,55,507,55,508,55,509,56,510,57,510,58,510,59,511,60,511,61,511,62,511,63,511,64,511,65,511,66,511,67,511,68,511,69,511,70,511,71,511,72,511,73,511,74,511,75,511,76,511,77,511,78,511,79,511,80,510,81,509,81,508,80,507,79,506,79,505,78,504,77,504,76,504,75,503,74,502,73,502,72,502,71,501,70,501,69,501,68,501,67,501,66,501,65,501,64,501
318,502,317,503,316,504,315,505,315,506,314,507,314,508,314,509,314,510,315,510,316,510,317,511,318,511,319,511,320,511,321,511,322,511,323,511,324,511,325,511,326,511,327,511,328,511,329,511,330,511,331,511,332,511,333,511,334,511,335,511,336,511,336,510,335,509,334,508,333,507,333,506,332,505,331,504,330,503,329,503,328,503,327,503,326,502,325,502,324,502,323,502,322,502,321,502,320,502,319,502
