269,0,268,1,267,2,268,3,268,4,269,5,270,6,271,6,272,7,273,7,274,7,275,7,276,7,277,7,278,7,279,7,280,6,281,5,282,5,283,4,284,3,284,2,284,1,283,0,282,0,281,0,280,0,279,0,278,0,277,0,276,0,275,0,274,0,273,0,272,0,271,0,270,0
258,207,257,208,256,208,255,208,254,209,253,209,252,210,251,211,250,211,249,211,248,212,247,212,246,213,245,214,244,214,243,215,242,215,241,216,240,217,239,217,238,218,237,219,236,219,235,220,234,220,233,220,232,220,231,221,230,221,229,222,228,223,227,224,226,225,226,226,226,227,227,228,227,229,227,230,228,231,229,232,230,233,231,233,232,233,233,234,234,234,235,233,236,233,237,233,238,233,239,233,240,233,241,233,242,233,243,233,244,233,245,233,246,233,247,233,248,232,249,231,250,230,251,229,252,228,253,227,254,227,255,226,256,226,257,226,258,225,259,225,260,225,261,225,262,225,263,224,264,223,265,222,266,221,267,220,268,219,269,218,269,217,270,216,270,215,270,214,270,213,270,212,269,211,269,210,268,209,267,209,266,208,265,208,264,207,263,208,262,207,261,207,260,207,259,207
198,208,197,209,196,209,195,209,194,209,193,210,192,210,191,210,190,211,189,212,188,213,187,214,186,215,185,216,184,217,184,218,184,219,184,220,184,221,184,222,184,223,184,224,185,225,185,226,186,227,187,228,188,229,189,229,190,230,191,230,192,230,193,230,194,229,195,229,196,229,197,228,198,228,199,227,200,227,201,226,202,225,203,224,204,223,204,222,205,221,205,220,205,219,205,218,205,217,204,216,204,215,204,214,203,213,203,212,202,211,201,210,200,210,199,209
243,237,242,238,242,239,241,240,241,241,241,242,240,243,240,244,239,245,239,246,238,247,237,247,236,248,235,249,234,249,233,249,232,250,231,250,230,251,230,252,229,253,229,254,228,255,227,256,226,257,225,257,226,258,225,259,225,260,225,261,225,262,225,263,225,264,225,265,226,266,226,267,227,268,228,268,229,269,230,269,231,270,232,270,233,270,234,270,235,269,236,269,237,268,238,267,239,267,240,266,241,265,242,264,243,264,244,264,245,264,246,263,247,262,248,261,249,260,250,259,251,258,252,257,252,256,253,255,254,254,255,253,256,252,256,251,257,250,257,249,256,248,257,247,256,246,257,245,256,244,257,243,256,242,255,241,254,240,253,240,252,239,251,239,250,239,249,238,249,237,248,238,247,237,246,237,245,237,244,237
294,249,293,250,292,250,291,250,291,251,290,252,289,252,288,253,287,254,287,255,287,256,286,257,286,258,286,259,287,260,287,261,287,262,288,263,289,264,290,265,291,265,292,265,293,265,294,265,295,265,296,265,297,264,298,264,299,263,300,262,301,261,302,260,302,259,302,258,302,257,302,256,302,255,302,254,301,253,301,252,301,251,300,250,299,250,298,250,297,249,296,249,295,249
277,266,276,267,275,267,274,267,273,268,272,268,271,269,270,270,269,270,268,271,267,272,266,273,266,274,265,275,265,276,264,277,264,278,263,279,263,280,263,281,263,282,263,283,263,284,264,285,264,286,265,287,266,287,267,288,267,289,268,288,269,288,270,287,271,287,272,286,273,286,274,286,275,285,276,285,277,285,278,284,279,284,280,284,281,284,282,284,283,283,284,282,285,281,285,280,286,279,286,278,287,277,287,276,287,275,288,274,288,273,288,272,288,271,287,270,287,269,286,268,285,267,284,267,283,266,282,266,281,266,280,266,279,266,278,266
283,284,282,285,281,285,280,285,279,285,278,285,277,286,276,286,275,286,274,287,273,287,272,287,271,288,270,288,269,289,268,289,267,290,267,291,267,292,267,293,266,294,266,295,267,296,267,297,267,298,268,299,268,300,269,301,270,301,271,302,272,303,273,303,274,303,275,304,276,304,277,304,278,304,279,304,280,303,281,303,282,303,283,302,284,301,285,300,286,299,287,299,288,298,288,297,288,296,288,295,288,294,288,293,288,292,288,291,288,290,287,289,287,288,286,288,285,287,285,286,285,285,284,285
298,296,297,297,296,297,295,297,294,298,293,299,292,299,291,300,290,301,289,302,288,303,288,304,287,305,286,306,286,307,285,308,284,309,284,310,283,311,283,312,283,313,283,314,283,315,283,316,283,317,283,318,284,319,284,320,285,321,286,322,287,322,288,323,289,324,290,324,291,324,292,325,293,325,294,325,295,325,296,326,297,325,298,324,298,323,299,322,300,321,301,320,302,319,303,318,304,317,304,316,305,315,306,314,307,313,308,313,309,312,310,311,311,310,312,309,313,308,314,307,315,306,316,305,315,304,314,304,313,303,313,302,312,301,312,300,311,299,310,298,309,297,308,297,307,297,306,296,305,296,304,296,303,296,302,296,301,296,300,296,299,296
317,305,316,306,315,307,314,308,313,309,312,310,311,311,310,312,309,313,308,314,307,314,306,315,305,316,305,317,304,318,303,319,302,320,301,321,300,322,299,323,299,324,298,325,297,326,297,327,298,328,299,328,300,329,301,329,302,330,303,330,304,330,305,331,306,331,307,331,308,331,309,331,310,331,311,331,312,331,313,331,314,330,315,330,316,330,317,329,318,329,319,328,320,328,321,327,322,327,323,326,324,325,325,325,326,324,327,323,327,322,328,321,328,320,329,319,329,318,330,317,330,316,330,315,330,314,330,313,330,312,330,311,330,310,329,309,329,308,328,308,327,307,326,307,325,306,324,306,323,306,322,306,321,306,320,306,319,306,318,305
177,331,176,332,175,332,174,333,173,333,172,334,171,335,170,335,170,336,169,337,169,338,168,339,168,340,168,341,168,342,167,343,167,344,168,345,168,346,168,347,169,348,169,349,170,350,171,351,171,352,172,353,173,353,174,354,175,354,176,354,177,354,178,354,179,354,180,354,181,354,182,353,183,353,184,352,185,352,186,351,187,350,188,350,188,349,189,348,189,347,190,346,190,345,190,344,190,343,190,342,190,341,190,340,190,339,189,338,189,337,188,336,188,335,187,334,186,333,185,333,184,332,183,331,182,331,181,331,180,331,179,331,178,331
222,345,221,346,220,346,219,346,218,347,217,347,216,347,215,348,214,349,213,349,212,350,211,351,210,351,209,352,208,353,207,354,206,355,205,356,205,357,204,358,203,359,203,360,203,361,204,362,205,363,206,364,207,365,208,366,209,367,210,368,211,369,212,370,213,371,213,372,214,373,214,374,215,375,216,376,216,377,217,378,218,379,219,380,220,381,220,382,221,383,222,384,222,385,223,385,224,384,225,383,226,383,227,382,228,382,229,381,230,381,231,381,232,380,233,380,234,379,235,379,236,378,237,378,238,378,239,377,240,377,241,376,242,376,243,375,244,374,245,373,245,372,246,371,246,370,247,369,247,368,247,367,248,366,248,365,247,364,248,363,248,362,248,361,248,360,248,359,247,358,247,357,247,356,247,355,247,354,246,353,246,352,246,351,245,350,244,350,243,349,242,348,241,348,240,347,239,347,238,347,237,346,236,346,235,346,234,346,233,346,232,345,231,345,230,345,229,345,228,345,227,345,226,345,225,345,224,345,223,345
83,363,82,364,81,364,80,365,79,366,78,366,78,367,77,368,77,369,76,370,76,371,75,372,75,373,75,374,75,375,74,376,74,377,74,378,74,379,74,380,74,381,74,382,74,383,74,384,75,385,75,386,76,387,76,388,77,389,78,390,79,391,80,392,81,393,82,394,83,395,84,395,85,396,86,396,87,396,88,396,89,396,90,396,91,396,92,395,93,395,94,394,95,394,96,394,97,393,98,393,99,393,100,393,101,392,102,392,103,391,103,390,104,389,104,388,105,387,105,386,106,385,106,384,107,383,107,382,107,381,108,380,108,379,108,378,108,377,108,376,108,375,107,374,106,373,106,372,105,371,104,370,103,369,102,368,101,367,100,367,99,366,98,366,97,365,96,365,95,364,94,364,93,364,92,364,91,363,90,363,89,363,88,363,87,363,86,363,85,364,84,363
56,372,55,373,54,373,53,373,52,374,51,374,50,375,49,375,48,376,47,377,46,378,45,379,44,380,43,381,43,382,42,383,42,384,42,385,42,386,42,387,42,388,42,389,43,390,43,391,44,392,45,393,46,393,47,394,48,394,49,395,50,395,51,395,52,395,53,395,54,395,55,395,56,395,57,395,58,395,59,395,60,394,61,394,62,394,63,393,64,393,65,392,66,391,67,390,68,389,68,388,68,387,69,386,69,385,69,384,69,383,69,382,69,381,69,380,69,379,69,378,68,377,68,376,67,375,66,374,65,373,64,373,63,372,62,372,61,372,60,372,59,372,58,372,57,372
354,452,353,453,352,453,351,453,350,454,349,455,348,456,347,456,347,457,346,458,345,459,345,460,344,461,344,462,343,463,343,464,343,465,343,466,343,467,343,468,343,469,344,470,344,471,344,472,345,473,345,474,346,475,347,475,348,475,349,475,350,475,351,475,352,475,353,475,354,475,355,475,356,475,357,475,358,475,359,475,360,475,361,475,362,475,363,474,364,474,365,474,366,474,367,474,368,474,368,473,368,472,368,471,369,470,369,469,369,468,370,467,370,466,370,465,370,464,369,463,369,462,369,461,369,460,368,459,368,458,367,457,366,456,366,455,365,454,364,454,363,453,362,453,361,452,360,452,359,452,358,452,357,452,356,452,355,452
383,461,382,462,381,462,380,462,379,463,378,464,377,464,376,465,376,466,375,467,375,468,374,469,374,470,375,471,375,472,375,473,375,474,376,475,376,476,376,477,377,478,377,479,378,480,378,481,379,482,379,483,380,484,381,485,382,485,383,486,384,487,385,487,386,487,387,487,388,488,389,488,390,488,391,488,392,488,393,487,394,487,395,487,396,486,397,486,398,485,399,484,400,483,400,482,401,481,401,480,401,479,401,478,401,477,401,476,401,475,401,474,400,473,400,472,400,471,399,470,399,469,399,468,398,467,397,466,397,465,396,464,395,463,394,463,393,463,392,462,391,462,390,462,389,462,388,461,387,461,386,461,385,461,384,461
363,475,362,476,361,476,360,476,359,476,358,476,357,476,356,476,355,476,354,476,353,476,352,476,351,476,350,476,349,476,348,476,347,476,346,476,346,477,346,478,346,479,345,480,345,481,345,482,345,483,345,484,345,485,345,486,345,487,345,488,344,489,344,490,344,491,344,492,345,493,345,494,346,495,346,496,347,497,348,497,349,498,350,499,351,499,352,498,353,498,354,498,355,498,356,498,357,498,358,498,359,497,360,496,361,497,362,496,363,496,364,496,365,495,366,494,367,493,368,493,369,492,370,492,371,491,372,491,372,490,373,489,373,488,373,487,373,486,373,485,373,484,373,483,373,482,372,481,372,480,371,479,370,478,369,477,369,476,368,475,367,475,366,475,365,475,364,475
46,477,45,478,44,479,44,480,44,481,44,482,44,483,45,484,46,485,47,485,48,486,49,486,50,486,51,486,52,486,53,485,53,484,54,483,54,482,54,481,54,480,53,479,53,478,52,478,51,477,50,477,49,477,48,477,47,477
321,480,320,481,319,481,318,482,317,482,316,483,315,484,314,485,314,486,313,487,312,488,312,489,311,490,311,491,311,492,311,493,310,494,310,495,310,496,310,497,310,498,310,499,311,500,311,501,311,502,311,503,312,504,313,505,313,506,314,507,315,507,316,508,317,508,318,509,319,509,320,509,321,509,322,509,323,509,324,509,325,509,326,509,327,509,328,509,329,509,330,509,331,508,332,508,333,508,332,507,333,506,334,505,335,504,335,503,335,502,336,501,336,500,337,499,337,498,337,497,337,496,337,495,337,494,337,493,338,492,338,491,337,490,337,489,337,488,337,487,336,486,335,485,335,484,334,483,333,482,332,481,331,481,330,480,329,480,328,480,327,480,326,480,325,480,324,480,323,480,322,480
406,486,405,487,404,487,403,487,402,488,401,488,400,489,399,490,399,491,399,492,398,493,398,494,398,495,398,496,398,497,398,498,398,499,398,500,398,501,398,502,398,503,399,504,399,505,400,506,401,507,402,508,403,508,404,509,405,510,406,510,407,511,408,511,409,511,410,511,411,511,412,511,413,511,414,511,415,511,416,511,417,510,418,510,419,510,420,509,421,509,422,508,422,507,423,506,424,505,425,504,426,503,426,502,426,501,427,500,427,499,426,498,426,497,426,496,425,495,424,494,424,493,423,492,422,491,421,491,420,490,419,489,418,488,417,488,416,487,415,487,414,487,413,486,412,486,411,486,410,486,409,486,408,486,407,486
