266,0,265,1,265,2,264,3,265,4,265,5,266,6,267,6,268,7,269,7,270,8,271,8,272,8,273,8,274,8,275,8,276,8,277,8,278,8,279,7,280,7,281,6,282,5,283,4,284,4,284,3,285,2,285,1,284,0,283,0,282,0,281,0,280,0,279,0,278,0,277,0,276,0,275,0,274,0,273,0,272,0,271,0,270,0,269,0,268,0,267,0
124,105,123,106,122,106,121,107,120,107,119,108,118,109,117,110,117,111,116,112,116,113,115,114,115,115,115,116,114,117,114,118,114,119,114,120,114,121,114,122,114,123,114,124,114,125,115,126,115,127,115,128,116,129,116,130,117,131,118,132,119,132,120,132,121,132,122,132,123,132,124,132,125,132,126,132,127,131,128,131,129,131,130,130,131,129,131,128,132,127,132,126,133,125,133,124,134,123,134,122,134,121,135,120,135,119,135,118,135,117,135,116,135,115,135,114,135,113,135,112,134,111,134,110,133,109,132,108,131,107,130,106,129,106,128,106,127,106,126,105,125,105
179,169,178,170,177,170,176,170,175,170,174,171,173,172,172,172,171,173,171,174,170,175,170,176,170,177,170,178,170,179,170,180,170,181,170,182,170,183,170,184,170,185,171,186,172,187,172,188,173,189,173,190,174,191,175,192,176,193,177,194,178,194,179,195,180,195,181,196,182,196,183,196,184,196,185,196,186,196,187,196,188,196,189,195,190,194,191,193,192,192,192,191,192,190,193,189,193,188,193,187,193,186,193,185,193,184,193,183,193,182,192,181,192,180,192,179,192,178,191,177,191,176,190,175,189,174,188,173,187,172,186,171,185,171,184,170,183,170,182,170,181,170,180,169
233,171,232,172,231,172,230,172,229,172,228,173,227,173,226,174,225,175,224,176,224,177,224,178,224,179,224,180,224,181,224,182,224,183,224,184,225,185,225,186,226,187,226,188,227,189,228,189,229,190,230,190,231,190,232,191,233,192,234,191,235,191,236,190,237,190,238,189,239,189,240,188,241,188,242,187,243,187,244,186,245,186,246,186,245,185,246,184,246,183,246,182,246,181,246,180,246,179,246,178,246,177,245,176,245,175,244,174,243,174,242,173,241,173,240,172,239,172,238,172,237,171,236,171,235,171,234,171
211,182,210,183,209,183,208,184,207,184,207,185,206,186,205,187,205,188,204,189,204,190,203,191,203,192,203,193,203,194,202,195,202,196,203,197,203,198,203,199,203,200,203,201,204,202,204,203,205,204,205,205,206,205,207,206,208,207,209,207,210,207,211,207,212,207,213,207,214,207,215,207,216,206,217,206,218,206,219,206,220,205,221,205,222,204,223,204,224,203,225,202,226,202,227,201,228,200,228,199,228,198,228,197,228,196,228,195,227,194,227,193,227,192,227,191,226,190,226,189,225,188,224,188,223,187,222,186,221,185,220,185,219,184,218,184,217,183,216,183,215,183,214,183,213,182,212,182
244,187,243,188,242,188,241,189,240,189,239,190,238,190,237,191,236,191,235,192,234,192,233,193,233,194,232,195,231,196,231,197,230,198,230,199,230,200,230,201,230,202,230,203,230,204,231,205,232,206,233,207,234,207,235,208,236,208,237,209,238,209,239,209,240,210,241,210,242,211,243,211,244,212,245,212,246,211,247,210,247,209,248,208,249,207,250,207,251,206,252,205,253,205,254,204,255,204,256,203,257,202,258,201,258,200,259,199,259,198,259,197,259,196,259,195,259,194,258,193,258,192,257,191,256,190,255,189,254,189,253,188,252,188,251,188,250,188,249,188,248,187,247,187,246,187,245,187
276,202,275,203,274,203,273,204,272,205,271,206,271,207,272,208,273,209,274,209,275,210,276,211,277,211,278,210,279,210,280,209,281,209,281,208,281,207,281,206,281,205,280,204,279,203,278,203,277,202
226,206,225,207,224,207,223,207,222,207,221,208,220,209,219,210,218,211,217,212,216,213,215,214,214,215,213,216,212,217,211,218,210,219,209,220,209,221,209,222,208,223,208,224,209,225,209,226,210,227,210,228,211,229,212,230,213,230,214,231,215,231,216,231,217,231,218,232,219,232,220,231,221,230,222,230,223,229,224,228,225,227,226,226,227,225,228,225,229,224,230,223,231,222,232,221,233,220,234,219,235,219,236,218,237,218,238,219,239,218,240,218,241,217,242,216,243,215,243,214,244,213,243,212,242,212,241,211,240,211,239,210,238,210,237,210,236,209,235,209,234,208,233,208,232,207,231,206,230,206,229,206,228,206,227,206
258,206,257,207,256,207,255,208,254,208,253,209,252,209,251,210,250,210,249,211,248,211,247,211,246,212,246,213,245,214,244,214,244,215,243,216,242,217,241,218,240,219,239,219,239,220,238,221,237,221,236,222,235,222,234,223,233,223,232,224,232,225,231,226,231,227,230,228,230,229,230,230,230,231,230,232,231,233,232,234,233,235,234,235,235,236,236,236,237,236,238,236,239,235,240,236,241,235,242,234,243,233,244,232,245,231,246,231,247,230,248,229,249,229,250,228,251,228,252,227,253,226,254,226,255,225,256,224,257,224,258,223,259,223,260,222,261,222,262,221,263,220,264,219,265,219,266,218,267,217,268,216,269,215,269,214,270,213,270,212,270,211,270,210,270,209,269,208,268,207,267,207,266,207,265,206,264,206,263,206,262,206,261,206,260,206,259,206
192,210,192,211,191,212,190,213,189,214,188,214,187,215,187,216,186,217,186,218,185,219,185,220,185,221,185,222,184,223,184,224,185,225,186,226,187,227,188,228,189,229,190,230,191,231,192,231,193,230,194,229,195,228,196,228,197,227,198,227,199,226,200,226,201,225,202,225,202,224,202,223,202,222,203,221,203,220,203,219,203,218,203,217,203,216,203,215,203,214,203,213,202,213,201,212,200,211,199,211,198,211,197,210,196,210,195,210,194,210,193,210
287,226,286,227,285,228,284,229,283,230,283,231,282,232,281,233,281,234,281,235,280,236,281,237,280,238,281,239,281,240,282,241,283,242,284,242,285,243,286,243,287,243,288,243,289,242,290,243,291,242,292,241,293,240,294,240,295,239,295,238,296,237,296,236,296,235,296,234,296,233,296,232,296,231,295,230,295,229,295,228,294,228,293,227,292,226,291,226,290,226,289,226,288,226
253,227,252,228,251,229,250,229,249,230,248,230,247,231,246,232,245,232,244,233,243,234,242,235,241,236,240,237,240,238,239,239,239,240,239,241,240,242,240,243,241,244,242,245,243,245,244,245,245,245,246,244,247,244,248,244,249,244,250,244,251,244,252,243,253,243,254,243,255,242,256,242,257,242,258,241,259,240,259,239,260,238,261,237,261,236,262,235,262,234,263,233,263,232,263,231,263,230,262,229,261,228,260,227,259,227,258,227,257,227,256,227,255,227,254,227
218,233,217,234,216,234,215,235,214,236,213,236,213,237,213,238,213,239,214,240,214,241,214,242,215,243,216,243,217,244,218,244,219,243,220,243,221,242,222,241,222,240,223,239,222,238,222,237,222,236,221,235,220,234,219,233
273,233,272,234,271,234,270,235,269,236,268,237,268,238,267,239,266,240,266,241,265,242,264,243,264,244,263,245,263,246,263,247,263,248,263,249,262,250,263,251,263,252,263,253,263,254,263,255,264,256,265,257,266,257,267,257,268,257,269,257,270,257,271,256,272,256,273,255,274,254,275,253,276,252,276,251,277,250,277,249,278,248,278,247,278,246,278,245,278,244,279,243,279,242,279,241,280,240,280,239,279,238,279,237,279,236,278,235,278,234,277,233,276,233,275,233,274,233
205,234,204,235,203,235,202,236,201,236,200,236,199,236,198,236,197,236,196,236,195,236,194,236,193,235,192,235,191,236,190,237,189,238,188,239,187,240,186,241,186,242,186,243,186,244,185,245,185,246,185,247,185,248,185,249,185,250,185,251,186,252,186,253,187,253,188,253,189,254,190,254,191,254,192,254,193,254,194,254,195,254,196,253,197,253,198,253,199,253,200,253,201,252,202,251,203,251,204,250,205,249,206,249,207,248,208,248,209,248,210,247,211,247,210,246,211,245,212,244,212,243,213,242,213,241,213,240,212,239,212,238,212,237,212,236,211,236,210,236,209,235,208,235,207,234,206,234
297,238,296,239,295,240,294,241,293,241,292,242,291,243,290,244,290,245,289,246,289,247,288,248,288,249,287,250,287,251,286,252,286,253,285,254,285,255,285,256,284,257,284,258,284,259,285,260,285,261,286,262,287,263,287,264,288,264,289,264,290,265,291,265,292,265,293,265,294,265,295,265,296,264,297,264,298,263,299,262,300,261,301,260,301,259,302,258,302,257,303,256,303,255,304,254,305,253,305,252,306,251,306,250,307,249,307,248,307,247,307,246,308,245,308,244,308,243,308,242,307,241,307,240,306,240,305,239,304,238,303,238,302,238,301,238,300,238,299,238,298,238
258,242,257,243,256,243,255,243,254,244,253,244,252,244,251,245,250,245,249,245,248,245,247,245,246,245,245,246,244,246,243,246,242,246,241,246,240,247,239,247,238,247,237,248,236,248,235,248,234,248,233,248,232,248,231,248,230,249,229,250,228,251,227,252,227,253,227,254,226,255,226,256,225,257,225,258,224,259,223,259,224,260,224,261,224,262,224,263,225,264,225,265,225,266,225,267,225,268,226,269,227,270,228,270,229,270,230,270,231,270,232,270,233,270,234,269,235,269,236,269,237,268,238,267,239,267,240,266,240,265,241,264,242,263,243,262,243,261,244,260,245,259,246,258,247,258,248,257,249,256,250,255,251,255,252,254,253,254,254,253,255,253,255,252,256,251,257,250,258,249,259,248,259,247,259,246,259,245,258,244,258,243
320,247,319,248,318,248,317,249,316,250,315,251,314,252,313,252,312,253,311,253,310,254,309,254,308,255,307,256,306,257,305,257,305,258,304,259,303,260,303,261,302,262,302,263,302,264,302,265,302,266,303,267,304,268,305,269,306,270,307,270,308,270,309,271,310,271,311,271,312,271,313,271,314,270,315,270,316,269,317,269,318,268,319,267,320,266,321,265,322,264,322,263,323,262,324,261,324,260,325,259,325,258,326,257,326,256,326,255,326,254,326,253,326,252,326,251,325,250,325,249,324,248,323,248,322,247,321,247
210,248,209,249,208,249,207,249,206,250,205,250,204,251,203,252,202,252,201,253,200,254,199,254,199,255,199,256,198,257,197,258,197,259,197,260,197,261,197,262,197,263,197,264,198,264,199,265,200,265,201,265,202,265,203,265,204,265,205,265,206,265,207,265,208,266,209,266,210,266,211,266,212,265,213,265,214,265,215,264,215,263,216,262,217,261,218,260,219,259,220,259,220,258,220,257,220,256,220,255,219,254,218,253,218,252,217,252,216,251,215,250,214,249,213,249,212,248,211,248
254,254,253,255,252,255,251,256,250,256,249,257,248,258,247,259,246,259,245,260,244,261,244,262,243,263,242,264,241,265,241,266,240,267,241,268,241,269,241,270,242,271,242,272,242,273,243,274,244,275,245,275,246,275,247,275,248,274,249,274,250,273,251,273,252,272,253,271,254,271,255,270,255,269,256,268,257,267,258,266,258,265,259,264,259,263,260,262,260,261,260,260,260,259,259,258,259,257,258,256,258,255,257,255,256,254,255,254
221,259,220,260,219,260,218,261,217,262,216,263,216,264,215,265,214,266,215,267,216,268,216,269,217,269,218,270,219,271,220,271,221,271,222,271,222,270,223,269,224,269,224,268,224,267,224,266,224,265,224,264,223,263,223,262,223,261,223,260,222,259
268,263,267,264,266,264,265,264,264,264,263,265,262,265,261,266,260,267,259,268,258,269,258,270,257,271,257,272,256,273,256,274,255,275,255,276,254,277,254,278,254,279,255,280,255,281,254,282,254,283,254,284,255,285,256,286,257,286,258,286,259,286,260,286,261,286,262,285,262,284,263,283,264,282,264,281,265,280,266,279,267,278,267,277,268,276,268,275,269,274,270,273,270,272,271,271,272,270,272,269,273,268,272,267,272,266,272,265,271,264,270,264,269,263
281,265,280,266,279,266,278,266,277,267,276,268,275,268,274,269,273,269,273,270,272,271,271,272,271,273,270,274,269,275,269,276,268,277,268,278,267,279,266,280,265,281,265,282,264,283,263,284,263,285,262,286,263,287,264,287,265,287,266,287,267,287,268,287,269,287,270,287,271,286,272,286,273,286,274,285,275,285,276,285,277,285,278,284,279,284,280,284,281,284,282,284,283,283,284,282,285,281,286,280,287,279,287,278,288,277,288,276,288,275,288,274,289,273,289,272,289,271,289,270,288,269,288,268,287,267,286,266,285,266,284,266,283,266,282,265
326,268,325,269,324,269,323,269,322,269,321,270,320,270,319,271,318,271,317,272,316,273,315,273,314,274,313,275,313,276,312,277,312,278,312,279,312,280,312,281,312,282,313,283,313,284,314,285,314,286,315,287,316,288,317,288,318,289,319,290,320,290,321,290,322,291,323,291,324,290,325,290,326,289,327,289,328,288,329,288,330,287,331,287,332,286,332,285,333,284,334,283,334,282,334,281,334,280,334,279,334,278,333,277,333,276,333,275,332,274,332,273,331,272,331,271,330,270,329,269,328,269,327,269
238,279,237,280,236,280,235,280,234,281,233,281,232,282,232,283,231,284,231,285,231,286,230,287,230,288,230,289,230,290,231,291,231,292,232,293,233,293,234,294,235,294,236,294,237,293,238,293,239,293,240,293,241,292,242,291,243,291,244,290,245,289,245,288,246,287,246,286,246,285,246,284,246,283,246,282,246,281,245,280,244,280,243,280,242,279,241,279,240,279,239,279
278,285,277,286,276,286,275,286,274,286,273,287,272,287,271,287,270,288,269,288,269,289,268,290,267,291,266,292,265,293,265,294,264,295,264,296,264,297,264,298,264,299,264,300,265,301,266,302,267,303,268,303,269,304,270,304,271,305,272,305,273,305,274,305,275,305,276,304,277,304,278,303,279,302,280,301,281,300,282,299,283,299,284,298,285,297,285,296,286,295,286,294,287,293,287,292,287,291,287,290,287,289,286,288,285,287,284,286,283,285,282,285,281,285,280,285,279,285
297,293,296,294,295,294,294,294,293,295,292,295,291,296,290,296,289,297,288,298,287,299,286,300,285,301,285,302,284,303,283,304,282,305,281,306,280,307,280,308,280,309,280,310,280,311,280,312,280,313,280,314,280,315,280,316,281,317,281,318,282,319,282,320,283,321,284,322,284,323,285,323,286,324,287,324,288,324,289,324,290,324,291,324,292,324,293,324,294,323,295,323,296,323,297,322,298,322,299,321,300,321,301,320,302,319,302,318,303,317,304,316,305,315,306,315,307,314,308,313,309,312,310,311,311,310,311,309,311,308,312,307,312,306,312,305,312,304,312,303,311,302,311,301,311,300,310,299,310,298,309,297,308,296,307,295,306,294,305,293,304,293,303,293,302,293,301,293,300,293,299,293,298,293
252,295,251,296,250,296,249,297,248,298,247,299,247,300,246,301,246,302,246,303,245,304,245,305,245,306,245,307,246,308,247,309,248,309,249,310,250,311,251,311,252,311,253,311,254,311,255,311,256,311,257,310,258,310,259,309,260,308,261,307,261,306,261,305,262,304,262,303,262,302,262,301,262,300,262,299,261,298,260,297,259,296,258,296,257,295,256,295,255,295,254,295,253,295
325,305,324,306,323,306,322,306,321,307,320,307,319,307,318,308,317,309,316,309,315,310,314,310,313,311,312,312,311,312,310,312,309,313,308,314,307,315,306,316,305,316,304,317,303,318,303,319,302,320,301,321,300,322,300,323,299,324,299,325,299,326,299,327,299,328,299,329,300,330,301,331,302,331,303,332,304,332,305,332,306,332,307,332,308,332,309,332,310,331,311,331,312,331,313,330,314,330,315,330,316,329,317,328,318,328,319,328,320,327,321,326,322,326,323,325,324,325,325,324,326,324,327,323,328,322,329,321,330,320,331,319,332,318,333,317,333,316,333,315,334,314,334,313,333,312,333,311,333,310,333,309,332,308,331,307,330,306,329,305,328,305,327,305,326,305
307,335,306,336,305,337,304,337,303,338,302,339,302,340,301,341,301,342,300,343,300,344,300,345,300,346,300,347,301,348,301,349,302,350,303,351,304,351,305,351,306,351,307,351,308,351,309,351,310,350,311,350,312,349,313,348,314,347,315,346,316,345,316,344,316,343,317,342,317,341,317,340,317,339,316,338,315,337,314,336,313,336,312,335,311,335,310,335,309,335,308,335
358,450,357,451,356,451,355,451,354,451,353,451,352,452,351,452,350,453,349,453,348,454,347,455,347,456,346,457,345,458,345,459,345,460,345,461,346,462,346,463,346,464,347,465,347,466,347,467,347,468,347,469,347,470,347,471,347,472,348,472,349,473,350,474,351,475,352,475,353,476,354,476,355,476,356,476,357,476,358,475,359,475,360,475,361,474,362,474,363,473,364,472,365,471,366,470,366,469,367,468,367,467,368,466,368,465,369,464,369,463,370,462,370,461,370,460,370,459,370,458,370,457,369,456,368,455,368,454,367,453,366,452,365,452,364,452,363,451,362,451,361,451,360,450,359,450
339,459,338,460,337,460,336,460,335,460,334,461,334,462,333,463,333,464,333,465,333,466,333,467,333,468,334,469,335,470,336,471,336,472,337,473,338,474,339,474,340,474,341,474,342,474,343,474,344,474,345,473,346,472,346,471,346,470,346,469,346,468,346,467,346,466,346,465,345,464,345,463,345,462,344,461,344,460,343,460,342,460,341,459,340,459
383,459,382,460,381,460,380,461,379,461,378,462,377,463,376,464,376,465,375,466,375,467,374,468,374,469,374,470,374,471,374,472,374,473,374,474,374,475,374,476,374,477,375,478,375,479,376,480,377,481,378,482,379,483,380,483,381,484,382,485,383,485,384,485,385,486,386,486,387,487,388,486,389,486,390,487,391,487,392,486,393,486,394,486,395,486,396,485,397,485,398,484,399,483,400,482,400,481,400,480,401,479,401,478,401,477,401,476,401,475,401,474,401,473,401,472,400,471,400,470,400,469,399,468,399,467,398,466,398,465,398,464,397,463,396,462,395,461,394,461,393,460,392,460,391,459,390,459,389,459,388,459,387,459,386,459,385,459,384,459
320,480,319,481,318,481,317,482,316,483,315,484,314,485,314,486,313,487,313,488,312,489,312,490,311,491,311,492,311,493,311,494,310,495,310,496,310,497,311,498,311,499,311,500,311,501,311,502,312,503,313,504,314,505,315,506,316,506,317,506,318,507,319,507,320,508,321,508,322,508,323,508,324,508,324,507,325,506,326,506,327,505,328,505,329,505,330,504,331,503,332,502,333,501,333,500,334,499,334,498,335,497,335,496,336,495,336,494,336,493,336,492,336,491,336,490,336,489,335,488,335,487,334,486,334,485,333,484,332,483,331,483,330,482,329,482,328,481,327,481,326,480,325,480,324,480,323,480,322,480,321,480
409,486,408,487,407,487,406,487,405,488,404,489,403,490,402,491,401,492,401,493,401,494,400,495,401,496,400,497,400,498,400,499,401,500,401,501,401,502,401,503,402,504,402,505,403,506,403,507,404,507,405,508,405,509,406,509,407,510,408,510,409,510,410,511,411,510,412,511,413,511,414,510,415,510,416,510,417,510,418,510,419,509,420,509,421,508,422,508,423,507,424,506,425,505,425,504,426,503,426,502,426,501,426,500,426,499,426,498,426,497,426,496,426,495,426,494,426,493,426,492,425,491,424,490,423,489,422,489,421,488,420,488,419,487,418,487,417,487,416,486,415,486,414,486,413,486,412,486,411,486,410,486
295,497,294,498,293,499,293,500,292,501,292,502,292,503,292,504,291,505,291,506,291,507,292,508,292,509,292,510,293,511,294,511,295,511,296,511,297,511,298,511,299,511,300,511,301,511,302,511,303,511,304,510,304,509,304,508,305,507,305,506,304,505,304,504,303,503,303,502,303,501,302,500,301,499,300,498,299,498,298,498,297,497,296,497
436,498,435,499,434,499,433,500,432,501,431,501,430,502,429,503,428,504,428,505,428,506,428,507,428,508,428,509,429,510,430,510,431,510,432,511,433,511,434,511,435,511,436,511,437,511,438,511,439,511,440,511,441,511,442,511,443,511,444,510,445,510,446,509,447,508,447,507,448,506,447,505,447,504,447,503,446,502,445,501,445,500,444,500,443,499,442,499,441,499,440,498,439,498,438,498,437,498
361,500,360,501,359,501,358,501,357,501,356,502,355,502,354,503,353,503,352,504,351,504,350,505,349,506,349,507,348,508,347,508,347,509,346,510,347,511,348,511,349,511,350,511,351,511,352,511,353,511,354,511,355,511,356,511,357,511,358,511,359,511,360,511,361,511,362,511,363,511,364,511,365,511,366,511,367,511,368,511,369,511,370,511,371,511,372,511,373,511,374,511,375,511,376,511,377,511,378,511,379,511,380,511,381,511,382,511,382,510,382,509,381,508,380,507,380,506,379,505,378,504,377,503,376,502,375,502,374,502,373,501,372,501,371,501,370,501,369,501,368,501,367,500,366,500,365,500,364,500,363,500,362,500
