61,57,60,58,59,58,58,58,57,59,56,60,55,60,55,61,54,62,54,63,54,64,53,65,53,66,53,67,53,68,54,69,54,70,54,71,54,72,55,73,56,74,57,75,58,76,59,76,60,77,61,77,62,77,63,78,64,78,65,78,66,78,67,77,68,76,69,75,70,74,70,73,70,72,71,71,71,70,71,69,71,68,71,67,71,66,71,65,70,64,70,63,69,62,68,61,68,60,67,59,66,59,65,58,64,58,63,57,62,57
167,93,166,94,165,94,164,94,163,94,163,95,162,96,161,97,161,98,161,99,162,100,162,101,163,101,164,102,165,103,166,103,167,104,168,104,169,104,170,105,171,106,172,105,173,105,174,105,175,105,176,105,177,105,178,105,179,105,180,105,180,104,181,103,181,102,182,101,182,100,183,99,183,98,182,97,181,97,180,96,179,96,178,96,177,95,176,95,175,94,174,94,173,94,172,94,171,93,170,93,169,93,168,93
142,94,141,95,140,95,139,95,138,95,137,95,136,96,135,97,134,98,134,99,133,100,133,101,133,102,133,103,132,104,132,105,132,106,131,107,130,108,129,109,128,110,127,111,126,112,125,113,124,114,124,115,123,116,123,117,123,118,123,119,123,120,123,121,124,122,125,123,126,124,127,125,128,126,129,127,130,128,130,129,131,130,132,131,133,132,133,133,134,134,135,135,136,136,137,137,138,136,139,135,139,134,140,133,141,132,142,131,143,130,143,129,144,128,145,127,146,127,146,126,146,125,147,124,147,123,147,122,147,121,148,120,148,119,149,118,149,117,150,116,150,115,151,114,151,113,152,112,153,111,153,110,153,109,153,108,153,107,153,106,154,105,154,104,153,103,153,102,153,101,153,100,152,99,152,98,151,97,150,97,149,96,148,96,147,95,146,95,145,95,144,94,143,94
184,99,183,100,183,101,182,102,182,103,181,104,181,105,180,106,180,107,181,108,181,109,181,110,181,111,182,112,182,113,183,114,183,115,184,116,185,117,186,118,187,119,188,120,189,121,190,121,191,121,192,121,193,121,194,121,195,121,195,120,196,119,196,118,196,117,197,116,197,115,197,114,198,113,198,112,198,111,199,110,199,109,199,108,199,107,199,106,198,105,198,104,197,104,196,103,195,102,194,101,193,101,192,100,191,100,190,99,189,99,188,99,187,99,186,99,185,99
69,104,68,105,67,105,66,106,65,107,64,108,63,109,63,110,63,111,62,112,63,113,63,114,63,115,64,116,65,117,66,118,66,119,67,119,68,120,69,120,70,121,71,121,72,120,73,119,74,119,75,118,76,117,77,116,77,115,78,114,78,113,78,112,78,111,78,110,77,109,77,108,76,107,75,106,74,105,73,104,72,104,71,104,70,104
162,107,161,108,160,108,159,109,158,109,157,110,156,111,155,111,154,111,153,112,152,113,152,114,151,115,151,116,150,117,150,118,149,119,149,120,148,121,148,122,148,123,148,124,147,125,147,126,148,127,148,128,149,129,149,130,150,131,150,132,151,133,152,134,153,135,154,135,155,136,156,137,157,137,158,138,159,138,160,139,161,139,162,140,163,140,164,140,165,140,166,139,167,139,168,139,169,138,170,138,171,137,172,136,173,136,174,135,175,134,176,133,177,133,178,132,179,131,179,130,180,129,181,128,182,127,182,126,182,125,183,124,183,123,183,122,183,121,183,120,183,119,182,118,182,117,182,116,181,115,180,114,180,113,179,112,178,111,177,110,176,109,175,109,174,108,173,107,172,107,171,107,170,107,169,107,168,107,167,107,166,107,165,107,164,107,163,107
206,107,205,108,204,108,203,108,202,108,201,108,200,108,200,109,200,110,199,111,199,112,199,113,198,114,198,115,198,116,197,117,197,118,197,119,196,120,196,121,196,122,197,123,198,124,199,125,200,125,201,126,202,126,203,126,204,126,205,126,206,126,207,126,208,126,209,125,210,125,211,124,212,124,213,123,214,122,215,122,216,121,217,120,218,120,219,119,220,119,221,118,221,117,222,116,221,115,221,114,221,113,220,112,219,112,218,111,217,110,216,110,215,109,214,108,213,108,212,108,211,107,210,107,209,107,208,107,207,107
222,118,221,119,220,120,219,120,218,121,217,121,216,122,215,123,214,123,213,124,212,125,211,125,210,126,210,127,210,128,209,129,209,130,208,131,208,132,208,133,208,134,207,135,207,136,208,137,208,138,208,139,209,140,209,141,209,142,210,143,210,144,211,145,211,146,212,146,213,146,214,146,215,145,216,145,217,145,218,145,219,144,220,144,221,144,222,143,223,143,224,142,225,141,226,140,227,139,228,138,228,137,229,136,230,135,231,134,232,133,232,132,232,131,231,130,231,129,231,128,231,127,231,126,231,125,231,124,230,124,229,123,228,122,227,121,226,121,225,120,224,120,223,120,222,120,221,119
120,120,119,121,118,121,117,122,116,122,115,123,114,124,114,125,113,126,113,127,112,128,112,129,112,130,112,131,112,132,112,133,112,134,112,135,112,136,113,137,113,138,114,139,114,140,115,141,116,142,117,143,118,143,119,144,120,145,121,146,122,145,123,145,124,145,125,144,126,144,127,144,128,144,129,143,130,143,131,143,132,143,133,143,134,143,135,142,136,142,137,142,137,141,137,140,136,139,136,138,136,137,135,136,134,135,133,134,132,133,132,132,131,131,130,130,129,129,129,128,128,127,127,126,126,125,125,124,124,123,123,122,122,121,122,120,121,120
247,131,246,132,245,132,244,133,243,133,242,134,241,135,240,136,240,137,239,138,239,139,239,140,238,141,238,142,239,143,239,144,239,145,240,146,241,147,242,148,243,149,244,150,245,150,246,150,247,151,248,151,249,151,250,151,251,151,252,152,253,152,254,152,255,152,256,151,257,151,258,151,259,150,260,149,261,148,262,147,263,146,263,145,263,144,263,143,263,142,262,141,262,140,261,139,260,138,260,137,259,136,258,135,257,135,256,134,255,133,254,133,253,132,252,132,251,131,250,131,249,131,248,131
166,140,165,141,164,141,163,141,162,141,163,142,162,143,161,144,160,144,159,145,159,146,158,147,158,148,157,149,157,150,157,151,157,152,157,153,157,154,157,155,157,156,158,157,158,158,159,159,159,160,160,160,161,161,162,161,163,162,164,162,165,162,166,162,167,161,168,160,169,159,170,159,170,158,171,157,172,156,173,155,174,154,174,153,174,152,175,151,175,150,176,149,176,148,176,147,176,146,176,145,176,144,176,143,175,142,174,142,173,141,172,141,171,141,170,141,169,141,168,141,167,140
135,143,134,144,133,144,132,144,131,144,130,144,129,144,128,145,127,145,126,145,125,145,124,146,123,146,122,146,121,147,121,148,121,149,120,150,120,151,120,152,120,153,120,154,121,155,121,156,121,157,122,158,122,159,123,160,124,161,125,161,126,162,127,162,128,163,129,163,130,163,131,164,132,164,133,164,134,165,135,165,136,165,137,165,138,165,139,165,140,165,141,165,142,164,143,164,144,164,145,164,146,163,147,163,148,162,149,161,150,160,151,159,152,158,153,157,153,156,153,155,154,154,154,153,154,152,154,151,153,150,153,149,152,148,151,147,150,146,149,146,148,146,147,145,146,145,145,145,144,145,143,145,142,144,141,145,140,145,139,144,138,144,137,143,136,143
224,143,223,144,222,144,221,145,220,145,219,145,218,146,217,146,216,146,215,146,214,147,213,147,212,147,211,148,211,149,211,150,210,151,210,152,210,153,211,154,211,155,212,156,213,157,214,158,214,159,215,160,216,161,216,162,216,163,216,164,217,165,218,166,218,167,219,168,220,169,221,170,222,170,223,171,224,172,225,172,226,173,227,173,228,173,229,174,230,173,231,172,231,171,232,170,233,169,234,169,234,168,234,167,235,166,235,165,235,164,235,163,235,162,236,161,236,160,236,159,236,158,236,157,236,156,236,155,236,154,236,153,236,152,236,151,236,150,236,149,235,148,235,147,234,146,233,146,232,145,231,145,230,145,229,144,228,144,227,144,226,144,225,144
188,144,187,145,186,145,185,146,184,147,183,148,183,149,182,150,182,151,181,152,181,153,181,154,181,155,181,156,181,157,181,158,181,159,181,160,181,161,181,162,181,163,182,164,182,165,183,166,183,167,184,168,185,169,186,169,187,170,188,170,189,170,190,170,191,170,192,170,193,170,194,169,195,169,196,169,197,168,198,168,199,168,200,167,201,166,202,165,203,164,204,163,205,162,205,161,205,160,206,159,206,158,206,157,206,156,206,155,206,154,205,153,205,152,205,151,204,150,203,149,202,148,201,147,200,147,199,146,198,145,197,145,196,145,195,144,194,144,193,144,192,144,191,144,190,144,189,144
272,155,271,156,270,156,269,156,268,156,267,156,266,157,265,157,264,158,263,159,262,160,261,161,260,161,260,162,259,163,258,164,259,165,260,166,260,167,261,168,261,169,261,170,262,171,262,172,263,173,264,174,264,175,264,176,265,176,266,176,267,176,268,176,269,175,270,175,271,175,272,175,273,174,274,174,275,174,276,174,277,173,278,173,279,173,280,172,280,171,281,170,282,169,282,168,282,167,282,166,282,165,282,164,282,163,282,162,281,161,281,160,280,159,279,158,278,157,277,156,276,156,275,156,274,156,273,155
246,164,245,165,244,165,243,166,242,166,241,167,240,167,239,168,238,168,237,169,236,170,235,171,234,172,233,172,232,173,231,173,230,174,229,175,228,176,229,177,228,178,229,179,229,180,229,181,229,182,230,183,230,184,231,185,232,185,233,186,234,186,235,187,236,187,237,187,238,187,239,186,240,186,241,186,242,186,243,185,244,185,245,185,246,185,247,185,248,185,249,185,250,185,251,185,252,184,253,184,254,184,255,184,256,183,257,183,258,182,259,181,260,180,261,180,262,179,263,178,263,177,263,176,263,175,263,174,262,173,261,172,261,171,260,170,260,169,260,168,259,167,259,166,258,165,257,165,256,165,255,164,254,164,253,164,252,164,251,164,250,164,249,164,248,164,247,164
207,167,206,168,205,168,204,168,203,168,202,169,201,169,200,170,199,170,198,170,197,171,196,172,195,173,194,173,193,174,193,175,193,176,193,177,193,178,193,179,193,180,193,181,192,182,191,183,191,184,190,185,189,186,188,187,188,188,187,189,186,190,187,191,187,192,188,193,188,194,188,195,188,196,189,197,190,198,191,198,192,199,193,200,194,200,195,201,196,202,197,203,198,203,199,203,200,203,201,203,202,202,203,202,204,202,205,202,206,202,206,201,207,200,208,199,209,198,210,197,211,196,212,195,213,194,214,194,214,193,214,192,215,191,215,190,216,189,217,189,217,188,218,187,219,186,220,185,220,184,221,183,221,182,221,181,221,180,221,179,221,178,220,177,220,176,220,175,219,174,219,173,218,172,218,171,217,170,216,169,215,169,214,168,213,167,212,167,211,167,210,167,209,167,208,167
166,170,165,171,164,171,163,172,162,172,161,173,160,173,159,173,158,174,157,174,156,175,155,175,154,175,153,176,152,177,151,178,150,179,150,180,149,181,148,182,147,183,146,184,146,185,145,186,145,187,145,188,144,189,143,190,143,191,143,192,143,193,142,194,141,194,141,195,141,196,141,197,140,198,140,199,140,200,140,201,140,202,141,203,142,204,142,205,142,206,142,207,143,207,144,208,145,208,146,208,147,208,148,209,149,209,150,210,151,210,151,209,152,208,153,208,154,207,154,206,155,205,156,205,157,204,158,203,159,202,160,201,161,201,162,200,163,199,164,198,165,198,166,197,167,196,168,195,169,194,169,193,169,192,170,191,170,190,170,189,171,188,171,187,171,186,172,185,172,184,172,183,172,182,172,181,171,180,170,179,170,178,169,177,169,176,168,175,168,174,168,173,169,172,168,171,167,171
180,171,179,172,178,172,177,173,177,174,176,175,176,176,176,177,175,178,175,179,175,180,175,181,175,182,176,183,176,184,177,185,177,186,178,187,179,187,180,188,181,188,182,189,183,189,184,189,185,189,186,189,187,188,187,187,188,186,189,185,190,184,190,183,191,182,192,181,192,180,192,179,192,178,192,177,192,176,192,175,192,174,191,174,190,173,189,173,188,173,187,172,186,172,185,172,184,171,183,171,182,171,181,171
277,174,276,175,275,175,274,175,273,175,272,176,271,176,270,176,269,176,268,177,267,177,266,177,265,177,264,177,264,178,263,179,262,180,261,181,260,181,259,182,258,183,257,184,256,184,256,185,255,186,255,187,255,188,256,189,256,190,256,191,257,192,257,193,257,194,257,195,257,196,258,197,259,198,259,199,260,199,261,200,262,201,263,201,264,201,265,201,266,201,267,200,268,200,269,200,270,199,271,199,271,198,272,197,273,196,274,196,274,195,274,194,275,193,275,192,275,191,276,190,277,189,277,188,278,187,279,186,280,185,281,184,281,183,282,182,282,181,282,180,282,179,282,178,282,177,282,176,281,175,280,174,279,174,278,174
125,178,124,179,123,179,123,180,122,181,122,182,122,183,122,184,122,185,122,186,122,187,122,188,123,189,123,190,123,191,124,192,124,193,125,194,125,195,125,196,126,197,126,198,127,199,127,200,128,201,129,202,130,203,130,204,131,204,132,205,133,205,134,205,135,205,136,205,137,205,138,204,138,203,139,202,139,201,139,200,139,199,139,198,140,197,140,196,140,195,140,194,140,193,140,192,140,191,139,190,138,189,138,188,137,187,136,186,135,185,134,184,133,183,132,182,131,182,130,181,129,180,128,180,127,179,126,179
294,179,293,180,292,180,291,180,290,181,289,181,288,182,287,183,286,184,285,185,284,186,283,187,282,188,281,189,280,190,279,191,279,192,278,193,277,194,276,195,276,196,276,197,276,198,275,199,275,200,276,201,275,202,275,203,275,204,275,205,276,206,276,207,276,208,277,209,277,210,278,211,278,212,279,213,279,214,280,215,281,216,281,217,282,218,283,219,283,220,284,221,284,222,285,221,286,220,287,219,288,219,289,218,290,218,291,217,292,216,293,215,294,215,295,214,296,214,297,214,298,213,299,213,300,212,301,211,302,210,303,209,304,208,304,207,305,206,306,206,307,205,308,205,309,205,310,204,311,204,312,204,311,203,312,202,312,201,311,200,311,199,311,198,311,197,311,196,310,195,310,194,309,193,309,192,309,191,308,190,308,189,307,188,306,187,305,187,304,186,303,186,302,185,301,184,300,183,300,182,299,181,298,180,297,180,296,179,295,179
243,186,242,187,241,187,240,187,239,187,238,188,237,188,236,188,235,189,234,189,233,189,232,189,231,189,230,189,229,189,228,189,227,189,226,190,225,190,224,190,223,191,222,191,221,192,220,193,219,193,218,194,218,195,218,196,218,197,218,198,218,199,218,200,218,201,218,202,218,203,218,204,219,205,219,206,220,207,221,208,222,208,223,209,224,209,225,210,226,210,227,210,228,210,229,211,230,211,231,211,232,212,233,212,234,212,235,212,236,212,237,212,238,213,239,213,240,213,241,213,242,213,243,212,244,212,245,212,246,211,247,211,248,211,249,210,250,209,251,208,252,207,252,206,253,205,253,204,254,203,254,202,255,201,255,200,255,199,256,198,257,197,256,196,256,195,256,194,256,193,256,192,255,191,255,190,255,189,254,188,253,188,252,187,251,186,250,186,249,186,248,186,247,186,246,186,245,186,244,186
187,197,186,198,185,198,184,198,183,198,182,199,181,199,180,200,180,201,179,202,179,203,179,204,179,205,179,206,179,207,179,208,180,209,180,210,180,211,180,212,180,213,181,214,181,215,182,216,182,217,182,218,182,219,183,220,184,221,185,222,185,223,186,224,187,224,188,224,189,224,190,224,191,224,192,224,193,223,194,223,194,222,195,221,196,220,197,219,197,218,198,217,198,216,199,215,199,214,199,213,199,212,199,211,199,210,199,209,199,208,199,207,198,206,198,205,198,204,197,204,196,203,195,202,194,201,193,201,192,200,191,199,190,199,189,198,188,197
141,208,141,209,140,210,140,211,139,212,139,213,139,214,138,215,138,216,138,217,138,218,138,219,138,220,138,221,138,222,138,223,138,224,139,225,139,226,140,227,141,228,142,229,143,230,143,231,144,230,145,230,146,229,147,229,148,229,149,228,150,228,151,228,152,227,153,227,154,227,155,226,155,225,155,224,155,223,155,222,156,221,156,220,156,219,155,219,154,218,154,217,154,216,154,215,154,214,153,213,152,212,151,211,150,211,149,210,148,210,147,209,146,209,145,209,144,209,143,208,142,208
200,213,200,214,200,215,199,216,199,217,198,218,198,219,197,220,196,221,195,222,195,223,194,224,193,224,193,225,193,226,194,227,194,228,194,229,194,230,193,231,193,232,192,233,193,233,194,233,195,233,196,234,197,234,198,235,199,235,200,236,201,237,202,237,203,238,204,238,205,239,206,240,207,240,208,241,209,242,210,243,211,243,212,243,213,242,214,241,214,240,215,239,215,238,215,237,215,236,216,235,216,234,215,233,215,232,215,231,215,230,215,229,215,228,215,227,215,226,215,225,215,224,214,223,213,222,212,221,211,220,211,219,210,218,209,217,208,216,207,215,206,215,205,214,204,214,203,214,202,214,201,214
170,216,169,217,168,217,167,217,166,217,165,217,164,217,163,217,162,218,161,218,160,218,159,218,158,219,157,220,157,221,156,222,156,223,156,224,156,225,156,226,156,227,156,228,157,229,158,230,159,230,160,231,161,232,162,232,163,233,164,233,165,234,166,234,167,235,168,235,169,236,170,236,171,237,172,237,173,237,174,238,175,238,176,239,176,238,177,237,178,236,179,235,180,234,181,233,182,232,183,231,184,230,184,229,184,228,184,227,185,226,185,225,185,224,184,223,184,222,183,221,182,220,181,219,180,218,179,218,178,217,177,217,176,217,175,216,174,216,173,216,172,216,171,216
312,218,311,219,310,220,309,220,308,221,307,222,306,223,305,224,304,225,303,226,302,227,302,228,302,229,302,230,301,231,301,232,301,233,301,234,301,235,301,236,302,237,302,238,302,239,303,240,304,241,305,242,306,243,307,243,308,244,309,244,310,244,311,244,312,244,313,244,314,244,315,243,316,243,317,242,318,241,319,241,320,240,321,239,322,238,323,237,324,236,325,235,326,234,326,233,326,232,327,231,327,230,328,229,328,228,328,227,328,226,328,225,328,224,327,223,327,222,326,221,325,220,324,220,323,219,322,219,321,219,320,219,319,219,318,218,317,218,316,218,315,218,314,218,313,218
258,219,258,220,257,221,257,222,257,223,256,224,255,224,254,225,253,226,252,226,251,227,250,227,249,228,248,229,247,230,246,231,246,232,246,233,246,234,246,235,247,236,247,237,248,238,248,239,249,240,250,241,251,242,252,243,253,243,254,244,255,244,256,245,257,245,258,246,259,247,260,247,261,247,262,247,263,247,264,247,265,247,266,247,267,247,268,247,269,247,270,247,271,246,272,246,273,246,274,245,275,245,276,244,277,244,278,244,279,243,279,242,280,241,280,240,280,239,281,238,281,237,281,236,281,235,281,234,282,233,281,232,282,231,282,230,282,229,282,228,282,227,282,226,281,225,280,225,279,225,278,225,277,224,276,224,275,223,274,223,273,222,272,222,271,222,270,222,269,222,268,221,267,221,266,221,265,221,264,221,263,221,262,221,261,220,260,220,259,220
155,227,154,228,153,228,152,228,151,229,150,229,149,229,148,230,147,230,146,230,145,231,144,231,144,232,144,233,144,234,145,235,145,236,145,237,145,238,146,239,146,240,146,241,147,242,147,243,148,244,148,245,149,246,150,247,150,248,151,249,152,250,153,251,154,252,155,253,156,254,157,255,158,255,159,255,160,255,161,255,162,255,163,254,164,254,165,254,166,254,167,254,168,254,169,254,169,253,170,252,170,251,171,250,172,249,172,248,173,247,174,247,175,246,175,245,175,244,175,243,176,242,176,241,176,240,175,239,174,239,173,238,172,238,171,238,170,237,169,237,168,236,167,236,166,235,165,235,164,234,163,234,162,233,161,233,160,232,159,231,158,231,157,230,156,229,155,228
188,233,187,234,186,235,185,235,184,236,183,237,183,238,182,239,182,240,182,241,181,242,181,243,181,244,181,245,181,246,182,247,183,248,184,249,185,249,186,250,187,251,188,252,188,253,189,254,190,255,191,256,192,257,193,258,193,259,194,260,195,261,195,262,196,263,196,264,196,265,197,265,198,265,199,265,200,265,201,266,202,266,203,266,204,265,204,264,204,263,204,262,205,261,205,260,206,259,207,258,207,257,208,256,208,255,208,254,208,253,208,252,209,251,209,250,209,249,209,248,209,247,210,246,210,245,210,244,209,243,208,242,207,241,206,241,205,240,204,239,203,239,202,238,201,238,200,237,199,236,198,236,197,235,196,235,195,234,194,234,193,234,192,234,191,233,190,233,189,233
333,238,332,239,331,239,330,240,330,241,329,242,329,243,329,244,328,245,328,246,329,247,330,248,330,249,331,250,332,251,333,252,334,252,335,253,336,254,337,255,338,256,339,257,340,257,341,258,342,259,343,260,344,261,345,262,346,263,346,264,347,265,348,265,349,266,350,267,351,267,352,268,353,268,354,268,355,268,356,268,357,268,358,268,359,267,360,266,361,265,361,264,362,263,362,262,362,261,362,260,361,259,361,258,360,257,360,256,359,255,359,254,358,253,357,252,356,251,355,250,354,249,353,248,352,247,351,246,350,245,349,244,348,243,347,243,346,242,345,241,344,240,343,240,342,239,341,239,340,239,339,238,338,238,337,238,336,238,335,238,334,238
176,246,175,247,174,248,173,248,173,249,172,250,171,251,171,252,170,253,170,254,170,255,170,256,171,257,171,258,172,259,172,260,172,261,173,261,174,262,175,263,176,264,176,265,177,266,178,267,179,268,180,269,181,270,182,271,183,272,183,273,184,273,185,273,186,273,187,273,188,273,189,273,190,273,191,273,192,273,193,272,193,271,193,270,194,269,194,268,194,267,195,266,195,265,195,264,195,263,194,262,194,261,193,260,192,259,192,258,191,257,190,256,189,255,188,254,187,253,187,252,186,251,185,250,184,250,183,249,182,248,181,247,180,246,179,247,178,247,177,247
236,246,235,247,234,248,234,249,233,250,233,251,233,252,233,253,233,254,233,255,233,256,233,257,234,258,234,259,234,260,234,261,235,262,235,263,235,264,236,265,236,266,236,267,237,268,238,269,238,270,239,271,240,271,241,272,242,272,243,273,244,273,245,273,246,273,247,273,248,273,249,273,250,273,251,272,252,272,253,271,254,270,255,269,256,268,256,267,257,266,257,265,258,264,258,263,258,262,258,261,258,260,258,259,258,258,258,257,257,256,256,255,255,254,254,253,253,252,252,252,251,251,250,251,249,251,248,250,247,249,246,249,245,248,244,247,243,247,242,246,241,246,240,246,239,246,238,246,237,246
314,250,313,251,312,251,311,252,310,252,309,253,308,253,307,254,306,255,305,256,305,257,304,258,304,259,303,260,303,261,302,262,302,263,302,264,302,265,302,266,302,267,303,268,303,269,304,270,305,271,306,272,307,273,308,273,309,273,310,273,311,273,312,273,313,273,314,272,315,272,316,271,317,271,318,271,319,270,320,270,321,269,322,270,323,269,324,269,325,268,326,268,327,267,328,267,329,266,330,265,331,264,332,264,332,263,332,262,332,261,333,260,333,259,333,258,333,257,333,256,333,255,332,254,331,253,331,252,330,252,329,251,328,251,327,251,326,250,325,250,324,250,323,250,322,250,321,250,320,250,319,250,318,250,317,250,316,250,315,250
220,251,219,252,218,252,218,253,217,254,217,255,216,256,216,257,216,258,216,259,217,260,217,261,218,262,218,263,219,264,220,265,221,266,221,267,222,268,222,269,223,270,223,271,224,272,224,273,225,273,226,273,227,273,228,273,229,273,230,273,231,272,232,272,233,271,234,270,234,269,235,268,235,267,235,266,235,265,234,264,234,263,234,262,233,261,233,260,233,259,233,258,232,257,232,256,232,255,232,254,231,254,230,253,229,253,228,252,227,252,226,251,225,251,224,251,223,251,222,251,221,251
163,255,162,256,161,256,160,256,159,256,158,256,158,257,157,258,157,259,157,260,157,261,158,262,158,263,158,264,159,265,160,266,161,266,162,267,163,267,164,267,165,267,166,267,167,266,168,266,169,265,170,264,171,263,171,262,171,261,171,260,171,259,170,258,170,257,169,256,169,255,168,255,167,255,166,255,165,255,164,255
213,263,212,264,211,264,210,265,209,266,208,266,207,267,206,267,205,268,204,268,204,269,204,270,203,271,203,272,202,273,202,274,202,275,202,276,202,277,202,278,202,279,203,280,203,281,204,282,205,283,206,284,207,285,208,285,209,286,210,286,211,286,212,286,213,286,214,286,215,286,216,286,217,285,218,284,219,284,220,283,221,282,221,281,222,280,223,279,223,278,223,277,223,276,223,275,224,274,223,273,223,272,222,271,222,270,221,269,221,268,220,267,220,266,219,265,218,264,217,263,216,263,215,263,214,263
333,264,332,265,331,265,330,266,329,267,328,268,327,268,326,269,325,269,324,270,323,270,322,271,321,272,321,273,320,274,320,275,320,276,320,277,319,278,319,279,319,280,319,281,319,282,319,283,320,284,320,285,320,286,320,287,321,288,321,289,321,290,322,291,322,292,322,293,323,294,324,295,324,296,325,297,326,298,327,298,328,299,329,300,330,300,331,301,332,301,333,301,334,301,335,301,336,301,337,300,338,300,339,299,340,298,341,297,341,296,342,295,343,294,344,293,344,292,345,291,345,290,345,289,346,288,346,287,346,286,347,285,347,284,347,283,347,282,347,281,347,280,347,279,348,278,348,277,348,276,348,275,348,274,348,273,348,272,348,271,348,270,347,269,347,268,346,267,345,267,344,266,343,266,342,265,341,265,340,265,339,265,338,265,337,265,336,265,335,265,334,265
183,274,183,275,183,276,182,277,182,278,182,279,182,280,182,281,183,282,183,283,184,284,184,285,184,286,185,287,185,288,186,289,186,290,186,291,186,292,187,293,188,294,188,295,189,296,190,296,191,296,192,297,193,297,194,297,195,297,196,297,197,296,198,296,199,296,200,296,201,296,202,296,203,295,204,294,205,294,206,293,206,292,207,291,208,290,209,289,209,288,209,287,208,286,207,286,206,285,205,285,204,284,204,283,203,282,202,281,201,280,200,279,199,278,198,277,197,277,196,276,195,275,194,275,193,275,192,274,191,274,190,274,189,274,188,274,187,274,186,274,185,274,184,274
360,277,359,278,358,278,357,279,356,279,355,280,355,281,354,282,353,283,352,284,352,285,352,286,351,287,351,288,351,289,351,290,351,291,352,292,352,293,352,294,353,295,354,296,355,297,356,297,357,298,358,298,359,298,360,298,361,298,362,298,363,298,364,297,365,296,366,295,367,294,368,293,368,292,368,291,368,290,369,289,369,288,369,287,369,286,369,285,369,284,369,283,369,282,369,281,369,280,368,279,367,278,366,277,365,277,364,277,363,277,362,277,361,277
287,278,286,279,285,279,284,280,283,281,283,282,282,283,282,284,282,285,282,286,282,287,282,288,283,289,283,290,284,291,284,292,285,293,286,294,287,294,288,295,289,296,290,296,291,296,292,297,293,297,294,296,295,296,296,296,297,295,298,295,299,294,300,293,300,292,301,291,301,290,301,289,302,288,302,287,301,286,301,285,301,284,300,283,299,282,298,281,297,281,296,280,295,279,294,279,293,279,292,278,291,278,290,278,289,278,288,278
224,286,223,287,222,287,221,287,220,288,219,288,218,289,217,290,216,290,215,290,214,291,213,292,212,293,211,293,210,294,209,295,208,296,207,297,206,298,206,299,205,300,205,301,205,302,205,303,206,304,206,305,207,306,208,306,209,306,210,306,211,306,212,306,213,306,214,306,215,305,216,305,217,304,218,304,219,304,220,303,221,302,222,301,223,300,224,299,225,298,226,297,227,297,228,296,229,295,230,294,231,293,232,292,232,291,233,290,234,289,233,289,232,288,231,287,230,286,229,286,228,286,227,286,226,286,225,286
234,290,233,291,233,292,232,293,231,294,230,295,229,296,228,297,227,298,226,298,225,299,224,300,223,301,222,302,221,303,220,304,220,305,220,306,221,307,221,308,222,308,223,309,224,309,225,310,226,309,227,309,228,309,229,309,230,309,231,309,232,308,233,308,234,307,235,307,236,306,237,306,238,305,238,304,239,303,240,303,240,302,241,301,242,300,242,299,243,298,243,297,243,296,243,295,243,294,243,293,243,292,242,291,241,290,240,290,239,290,238,290,237,290,236,290,235,290
282,292,281,293,280,293,279,293,278,293,277,293,276,293,275,293,274,293,273,294,272,294,271,294,270,295,269,295,268,296,267,297,266,297,265,298,264,299,263,300,262,301,262,302,261,303,261,304,261,305,261,306,261,307,261,308,261,309,261,310,261,311,262,312,262,313,263,314,263,315,264,315,265,316,266,317,267,317,268,318,269,318,270,318,271,318,272,318,273,318,274,318,275,318,276,318,277,317,278,317,279,317,280,316,281,315,282,315,283,314,284,313,284,312,285,311,286,310,287,309,287,308,287,307,288,306,288,305,288,304,288,303,288,302,288,301,287,300,287,299,287,298,287,297,287,296,286,295,285,294,284,293,283,293
332,302,331,303,330,303,329,303,328,303,327,303,326,303,325,303,324,304,323,304,322,304,321,305,320,305,319,306,318,307,317,308,316,309,316,310,315,311,315,312,315,313,314,314,315,315,314,316,314,317,315,318,315,319,315,320,315,321,316,322,316,323,317,324,318,325,319,326,320,326,321,327,322,328,323,328,324,329,325,329,326,329,327,329,328,329,329,329,330,329,331,329,332,328,333,328,334,328,335,327,336,327,337,326,338,325,339,324,339,323,340,322,341,321,342,320,342,319,343,318,343,317,343,316,343,315,343,314,343,313,343,312,343,311,342,310,342,309,341,308,340,307,339,306,338,305,337,305,336,304,335,303,334,302,333,302
361,309,360,310,359,310,358,310,357,311,356,311,355,311,354,312,353,313,352,313,351,314,350,315,350,316,350,317,349,318,349,319,349,320,350,321,351,322,352,322,353,323,353,324,354,324,355,324,356,325,357,325,358,325,359,325,360,325,361,325,362,324,363,324,364,324,365,323,366,323,367,322,368,321,369,321,369,320,370,319,371,318,371,317,371,316,371,315,371,314,370,313,370,312,369,311,368,311,367,310,366,310,365,309,364,309,363,309,362,309
290,314,289,315,288,316,287,317,286,317,285,318,284,318,283,319,282,320,281,321,281,322,280,323,280,324,280,325,280,326,280,327,280,328,280,329,280,330,280,331,280,332,281,333,281,334,281,335,282,336,283,337,284,338,285,338,286,338,287,339,288,340,289,340,290,340,291,340,292,340,293,340,294,340,295,340,296,339,297,339,298,339,299,339,300,339,301,338,302,338,303,337,304,336,305,335,306,334,306,333,306,332,307,331,307,330,306,329,306,328,306,327,306,326,305,325,305,324,304,323,304,322,303,321,303,320,302,319,302,318,301,317,301,316,300,316,299,315,298,314,297,314,296,315,295,315,294,314,293,314,292,314,291,314
247,317,246,318,245,318,244,319,243,320,242,320,242,321,241,322,241,323,241,324,240,325,240,326,240,327,240,328,241,329,241,330,242,331,242,332,243,333,243,334,244,335,245,336,246,337,247,337,248,338,249,338,250,338,251,338,252,338,253,338,254,337,255,337,256,336,257,336,258,335,258,334,259,333,259,332,260,331,260,330,260,329,261,328,261,327,261,326,261,325,261,324,261,323,261,322,260,321,259,320,258,319,257,319,256,318,255,318,254,318,253,318,252,317,251,317,250,317,249,317,248,317
348,327,347,328,346,328,345,328,344,329,343,329,342,330,341,331,340,332,339,332,338,333,338,334,337,335,336,336,336,337,335,338,335,339,334,340,334,341,334,342,333,343,333,344,333,345,333,346,333,347,333,348,334,349,335,350,335,351,336,351,337,352,338,352,339,353,340,353,341,353,342,353,343,353,344,354,345,354,346,354,347,354,348,353,349,353,350,353,351,353,352,353,353,353,353,352,354,351,355,351,356,351,357,350,358,350,359,349,360,349,361,349,362,348,363,348,364,347,365,346,366,346,366,345,367,344,368,344,368,343,369,342,369,341,369,340,369,339,369,338,369,337,368,336,367,335,366,334,366,333,365,333,364,332,363,331,362,331,361,330,360,330,359,329,358,329,357,328,356,328,355,328,354,327,353,327,352,327,351,327,350,327,349,327
284,341,283,342,282,342,281,342,280,343,279,344,278,345,277,346,276,347,276,348,275,349,275,350,274,351,274,352,274,353,274,354,274,355,274,356,275,357,275,358,275,359,276,360,277,361,277,362,278,363,279,363,280,364,281,364,282,364,283,364,284,364,285,364,286,364,287,363,288,362,289,362,290,361,291,361,292,360,292,359,293,358,293,357,293,356,293,355,293,354,293,353,293,352,293,351,293,350,293,349,293,348,293,347,292,346,292,345,291,344,291,343,290,343,289,343,288,342,287,342,286,341,285,341
311,347,310,348,309,348,308,348,307,349,306,349,306,350,305,351,304,352,303,353,303,354,302,355,302,356,301,357,301,358,300,359,300,360,300,361,299,362,299,363,299,364,299,365,299,366,299,367,300,368,300,369,301,370,302,371,303,371,304,372,305,372,306,372,307,372,308,372,309,372,310,372,311,372,312,372,313,372,314,373,315,373,316,372,317,372,318,372,319,372,320,371,321,370,322,370,322,369,323,368,324,367,324,366,324,365,325,364,325,363,325,362,325,361,325,360,325,359,325,358,324,357,324,356,323,355,323,354,322,353,322,352,321,351,320,350,319,349,318,348,317,347,316,347,315,347,314,347,313,347,312,347
379,430,378,431,377,431,376,431,375,432,374,433,374,434,373,435,373,436,373,437,373,438,373,439,373,440,374,441,374,442,375,443,376,443,377,443,378,443,379,443,380,443,381,443,382,442,383,442,384,441,385,440,386,439,386,438,386,437,386,436,385,435,385,434,385,433,384,432,383,432,382,431,381,431,380,431
182,433,181,434,180,434,179,434,178,435,178,436,178,437,177,438,177,439,177,440,178,441,178,442,179,443,180,443,181,444,182,444,183,445,184,445,185,445,186,445,187,445,188,444,189,444,190,443,191,443,192,442,193,441,193,440,193,439,193,438,193,437,192,436,192,435,191,435,190,434,189,433,188,433,187,433,186,433,185,433,184,433,183,433
345,437,344,438,343,438,342,438,341,439,340,440,339,440,338,440,338,441,337,442,336,442,336,443,335,444,335,445,334,446,334,447,334,448,334,449,334,450,334,451,335,452,335,453,336,454,336,455,337,456,338,457,339,458,340,459,341,459,342,460,343,460,344,461,345,461,346,462,347,462,348,461,349,461,350,461,351,460,352,460,353,459,354,458,355,458,356,457,357,456,357,455,357,454,358,453,358,452,358,451,358,450,358,449,358,448,358,447,358,446,357,445,357,444,356,443,356,442,355,441,354,440,353,439,352,438,351,438,350,437,349,437,348,437,347,437,346,437
156,438,155,439,154,439,153,439,152,439,151,440,150,440,149,441,148,442,148,443,147,444,147,445,146,446,146,447,146,448,146,449,146,450,146,451,147,452,147,453,148,454,149,455,150,456,151,456,152,457,153,458,154,458,155,459,156,459,157,460,158,461,159,461,160,462,161,462,162,463,163,463,164,463,165,463,166,463,167,463,168,463,169,463,170,463,171,463,172,463,173,462,174,461,175,460,176,459,176,458,177,457,178,456,178,455,178,454,178,453,178,452,178,451,178,450,178,449,177,448,177,447,176,446,175,445,174,445,173,444,172,444,171,443,170,443,169,442,168,442,167,441,166,440,165,440,164,440,163,440,162,439,161,439,160,439,159,439,158,438,157,438
322,440,321,441,320,441,319,442,318,442,317,442,316,443,315,444,314,444,313,445,312,446,312,447,311,448,310,449,309,450,309,451,309,452,308,453,308,454,308,455,308,456,308,457,308,458,309,459,309,460,309,461,310,462,310,463,311,464,311,465,312,465,313,466,314,467,315,467,316,467,317,467,318,468,319,468,320,467,321,467,322,466,323,466,324,466,325,466,326,465,327,464,327,463,328,462,329,461,330,460,330,459,330,458,330,457,331,456,331,455,331,454,331,453,331,452,330,451,330,450,330,449,329,448,329,447,328,446,328,445,327,444,326,443,325,442,324,441,323,441
386,440,385,441,384,442,383,443,382,443,381,444,380,444,379,444,378,444,377,444,376,444,375,444,374,444,373,445,373,446,372,447,372,448,372,449,372,450,372,451,371,452,371,453,371,454,371,455,372,456,372,457,373,458,374,459,375,460,376,461,377,461,378,462,379,462,380,463,381,463,382,463,383,463,384,463,385,463,386,463,387,463,388,463,389,463,390,464,391,464,392,464,393,464,394,464,395,465,396,465,397,465,398,466,399,466,400,466,401,466,402,466,403,466,404,467,405,467,406,466,407,466,408,466,409,465,410,465,411,464,412,464,413,463,414,463,415,462,416,461,416,460,416,459,417,458,417,457,417,456,417,455,417,454,416,453,415,452,415,451,414,450,413,449,412,448,411,448,410,447,409,447,408,446,407,446,406,446,405,445,404,445,403,444,402,444,401,444,400,444,399,443,398,443,397,442,396,442,395,442,394,441,393,441,392,440,391,440,390,440,389,440,388,440,387,440
190,444,189,445,188,445,187,446,186,447,185,448,185,449,184,450,184,451,183,452,183,453,183,454,183,455,184,456,184,457,184,458,185,459,186,460,187,461,188,462,189,463,190,463,191,464,192,464,193,464,194,464,195,464,196,464,197,464,198,464,199,464,200,463,201,462,201,461,202,460,202,459,203,458,203,457,203,456,203,455,203,454,203,453,203,452,203,451,203,450,202,449,201,448,200,447,199,447,198,447,197,446,196,446,195,445,194,445,193,444,192,444,191,444
217,446,216,447,215,447,214,448,213,449,212,450,212,451,211,452,210,453,210,454,209,455,209,456,208,457,207,458,206,459,205,460,204,461,203,462,202,462,201,463,200,464,199,465,200,466,199,467,200,468,200,469,200,470,201,471,202,472,203,473,204,473,205,473,206,474,207,473,208,473,209,473,210,473,211,472,212,471,213,470,214,469,215,468,215,467,215,466,216,465,217,465,218,465,219,465,220,465,221,464,222,464,223,464,224,463,225,463,226,462,227,461,228,460,228,459,228,458,229,457,229,456,229,455,228,454,228,453,228,452,228,451,227,450,227,449,226,448,225,447,224,446,223,446,222,446,221,446,220,446,219,446,218,446
130,450,129,451,128,451,127,452,126,453,125,453,124,454,124,455,123,456,123,457,123,458,123,459,123,460,123,461,122,462,122,463,121,464,121,465,120,466,119,467,119,468,118,469,117,469,117,470,117,471,117,472,118,473,118,474,118,475,118,476,118,477,119,478,119,479,119,480,120,481,120,482,120,483,121,483,122,483,123,483,124,482,125,482,126,481,127,481,128,480,129,479,130,478,131,477,131,476,132,475,132,474,133,473,134,472,135,471,136,471,137,470,138,470,139,471,140,471,141,472,142,472,143,473,144,473,145,473,146,473,147,473,148,473,149,472,150,471,151,470,151,469,151,468,152,467,152,466,151,465,151,464,151,463,150,462,149,462,148,461,147,460,146,459,145,458,144,457,143,456,142,455,141,454,140,453,139,453,138,452,137,451,136,451,135,451,134,451,133,450,132,450,131,450
237,460,236,461,235,461,234,462,233,463,232,463,231,464,230,465,229,466,229,467,228,468,228,469,228,470,229,471,229,472,230,473,231,474,231,475,232,476,233,476,234,477,235,478,236,477,237,477,238,477,239,477,240,477,241,477,242,476,243,476,244,475,245,474,246,474,247,473,248,472,248,471,249,470,249,469,249,468,249,467,249,466,249,465,248,464,247,463,246,462,245,461,244,460,243,460,242,460,241,460,240,460,239,460,238,460
438,460,437,461,436,461,435,461,434,462,433,462,432,463,431,463,430,464,429,465,428,466,428,467,427,468,427,469,427,470,427,471,427,472,428,473,428,474,429,475,429,476,430,477,430,478,431,479,432,480,433,481,434,482,435,483,436,483,437,483,438,483,439,484,440,484,441,484,442,484,443,484,444,484,445,484,446,484,447,484,448,483,449,483,450,482,451,481,452,480,452,479,453,478,453,477,453,476,453,475,453,474,453,473,453,472,453,471,453,470,452,469,452,468,452,467,451,466,451,465,450,465,449,464,448,463,447,462,446,461,445,461,444,461,443,461,442,460,441,460,440,460,439,460
296,464,295,465,294,466,293,467,292,468,292,469,291,470,291,471,290,472,290,473,290,474,289,475,289,476,289,477,289,478,290,479,290,480,290,481,291,482,292,482,293,483,293,484,294,485,295,485,296,485,297,486,298,486,299,486,300,486,301,486,302,485,303,485,304,485,305,484,306,484,306,483,307,482,308,481,308,480,308,479,309,478,309,477,309,476,308,475,308,474,308,473,308,472,308,471,307,470,307,469,306,468,306,467,305,467,304,466,303,465,302,465,301,464,300,464,299,464,298,464,297,464
104,467,103,468,102,468,101,468,100,468,99,469,98,470,97,471,96,471,96,472,95,473,94,474,94,475,94,476,94,477,94,478,94,479,94,480,94,481,94,482,94,483,95,484,95,485,95,486,95,487,95,488,96,489,96,490,97,491,97,492,97,493,98,494,99,495,100,496,101,497,102,497,103,498,104,498,105,498,106,498,107,499,108,498,109,498,110,498,111,497,112,496,113,496,114,495,115,494,115,493,116,492,117,491,117,490,118,489,118,488,118,487,118,486,119,485,120,484,119,483,119,482,119,481,118,480,118,479,118,478,117,477,117,476,117,475,117,474,117,473,116,472,116,471,116,470,116,469,115,469,114,469,113,469,112,469,111,468,110,468,109,468,108,468,107,468,106,467,105,467
358,470,357,471,356,471,355,472,354,472,353,472,352,473,351,474,350,475,349,476,349,477,348,478,348,479,347,480,347,481,347,482,346,483,346,484,346,485,346,486,345,487,345,488,345,489,345,490,345,491,346,492,346,493,346,494,346,495,346,496,347,497,347,498,347,499,348,500,348,501,348,502,349,503,349,504,350,505,351,506,352,507,353,507,354,508,355,508,356,508,357,509,358,509,359,509,360,509,361,509,362,509,363,509,364,509,365,509,366,509,367,509,368,508,369,508,370,508,371,507,372,507,373,506,374,506,375,505,376,504,377,503,377,502,378,501,379,500,380,499,380,498,381,497,381,496,381,495,381,494,382,493,382,492,382,491,382,490,382,489,382,488,382,487,382,486,381,485,381,484,380,483,380,482,379,481,379,480,378,479,378,478,377,477,376,476,375,475,374,474,373,474,372,473,371,472,370,472,369,472,368,471,367,471,366,470,365,470,364,470,363,470,362,470,361,470,360,470,359,470
227,479,226,480,225,481,224,481,224,482,223,483,223,484,223,485,223,486,223,487,223,488,223,489,223,490,224,491,224,492,225,493,226,494,227,495,228,496,229,496,230,497,231,497,232,497,233,497,234,497,235,497,236,496,237,496,238,496,239,496,240,495,241,495,242,494,243,493,243,492,244,491,244,490,244,489,244,488,244,487,244,486,244,485,243,484,243,483,242,482,241,482,240,481,239,481,238,480,237,480,236,479,235,479,234,479,233,479,232,479,231,479,230,479,229,479,228,479
206,481,205,482,204,482,203,482,202,482,201,483,200,484,199,484,198,485,197,486,196,486,195,487,194,488,193,488,192,488,191,489,190,489,189,490,188,491,187,492,186,493,185,494,185,495,184,496,184,497,184,498,184,499,184,500,185,501,185,502,185,503,186,504,186,505,186,506,186,507,187,508,187,509,188,510,189,510,190,511,191,511,192,511,193,511,194,511,195,511,196,511,197,511,198,511,199,511,200,511,201,511,202,511,203,511,204,511,205,511,206,511,207,511,208,511,209,511,210,511,211,511,212,511,213,511,214,511,215,511,216,511,217,511,218,511,219,511,220,511,221,511,222,511,223,511,224,511,225,511,226,510,227,510,228,510,229,510,229,509,230,508,230,507,230,506,230,505,230,504,230,503,230,502,229,501,229,500,228,499,228,498,228,497,227,496,226,495,225,494,224,493,223,492,222,492,221,491,220,491,219,490,218,490,217,489,216,488,215,487,215,486,214,485,213,484,212,483,211,483,210,482,209,482,208,481,207,481
397,485,396,486,395,486,394,486,393,486,392,487,391,488,390,488,389,489,388,490,387,491,386,492,385,493,385,494,384,495,383,496,383,497,383,498,383,499,382,500,383,501,383,502,382,503,382,504,382,505,383,506,383,507,383,508,383,509,383,510,384,510,385,510,386,511,387,511,388,511,389,511,390,511,391,511,392,511,393,511,394,511,395,511,396,511,397,511,398,511,399,511,400,511,401,511,402,511,403,511,404,511,405,511,406,511,407,511,408,511,409,511,410,511,411,511,411,510,411,509,411,508,412,507,412,506,412,505,413,504,413,503,413,502,413,501,413,500,414,499,414,498,414,497,414,496,414,495,413,494,413,493,413,492,412,491,411,490,410,489,409,488,408,487,407,487,406,486,405,486,404,486,403,486,402,486,401,486,400,485,399,485,398,485
284,488,283,489,282,489,281,490,280,491,280,492,280,493,280,494,280,495,280,496,280,497,280,498,280,499,280,500,280,501,280,502,280,503,281,504,281,505,282,506,282,507,283,508,283,509,284,510,285,511,286,511,287,511,288,511,289,511,290,511,291,511,292,511,293,511,294,511,295,511,296,510,297,510,296,509,297,508,297,507,297,506,298,505,298,504,298,503,298,502,298,501,298,500,298,499,298,498,298,497,298,496,298,495,298,494,297,493,297,492,296,491,295,490,294,490,293,489,292,489,291,489,290,488,289,488,288,488,287,488,286,488,285,488
451,488,450,489,449,489,448,490,447,490,447,491,446,492,445,493,445,494,444,495,444,496,444,497,444,498,444,499,444,500,443,501,443,502,443,503,443,504,443,505,443,506,444,507,444,508,444,509,444,510,445,509,446,508,447,509,448,510,449,510,450,510,451,510,452,510,453,511,454,511,455,511,456,511,457,511,458,511,459,511,460,511,461,511,462,511,463,510,464,510,465,509,465,508,466,507,466,506,466,505,467,504,467,503,467,502,467,501,467,500,466,499,466,498,466,497,465,496,464,495,463,494,463,493,462,492,461,491,460,490,459,489,458,488,457,488,456,488,455,488,454,488,453,488,452,488
252,490,251,491,250,491,249,492,248,492,247,493,246,494,246,495,245,496,244,497,244,498,244,499,244,500,243,501,244,502,243,503,242,503,242,504,242,505,241,506,241,507,240,508,239,508,239,509,239,510,240,511,241,511,242,511,243,511,244,511,245,511,246,511,247,511,248,510,249,511,250,511,251,511,252,511,253,511,254,511,255,511,256,511,257,511,258,511,259,511,260,510,261,510,262,510,262,509,262,508,263,507,263,506,263,505,263,504,263,503,263,502,263,501,262,500,262,499,262,498,262,497,261,496,261,495,261,494,260,493,259,492,258,491,257,490,256,490,255,490,254,490,253,490
421,492,420,493,419,493,418,493,417,494,416,495,415,495,415,496,415,497,415,498,415,499,414,500,414,501,414,502,414,503,414,504,413,505,413,506,413,507,412,508,412,509,412,510,412,511,413,511,414,511,415,511,416,511,417,511,418,511,419,511,420,511,421,511,422,511,423,511,424,511,425,511,426,511,427,511,428,511,429,511,430,511,431,511,432,511,433,511,434,511,435,511,436,511,437,511,438,511,439,511,440,510,441,510,442,510,443,509,443,508,442,507,442,506,442,505,442,504,442,503,441,502,440,501,439,500,438,499,437,498,436,497,435,496,434,495,433,495,432,494,431,494,430,493,429,493,428,492,427,492,426,492,425,492,424,492,423,492,422,492
154,496,153,497,152,497,151,498,151,499,152,500,152,501,152,502,152,503,152,504,153,505,153,506,153,507,153,508,153,509,153,510,153,511,154,511,155,511,156,511,157,511,158,511,159,511,160,511,161,511,162,511,163,511,164,511,165,511,166,511,167,511,168,511,169,511,170,511,171,511,172,511,173,511,174,511,175,511,176,511,177,511,178,511,179,511,180,510,180,509,179,508,178,507,178,506,177,505,177,504,176,503,175,502,174,501,173,501,172,500,171,500,170,499,169,499,168,498,167,498,166,497,165,497,164,496,163,496,162,496,161,496,160,496,159,496,158,496,157,496,156,496,155,496
143,498,142,499,141,499,140,500,139,500,138,501,137,502,136,503,136,504,135,505,135,506,134,507,134,508,134,509,134,510,134,511,135,511,136,511,137,511,138,511,139,511,140,511,141,511,142,511,143,511,144,511,145,511,146,511,147,511,148,511,149,511,150,511,151,511,152,511,152,510,152,509,152,508,152,507,152,506,152,505,151,504,151,503,151,502,151,501,151,500,150,499,150,498,149,498,148,498,147,498,146,498,145,498,144,498
95,501,94,502,93,502,92,502,91,503,90,503,89,504,88,505,88,506,88,507,88,508,88,509,89,510,90,510,91,511,92,511,93,511,94,511,95,511,96,511,97,511,98,511,99,511,100,511,101,511,102,511,103,511,104,511,105,511,106,511,107,511,108,511,109,511,110,511,111,511,112,511,113,510,114,510,113,509,113,508,112,507,111,506,110,505,109,505,108,505,107,504,106,504,105,504,104,504,103,504,102,504,101,503,100,503,99,502,98,502,97,501,96,501
319,502,318,503,317,503,316,503,315,504,314,504,313,505,312,506,312,507,311,508,310,509,310,510,310,511,311,511,312,511,313,511,314,511,315,511,316,511,317,511,318,511,319,511,320,511,321,511,322,511,323,511,324,511,325,511,326,511,327,511,328,511,329,511,330,511,331,511,332,511,333,511,334,511,335,511,336,511,337,511,338,511,339,511,340,511,341,511,342,511,343,510,342,509,341,508,341,507,340,506,339,505,338,505,337,504,336,503,335,503,334,502,333,502,332,502,331,502,330,502,329,502,328,502,327,502,326,502,325,502,324,502,323,503,322,502,321,502,320,502
