140,127,139,128,138,128,137,128,136,129,135,130,134,131,133,132,133,133,132,134,132,135,132,136,132,137,131,138,132,139,132,140,132,141,132,142,133,143,134,144,135,144,136,144,137,144,138,144,139,144,140,144,141,144,142,144,143,143,144,143,145,142,145,141,146,140,147,139,147,138,147,137,148,136,148,135,148,134,148,133,148,132,148,131,147,130,147,129,146,129,145,128,144,128,143,127,142,127,141,127
111,168,110,169,109,169,108,170,107,170,107,171,106,172,106,173,106,174,106,175,106,176,106,177,107,178,107,179,108,179,109,180,110,180,111,180,112,180,113,180,114,179,115,178,116,178,117,177,117,176,118,175,118,174,118,173,118,172,118,171,117,170,117,169,116,169,115,168,114,168,113,168,112,168
218,178,217,179,216,179,215,179,214,179,213,179,212,179,211,180,210,180,209,181,208,182,207,183,206,184,206,185,206,186,205,187,205,188,204,189,204,190,204,191,204,192,204,193,203,194,203,195,203,196,203,197,203,198,203,199,204,200,205,201,205,202,206,203,207,204,208,204,209,204,210,205,211,205,212,205,213,206,214,206,215,206,216,206,217,206,218,206,219,206,220,206,221,205,222,205,223,204,224,203,225,202,226,201,227,200,228,199,229,198,229,197,230,196,230,195,230,194,230,193,230,192,231,191,231,190,231,189,230,188,230,187,230,186,229,185,228,184,227,183,227,182,226,182,225,181,224,180,223,180,222,179,221,179,220,179,219,178
256,183,255,184,254,184,253,184,252,184,251,185,250,185,249,186,248,186,247,186,246,186,245,187,244,187,243,188,242,189,241,190,241,191,241,192,241,193,241,194,242,195,242,196,243,197,244,198,245,199,246,199,247,200,248,201,249,201,250,202,251,202,252,203,253,203,254,203,255,204,256,204,257,203,258,203,259,203,260,202,260,201,261,200,261,199,262,198,263,197,263,196,264,195,264,194,265,193,264,192,264,191,264,190,264,189,263,188,263,187,263,186,262,185,261,185,260,184,259,184,258,184,257,183
189,188,188,189,187,189,186,189,185,190,184,191,184,192,183,193,182,194,182,195,181,196,181,197,181,198,181,199,181,200,180,201,180,202,180,203,180,204,180,205,181,206,181,207,182,208,183,209,184,209,185,210,186,210,187,211,188,211,189,211,190,211,191,210,192,210,193,210,194,209,195,208,196,208,197,207,197,206,198,205,199,204,200,203,200,202,201,201,202,200,202,199,202,198,202,197,202,196,201,195,201,194,200,193,199,192,199,191,198,190,197,190,196,189,195,189,194,188,193,188,192,188,191,188,190,188
266,193,265,194,265,195,264,196,264,197,263,198,262,199,262,200,261,201,261,202,260,203,261,204,261,205,262,206,262,207,262,208,263,209,264,210,265,210,266,211,267,211,268,211,269,211,270,212,271,211,272,211,273,211,274,210,275,210,276,209,277,208,277,207,278,206,278,205,278,204,278,203,278,202,278,201,278,200,277,199,276,198,276,197,275,197,274,196,273,195,272,194,271,194,270,194,269,193,268,193,267,193
239,202,238,203,237,203,236,203,235,203,234,203,233,204,232,204,231,204,230,205,229,206,228,206,227,207,227,208,226,209,226,210,225,211,225,212,225,213,224,214,224,215,225,216,225,217,225,218,225,219,226,220,227,221,227,222,228,222,229,223,230,224,231,224,232,224,233,225,234,225,235,225,236,225,237,225,238,224,238,223,238,222,238,221,238,220,238,219,238,218,239,217,239,216,239,215,240,214,240,213,241,212,241,211,242,210,242,209,243,208,244,207,244,206,245,205,244,204,244,203,243,203,242,202,241,202,240,202
251,204,250,205,249,205,248,206,247,206,246,206,245,206,245,207,244,208,243,209,243,210,242,211,242,212,241,213,241,214,240,215,240,216,240,217,239,218,239,219,239,220,239,221,239,222,239,223,239,224,239,225,240,225,241,226,242,227,243,227,244,228,245,228,246,229,247,229,248,230,249,230,250,230,251,230,252,230,253,229,254,229,255,229,256,228,257,227,258,227,258,226,259,225,260,224,260,223,261,222,261,221,262,220,262,219,262,218,262,217,262,216,262,215,262,214,262,213,261,212,261,211,260,210,260,209,259,208,258,207,257,206,256,205,255,205,254,204,253,204,252,204
211,217,210,218,209,218,208,218,207,219,206,220,205,220,204,221,203,222,202,223,201,224,201,225,200,226,199,227,199,228,199,229,199,230,199,231,200,232,200,233,200,234,201,235,202,235,203,236,204,237,205,238,205,239,206,240,207,241,208,241,209,242,210,243,211,244,212,244,213,245,214,244,215,245,216,245,217,245,218,245,219,244,220,244,221,244,222,243,223,243,224,242,225,241,226,240,226,239,227,238,227,237,228,236,228,235,228,234,228,233,228,232,229,231,229,230,229,229,229,228,228,227,228,226,228,225,228,224,227,223,226,222,226,221,225,220,224,220,223,219,222,219,221,218,220,218,219,218,218,217,217,217,216,217,215,217,214,217,213,217,212,217
289,217,288,218,287,219,286,219,286,220,285,221,285,222,285,223,284,224,284,225,284,226,284,227,284,228,284,229,284,230,285,231,285,232,285,233,286,234,286,235,287,235,288,236,289,237,289,238,290,239,291,240,292,241,293,242,294,242,295,242,296,242,297,242,298,242,299,241,300,241,301,240,302,239,303,238,304,238,305,237,305,236,305,235,305,234,305,233,305,232,305,231,304,230,304,229,304,228,304,227,303,226,303,225,302,224,301,223,300,222,299,222,298,221,297,220,296,220,295,219,294,218,293,218,292,218,291,217,290,217
271,218,270,219,269,219,268,219,267,220,266,220,265,221,264,221,263,221,262,222,261,223,261,224,260,225,259,226,259,227,259,228,259,229,258,230,258,231,258,232,258,233,258,234,258,235,258,236,258,237,257,238,258,239,258,240,259,241,260,242,260,243,261,244,262,245,262,246,263,246,264,247,265,248,266,249,267,249,268,250,269,250,270,250,271,250,272,250,273,250,274,250,275,250,276,250,277,250,278,249,279,249,280,249,280,248,281,247,282,246,283,245,283,244,284,243,285,242,285,241,285,240,285,239,285,238,285,237,286,236,285,235,285,234,284,233,284,232,284,231,283,230,283,229,283,228,283,227,283,226,282,225,281,224,281,223,280,222,279,221,278,220,277,220,276,220,275,219,274,219,273,219,272,218
247,231,246,232,245,232,244,232,243,232,242,232,241,233,240,233,239,233,238,234,237,234,236,234,235,235,234,235,233,236,232,237,231,238,230,239,230,240,229,241,229,242,228,243,228,244,227,245,227,246,226,247,227,248,227,249,228,250,229,251,230,252,231,253,232,254,233,254,234,255,235,255,236,255,237,255,238,256,239,256,240,256,241,255,242,255,243,255,244,254,245,253,246,253,247,253,248,253,249,253,250,252,251,252,252,251,253,251,254,250,255,249,256,248,256,247,256,246,257,245,257,244,257,243,257,242,258,241,257,240,257,239,256,238,256,237,255,237,254,236,253,235,252,235,251,234,250,233,249,232,248,232
199,235,198,236,197,236,196,237,195,238,194,238,193,239,192,239,191,240,190,241,189,241,188,242,188,243,189,244,189,245,190,246,190,247,190,248,191,249,192,250,193,251,194,252,195,253,196,254,197,254,198,255,199,256,200,256,201,257,202,257,203,258,204,258,205,258,206,257,207,257,208,257,209,257,210,256,211,256,212,255,213,254,214,253,215,252,216,251,217,250,216,249,215,248,214,247,213,246,212,245,211,245,210,244,209,243,208,242,207,242,206,241,205,240,204,240,203,239,202,239,201,238,200,237,199,236
306,236,306,237,305,238,304,239,303,239,302,240,301,241,300,242,299,242,298,243,297,244,296,245,295,246,294,247,293,248,292,249,291,249,291,250,290,251,289,252,288,253,287,252,287,253,287,254,287,255,287,256,286,257,287,258,287,259,287,260,288,261,289,261,290,262,290,263,291,264,292,265,293,266,294,267,295,268,296,268,297,268,298,268,299,268,300,268,301,268,302,268,303,267,304,266,305,266,306,265,307,264,308,264,308,263,309,262,310,261,310,260,310,259,310,258,311,257,311,256,312,255,313,254,313,253,314,252,315,251,315,250,316,249,316,248,317,247,317,246,317,245,318,244,318,243,318,242,317,241,317,240,316,239,316,238,315,237,314,237,313,236,312,236,311,236,310,236,309,236,308,236,307,236
278,250,277,251,276,251,275,251,274,251,273,251,272,251,271,251,270,251,269,251,268,252,267,253,266,254,266,255,265,256,264,257,263,258,262,259,261,260,260,261,259,262,258,263,257,264,256,264,255,265,254,266,253,266,253,267,253,268,253,269,253,270,253,271,252,272,252,273,252,274,251,275,251,276,251,277,250,278,250,279,249,280,249,281,249,282,249,283,250,283,251,283,252,283,253,283,254,283,255,283,256,283,257,283,258,283,259,282,260,282,261,282,262,281,263,281,263,280,264,279,264,278,265,277,265,276,266,275,266,274,266,273,267,272,268,271,268,270,269,269,270,268,271,268,272,267,273,266,274,265,275,264,276,264,277,263,278,262,279,262,280,261,281,260,282,260,283,259,284,259,285,258,285,257,286,256,286,255,286,254,286,253,286,252,286,251,285,251,284,250,283,250,282,250,281,250,280,250,279,250
217,251,216,252,215,253,214,254,213,255,212,256,212,257,212,258,211,259,211,260,210,261,210,262,210,263,209,264,209,265,209,266,209,267,210,268,210,269,210,270,210,271,211,272,212,273,213,274,214,274,215,275,216,275,217,276,218,276,219,276,220,275,221,275,222,275,223,274,224,273,224,272,224,271,224,270,224,269,224,268,224,267,224,266,224,265,225,264,225,263,225,262,225,261,225,260,225,259,225,258,225,257,225,256,225,255,225,254,225,253,225,252,224,251,223,251,222,251,221,251,220,251,219,251,218,251
321,253,320,254,319,254,318,255,317,255,316,256,315,257,314,258,313,259,312,260,312,261,311,262,310,262,309,263,309,264,308,265,308,266,308,267,307,268,306,269,306,270,306,271,306,272,305,273,305,274,305,275,305,276,305,277,305,278,304,279,304,280,304,281,304,282,304,283,304,284,304,285,303,286,302,287,303,288,304,288,305,288,306,288,307,288,308,287,309,287,310,286,311,286,312,285,313,285,314,285,315,284,316,284,317,283,318,283,319,283,320,282,321,282,322,282,323,281,324,281,325,281,326,280,326,279,327,278,328,277,329,276,330,275,331,275,332,274,333,273,334,272,335,271,334,270,334,269,334,268,333,267,333,266,332,265,332,264,332,263,331,262,331,261,331,260,330,259,330,258,329,257,329,256,328,255,327,254,326,254,325,253,324,253,323,253,322,253
239,260,238,261,237,261,236,261,235,262,234,262,233,263,232,264,231,265,230,266,230,267,230,268,229,269,229,270,229,271,229,272,228,273,228,274,228,275,228,276,228,277,228,278,229,279,229,280,230,281,231,282,232,282,233,283,234,283,235,283,236,283,237,283,238,283,239,283,240,283,241,283,242,282,243,282,244,282,245,282,246,281,247,281,248,281,248,280,249,279,249,278,250,277,250,276,250,275,251,274,251,273,251,272,252,271,252,270,252,269,252,268,252,267,252,266,251,265,250,265,249,264,248,263,247,262,246,261,245,261,244,261,243,261,242,260,241,260,240,260
283,260,282,261,281,261,280,262,279,263,278,263,277,264,276,265,275,265,274,266,273,267,272,268,271,269,270,269,269,270,269,271,268,272,267,273,267,274,267,275,266,276,266,277,266,278,266,279,266,280,267,281,268,282,269,283,270,284,271,284,272,285,273,286,274,286,275,287,276,287,277,286,278,286,279,286,280,285,281,285,282,285,283,284,284,284,285,284,286,283,287,283,288,282,289,281,290,281,291,280,292,280,292,279,292,278,293,277,293,276,293,275,293,274,294,273,294,272,294,271,294,270,294,269,294,268,293,267,292,266,291,265,290,264,289,263,289,262,288,262,287,261,286,261,285,260,284,260
293,280,292,281,291,281,290,282,289,282,288,283,287,284,286,284,285,285,284,285,283,285,282,286,281,286,280,286,279,287,278,287,277,287,276,288,275,289,275,290,275,291,274,292,274,293,273,294,273,295,272,296,272,297,271,298,270,299,270,300,269,301,268,302,267,303,267,304,267,305,268,305,269,306,270,307,271,307,272,308,273,309,274,309,275,309,276,308,277,308,278,308,279,308,280,308,281,308,282,308,283,308,284,308,285,308,286,308,287,307,288,307,289,306,289,305,290,304,291,303,291,302,292,301,293,300,293,299,294,298,295,297,296,296,296,295,297,294,298,293,298,292,299,291,300,290,300,289,300,288,301,287,301,286,300,285,300,284,299,284,298,283,298,282,297,282,296,281,295,281,294,280
264,281,263,282,262,282,261,283,260,283,259,283,258,284,257,284,256,284,255,284,254,284,253,284,252,284,251,284,250,284,249,284,248,285,247,286,246,286,245,287,244,288,243,289,242,289,241,290,240,291,239,292,238,293,238,294,237,295,237,296,236,297,236,298,236,299,236,300,236,301,236,302,236,303,237,304,237,305,237,306,238,307,238,308,238,309,239,310,239,311,239,312,239,313,240,314,241,315,242,315,243,315,244,314,245,313,246,313,247,313,248,313,249,313,250,313,251,312,252,312,253,311,254,310,255,310,256,309,257,308,258,307,259,307,260,306,261,306,262,305,263,305,264,304,265,304,266,304,266,303,267,302,268,301,269,300,269,299,270,298,271,297,271,296,272,295,272,294,273,293,273,292,274,291,274,290,274,289,275,288,274,287,273,287,272,286,271,285,270,285,269,284,268,283,267,282,266,281,265,281
323,282,322,283,321,283,320,283,319,284,318,284,317,284,316,285,315,285,314,286,313,286,312,286,311,287,310,287,309,288,308,288,307,289,306,289,305,289,304,289,304,290,305,291,305,292,305,293,306,294,306,295,306,296,307,297,307,298,308,299,308,300,309,301,310,302,311,301,312,301,313,301,314,300,315,300,316,299,317,299,318,298,319,298,320,297,321,296,322,295,323,294,324,293,325,292,325,291,326,290,327,289,328,288,328,287,327,286,327,285,326,284,326,283,325,282,324,282
219,284,218,285,217,285,216,285,215,285,214,285,213,286,212,286,211,286,210,287,210,288,210,289,209,290,209,291,210,292,210,293,211,294,211,295,212,296,213,297,214,298,215,298,216,298,217,298,218,298,219,298,220,298,221,298,222,298,223,298,224,297,225,296,226,296,227,295,228,295,229,295,229,294,230,293,230,292,231,291,231,290,232,289,232,288,231,287,231,286,230,286,229,286,228,286,227,285,226,285,225,285,224,285,223,285,222,285,221,285,220,284
357,287,356,288,355,288,354,289,353,289,352,290,351,291,350,292,349,293,348,294,347,294,346,295,345,296,345,297,344,298,343,298,343,299,342,300,341,301,340,302,339,303,338,304,338,305,337,306,337,307,336,308,336,309,336,310,335,311,335,312,335,313,335,314,335,315,335,316,335,317,335,318,335,319,336,320,336,321,337,322,337,323,338,324,339,325,339,326,340,327,341,328,342,328,343,328,344,328,345,328,346,328,347,329,348,328,349,327,350,326,351,325,352,325,353,324,354,323,354,322,354,321,355,320,355,319,355,318,356,317,357,316,357,315,358,314,359,313,359,312,360,311,361,310,362,309,363,308,364,307,365,306,366,306,367,305,367,304,367,303,367,302,367,301,367,300,367,299,368,298,368,297,368,296,368,295,367,294,367,293,367,292,366,291,366,290,365,289,364,288,363,287,362,287,361,287,360,287,359,287,358,287
329,288,328,289,327,290,326,291,326,292,325,293,324,294,323,295,322,296,321,297,320,298,319,299,318,299,317,300,316,300,315,301,314,301,313,302,312,302,311,302,310,303,310,304,310,305,310,306,310,307,310,308,309,309,309,310,309,311,309,312,309,313,309,314,309,315,310,316,310,317,310,318,310,319,310,320,310,321,310,322,310,323,310,324,310,325,310,326,309,327,309,328,309,329,310,328,311,328,312,327,313,327,314,327,315,327,316,327,317,327,318,327,319,327,320,327,321,327,322,327,323,327,324,327,325,327,326,327,325,326,325,325,325,324,326,323,327,322,327,321,328,320,328,319,328,318,329,317,329,316,330,315,330,314,331,313,331,312,332,311,332,310,332,309,333,308,333,307,334,306,335,305,335,304,336,303,336,302,336,301,336,300,336,299,336,298,336,297,336,296,336,295,336,294,336,293,336,292,335,291,334,291,333,290,332,290,331,289,330,288
375,300,374,301,373,302,372,303,371,304,370,305,370,306,370,307,370,308,371,309,371,310,371,311,371,312,372,313,372,314,372,315,373,316,373,317,373,318,373,319,374,320,375,320,376,321,377,321,378,321,379,321,380,321,381,321,382,321,383,320,384,320,385,319,385,318,386,317,386,316,386,315,387,314,387,313,387,312,387,311,386,310,386,309,386,308,386,307,385,306,385,305,384,304,383,303,382,302,381,301,380,300,379,300,378,300,377,300,376,300
367,306,366,307,365,307,364,308,363,309,362,310,361,311,360,312,360,313,359,314,358,315,358,316,357,317,356,318,356,319,356,320,355,321,355,322,355,323,354,324,355,325,356,326,357,327,358,328,359,329,360,329,361,330,362,330,363,330,364,330,365,330,366,330,367,330,368,329,369,329,370,329,371,328,372,327,373,326,372,325,372,324,372,323,372,322,372,321,373,320,372,319,372,318,372,317,372,316,371,315,371,314,371,313,370,312,370,311,370,310,370,309,369,308,369,307,369,306,368,306
287,308,286,309,285,309,284,309,283,309,282,309,281,309,280,309,279,309,278,309,277,309,276,309,275,310,274,310,273,310,273,311,273,312,273,313,273,314,273,315,273,316,274,317,275,317,276,318,277,319,278,319,279,320,280,321,281,321,282,320,283,320,284,319,285,318,286,317,287,317,287,316,288,315,289,314,289,313,289,312,289,311,288,310,288,309,288,308
305,312,304,313,303,313,302,313,301,314,300,314,299,314,298,314,297,314,296,314,295,315,294,315,293,315,292,314,291,314,290,314,289,315,288,316,288,317,287,318,286,318,285,319,284,320,283,321,282,321,281,322,281,323,281,324,281,325,281,326,281,327,280,328,280,329,280,330,279,331,279,332,279,333,278,334,279,335,280,336,281,337,282,337,283,337,284,337,285,336,286,336,287,336,288,336,289,336,290,335,291,335,292,335,293,335,294,335,295,335,296,335,297,335,298,334,299,334,300,334,301,334,302,333,303,332,304,332,304,331,305,330,306,330,307,330,308,329,308,328,308,327,309,326,309,325,309,324,309,323,309,322,309,321,309,320,309,319,309,318,309,317,309,316,308,315,308,314,308,313,308,312,307,312,306,312
272,316,271,317,270,317,269,317,268,317,267,318,266,318,265,318,264,318,263,318,262,318,261,318,260,318,259,318,258,318,257,319,256,319,255,319,254,319,253,320,252,321,252,322,251,323,250,324,249,325,249,326,249,327,249,328,249,329,250,330,250,331,251,332,252,333,253,333,254,334,255,335,256,336,257,336,258,336,259,336,260,336,261,336,262,336,263,337,264,337,265,336,266,337,267,337,268,337,269,337,270,336,271,336,272,336,273,335,274,335,275,334,276,334,277,334,278,333,278,332,278,331,279,330,279,329,279,328,280,327,280,326,280,325,280,324,280,323,280,322,279,321,278,320,277,320,276,319,275,318,274,318,273,317
359,331,358,332,357,332,356,333,355,333,354,334,353,334,352,335,351,336,350,337,349,338,349,339,348,340,347,341,347,342,346,343,346,344,346,345,346,346,346,347,346,348,346,349,346,350,347,351,347,352,348,353,349,354,350,355,351,356,352,357,353,357,354,358,355,358,356,359,357,359,358,358,359,358,360,358,361,358,362,358,363,358,364,358,365,357,366,357,367,357,368,357,369,357,369,356,370,355,371,355,372,354,373,353,373,352,374,351,374,350,374,349,375,348,375,347,375,346,375,345,376,344,376,343,376,342,376,341,375,340,375,339,375,338,374,337,374,336,373,335,372,334,371,334,370,333,369,332,368,332,367,331,366,331,365,331,364,331,363,331,362,331,361,331,360,331
395,333,394,334,393,334,392,334,391,334,390,334,389,334,388,334,387,334,386,335,385,335,384,335,384,336,383,337,382,338,381,338,381,339,381,340,381,341,381,342,381,343,381,344,381,345,382,345,383,346,383,347,384,347,385,347,386,347,387,348,388,348,389,349,390,350,391,351,391,352,392,353,393,354,394,355,395,356,396,357,397,358,398,359,399,360,400,360,401,360,402,361,403,361,404,360,405,360,406,360,407,360,408,359,409,359,410,358,411,357,412,356,412,355,413,354,413,353,413,352,413,351,412,350,412,349,412,348,412,347,412,346,411,345,411,344,410,343,410,342,409,341,408,340,407,339,407,338,406,337,405,336,404,335,403,334,402,333,401,333,400,333,399,333,398,333,397,333,396,333
302,334,301,335,300,335,299,335,298,335,297,336,296,336,295,336,294,336,293,336,292,336,291,336,290,336,289,337,288,337,287,337,286,337,285,337,284,338,283,338,282,339,281,339,280,340,279,341,278,341,277,342,276,343,275,343,274,344,274,345,274,346,273,347,273,348,273,349,272,350,273,351,273,352,274,353,274,354,275,355,276,356,277,357,278,358,279,358,280,359,281,359,282,358,283,358,284,358,285,357,286,357,287,357,288,356,289,356,290,356,291,355,292,355,293,354,294,353,295,352,296,351,297,350,297,349,298,348,299,347,299,346,300,345,301,344,301,343,302,342,302,341,303,340,303,339,303,338,303,337,303,336,303,335,303,334
303,341,303,342,302,343,302,344,301,345,300,346,300,347,299,348,298,349,298,350,297,351,296,352,295,353,294,354,293,355,292,356,291,356,290,357,290,358,289,359,289,360,289,361,288,362,288,363,288,364,289,365,289,366,289,367,290,368,291,369,292,370,293,370,294,371,295,371,296,371,297,371,298,371,299,371,300,370,301,370,302,370,303,369,304,368,305,368,306,367,307,366,308,366,309,365,310,365,311,364,312,363,313,363,314,362,315,361,316,360,317,359,318,358,319,357,319,356,319,355,320,354,320,353,320,352,320,351,319,350,318,349,318,348,317,347,317,346,317,345,316,345,315,345,314,344,313,344,312,344,311,344,310,344,309,343,308,343,307,343,306,342,305,342,304,341
365,358,364,359,363,359,362,359,361,359,360,359,359,359,358,359,357,360,356,360,355,361,354,361,353,361,352,362,351,362,350,363,349,364,349,365,348,366,347,367,347,368,347,369,347,370,347,371,347,372,347,373,348,374,348,375,349,376,349,377,350,378,351,379,352,380,353,381,354,381,355,381,356,382,357,382,358,382,359,382,360,382,361,382,362,382,363,382,364,382,365,381,366,382,367,382,368,382,369,382,370,382,371,381,372,380,373,379,374,379,375,378,376,377,376,376,376,375,376,374,377,373,377,372,377,371,377,370,378,369,378,368,378,367,378,366,378,365,377,364,377,363,376,362,375,361,374,360,373,359,372,359,371,358,370,358,369,358,368,358,367,358,366,358
311,365,310,366,309,366,308,367,307,367,306,368,305,369,304,369,303,370,302,371,303,372,303,373,303,374,302,375,303,376,303,377,303,378,304,379,304,380,305,381,306,382,307,383,308,383,309,384,310,385,311,386,312,387,313,388,313,389,314,389,315,390,316,390,317,390,318,390,319,390,320,390,321,390,322,390,323,390,324,390,325,390,326,389,327,388,328,387,329,387,330,386,331,385,332,384,333,383,333,382,334,381,335,380,335,379,335,378,336,377,336,376,336,375,336,374,335,373,335,372,334,371,334,370,333,369,332,368,331,368,330,367,329,367,328,367,327,367,326,366,325,366,324,366,323,367,322,367,321,367,320,368,319,368,318,367,317,367,316,366,315,366,314,365,313,366,312,365
377,376,377,377,376,378,375,379,374,380,373,380,372,381,371,382,370,383,371,384,371,385,371,386,372,387,372,388,372,389,372,390,372,391,372,392,373,393,373,394,373,395,373,396,373,397,373,398,373,399,373,400,374,401,374,402,375,403,375,404,376,405,377,406,378,407,379,407,380,407,381,408,382,408,383,408,384,408,385,408,386,408,387,408,388,408,389,408,390,408,391,409,392,409,393,409,394,410,395,410,396,410,397,410,398,410,399,410,400,410,401,409,402,409,403,409,404,409,405,408,406,408,407,408,408,408,409,407,410,407,411,407,412,406,413,405,414,404,415,403,416,403,417,402,417,401,418,400,419,399,419,398,420,397,420,396,420,395,420,394,420,393,420,392,420,391,420,390,420,389,420,388,419,387,419,386,418,385,418,384,417,383,416,382,415,382,414,381,413,381,412,381,411,380,410,380,409,381,408,381,407,381,406,380,405,381,404,381,403,381,402,381,401,381,400,381,399,381,398,381,397,380,396,380,395,380,394,379,393,379,392,379,391,379,390,379,389,379,388,379,387,379,386,379,385,379,384,379,383,379,382,378,381,378,380,378,379,378,378,377
338,384,337,385,336,385,335,385,334,386,333,386,332,386,331,386,330,387,329,388,328,388,327,389,326,390,325,391,324,392,324,393,323,394,323,395,322,396,322,397,322,398,323,399,323,400,323,401,324,402,325,403,326,404,326,405,327,405,328,406,329,406,330,407,331,407,332,407,333,407,334,408,335,408,336,408,337,408,338,408,339,407,340,407,341,407,342,407,343,406,344,405,345,405,346,405,347,404,347,403,348,402,349,401,349,400,350,399,350,398,350,397,350,396,349,395,349,394,349,393,349,392,349,391,348,390,348,389,347,388,346,387,345,386,344,386,343,385,342,385,341,384,340,384,339,384
