39,31,38,32,37,32,36,32,35,33,35,34,34,35,34,36,33,37,33,38,33,39,34,40,34,41,34,42,35,43,36,44,37,44,38,44,39,44,40,44,41,43,42,43,43,42,44,41,45,40,45,39,46,38,46,37,46,36,45,35,45,34,44,33,43,32,42,32,41,31,40,31
46,56,45,57,44,57,43,58,42,59,41,60,41,61,40,62,40,63,40,64,40,65,41,66,42,67,43,68,44,69,45,70,46,70,47,71,48,71,49,72,50,72,51,72,52,71,53,70,54,70,55,69,56,68,57,67,57,66,57,65,57,64,58,63,57,62,57,61,56,60,56,59,55,59,54,58,53,57,52,57,51,56,50,56,49,56,48,56,47,56
20,62,19,63,18,63,17,63,16,64,15,65,14,65,13,66,13,67,12,68,12,69,12,70,12,71,12,72,12,73,13,74,13,75,14,75,15,75,16,76,17,76,18,76,19,76,20,76,21,75,22,75,23,74,24,74,25,73,25,72,26,71,26,70,27,69,27,68,27,67,26,66,26,65,25,64,24,63,23,63,22,62,21,62
133,64,132,65,131,65,130,66,129,67,128,68,127,69,127,70,126,71,126,72,125,73,125,74,125,75,126,76,126,77,126,78,126,79,127,80,128,81,128,82,129,82,130,82,131,82,132,83,133,83,134,83,135,83,136,82,137,82,138,82,139,82,140,81,141,81,142,80,143,80,144,79,144,78,145,77,146,76,146,75,147,74,147,73,147,72,147,71,147,70,147,69,146,68,145,67,144,66,143,65,142,65,141,64,140,64,139,64,138,64,137,64,136,64,135,64,134,64
51,73,50,74,49,74,48,75,47,75,47,76,47,77,46,78,46,79,46,80,47,81,47,82,48,83,48,84,48,85,48,86,49,86,50,86,51,87,52,87,53,87,54,88,55,88,56,88,57,88,58,88,59,87,60,86,61,86,61,85,62,84,62,83,62,82,62,81,62,80,62,79,62,78,61,77,60,76,59,75,58,75,57,74,56,74,55,73,54,73,53,73,52,73
47,87,46,88,45,89,44,90,44,91,44,92,44,93,44,94,44,95,44,96,45,97,46,98,47,99,48,100,49,101,50,101,51,102,52,101,53,100,53,99,54,98,55,97,55,96,56,95,56,94,57,93,57,92,58,91,57,90,57,89,56,89,55,89,54,89,53,88,52,88,51,88,50,87,49,87,48,87
67,90,66,91,65,91,64,91,63,91,62,91,61,91,60,91,59,91,58,92,58,93,57,94,57,95,56,96,56,97,55,98,54,99,54,100,53,101,52,102,52,103,53,104,54,105,54,106,55,107,56,108,57,108,58,109,59,109,60,109,61,109,62,108,63,108,64,108,65,107,66,106,67,105,68,105,69,104,70,103,71,102,72,102,73,101,74,100,75,99,76,98,77,97,78,97,78,96,78,95,79,94,78,93,78,92,77,91,76,90,75,90,74,90,73,90,72,90,71,90,70,90,69,90,68,90
79,97,78,98,77,98,76,99,75,100,74,101,74,102,73,103,73,104,73,105,72,106,72,107,72,108,72,109,72,110,72,111,72,112,73,113,73,114,74,115,75,116,76,117,77,117,78,117,79,117,80,117,81,116,82,116,83,116,84,115,85,114,86,113,87,112,86,111,87,110,87,109,88,108,88,107,88,106,88,105,88,104,88,103,88,102,87,101,87,100,86,100,85,99,84,99,83,98,82,98,81,98,80,98
115,108,114,109,113,109,112,109,111,109,110,109,109,109,108,110,107,110,106,111,105,111,104,112,103,113,102,113,101,114,101,115,102,116,102,117,102,118,102,119,102,120,103,121,104,122,105,122,106,123,107,123,108,124,109,125,110,126,111,126,112,127,113,128,114,129,115,129,116,130,117,131,118,132,119,133,120,133,121,134,122,135,123,135,124,134,125,134,126,133,127,133,128,132,129,131,130,130,131,129,131,128,131,127,131,126,132,125,132,124,132,123,132,122,131,121,131,120,131,119,131,118,130,117,130,116,129,115,129,114,128,113,127,112,126,112,125,111,124,110,123,110,122,110,121,109,120,109,119,109,118,109,117,109,116,109
89,112,88,113,87,113,86,114,85,115,84,116,83,117,83,118,83,119,83,120,82,121,82,122,82,123,82,124,82,125,82,126,82,127,83,128,83,129,84,130,85,131,85,132,86,133,87,134,88,133,89,133,90,132,91,131,92,131,93,130,94,129,95,128,96,127,97,126,98,125,99,124,99,123,100,122,100,121,100,120,101,119,101,118,101,117,101,116,100,115,100,114,99,114,98,113,97,113,96,112,95,112,94,112,93,112,92,112,91,112,90,112
101,120,101,121,101,122,100,123,100,124,99,125,98,126,97,127,96,128,95,129,94,130,93,131,92,132,91,132,90,133,89,134,88,134,87,135,88,136,88,137,88,138,88,139,88,140,89,141,89,142,89,143,90,144,90,145,90,146,91,147,91,148,92,149,93,150,94,151,95,152,96,152,97,152,98,152,99,152,100,152,101,152,102,152,103,152,104,152,105,152,106,151,107,151,108,151,109,151,110,150,111,150,112,150,113,149,114,149,115,148,116,147,117,146,118,145,119,144,120,143,120,142,121,141,121,140,121,139,121,138,122,137,122,136,121,135,120,134,119,134,118,133,117,132,116,131,115,130,114,130,113,129,112,128,111,127,110,127,109,126,108,125,107,124,106,124,105,123,104,123,103,122,102,121
146,120,145,121,144,121,143,121,142,121,141,121,140,122,139,123,138,124,137,125,137,126,137,127,137,128,137,129,136,130,136,131,136,132,136,133,137,134,137,135,137,136,137,137,138,138,138,139,139,140,139,141,140,142,140,143,141,144,142,145,143,146,144,147,145,148,146,148,147,149,148,149,149,149,150,149,151,149,152,149,153,148,154,148,155,147,156,147,157,146,158,146,159,145,160,145,161,144,162,143,163,142,164,141,165,140,166,139,166,138,167,137,167,136,167,135,167,134,167,133,167,132,167,131,167,130,166,129,166,128,165,127,165,126,164,125,163,124,162,123,161,123,160,122,159,122,158,121,157,121,156,121,155,121,154,121,153,120,152,120,151,120,150,120,149,120,148,120,147,120
179,121,178,122,177,122,176,122,175,123,174,123,173,124,172,125,172,126,172,127,171,128,171,129,171,130,171,131,171,132,172,133,172,134,172,135,173,136,173,137,174,138,175,139,175,140,175,141,176,142,177,142,178,143,179,143,180,143,181,143,182,143,183,143,184,144,185,145,186,144,187,143,188,142,189,141,190,141,191,140,192,139,193,138,194,137,195,136,196,135,197,134,198,133,198,132,199,131,199,130,198,130,197,129,196,129,195,128,194,127,193,127,192,126,191,125,190,125,189,124,188,124,187,123,186,123,185,122,184,122,183,122,182,122,181,121,180,121
200,131,199,132,199,133,198,134,197,135,196,136,195,137,194,138,193,139,192,140,191,141,190,142,189,142,188,143,187,144,186,145,186,146,186,147,186,148,186,149,186,150,187,151,187,152,187,153,187,154,187,155,187,156,188,157,188,158,188,159,189,160,189,161,190,162,191,163,192,163,193,164,194,165,195,165,196,166,197,166,198,166,199,167,200,166,201,166,202,166,203,166,204,166,205,165,206,164,207,163,208,162,209,161,210,161,211,161,212,160,212,159,211,158,211,157,211,156,211,155,211,154,211,153,211,152,210,151,210,150,210,149,210,148,209,147,209,146,209,145,209,144,209,143,209,142,209,141,209,140,208,139,208,138,208,137,208,136,207,136,206,135,205,134,204,134,203,133,202,132,201,132
214,132,213,133,212,133,211,134,210,135,210,136,210,137,210,138,210,139,210,140,210,141,210,142,210,143,211,144,210,145,210,146,211,147,211,148,211,149,211,150,211,151,212,152,212,153,212,154,212,155,212,156,212,157,212,158,213,159,214,160,213,161,214,160,215,161,216,161,217,161,218,160,219,160,220,159,221,159,222,159,223,158,224,158,225,158,226,158,227,157,228,157,229,157,230,157,231,157,231,156,232,155,233,155,233,154,233,153,234,152,234,151,234,150,234,149,234,148,234,147,234,146,234,145,234,144,233,143,233,142,232,141,232,140,231,139,230,138,229,137,228,136,227,135,226,135,225,134,224,134,223,133,222,133,221,133,220,132,219,132,218,132,217,132,216,132,215,132
68,136,67,137,66,137,65,137,64,138,63,139,63,140,63,141,63,142,63,143,63,144,64,145,65,146,66,147,67,147,68,147,69,147,70,147,71,147,72,147,73,146,74,145,75,144,75,143,76,142,76,141,76,140,75,139,74,138,73,137,72,137,71,136,70,136,69,136
127,148,126,149,125,149,124,149,123,149,122,149,121,149,120,150,119,150,118,151,117,151,116,152,115,152,115,153,114,154,113,154,112,155,112,156,111,157,111,158,110,159,110,160,109,161,109,162,109,163,108,164,108,165,109,166,109,167,109,168,109,169,109,170,110,171,110,172,111,173,112,174,112,175,113,176,114,177,115,178,116,178,117,179,118,179,119,180,120,180,121,180,122,180,123,180,124,180,125,180,126,179,127,179,128,179,129,178,130,178,131,178,132,177,133,176,134,175,135,174,136,173,136,172,137,171,137,170,138,169,138,168,139,167,139,166,140,165,140,164,140,163,140,162,140,161,140,160,140,159,140,158,140,157,139,156,138,155,137,154,137,153,136,153,135,152,134,151,133,151,132,150,131,149,130,149,129,149,128,149
249,150,248,151,247,152,247,153,246,154,246,155,245,156,244,157,243,158,242,159,241,160,240,161,239,162,238,163,238,164,237,165,237,166,237,167,237,168,238,169,239,170,240,171,241,172,241,173,242,174,243,175,244,176,244,177,245,178,245,179,245,180,246,181,247,182,248,183,249,184,250,184,251,185,252,186,253,186,254,186,255,186,256,186,257,186,258,186,259,186,260,186,261,186,262,185,263,185,264,185,265,185,266,185,267,185,268,184,269,184,270,184,271,184,272,183,273,182,273,181,274,180,275,180,276,179,276,178,276,177,277,176,277,175,276,174,276,173,276,172,276,171,276,170,275,169,275,168,274,167,274,166,273,165,272,164,271,163,271,162,270,161,269,160,268,159,267,159,266,158,265,157,264,156,263,156,262,155,261,154,260,153,259,152,258,152,257,151,256,150,255,150,254,150,253,150,252,150,251,150,250,150
227,158,226,159,225,159,224,159,223,159,222,160,221,160,220,160,219,161,218,161,217,162,216,162,217,163,216,164,216,165,215,166,215,167,214,168,214,169,214,170,214,171,213,172,213,173,213,174,213,175,213,176,213,177,214,178,214,179,215,180,216,181,217,181,218,182,219,183,220,183,221,184,222,184,223,184,224,184,225,184,226,184,227,184,228,183,229,183,230,183,231,182,231,181,232,180,232,179,233,178,233,177,233,176,234,175,234,174,234,173,234,172,235,171,235,170,235,169,234,168,234,167,234,166,234,165,234,164,233,163,233,162,232,161,232,160,231,159,231,158,230,158,229,158,228,158
149,175,148,176,147,177,146,177,145,178,144,178,143,179,142,180,141,181,140,181,139,182,138,182,137,183,136,183,135,184,134,185,133,185,132,186,131,187,130,187,130,188,129,189,129,190,128,191,128,192,127,193,127,194,127,195,127,196,127,197,127,198,128,199,128,200,128,201,129,202,130,203,130,204,130,205,131,206,132,207,133,208,134,209,135,209,136,209,137,210,138,210,139,210,140,210,141,210,142,210,143,211,144,210,145,210,146,210,147,209,148,209,149,209,150,208,151,208,152,207,153,207,154,206,155,206,156,206,157,205,158,205,159,204,159,203,160,202,160,201,161,200,162,199,162,198,163,197,164,196,164,195,165,194,165,193,165,192,165,191,164,190,164,189,164,188,164,187,163,186,163,185,162,184,162,183,162,182,161,181,160,180,159,180,158,179,157,178,156,178,155,177,154,177,153,176,152,176,151,176,150,175
209,180,208,181,207,181,206,182,205,183,204,184,204,185,203,186,203,187,203,188,203,189,203,190,202,191,202,192,202,193,202,194,202,195,202,196,202,197,203,198,203,199,203,200,204,201,205,201,206,202,207,202,208,202,209,202,210,201,211,201,212,200,213,200,214,199,215,199,216,198,217,198,218,198,219,198,220,198,221,197,222,196,223,195,224,194,224,193,224,192,224,191,224,190,224,189,223,188,223,187,222,186,222,185,221,185,220,184,219,184,218,183,217,182,216,182,215,181,214,180,213,180,212,180,211,180,210,180
272,184,271,185,270,185,269,185,268,185,267,186,266,186,265,186,264,186,263,186,262,186,261,187,260,187,259,187,258,187,257,187,256,187,255,187,254,187,253,187,253,188,252,189,251,189,250,190,249,190,248,190,247,190,246,191,245,192,244,193,243,194,242,195,242,196,242,197,241,198,241,199,241,200,240,201,240,202,240,203,240,204,240,205,240,206,240,207,240,208,239,209,239,210,239,211,239,212,239,213,239,214,239,215,239,216,239,217,240,218,240,219,240,220,241,220,242,221,243,221,244,222,245,222,246,223,247,224,248,224,249,224,250,223,251,224,252,223,253,223,254,222,255,222,256,221,257,221,258,220,258,219,259,218,260,217,261,217,262,216,263,216,263,215,264,214,264,213,265,212,265,211,265,210,266,209,266,208,267,207,267,206,268,205,268,204,268,203,269,202,269,201,270,200,270,199,270,198,271,197,271,196,272,195,272,194,273,193,273,192,274,191,274,190,275,189,275,188,276,187,275,186,274,185,273,184
282,184,281,185,280,185,279,186,278,186,277,187,276,188,276,189,275,190,275,191,274,192,274,193,273,194,273,195,272,196,272,197,271,198,271,199,271,200,270,201,270,202,269,203,269,204,269,205,268,206,268,207,267,208,267,209,266,210,266,211,266,212,265,213,265,214,264,215,264,216,263,217,263,218,263,219,263,220,262,221,262,222,262,223,262,224,262,225,263,226,264,227,265,228,265,229,266,230,267,230,268,230,269,230,270,230,271,230,272,230,273,230,274,230,275,229,276,229,277,228,278,227,279,226,280,225,281,224,281,223,282,222,282,221,283,220,283,219,283,218,284,217,284,216,284,215,284,214,285,213,285,212,286,211,286,210,286,209,286,208,286,207,286,206,286,205,286,204,286,203,286,202,286,201,286,200,286,199,286,198,286,197,287,196,287,195,287,194,288,193,288,192,289,191,289,190,290,189,291,188,291,187,292,186,292,185,291,184,290,184,289,184,288,184,287,184,286,184,285,184,284,184,283,184
195,185,194,186,193,186,192,187,191,188,191,189,191,190,190,191,190,192,191,192,192,193,193,194,194,194,195,195,196,194,197,194,198,193,199,193,200,193,201,193,201,192,201,191,202,190,202,189,202,188,202,187,201,186,200,186,199,186,198,185,197,185,196,185
189,192,188,193,187,193,186,193,185,193,184,193,183,193,182,193,181,194,180,194,179,194,178,194,177,194,176,195,175,196,174,197,173,198,172,199,172,200,171,201,170,202,169,203,169,204,168,205,167,206,167,207,166,208,166,209,166,210,166,211,167,212,167,213,167,214,167,215,168,216,169,217,169,218,170,219,171,220,171,221,172,222,173,222,174,223,175,223,176,223,177,223,178,223,179,224,180,224,181,224,182,223,183,222,184,221,185,221,185,220,186,219,186,218,187,217,187,216,187,215,187,214,188,213,188,212,189,211,189,210,190,209,191,208,192,207,193,206,194,205,195,204,195,203,195,202,195,201,195,200,195,199,195,198,195,197,195,196,194,195,193,195,192,194,191,193,190,193
199,203,198,204,197,204,196,204,195,205,194,206,193,207,192,208,191,209,190,210,190,211,189,212,189,213,188,214,188,215,188,216,188,217,189,218,189,219,189,220,188,221,189,222,189,223,190,224,190,225,191,226,192,227,192,228,192,229,193,230,193,231,193,232,193,233,192,234,192,235,193,234,194,233,195,233,196,233,197,232,198,232,199,232,200,232,201,231,202,231,203,230,204,230,205,230,206,229,207,229,208,228,209,228,210,227,211,227,211,226,211,225,211,224,211,223,211,222,211,221,211,220,210,219,210,218,210,217,210,216,210,215,210,214,210,213,209,212,208,211,208,210,208,209,207,208,207,207,206,206,205,205,204,204,203,204,202,203,201,203,200,203
157,206,156,207,155,207,154,207,153,208,152,208,151,209,150,209,149,210,148,210,148,211,147,212,146,211,145,211,144,211,144,212,143,213,142,213,141,213,140,213,139,213,138,214,137,213,136,214,135,215,134,215,133,215,132,216,131,216,130,217,129,218,128,219,127,220,127,221,126,222,126,223,127,224,127,225,127,226,128,227,129,228,130,229,131,230,132,230,133,231,134,231,135,232,136,232,137,233,138,233,139,234,140,234,141,234,142,234,143,234,144,234,145,234,146,234,147,234,148,233,149,232,150,231,151,231,152,230,153,229,154,229,155,228,156,228,157,227,158,227,159,227,159,226,160,225,161,224,162,223,163,222,164,221,165,220,165,219,166,218,166,217,166,216,166,215,166,214,166,213,166,212,165,211,165,210,165,209,164,208,163,208,162,208,161,207,160,207,159,207,158,207
220,207,219,208,218,208,217,208,216,209,215,209,214,210,214,211,213,212,212,212,211,213,211,214,211,215,211,216,211,217,211,218,211,219,212,220,212,221,212,222,212,223,212,224,212,225,212,226,212,227,213,228,213,229,213,230,214,231,214,232,215,233,216,234,216,235,216,236,217,236,218,236,219,237,220,237,221,237,222,237,223,238,224,239,225,238,226,237,227,237,228,236,229,236,230,235,231,235,232,235,232,234,233,233,234,233,235,232,236,231,236,230,237,229,237,228,238,227,239,226,239,225,239,224,239,223,239,222,239,221,239,220,239,219,239,218,238,217,238,216,238,215,237,215,236,214,235,213,234,212,233,211,232,210,231,210,230,209,229,209,228,208,227,208,226,207,225,207,224,207,223,207,222,207,221,207
174,224,173,225,172,225,171,226,170,227,169,228,169,229,168,230,167,231,168,232,168,233,168,234,168,235,168,236,169,237,169,238,169,239,170,240,171,241,172,242,173,242,174,243,175,243,176,244,177,244,178,244,179,245,180,245,181,245,182,245,183,246,184,246,185,247,186,247,187,248,188,248,188,247,188,246,188,245,189,244,189,243,189,242,190,241,190,240,191,239,191,238,191,237,191,236,191,235,191,234,190,233,190,232,189,231,189,230,188,229,187,228,186,227,185,227,184,227,183,226,182,226,181,225,180,225,179,225,178,224,177,224,176,224,175,224
260,224,259,225,258,226,257,226,256,227,255,227,254,227,253,227,252,227,251,227,250,227,249,227,248,227,247,227,246,227,245,227,244,227,243,228,242,228,241,229,240,230,240,231,239,232,238,233,238,234,238,235,239,236,240,237,241,238,242,239,243,240,244,241,245,242,246,243,247,244,248,245,249,246,250,247,251,246,252,246,253,246,254,245,255,245,256,244,257,244,258,243,259,242,260,241,261,240,261,239,262,238,262,237,262,236,263,235,263,234,263,233,264,232,265,231,265,230,264,229,264,228,263,227,262,226,261,225,261,224
157,228,156,229,155,229,154,230,153,230,152,231,151,232,150,232,149,233,148,234,148,235,147,236,147,237,147,238,147,239,146,240,146,241,146,242,147,243,147,244,148,245,148,246,149,247,150,247,151,248,152,249,153,249,154,249,155,249,156,250,157,249,158,249,159,249,160,249,161,248,162,248,163,248,164,247,165,246,166,245,167,244,167,243,167,242,168,241,168,240,168,239,168,238,168,237,167,236,167,235,167,234,167,233,167,232,166,232,165,231,164,230,163,229,162,229,161,229,160,229,159,228,158,228
210,228,209,229,208,229,207,230,206,230,205,231,204,231,203,231,202,232,201,232,200,233,199,233,198,233,197,233,196,234,195,234,194,234,193,235,192,236,192,237,192,238,192,239,191,240,191,241,190,242,190,243,190,244,189,245,189,246,189,247,189,248,190,248,191,249,191,250,192,250,193,250,194,251,195,251,196,251,197,251,198,251,199,251,200,251,201,250,202,250,203,249,204,249,205,248,206,247,207,247,208,246,209,245,210,244,211,243,212,242,213,241,213,240,214,239,215,238,216,237,215,236,215,235,215,234,214,233,213,232,213,231,212,230,212,229,212,228,211,228
233,235,232,236,231,236,230,236,229,237,228,237,227,238,226,238,225,239,225,240,224,241,224,242,223,243,223,244,224,245,225,246,226,247,227,248,227,249,228,250,229,251,230,252,231,253,232,254,233,255,234,256,235,257,236,258,237,259,238,260,239,260,240,260,241,260,242,260,243,260,244,260,245,259,246,259,247,259,248,258,248,257,249,256,249,255,249,254,249,253,250,252,250,251,250,250,250,249,249,248,249,247,248,246,247,245,246,244,245,243,244,242,243,241,242,240,241,239,240,238,239,237,238,236,237,235,236,236,235,236,234,236
290,236,289,237,288,237,287,237,286,238,285,238,284,239,283,240,282,241,281,241,280,242,279,243,278,244,278,245,277,246,277,247,276,248,276,249,276,250,276,251,276,252,275,253,275,254,275,255,275,256,276,257,276,258,277,259,277,260,278,261,278,262,279,263,279,264,280,265,280,266,281,266,282,266,283,267,284,267,285,267,286,267,287,267,288,268,289,268,290,269,291,269,292,270,293,270,294,270,295,269,296,269,297,269,298,269,299,269,300,269,300,268,301,267,301,266,302,265,302,264,301,263,301,262,302,261,302,260,303,259,303,258,304,257,305,256,305,255,304,254,304,253,304,252,304,251,304,250,304,249,304,248,304,247,303,246,304,245,303,244,302,243,301,242,300,242,299,241,298,241,297,240,296,240,295,239,294,239,293,238,292,237,291,237
222,244,221,245,220,245,219,246,218,246,217,246,216,246,215,247,214,247,213,247,212,248,211,248,210,249,209,249,208,250,207,250,206,251,205,252,205,253,204,254,203,254,203,255,202,256,202,257,202,258,201,259,200,260,201,261,202,262,203,263,203,264,204,265,205,266,206,267,207,268,208,269,209,270,210,271,211,271,212,272,213,273,213,274,214,275,215,276,216,277,216,278,217,277,218,277,219,278,220,278,221,278,222,278,223,278,224,278,225,279,226,279,227,279,228,278,229,278,230,278,231,277,232,276,233,275,234,274,235,273,236,272,237,271,236,270,236,269,237,268,237,267,237,266,238,265,238,264,238,263,238,262,238,261,237,260,236,259,235,258,234,257,233,256,232,255,231,254,230,253,229,252,228,251,227,250,226,249,226,248,225,247,224,246,223,245
320,244,319,245,318,246,317,247,316,248,315,249,315,250,314,251,313,252,312,253,311,254,310,254,309,255,308,255,307,256,307,257,307,258,306,259,305,260,305,261,304,262,303,263,303,264,303,265,302,266,302,267,301,268,301,269,300,270,301,271,301,272,301,273,301,274,301,275,302,276,302,277,303,278,304,278,305,278,306,278,307,278,308,278,309,278,310,278,311,278,312,278,313,277,314,276,315,275,316,274,316,273,317,272,318,271,318,270,319,269,319,268,320,267,320,266,321,265,322,264,323,263,323,262,324,261,324,260,325,259,325,258,325,257,325,256,325,255,325,254,325,253,325,252,325,251,324,250,324,249,324,248,323,247,322,246,321,245,321,244
183,249,182,250,181,250,180,250,179,250,178,250,177,250,176,251,175,251,174,252,173,252,172,253,171,254,170,254,169,255,169,256,168,257,167,258,167,259,167,260,167,261,167,262,167,263,167,264,168,265,168,266,169,267,170,267,171,268,172,269,173,270,173,271,174,271,175,271,176,270,177,270,178,270,179,269,180,269,181,268,182,268,183,267,184,267,185,266,186,266,187,265,188,264,189,264,190,263,191,263,192,262,193,261,194,261,195,260,194,259,194,258,193,257,193,256,193,255,192,254,192,253,192,252,191,251,190,250,189,249,188,249,187,250,186,250,185,249,184,249
257,251,256,252,255,252,254,253,253,254,252,255,251,256,250,257,251,258,250,259,250,260,250,261,250,262,250,263,250,264,250,265,250,266,251,267,251,268,251,269,252,270,253,271,254,272,255,273,256,274,257,275,258,276,259,277,260,277,261,277,262,276,263,276,264,276,265,276,266,275,267,275,268,276,269,276,270,275,271,274,272,274,273,273,274,272,275,271,276,270,277,269,278,268,279,267,279,266,279,265,278,264,278,263,277,262,277,261,276,260,276,259,275,258,275,257,274,256,274,255,274,254,273,255,272,254,271,253,270,252,269,252,268,251,267,251,266,251,265,251,264,251,263,251,262,251,261,251,260,251,259,251,258,251
340,251,339,252,338,252,337,253,336,253,335,254,334,255,333,256,332,257,332,258,331,259,331,260,330,261,330,262,330,263,330,264,330,265,330,266,330,267,330,268,330,269,331,270,332,271,332,272,333,273,334,274,334,275,335,276,336,276,337,277,338,277,339,278,340,278,341,278,342,278,343,278,344,277,345,277,346,276,347,275,348,275,349,274,350,273,351,272,351,271,352,270,352,269,353,268,353,267,354,266,354,265,354,264,355,263,355,262,355,261,355,260,355,259,355,258,355,257,354,256,354,255,353,254,352,254,351,253,350,253,349,252,348,252,347,252,346,251,345,251,344,251,343,251,342,251,341,251
195,261,194,262,193,262,192,263,191,264,190,264,189,265,188,265,187,266,186,267,185,267,184,268,183,268,182,269,181,269,180,270,179,270,178,271,177,271,176,271,175,272,174,272,173,272,172,273,172,274,172,275,172,276,172,277,172,278,173,279,173,280,173,281,174,282,175,283,176,284,177,285,178,286,179,287,179,288,180,289,181,290,182,290,183,291,184,292,185,292,186,293,187,293,188,294,189,294,190,294,191,294,192,294,193,294,194,295,195,295,196,295,197,295,198,294,199,294,200,294,201,293,202,293,203,292,204,292,205,292,206,291,207,291,208,291,209,290,210,289,211,289,212,288,213,287,213,286,214,285,214,284,214,283,215,282,215,281,215,280,216,279,215,278,215,277,214,276,213,275,212,274,212,273,211,272,210,272,209,271,208,270,207,269,206,268,205,267,204,266,203,265,202,264,202,263,201,262,200,261,199,261,198,261,197,261,196,261
247,269,246,270,245,270,244,270,243,270,242,271,241,271,240,271,239,272,238,272,237,273,236,273,235,274,234,275,233,276,232,277,231,278,231,279,231,280,231,281,231,282,230,283,230,284,230,285,230,286,229,287,229,288,229,289,229,290,229,291,228,292,228,293,228,294,228,295,229,296,230,297,231,297,232,298,233,299,234,299,235,299,236,299,237,299,238,299,239,299,240,299,241,299,242,299,243,299,244,299,245,299,246,299,247,300,248,300,249,301,250,301,251,301,252,301,253,301,254,301,255,300,255,299,255,298,255,297,255,296,255,295,255,294,255,293,255,292,255,291,255,290,255,289,256,288,256,287,256,286,257,285,257,284,258,283,258,282,259,281,259,280,259,279,259,278,258,277,257,276,256,275,255,274,254,273,253,272,252,271,251,270,250,269,249,269,248,269
324,276,323,277,322,277,321,278,320,278,319,279,318,280,317,281,316,282,315,283,315,284,314,285,314,286,314,287,313,288,313,289,313,290,313,291,313,292,313,293,312,294,312,295,312,296,313,297,314,298,314,299,314,300,315,301,316,302,316,303,317,303,318,304,319,304,320,305,321,305,322,306,323,306,324,306,325,306,326,306,327,306,328,306,329,306,330,306,331,305,332,305,333,304,334,304,335,303,336,303,337,302,338,301,338,300,339,299,340,298,340,297,341,296,341,295,341,294,342,293,342,292,342,291,342,290,341,289,341,288,341,287,341,286,340,285,340,284,339,283,339,282,339,281,338,280,337,280,336,279,335,278,335,277,334,277,333,277,332,277,331,277,330,276,329,276,328,276,327,276,326,276,325,276
352,281,351,282,351,283,350,284,349,284,348,285,348,286,347,287,347,288,346,289,345,290,345,291,344,292,343,292,343,293,342,294,342,295,342,296,341,297,341,298,340,299,339,300,339,301,338,302,337,303,337,304,337,305,337,306,337,307,337,308,338,309,338,310,338,311,338,312,339,313,340,314,340,315,340,316,341,317,342,318,343,318,344,319,345,320,346,320,347,321,348,321,349,321,350,320,351,320,352,320,353,319,354,320,355,320,356,320,357,319,357,318,358,317,359,317,360,316,361,315,362,314,363,313,364,312,364,311,365,310,366,309,366,308,366,307,367,306,368,305,369,304,370,304,371,304,372,303,372,302,373,301,373,300,374,299,374,298,374,297,374,296,374,295,374,294,374,293,374,292,374,291,374,290,373,289,373,288,372,287,372,286,371,285,370,284,369,284,368,284,367,284,366,284,365,283,364,283,363,283,362,282,361,282,360,282,359,282,358,282,357,281,356,281,355,281,354,281,353,281
223,295,222,296,221,296,220,297,219,297,218,298,217,299,216,300,216,301,216,302,216,303,216,304,216,305,216,306,217,307,217,308,218,309,219,310,220,310,221,311,222,311,223,312,224,312,225,313,226,313,227,313,228,313,229,313,230,313,231,314,232,314,233,314,234,314,235,314,236,314,237,314,238,314,239,314,240,314,241,314,242,313,243,313,244,312,245,311,246,310,247,309,247,308,247,307,248,306,248,305,248,304,248,303,249,302,248,301,247,301,246,300,245,300,244,300,243,300,242,300,241,300,240,300,239,300,238,300,237,300,236,300,235,300,234,300,233,300,232,299,231,298,230,298,229,297,228,296,227,295,226,295,225,295,224,295
381,299,380,300,379,301,378,301,377,302,376,302,375,303,374,304,373,304,372,304,372,305,371,306,370,307,370,308,369,309,369,310,368,311,368,312,368,313,368,314,368,315,368,316,369,317,369,318,369,319,370,320,371,321,372,321,373,321,374,322,375,322,376,322,377,322,378,322,379,321,380,321,381,320,382,320,383,320,384,319,385,319,386,319,387,318,388,317,389,316,390,315,391,314,391,313,392,312,392,311,392,310,392,309,392,308,392,307,392,306,392,305,392,304,391,303,391,302,390,301,389,300,388,300,387,299,386,299,385,299,384,299,383,299,382,299
306,313,305,314,304,314,303,315,302,316,301,316,300,317,299,317,298,318,297,319,296,319,295,320,295,321,294,322,293,323,293,324,293,325,293,326,292,327,292,328,292,329,293,330,293,331,293,332,293,333,293,334,294,335,294,336,295,337,296,338,297,338,298,339,299,339,300,339,301,340,302,340,303,339,304,339,305,339,306,339,307,339,308,339,309,339,310,339,311,338,312,338,313,337,313,336,314,335,315,334,316,333,317,332,316,331,317,330,317,329,317,328,317,327,317,326,316,325,316,324,316,323,316,322,316,321,316,320,315,319,315,318,314,317,313,316,312,315,311,314,310,314,309,313,308,313,307,313
357,320,357,321,356,322,355,321,354,322,353,322,352,322,351,321,350,321,349,322,348,322,347,322,346,323,345,324,344,324,343,325,342,326,341,327,341,328,341,329,340,330,340,331,340,332,340,333,340,334,340,335,340,336,341,337,342,338,342,339,343,340,344,341,345,342,346,343,347,343,348,344,349,344,350,344,351,345,352,346,353,345,354,344,355,343,356,342,356,341,357,340,358,339,359,338,360,337,361,336,362,335,363,334,364,333,365,332,366,331,366,330,367,329,368,328,368,327,369,326,370,325,369,324,368,323,367,323,366,323,365,322,364,322,363,322,362,322,361,322,360,321,359,321,358,321
271,330,270,331,269,331,268,332,267,332,266,333,265,333,264,334,263,334,262,335,261,336,260,336,260,337,259,338,258,339,258,340,257,341,257,342,257,343,256,344,256,345,256,346,256,347,256,348,257,349,257,350,257,351,258,352,258,353,259,354,259,355,260,356,260,357,261,357,262,358,263,359,264,359,265,359,266,359,267,360,268,360,269,361,270,360,271,360,272,360,273,359,274,359,275,358,276,358,277,357,278,356,278,355,278,354,279,353,280,352,280,351,280,350,280,349,281,348,281,347,281,346,281,345,280,344,280,343,280,342,279,341,279,340,278,339,278,338,277,337,277,336,276,335,275,334,274,333,274,332,274,331,273,331,272,330
304,340,303,341,302,342,301,343,300,343,299,344,298,345,297,346,296,347,296,348,295,349,295,350,295,351,295,352,295,353,295,354,295,355,295,356,296,357,297,358,298,359,299,360,300,360,301,361,302,361,303,361,304,361,305,361,306,362,307,362,308,362,309,362,310,362,311,361,312,361,313,360,314,360,315,359,316,358,317,357,318,356,318,355,319,354,319,353,319,352,319,351,319,350,319,349,319,348,318,347,318,346,317,345,317,344,316,343,315,342,314,342,313,341,312,341,311,340,310,340,309,340,308,340,307,340,306,340,305,340
325,356,324,357,323,357,322,358,321,359,320,360,319,361,319,362,318,363,318,364,318,365,318,366,319,367,319,368,320,369,321,370,322,371,323,371,324,371,325,372,326,372,327,372,328,372,329,372,330,371,331,371,332,371,333,370,334,369,335,368,335,367,336,366,336,365,337,364,337,363,337,362,337,361,336,360,336,359,335,358,334,358,333,357,332,357,331,357,330,356,329,356,328,356,327,356,326,356
359,360,359,361,358,362,357,362,356,363,355,364,354,365,353,366,352,367,351,368,351,369,351,370,351,371,351,372,351,373,351,374,352,375,352,376,353,377,354,378,355,379,356,379,357,380,358,380,359,380,360,380,361,380,362,380,363,379,364,379,365,379,366,378,367,378,368,377,369,376,369,375,370,374,370,373,371,372,372,371,372,370,373,369,373,368,373,367,374,366,374,365,373,364,373,363,373,362,372,361,371,361,370,360,369,360,368,360,367,360,366,360,365,360,364,360,363,361,362,361,361,361,360,360
216,389,215,390,214,391,213,391,212,392,211,392,211,393,211,394,210,395,210,396,210,397,210,398,210,399,210,400,210,401,210,402,211,403,212,404,213,405,214,406,215,407,216,407,217,407,218,407,219,407,220,407,221,407,222,406,223,406,224,405,225,405,226,405,227,404,227,403,227,402,227,401,228,400,228,399,228,398,228,397,229,396,228,395,228,394,227,393,227,392,226,392,225,391,224,390,223,389,222,389,221,389,220,389,219,389,218,389,217,389
167,391,166,392,165,393,164,394,163,394,162,395,161,396,160,397,160,398,159,399,158,400,158,401,158,402,157,403,157,404,157,405,157,406,158,407,158,408,158,409,159,410,160,411,160,412,161,413,162,414,163,415,164,415,165,416,166,417,167,417,168,417,169,417,170,418,171,418,172,417,173,417,174,417,175,417,176,416,177,416,178,416,179,415,180,414,181,413,181,412,182,411,182,410,182,409,182,408,182,407,182,406,182,405,183,404,183,403,182,402,182,401,181,400,181,399,180,398,180,397,179,396,178,396,177,395,176,394,175,393,174,393,173,392,172,392,171,392,170,391,169,391,168,391
193,391,192,392,191,392,190,392,189,393,188,394,187,395,186,396,186,397,185,398,185,399,185,400,184,401,183,402,184,403,184,404,184,405,184,406,185,407,186,408,186,409,187,410,188,411,189,411,190,412,191,413,192,413,193,414,194,414,195,414,196,414,197,413,198,413,199,413,200,413,201,412,202,411,203,410,204,410,204,409,205,408,205,407,206,406,206,405,206,404,207,403,207,402,207,401,207,400,206,399,206,398,205,397,205,396,204,395,203,394,203,393,202,392,201,392,200,392,199,391,198,391,197,391,196,391,195,391,194,391
240,392,239,393,238,393,237,393,236,393,235,393,234,394,233,394,232,395,231,395,230,396,229,397,229,398,229,399,229,400,228,401,228,402,228,403,228,404,228,405,228,406,229,407,230,408,231,409,232,410,233,411,234,411,235,412,236,412,237,412,238,413,239,413,240,414,241,414,242,415,243,415,244,416,245,416,246,416,247,416,248,416,249,416,250,416,251,416,252,416,253,415,254,415,255,414,255,413,255,412,256,411,255,410,255,409,255,408,255,407,255,406,255,405,254,404,254,403,253,402,252,401,252,400,251,399,251,398,250,397,249,396,248,395,247,394,246,393,245,393,244,393,243,392,242,392,241,392
144,400,143,401,142,401,141,401,140,402,139,402,138,403,137,404,136,405,135,406,135,407,134,408,134,409,134,410,133,411,133,412,133,413,133,414,133,415,133,416,134,417,134,418,135,419,135,420,136,421,137,422,138,423,138,424,139,425,140,426,141,427,142,428,143,429,143,430,144,430,145,431,146,432,147,432,148,433,149,433,150,434,151,434,152,434,153,434,154,434,155,433,156,433,157,433,158,432,159,431,160,430,161,429,161,428,161,427,161,426,161,425,161,424,161,423,160,422,160,421,160,420,160,419,159,418,159,417,159,416,159,415,159,414,159,413,159,412,158,411,158,410,157,409,157,408,157,407,156,406,156,405,155,404,154,403,153,402,152,401,151,401,150,401,149,401,148,400,147,400,146,400,145,400
269,414,268,415,267,415,267,416,267,417,266,418,267,419,266,420,266,421,267,422,267,423,268,424,268,425,268,426,269,427,269,428,270,429,270,430,270,431,271,432,272,433,273,434,274,434,275,435,276,435,277,435,278,435,279,435,280,435,281,435,282,434,283,434,284,433,285,432,286,431,285,430,285,429,285,428,285,427,285,426,284,425,284,424,284,423,283,422,283,421,282,421,281,420,280,419,280,418,279,418,278,417,277,417,276,416,275,415,274,415,273,414,272,414,271,414,270,414
465,419,464,420,463,421,463,422,462,423,462,424,461,425,460,426,461,427,461,428,462,429,463,430,463,431,464,432,465,433,466,433,467,433,468,434,469,434,470,434,471,435,472,434,473,434,474,434,475,433,475,432,476,431,476,430,476,429,475,428,475,427,475,426,474,425,474,424,473,423,472,422,471,421,470,420,469,420,468,419,467,419,466,419
447,424,446,425,445,425,444,426,443,426,442,426,441,427,440,428,439,429,438,430,437,430,437,431,436,432,435,432,434,433,433,434,432,435,431,436,430,436,431,437,432,438,433,439,434,440,435,441,436,442,437,443,438,444,438,445,439,446,439,447,440,448,440,449,441,450,441,451,441,452,442,453,442,454,442,455,442,456,442,457,443,456,444,457,445,457,446,458,447,459,448,459,449,459,450,460,451,461,452,461,453,462,454,462,455,462,456,462,457,462,458,461,459,461,460,461,461,460,462,460,463,460,464,459,465,459,466,459,467,459,468,458,469,457,470,457,471,456,472,455,472,454,472,453,473,452,473,451,473,450,473,449,472,448,472,447,472,446,471,445,470,444,470,443,470,442,469,441,468,441,467,440,466,439,465,438,465,437,464,436,464,435,464,434,464,433,463,432,462,431,462,430,461,429,460,428,460,427,459,426,458,425,457,425,456,425,455,424,454,424,453,424,452,424,451,424,450,424,449,424,448,424
106,425,105,426,104,426,103,426,102,426,101,427,100,427,99,428,98,429,97,430,96,431,95,432,95,433,94,434,94,435,94,436,94,437,94,438,93,439,93,440,93,441,93,442,93,443,93,444,93,445,94,446,94,447,94,448,95,449,96,450,97,450,98,450,99,450,100,450,101,449,102,449,103,449,103,448,104,447,105,447,106,446,107,445,108,444,109,443,110,442,110,441,111,440,111,439,111,438,112,437,112,436,112,435,113,434,113,433,113,432,113,431,113,430,113,429,112,428,112,427,111,426,110,426,109,426,108,425,107,425
125,426,124,427,123,427,122,427,121,428,120,428,119,429,118,430,117,431,117,432,116,433,116,434,116,435,115,436,115,437,115,438,115,439,116,440,116,441,116,442,117,443,118,444,118,445,119,446,120,446,121,447,122,447,123,448,124,448,125,448,126,448,127,448,128,448,129,448,130,448,131,447,132,447,133,447,134,446,135,445,136,444,137,443,137,442,138,441,138,440,138,439,138,438,138,437,138,436,138,435,137,434,137,433,136,432,135,431,135,430,134,429,133,428,132,427,131,427,130,426,129,426,128,426,127,426,126,426
202,427,201,428,200,428,199,429,198,429,197,430,196,431,195,431,194,432,193,433,192,434,192,435,191,436,190,437,189,438,189,439,189,440,188,441,188,442,188,443,188,444,188,445,188,446,188,447,187,448,187,449,186,450,186,451,185,452,185,453,185,454,185,455,184,456,184,457,184,458,184,459,185,460,186,460,187,459,188,459,189,459,190,458,191,458,192,458,193,457,194,457,195,457,196,457,197,457,198,457,199,456,200,456,201,455,202,454,203,454,203,453,204,452,205,451,206,451,207,450,208,449,209,448,210,447,211,447,212,446,213,445,214,445,215,444,216,444,217,443,218,443,219,442,220,442,221,442,222,441,223,440,224,440,225,439,226,439,227,438,228,437,229,436,230,436,231,435,230,434,229,433,228,433,227,432,226,431,225,431,224,430,223,430,222,430,221,430,220,430,219,430,218,430,217,430,216,430,215,430,214,430,213,430,212,430,211,429,210,429,209,428,208,428,207,428,206,428,205,428,204,428,203,427
286,432,285,433,284,434,283,435,282,435,282,436,282,437,282,438,282,439,282,440,282,441,282,442,282,443,282,444,283,445,283,446,284,447,285,447,286,448,286,449,287,450,288,450,289,451,290,451,291,451,292,451,293,451,294,451,295,450,296,450,297,449,298,448,299,447,299,446,299,445,300,444,300,443,300,442,300,441,300,440,300,439,300,438,300,437,299,436,299,435,299,434,298,433,297,433,296,432,295,432,294,432,293,432,292,432,291,432,290,432,289,432,288,432,287,432
381,432,380,433,379,434,378,434,377,435,376,436,375,437,375,438,375,439,375,440,374,441,374,442,374,443,374,444,374,445,374,446,374,447,374,448,374,449,375,450,376,451,376,452,377,453,378,454,379,455,380,456,381,456,382,457,383,457,384,457,385,456,386,455,387,455,388,454,389,453,390,453,390,452,391,451,392,450,392,449,392,448,393,447,393,446,394,445,394,444,394,443,394,442,394,441,394,440,394,439,394,438,394,437,393,436,393,435,392,434,391,434,390,433,389,433,388,432,387,432,386,432,385,432,384,432,383,432,382,432
231,436,230,437,229,437,228,438,227,439,226,440,225,440,224,441,223,441,222,442,221,443,220,443,219,443,218,444,217,444,216,445,215,445,214,446,213,446,212,447,211,448,210,448,209,449,208,450,207,451,206,452,205,452,204,453,204,454,203,455,202,455,201,456,200,457,199,457,198,458,197,458,196,458,195,458,194,458,193,458,194,458,195,458,196,458,197,458,198,458,199,459,200,459,201,459,202,460,203,461,204,462,205,463,206,464,207,464,208,465,209,466,210,467,211,468,212,469,213,469,214,470,215,471,216,471,217,472,218,473,219,473,220,474,221,475,222,476,223,475,224,474,225,474,226,474,227,473,228,473,229,473,230,472,231,472,232,471,233,471,234,470,235,469,236,468,237,467,238,466,239,465,239,464,239,463,239,462,239,461,239,460,239,459,239,458,239,457,240,456,240,455,240,454,240,453,240,452,240,451,240,450,240,449,239,448,239,447,239,446,239,445,239,444,238,443,238,442,237,441,236,440,235,440,234,439,233,438,233,437,232,436
403,436,402,437,401,437,400,438,399,438,399,439,398,440,398,441,397,442,397,443,396,444,396,445,397,446,397,447,397,448,397,449,398,450,399,451,400,452,401,453,402,453,403,453,404,454,405,454,406,454,407,454,408,453,409,453,410,452,411,451,412,450,413,449,413,448,413,447,413,446,413,445,413,444,414,443,413,442,413,441,412,440,412,439,411,438,410,438,409,437,408,437,407,436,406,436,405,436,404,436
429,437,428,438,427,439,426,440,425,441,424,442,423,443,423,444,422,445,422,446,422,447,422,448,422,449,422,450,423,451,423,452,424,453,425,454,426,455,427,456,428,457,429,457,430,458,431,458,432,459,433,459,434,459,435,460,436,460,437,460,438,459,439,459,440,458,441,457,441,456,441,455,441,454,441,453,440,452,440,451,440,450,439,449,439,448,438,447,438,446,437,445,437,444,436,443,435,442,434,441,433,440,432,439,431,438,430,437
101,450,100,451,99,451,99,452,98,453,97,454,97,455,97,456,96,457,96,458,96,459,95,460,95,461,95,462,96,463,96,464,96,465,97,466,97,467,98,468,98,469,99,469,100,470,101,470,102,471,103,471,104,471,105,471,106,471,107,471,108,471,109,471,110,471,111,470,112,470,113,469,114,469,115,468,116,467,117,466,117,465,118,464,118,463,119,462,119,461,119,460,119,459,119,458,119,457,118,456,118,455,117,454,116,453,115,452,114,452,113,451,112,451,111,450,110,450,109,450,108,450,107,450,106,450,105,450,104,450,103,450,102,450
302,452,301,453,300,453,299,453,298,454,298,455,298,456,297,457,297,458,297,459,297,460,297,461,297,462,297,463,297,464,297,465,297,466,297,467,298,468,298,469,298,470,299,471,299,472,299,473,299,474,300,475,301,476,302,477,303,477,304,478,305,478,306,479,307,479,308,479,309,478,310,478,311,477,312,476,312,475,313,474,313,473,314,472,314,471,314,470,314,469,314,468,314,467,314,466,314,465,314,464,313,463,313,462,313,461,313,460,312,459,311,458,311,457,310,456,309,455,308,454,307,454,306,453,305,453,304,453,303,452
476,458,475,459,474,459,473,459,472,460,471,460,470,460,469,461,468,462,467,463,467,464,466,465,466,466,466,467,466,468,466,469,466,470,466,471,466,472,467,473,467,474,468,475,469,476,470,477,471,477,472,477,473,477,474,477,475,477,476,477,477,477,478,476,479,476,480,475,481,474,481,473,482,472,482,471,483,470,483,469,483,468,484,467,484,466,484,465,484,464,484,463,484,462,483,461,483,460,483,459,482,459,481,458,480,458,479,458,478,458,477,458
190,459,189,460,188,460,187,461,186,461,185,461,185,462,186,463,186,464,186,465,187,466,187,467,187,468,187,469,187,470,187,471,187,472,187,473,188,474,188,475,189,476,189,477,190,478,191,479,192,480,193,481,194,482,195,482,196,483,197,483,198,483,199,484,200,484,201,484,202,484,203,484,204,484,205,485,206,485,207,485,208,485,209,485,210,485,211,485,212,485,213,485,214,484,215,484,216,483,217,482,218,481,219,480,220,479,221,478,221,477,221,476,220,475,219,474,218,474,217,473,216,472,215,472,214,471,213,470,212,470,211,469,210,468,209,467,208,466,207,465,206,465,205,464,204,463,203,462,202,461,201,460,200,460,199,460,198,459,197,459,196,459,195,459,194,459,193,459,192,459,191,459
402,459,401,460,400,460,399,460,398,461,397,461,396,462,395,462,395,463,394,464,393,465,392,465,391,466,390,467,389,468,389,469,388,470,387,471,386,472,386,473,385,474,385,475,384,476,383,477,383,478,382,479,382,480,382,481,383,482,382,483,382,484,383,485,384,486,384,487,384,488,384,489,384,490,385,491,385,492,386,493,387,494,388,495,389,495,390,496,391,496,392,496,393,496,394,496,395,496,396,496,397,496,398,496,399,496,400,496,401,496,402,496,403,496,404,497,405,497,406,497,407,497,407,496,408,495,409,495,410,495,411,495,412,495,413,495,414,495,415,495,416,495,417,495,418,494,419,494,420,493,421,493,422,492,423,491,424,490,425,489,426,488,427,488,427,487,428,486,428,485,428,484,428,483,428,482,427,481,428,480,427,479,427,478,427,477,427,476,427,475,427,474,426,473,426,472,426,471,425,470,425,469,424,468,424,467,423,466,423,465,422,464,421,463,420,463,419,462,418,461,417,461,416,461,415,460,414,460,413,460,412,460,411,460,410,460,409,459,408,459,407,459,406,459,405,459,404,459,403,459
347,463,346,464,345,464,344,465,343,466,342,467,341,467,341,468,340,469,340,470,340,471,339,472,339,473,338,474,338,475,338,476,338,477,338,478,338,479,339,480,339,481,340,482,340,483,341,484,342,484,343,485,344,485,345,486,346,486,347,486,348,486,349,486,350,486,351,485,352,485,353,484,354,483,355,482,356,481,357,480,358,479,358,478,359,477,359,476,359,475,359,474,359,473,359,472,359,471,359,470,359,469,359,468,358,467,358,466,357,465,356,464,355,464,354,463,353,463,352,463,351,463,350,463,349,463,348,463
257,466,256,467,255,467,254,467,253,467,252,467,251,467,250,468,249,469,248,470,248,471,247,472,246,473,245,474,245,475,244,476,244,477,243,478,243,479,242,480,242,481,241,482,241,483,241,484,240,485,240,486,240,487,240,488,240,489,240,490,240,491,240,492,240,493,240,494,240,495,241,496,241,497,241,498,241,499,242,500,242,501,243,502,243,503,244,504,244,505,244,506,245,507,245,508,246,509,246,510,247,510,248,510,249,511,250,511,251,511,252,511,253,511,254,511,255,511,256,511,257,511,258,511,259,511,260,511,261,511,262,511,263,511,264,511,265,511,266,511,267,511,268,511,269,511,270,511,271,511,272,511,273,511,274,511,275,511,276,511,277,511,278,511,279,511,280,511,281,510,282,510,283,509,284,508,285,507,285,506,285,505,286,504,286,503,286,502,287,501,287,500,287,499,287,498,287,497,287,496,287,495,287,494,287,493,287,492,287,491,288,490,288,489,287,488,287,487,287,486,287,485,287,484,286,483,286,482,285,481,285,480,284,479,284,478,283,477,283,476,283,475,282,474,281,473,281,472,280,471,279,470,278,470,277,469,276,469,275,469,274,468,273,468,272,468,271,467,270,467,269,467,268,467,267,467,266,467,265,466,264,466,263,466,262,466,261,466,260,466,259,466,258,466
86,471,85,472,84,472,83,473,82,473,81,474,81,475,80,476,80,477,80,478,80,479,80,480,80,481,81,482,82,483,83,484,83,485,84,486,84,487,85,488,86,488,87,489,88,489,89,489,90,490,91,489,92,489,93,488,94,488,95,487,96,487,97,486,98,485,98,484,99,483,99,482,99,481,99,480,99,479,99,478,99,477,99,476,98,475,98,474,97,473,96,472,95,472,94,471,93,471,92,471,91,471,90,471,89,471,88,471,87,471
139,471,138,472,137,472,136,472,135,472,134,473,133,473,132,473,131,473,130,473,129,474,128,475,127,476,126,476,125,477,124,477,123,478,122,479,121,480,120,480,119,481,119,482,118,483,118,484,117,485,117,486,116,487,116,488,116,489,116,490,115,491,115,492,115,493,115,494,114,495,114,496,114,497,114,498,114,499,114,500,115,501,115,502,115,503,116,504,116,505,116,506,117,507,118,508,119,508,120,509,121,509,122,510,123,510,124,510,125,510,126,510,127,510,128,510,129,511,130,511,131,511,132,511,133,511,134,511,135,511,136,511,137,511,138,511,139,511,140,511,141,511,142,511,143,511,144,511,145,511,146,511,147,511,148,511,149,511,150,511,151,511,152,511,153,511,154,510,155,510,156,510,157,510,158,510,159,510,160,510,161,509,162,508,163,508,164,508,164,507,165,506,166,505,166,504,166,503,167,502,167,501,168,500,168,499,168,498,168,497,168,496,168,495,167,494,167,493,167,492,167,491,166,490,166,489,165,488,165,487,165,486,165,485,165,484,165,483,165,482,165,481,164,480,164,479,163,478,163,477,163,476,162,475,161,474,160,473,159,473,158,473,157,473,156,472,155,471,154,471,153,471,152,471,151,471,150,471,149,471,148,471,147,471,146,471,145,471,144,471,143,471,142,471,141,471,140,471
502,472,501,473,500,473,499,473,498,474,497,475,496,476,496,477,495,478,495,479,495,480,494,481,494,482,494,483,494,484,493,485,493,486,493,487,493,488,493,489,493,490,493,491,494,492,494,493,495,494,495,495,496,496,496,497,497,497,498,498,499,498,500,498,501,499,502,499,503,499,504,499,505,498,506,498,507,498,508,497,509,496,510,495,510,494,510,493,511,492,511,491,511,490,511,489,511,488,511,487,511,486,511,485,511,484,511,483,511,482,511,481,511,480,511,479,511,478,511,477,511,476,510,475,509,474,508,473,507,472,506,472,505,472,504,472,503,472
442,488,441,489,440,489,439,489,438,489,437,489,436,490,435,490,434,490,433,491,432,491,432,492,431,493,430,494,429,495,428,495,428,496,427,497,426,498,426,499,425,500,425,501,425,502,424,503,424,504,424,505,424,506,424,507,425,508,425,509,425,510,426,511,427,511,428,511,429,511,430,511,431,511,432,511,433,511,434,511,435,511,436,511,437,511,438,511,439,511,440,511,441,511,442,511,443,511,444,511,445,511,446,511,447,511,448,511,449,511,450,511,451,511,452,511,453,511,454,511,455,511,456,511,457,511,458,511,459,510,460,510,460,509,460,508,460,507,460,506,460,505,460,504,460,503,460,502,460,501,459,500,459,499,459,498,459,497,458,496,458,495,458,494,458,493,457,493,456,493,455,492,454,492,453,491,452,491,451,491,450,490,449,490,448,489,447,489,446,488,445,488,444,488,443,488
308,489,307,490,306,491,305,492,304,493,304,494,303,495,303,496,302,497,302,498,301,499,301,500,301,501,301,502,301,503,301,504,301,505,302,506,302,507,302,508,302,509,301,510,302,510,303,510,304,510,305,511,306,511,307,511,308,511,309,511,310,511,311,511,312,511,313,511,314,511,315,511,316,511,317,511,318,510,319,510,320,509,321,508,321,507,321,506,322,505,322,504,322,503,322,502,322,501,321,500,321,499,320,498,320,497,319,496,318,495,318,494,317,493,317,492,316,492,315,491,314,490,313,490,312,489,311,489,310,489,309,489
466,490,465,491,464,491,463,491,462,491,461,492,460,493,459,493,459,494,459,495,459,496,460,497,460,498,460,499,460,500,461,501,461,502,461,503,461,504,461,505,461,506,461,507,461,508,461,509,461,510,461,511,462,511,463,511,464,511,465,511,466,511,467,511,468,511,469,511,470,511,471,511,472,511,473,511,474,511,475,511,476,511,477,511,478,511,479,511,480,511,481,511,482,511,483,511,484,510,485,510,486,510,486,509,487,508,487,507,487,506,487,505,486,504,486,503,486,502,486,501,485,500,485,499,484,498,484,497,483,496,482,495,481,494,480,494,479,493,478,493,477,492,476,492,475,492,474,491,473,491,472,491,471,490,470,490,469,491,468,490,467,490
75,491,74,492,73,492,72,493,71,494,70,495,69,496,69,497,69,498,68,499,68,500,68,501,68,502,68,503,68,504,68,505,69,506,69,507,70,508,71,509,72,510,73,510,74,510,75,510,76,510,77,511,78,511,79,511,80,511,81,511,82,511,83,511,84,511,85,510,86,510,87,510,88,510,89,509,90,508,91,507,91,506,92,505,92,504,92,503,92,502,92,501,92,500,92,499,92,498,91,497,91,496,90,495,89,495,88,494,87,493,86,493,85,492,84,492,83,491,82,491,81,491,80,491,79,491,78,491,77,491,76,491
337,492,336,493,335,493,334,494,333,494,332,495,331,496,330,497,329,498,329,499,329,500,329,501,329,502,329,503,329,504,330,505,330,506,330,507,331,508,331,509,331,510,332,510,333,511,334,511,335,511,336,511,337,511,338,511,339,511,340,511,341,511,342,511,343,511,344,511,345,511,346,511,347,511,348,511,349,511,350,511,351,511,352,510,353,510,354,510,355,509,354,508,354,507,354,506,353,505,353,504,352,503,352,502,352,501,351,500,351,499,350,498,350,497,349,496,348,495,347,495,346,494,345,493,344,493,343,492,342,492,341,492,340,492,339,492,338,492
389,497,389,498,388,499,388,500,387,501,386,501,385,501,385,502,385,503,384,504,384,505,384,506,384,507,384,508,384,509,385,510,386,510,387,510,388,510,389,510,390,511,391,511,392,511,393,511,394,511,395,511,396,511,397,511,398,511,399,511,400,511,401,511,402,511,403,511,404,511,405,511,406,511,407,511,408,511,409,511,410,510,411,510,412,509,412,508,412,507,412,506,412,505,412,504,412,503,411,502,411,501,410,500,409,500,408,499,407,498,406,498,405,498,404,498,403,497,402,497,401,497,400,497,399,497,398,497,397,497,396,497,395,497,394,497,393,497,392,497,391,497,390,497
