53,53,53,54,52,55,51,55,50,55,49,55,49,56,48,57,47,56,47,57,46,58,45,59,44,60,44,61,43,62,42,62,41,62,41,63,41,64,40,65,40,66,39,67,39,68,40,69,40,70,39,71,40,72,40,73,40,74,41,75,42,75,43,76,44,77,44,78,45,79,46,79,47,79,48,79,49,79,50,80,51,81,52,82,52,83,53,82,54,82,55,81,56,81,57,80,58,80,59,80,60,80,61,80,62,79,63,79,64,79,65,79,65,78,65,77,66,76,66,75,66,74,66,73,66,72,67,71,66,70,66,69,66,68,66,67,65,66,65,65,65,64,64,63,64,62,64,61,63,60,63,59,62,58,62,57,61,56,60,55,59,55,58,54,57,54,56,54,55,54,54,54
62,80,61,81,60,81,59,81,58,81,57,81,56,82,55,82,54,83,53,83,53,84,53,85,53,86,53,87,53,88,53,89,53,90,53,91,53,92,54,93,55,94,56,95,56,96,57,96,58,96,59,96,60,96,61,96,62,96,63,96,64,96,65,95,66,95,67,94,68,93,69,92,69,91,70,90,70,89,70,88,70,87,70,86,69,85,69,84,68,83,68,82,67,81,66,80,65,80,64,80,63,80
215,157,214,158,213,158,212,158,211,159,210,160,210,161,209,162,209,163,209,164,208,165,208,166,208,167,208,168,209,169,209,170,209,171,209,172,209,173,210,174,211,175,212,175,213,176,214,176,215,176,216,176,217,176,218,176,219,176,220,176,221,175,222,175,223,176,224,175,225,174,225,173,225,172,226,171,226,170,226,169,226,168,226,167,226,166,226,165,226,164,225,163,225,162,224,161,224,160,223,159,222,159,221,158,220,158,219,158,218,157,217,157,216,157
80,167,79,168,78,168,77,169,76,170,75,170,74,171,74,172,73,173,72,174,72,175,71,176,71,177,71,178,71,179,71,180,71,181,71,182,72,183,72,184,73,185,74,186,75,186,76,186,77,187,78,187,79,187,80,188,81,188,82,189,83,189,84,189,85,189,86,189,87,189,88,189,89,189,90,188,91,188,92,187,93,186,94,186,95,185,96,184,97,183,98,182,98,181,98,180,98,179,98,178,98,177,97,176,97,175,97,174,96,173,96,172,95,171,94,170,93,169,92,169,91,168,90,168,89,167,88,167,87,167,86,167,85,167,84,167,83,167,82,167,81,167
232,173,231,174,230,174,229,174,228,175,227,175,226,175,225,175,224,176,223,177,223,178,223,179,222,180,222,181,222,182,221,183,221,184,221,185,221,186,221,187,221,188,221,189,222,189,223,190,224,190,225,191,226,191,227,191,228,192,229,192,230,193,231,193,232,193,233,193,234,193,235,193,236,193,237,193,238,193,239,193,240,193,241,192,242,192,243,192,244,192,245,191,246,190,247,189,248,188,248,187,248,186,248,185,248,184,248,183,248,182,248,181,247,180,246,179,246,178,245,178,244,177,243,176,242,175,241,174,240,174,239,174,238,174,237,173,236,173,235,173,234,173,233,173
165,182,165,183,164,184,163,185,163,186,162,187,161,188,160,189,159,190,159,191,158,192,158,193,158,194,157,195,157,196,158,197,157,198,157,199,158,200,158,201,159,202,160,203,161,204,162,205,163,206,164,207,165,207,166,208,167,209,168,209,169,210,170,211,171,211,172,211,173,212,174,212,175,212,176,212,177,213,178,213,179,214,180,214,181,214,182,215,183,216,184,216,185,217,186,217,186,216,187,215,187,214,187,213,187,212,188,211,188,210,188,209,188,208,188,207,188,206,188,205,188,204,188,203,188,202,188,201,188,200,187,199,188,198,188,197,188,196,188,195,187,194,187,193,187,192,186,191,187,190,187,189,187,188,187,187,186,187,185,187,184,186,183,186,182,186,181,186,180,185,179,185,178,185,177,185,176,184,175,184,174,184,173,183,172,183,171,183,170,183,169,183,168,182,167,182,166,182
197,187,196,188,195,189,194,190,193,191,192,192,192,193,192,194,191,195,191,196,191,197,191,198,190,199,189,199,190,200,190,201,190,202,189,203,189,204,189,205,189,206,189,207,190,207,191,208,191,209,191,210,192,211,193,212,194,213,195,214,196,214,197,215,198,215,199,215,200,215,201,215,202,215,203,215,204,215,205,215,206,215,207,214,208,213,209,212,210,211,210,210,210,209,211,208,211,207,212,206,212,205,212,204,212,203,212,202,212,201,212,200,211,199,210,198,210,197,209,196,209,195,209,194,208,193,208,192,207,192,206,191,205,191,204,190,203,189,202,189,201,188,200,188,199,187,198,187
220,190,220,191,219,192,219,193,218,194,217,194,216,195,216,196,215,197,215,198,214,199,214,200,214,201,213,202,214,203,214,204,214,205,214,206,214,207,215,208,216,209,216,210,217,210,218,211,219,212,220,212,221,212,222,213,223,213,224,213,225,213,226,213,227,213,228,213,229,213,230,212,231,212,232,212,233,211,234,210,235,209,235,208,236,207,236,206,236,205,236,204,236,203,236,202,235,201,234,200,234,199,234,198,233,197,233,196,232,196,231,195,231,194,230,194,229,193,228,193,227,192,226,192,225,192,224,191,223,191,222,190,221,190
228,231,227,232,226,232,225,232,224,232,223,233,222,233,222,234,221,235,220,235,220,236,220,237,219,238,218,238,217,239,216,240,217,241,216,242,215,243,215,244,214,245,214,246,213,247,213,248,212,249,211,249,210,250,211,251,210,252,209,253,208,254,208,255,208,256,209,257,210,257,211,258,212,259,212,260,213,261,214,262,215,263,216,263,217,264,218,265,219,265,220,265,221,266,222,266,223,266,224,266,225,266,226,266,227,265,228,265,229,264,230,264,231,263,232,263,233,262,234,262,234,261,235,260,236,260,236,259,237,258,237,257,238,256,239,255,240,254,241,253,241,252,242,251,242,250,243,249,243,248,243,247,243,246,243,245,242,244,242,243,242,242,241,241,241,240,240,239,239,238,239,237,238,236,237,236,236,236,235,235,234,234,233,233,232,232,231,232,230,231,229,231
189,246,188,247,187,247,186,247,186,248,185,249,184,250,184,251,184,252,184,253,184,254,184,255,184,256,185,257,186,258,187,259,188,260,189,261,190,261,191,262,192,262,193,262,194,263,195,264,196,264,197,265,198,265,199,264,200,264,201,264,202,264,203,264,204,263,205,262,206,262,206,261,207,260,208,259,208,258,208,257,207,256,207,255,206,254,206,253,205,252,204,251,203,250,202,249,201,248,200,248,199,247,198,247,197,247,196,246,195,246,194,246,193,246,192,246,191,246,190,246
95,248,94,249,93,249,92,249,91,250,90,250,89,251,88,252,87,253,86,254,86,255,86,256,85,257,85,258,85,259,85,260,85,261,85,262,85,263,85,264,86,265,87,266,88,267,89,267,90,268,91,268,92,268,93,268,94,268,95,268,96,268,97,268,98,268,99,267,100,267,101,267,102,266,103,265,104,264,105,263,105,262,106,261,106,260,106,259,106,258,105,257,105,256,105,255,105,254,104,253,103,252,102,251,101,251,100,250,99,250,98,249,97,249,96,249
201,381,200,382,199,382,198,382,197,383,196,384,195,384,194,385,194,386,193,387,192,388,191,389,191,390,191,391,191,392,191,393,191,394,192,395,192,396,192,397,192,398,192,399,192,400,192,401,192,402,192,403,192,404,192,405,192,406,192,407,192,408,192,409,192,410,192,411,192,412,192,413,192,414,193,413,194,414,195,414,196,414,197,414,198,415,199,415,200,415,201,415,202,414,203,415,204,414,205,413,206,413,206,412,207,411,208,410,209,409,210,409,210,408,210,407,211,406,211,405,211,404,211,403,211,402,212,401,212,400,212,399,213,398,213,397,212,396,212,395,212,394,212,393,212,392,211,391,211,390,211,389,211,388,211,387,210,386,210,385,209,384,208,383,207,382,206,382,205,381,204,381,203,381,202,381
229,381,228,382,227,382,226,382,225,382,224,382,223,383,222,383,221,384,220,384,220,385,219,386,218,387,218,388,217,389,217,390,216,391,216,392,216,393,215,394,215,395,215,396,214,397,214,398,213,399,213,400,213,401,212,402,212,403,212,404,212,405,212,406,212,407,212,408,213,409,213,410,213,411,214,412,215,413,216,414,217,415,218,416,219,416,220,416,221,416,222,416,223,416,224,416,225,416,226,415,227,415,228,414,229,414,230,413,231,412,232,411,233,410,234,409,235,408,235,407,235,406,236,405,235,404,236,403,236,402,236,401,236,400,237,399,237,398,238,397,238,396,238,395,238,394,238,393,238,392,238,391,237,390,237,389,236,388,236,387,236,386,235,385,234,384,233,383,232,383,231,382,230,382
180,383,179,384,178,384,177,384,176,385,175,385,174,386,173,387,172,387,171,388,170,389,169,390,168,391,167,392,166,393,166,394,165,395,165,396,164,397,163,398,163,399,162,400,162,401,162,402,161,403,161,404,160,405,160,406,160,407,160,408,160,409,160,410,160,411,160,412,160,413,160,414,160,415,161,416,161,417,162,418,162,419,163,420,163,421,163,422,164,423,164,424,164,425,165,426,165,427,166,427,167,428,168,428,169,428,170,428,171,427,172,427,172,426,173,425,174,425,175,424,176,423,177,423,178,422,179,422,180,422,181,421,182,421,183,420,184,420,185,419,186,418,187,417,188,416,189,415,190,415,191,414,191,413,191,412,191,411,191,410,191,409,191,408,191,407,191,406,191,405,191,404,191,403,191,402,191,401,191,400,191,399,191,398,191,397,191,396,191,395,190,394,190,393,190,392,190,391,190,390,190,389,189,388,188,387,187,386,186,385,185,384,184,383,183,383,182,383,181,383
142,394,141,395,140,396,139,396,138,397,138,398,137,399,137,400,136,401,136,402,135,403,135,404,135,405,134,406,134,407,133,408,133,409,132,410,132,411,132,412,132,413,132,414,131,415,130,415,130,416,129,417,128,418,127,419,127,420,127,421,126,422,126,423,126,424,126,425,125,426,125,427,125,428,125,429,124,430,125,431,126,432,126,433,127,434,128,434,129,435,130,436,131,437,132,438,133,438,134,439,135,440,136,440,137,440,138,440,139,439,140,439,141,439,142,438,143,437,144,436,145,436,146,435,147,434,148,433,149,432,150,431,151,430,152,429,152,428,153,427,153,426,154,425,155,424,155,423,156,422,156,421,157,420,158,419,158,418,159,417,159,416,159,415,159,414,159,413,159,412,159,411,159,410,159,409,159,408,159,407,159,406,159,405,159,404,158,403,157,402,156,401,156,400,155,399,154,399,153,398,152,397,151,396,150,396,149,395,148,395,147,394,146,394,145,394,144,394,143,394
248,395,247,396,246,396,245,397,244,397,243,398,242,399,241,400,240,401,240,402,239,403,238,404,237,405,237,406,236,407,236,408,235,409,235,410,235,411,235,412,235,413,234,414,234,415,234,416,234,417,234,418,235,419,235,420,236,421,237,422,238,423,239,423,240,424,241,424,242,424,243,424,244,424,245,424,246,424,247,424,248,424,249,423,250,422,251,421,252,421,253,421,254,420,254,419,255,418,256,417,257,416,257,415,257,414,258,413,258,412,259,411,260,410,260,409,261,408,261,407,261,406,261,405,261,404,260,403,260,402,259,401,259,400,258,399,257,398,256,397,256,396,255,396,254,395,253,395,252,395,251,395,250,395,249,395
270,412,269,413,268,413,267,413,266,413,265,413,264,414,263,414,262,415,261,415,260,415,259,416,258,416,257,417,256,418,255,419,255,420,254,421,254,422,253,423,253,424,253,425,253,426,253,427,254,428,254,429,255,430,255,431,256,432,257,432,258,432,259,433,260,433,261,433,262,434,263,434,264,434,265,434,266,435,267,435,268,435,269,435,270,435,271,434,272,434,273,433,274,433,275,432,276,431,277,430,278,429,278,428,278,427,279,426,279,425,279,424,279,423,278,422,278,421,278,420,278,419,277,418,277,417,276,416,276,415,275,414,274,413,273,413,272,412,271,412
86,420,85,421,84,421,83,421,82,421,81,421,80,422,79,422,78,422,77,422,76,423,75,424,74,424,73,425,72,426,72,427,71,428,71,429,70,430,70,431,70,432,70,433,70,434,70,435,70,436,70,437,71,438,71,439,72,440,72,441,73,442,73,443,74,444,75,445,76,446,77,447,78,447,79,448,80,448,81,449,82,449,83,450,84,450,85,451,86,450,87,450,88,450,89,450,90,450,91,450,92,450,93,450,94,450,95,450,96,450,97,450,98,450,99,450,100,450,101,450,102,450,103,450,104,450,105,449,105,448,106,447,106,446,107,445,107,444,108,443,108,442,109,441,109,440,109,439,110,438,110,437,110,436,110,435,110,434,110,433,109,432,109,431,108,430,107,429,106,428,105,427,104,426,103,426,102,425,101,425,100,424,99,423,98,423,97,423,96,422,95,422,94,421,93,421,92,421,91,421,90,421,89,420,88,420,87,420
117,431,116,432,115,433,115,434,114,435,114,436,113,437,112,438,112,439,112,440,112,441,112,442,112,443,112,444,112,445,112,446,112,447,112,448,112,449,111,450,111,451,112,452,112,453,111,454,111,455,112,456,112,457,112,458,113,459,114,460,114,461,115,461,116,462,117,462,118,463,119,463,120,464,121,464,122,464,123,464,124,464,125,464,126,464,127,464,128,463,129,463,130,462,131,461,132,460,133,459,134,458,134,457,135,456,135,455,135,454,135,453,136,452,136,451,137,450,137,449,137,448,137,447,137,446,137,445,136,444,136,443,136,442,136,441,135,441,134,440,133,439,132,439,131,438,130,437,129,436,128,435,127,435,126,434,125,433,125,432,124,431,123,431,122,431,121,431,120,431,119,431,118,431
282,431,281,432,280,432,279,433,278,434,277,434,277,435,276,436,275,437,275,438,274,439,274,440,274,441,274,442,274,443,274,444,274,445,275,446,275,447,276,448,276,449,277,450,277,451,278,452,279,453,280,454,281,455,282,455,283,455,284,455,285,455,286,455,287,455,288,455,289,454,290,453,291,453,292,452,293,451,294,450,294,449,295,448,295,447,296,446,296,445,296,444,296,443,296,442,296,441,296,440,296,439,295,438,295,437,295,436,294,435,293,434,292,433,291,432,290,432,289,431,288,431,287,431,286,431,285,431,284,431,283,431
392,432,391,433,390,433,389,433,388,434,387,435,386,436,385,437,385,438,385,439,385,440,385,441,385,442,385,443,385,444,385,445,386,446,386,447,386,448,387,449,388,450,389,451,390,452,391,453,392,453,393,453,394,453,395,453,396,453,397,453,398,453,399,452,400,452,401,452,402,452,403,451,404,450,405,449,406,449,407,448,408,447,408,446,408,445,409,444,409,443,409,442,409,441,408,440,408,439,408,438,407,438,406,437,406,436,405,435,404,435,403,434,402,434,401,433,400,433,399,432,398,432,397,432,396,432,395,432,394,432,393,432
423,433,422,434,421,434,420,435,419,436,418,436,417,437,416,438,415,439,415,440,415,441,415,442,414,443,414,444,415,445,416,446,416,447,417,448,418,449,419,449,420,450,421,450,422,451,423,451,424,452,425,452,426,453,427,453,428,453,429,454,430,454,431,454,432,454,433,454,434,453,435,453,436,453,437,452,438,452,439,452,440,451,440,450,441,449,442,448,442,447,442,446,442,445,442,444,442,443,441,442,441,441,440,440,440,439,439,438,438,437,437,437,436,436,435,436,434,435,433,434,432,434,431,434,430,434,429,434,428,433,427,433,426,433,425,433,424,433
155,449,154,450,153,450,152,451,151,452,150,452,149,453,148,454,147,455,147,456,146,457,145,458,145,459,145,460,145,461,144,462,144,463,144,464,145,465,145,466,145,467,145,468,146,469,146,470,147,471,148,472,148,473,149,474,150,475,151,476,152,477,153,477,154,478,155,478,156,479,157,479,158,480,159,480,160,480,161,480,162,480,163,480,164,480,165,480,166,480,167,480,168,479,169,479,170,478,171,477,172,476,173,475,174,474,175,473,175,472,175,471,176,470,177,469,177,468,176,467,176,466,176,465,176,464,176,463,176,462,176,461,176,460,176,459,175,458,174,457,174,456,174,455,173,455,172,454,172,453,171,452,170,452,169,452,168,451,167,450,166,449,165,449,164,449,163,449,162,449,161,449,160,449,159,449,158,449,157,449,156,449
471,449,470,450,469,450,468,451,467,451,466,452,465,453,465,454,464,455,464,456,463,457,462,458,462,459,461,460,461,461,460,462,460,463,459,464,459,465,458,466,458,467,458,468,458,469,458,470,458,471,458,472,458,473,459,473,460,474,461,475,462,475,463,475,464,475,465,475,466,475,467,474,468,474,469,473,470,473,471,472,472,471,473,471,474,470,475,469,476,468,477,467,478,466,478,465,479,464,480,463,480,462,481,461,481,460,481,459,481,458,481,457,481,456,481,455,481,454,481,453,481,452,480,451,480,450,479,449,478,449,477,449,476,449,475,449,474,449,473,449,472,449
353,453,352,454,351,454,350,455,349,456,348,457,348,458,347,459,347,460,347,461,346,462,346,463,346,464,346,465,346,466,347,467,348,468,348,469,349,470,349,471,350,472,351,473,352,474,353,475,354,476,355,477,356,477,357,478,358,478,359,478,360,479,361,479,362,479,363,479,364,478,365,478,366,477,367,476,367,475,367,474,368,473,368,472,368,471,368,470,368,469,368,468,368,467,368,466,368,465,368,464,367,463,367,462,366,461,366,460,365,459,364,458,363,457,362,456,361,456,360,455,359,454,358,454,357,453,356,453,355,453,354,453
12,454,11,455,10,455,9,456,8,456,7,456,6,457,5,457,4,458,3,458,2,459,1,460,1,461,0,462,0,463,0,464,0,465,0,466,0,467,0,468,0,469,1,469,2,470,3,470,4,470,5,471,6,471,7,471,8,472,9,473,10,473,11,474,12,473,13,472,14,472,15,472,16,472,17,471,18,470,19,469,20,468,20,467,21,466,21,465,21,464,21,463,21,462,21,461,20,460,20,459,19,458,19,457,18,456,17,456,16,455,15,454,14,454,13,454
302,459,301,460,300,460,299,461,298,461,297,462,296,462,296,463,295,464,294,465,294,466,293,467,293,468,293,469,294,470,294,471,294,472,294,473,295,474,296,475,296,476,297,477,298,478,299,478,300,479,301,479,302,479,303,480,304,480,305,479,306,479,307,479,308,479,309,478,310,478,311,478,312,477,313,476,313,475,314,474,314,473,315,472,315,471,316,470,316,469,316,468,316,467,316,466,315,465,315,464,314,463,313,463,312,462,311,461,310,461,309,460,308,460,307,460,306,459,305,459,304,459,303,459
445,459,444,460,443,461,443,462,442,463,442,464,442,465,441,466,441,467,442,468,442,469,443,470,443,471,444,472,445,473,446,474,447,474,448,474,449,475,450,475,451,475,452,474,453,474,454,473,455,473,456,472,457,472,457,471,457,470,457,469,457,468,456,467,456,466,455,465,455,464,454,463,453,462,453,461,452,461,451,460,450,460,449,460,448,459,447,459,446,459
388,463,387,464,386,464,385,464,384,464,383,465,382,465,381,466,380,467,379,468,378,469,378,470,377,471,376,472,376,473,375,474,375,475,375,476,374,477,374,478,373,479,373,480,373,481,372,482,372,483,372,484,372,485,372,486,372,487,371,488,372,489,372,490,372,491,373,492,373,493,374,494,375,495,376,496,377,496,378,497,379,497,380,498,381,498,382,498,383,498,384,499,385,499,386,499,387,499,388,498,389,498,390,498,391,498,392,498,393,498,394,498,395,498,396,498,397,498,398,498,399,498,400,498,401,498,402,498,403,498,404,497,405,497,405,496,406,495,407,495,408,494,408,493,408,492,409,491,409,490,409,489,409,488,409,487,409,486,409,485,410,484,410,483,410,482,411,481,411,480,411,479,410,478,410,477,410,476,410,475,409,474,409,473,408,472,407,471,407,470,406,469,405,469,404,468,403,468,402,467,401,467,400,467,399,466,398,466,397,465,396,465,395,465,394,465,393,464,392,464,391,464,390,464,389,464
196,468,195,469,194,470,193,470,192,471,191,472,190,472,189,473,188,473,187,474,186,475,185,475,184,475,183,476,182,476,181,476,180,476,179,477,178,478,177,479,176,480,176,481,175,482,174,483,174,484,174,485,174,486,173,487,173,488,174,489,174,490,173,491,173,492,173,493,174,494,174,495,174,496,174,497,174,498,174,499,174,500,174,501,174,502,174,503,173,504,173,505,174,506,174,507,174,508,174,509,175,510,176,510,177,511,178,510,179,510,180,510,181,510,182,511,183,511,184,511,185,511,186,511,187,511,188,511,189,511,190,511,191,511,192,510,193,511,194,511,195,511,196,511,197,511,198,511,199,511,200,511,201,511,202,511,203,511,204,511,205,510,206,510,207,510,208,511,209,511,210,511,211,510,212,510,213,510,214,509,215,508,215,507,216,506,216,505,216,504,216,503,216,502,216,501,216,500,216,499,216,498,215,497,215,496,214,495,214,494,213,493,214,492,213,491,213,490,213,489,213,488,213,487,212,486,212,485,212,484,212,483,211,482,211,481,211,480,211,479,211,478,211,477,210,476,210,475,210,474,209,473,209,472,208,471,208,470,207,470,206,469,205,468,204,468,203,468,202,468,201,468,200,468,199,468,198,468,197,468
23,469,22,470,21,470,20,471,19,470,18,471,17,472,16,473,17,474,16,475,15,476,14,477,13,478,13,479,12,480,12,481,12,482,12,483,12,484,12,485,12,486,12,487,13,488,13,489,13,490,14,491,14,492,15,492,16,493,17,493,18,493,19,494,20,494,21,494,22,495,23,494,24,494,25,494,26,493,27,493,28,492,29,491,30,490,30,489,30,488,30,487,31,486,31,485,31,484,31,483,31,482,31,481,31,480,31,479,30,478,29,477,28,476,27,475,27,474,27,473,26,472,26,471,25,470,25,469,24,469
106,469,105,470,104,470,103,470,102,471,101,472,100,473,99,474,99,475,98,476,98,477,98,478,99,479,99,480,100,481,101,482,102,483,103,483,104,483,105,484,106,484,107,484,108,483,109,483,110,483,111,482,112,482,113,481,113,480,113,479,113,478,113,477,113,476,114,475,114,474,114,473,114,472,113,472,112,472,111,471,110,471,109,470,108,470,107,470
0,470,0,471,0,472,0,473,0,474,0,475,0,476,0,477,0,478,0,479,0,480,0,481,0,482,0,483,0,484,0,485,1,486,2,485,3,485,4,485,5,484,6,484,7,483,8,483,9,482,10,481,10,480,10,479,10,478,10,477,11,476,11,475,10,474,9,474,8,473,7,472,6,472,5,472,4,471,3,471,2,471,1,470
482,471,481,472,480,472,479,473,478,474,477,474,476,475,476,476,475,477,475,478,475,479,474,480,474,481,474,482,474,483,474,484,474,485,474,486,474,487,475,488,476,489,476,490,477,491,478,492,479,492,480,492,481,492,482,493,483,493,484,493,485,493,486,492,487,492,488,492,489,491,490,490,491,489,491,488,492,487,493,486,494,485,494,484,494,483,494,482,494,481,494,480,494,479,494,478,493,477,493,476,492,475,492,474,491,473,490,472,489,472,488,471,487,471,486,471,485,471,484,471,483,471
115,472,115,473,115,474,115,475,114,476,114,477,114,478,114,479,114,480,114,481,113,482,114,483,115,484,115,485,115,486,115,487,116,487,117,487,118,487,119,486,120,486,121,485,122,485,123,485,124,484,125,483,125,482,125,481,125,480,126,479,126,478,126,477,125,476,124,475,124,474,123,473,122,472,121,472,120,472,119,472,118,472,117,472,116,472
426,473,425,474,424,474,423,474,422,474,421,475,420,475,419,475,418,475,417,476,416,476,415,477,414,478,413,478,412,479,412,480,412,481,411,482,411,483,411,484,410,485,410,486,410,487,410,488,410,489,410,490,410,491,409,492,409,493,409,494,410,495,410,496,410,497,410,498,410,499,411,500,411,501,412,502,412,503,413,504,413,505,414,506,415,507,416,508,417,509,418,510,419,510,420,510,421,510,422,510,423,510,424,510,425,511,426,511,427,510,428,510,429,510,430,511,431,511,432,511,433,511,434,511,435,511,436,511,437,511,438,510,439,510,440,511,441,511,442,511,443,511,444,510,445,510,446,510,446,509,447,508,448,508,448,507,448,506,448,505,449,504,449,503,449,502,449,501,449,500,449,499,449,498,449,497,449,496,449,495,449,494,449,493,449,492,448,491,448,490,448,489,447,488,447,487,447,486,446,485,446,484,446,483,445,482,445,481,444,480,444,479,443,478,442,477,441,477,440,476,439,476,438,475,437,475,436,475,435,474,434,474,433,473,432,473,431,473,430,473,429,473,428,473,427,473
336,475,335,476,334,476,333,477,332,477,331,478,330,479,330,480,330,481,330,482,330,483,330,484,330,485,330,486,330,487,331,488,332,489,332,490,333,491,334,492,335,493,336,494,337,495,338,495,339,496,340,496,341,496,342,496,343,496,344,496,345,497,346,497,347,497,348,497,349,497,350,497,351,497,352,496,353,496,354,496,355,496,356,495,357,494,358,493,358,492,358,491,358,490,358,489,358,488,358,487,357,486,357,485,356,484,356,483,355,482,355,481,354,481,353,480,352,479,351,478,350,477,349,477,348,476,347,476,346,476,345,476,344,475,343,475,342,475,341,475,340,475,339,475,338,475,337,475
81,486,80,487,79,487,78,487,77,488,76,489,76,490,75,491,75,492,75,493,75,494,75,495,75,496,75,497,76,498,76,499,76,500,77,500,78,501,78,502,79,503,79,504,80,505,81,506,81,507,82,508,83,509,84,510,85,510,86,510,87,510,88,510,89,510,90,511,91,511,92,511,93,511,94,511,95,511,96,511,97,511,98,510,99,510,100,511,101,511,102,510,103,510,104,510,105,509,106,508,106,507,106,506,106,505,106,504,106,503,106,502,106,501,106,500,106,499,105,498,105,497,104,496,103,495,102,494,101,493,100,492,99,492,98,491,97,490,96,490,95,489,94,488,93,488,92,487,91,487,90,487,89,487,88,487,87,487,86,487,85,486,84,486,83,486,82,486
249,488,248,489,247,489,246,490,245,490,244,491,244,492,243,493,242,493,243,494,243,495,244,496,244,497,244,498,245,499,245,500,245,501,246,502,246,503,246,504,246,505,246,506,246,507,246,508,246,509,246,510,247,511,248,511,249,511,250,511,251,511,252,511,253,511,254,511,255,511,256,511,257,511,258,511,259,511,260,511,261,511,262,511,263,511,264,511,265,511,266,511,267,511,268,511,269,511,270,511,271,511,272,511,273,511,274,510,274,509,274,508,273,507,273,506,272,505,272,504,271,503,271,502,270,501,270,500,269,499,269,498,268,497,268,496,267,495,267,494,266,494,265,493,264,492,263,491,262,491,261,490,260,489,259,489,258,489,257,488,256,488,255,488,254,488,253,488,252,488,251,488,250,488
301,490,300,491,299,491,298,492,297,493,296,494,295,495,294,496,294,497,293,498,293,499,293,500,293,501,293,502,293,503,293,504,293,505,293,506,294,507,294,508,295,509,296,510,297,510,298,510,299,511,300,511,301,511,302,511,303,511,304,510,305,510,306,511,307,511,308,511,309,511,310,511,311,510,312,510,313,510,314,510,315,510,316,510,317,510,318,509,319,509,320,508,320,507,321,506,322,505,322,504,322,503,322,502,322,501,322,500,322,499,321,498,321,497,320,496,319,495,319,494,318,493,317,492,316,492,315,491,314,491,313,490,312,490,311,490,310,490,309,490,308,490,307,490,306,490,305,490,304,490,303,490,302,490
145,491,144,492,143,492,142,492,141,492,140,492,139,492,138,493,137,493,136,494,135,494,134,494,133,495,132,495,131,495,130,496,129,497,128,498,127,498,126,499,125,500,124,501,124,502,123,503,122,504,122,505,121,506,121,507,120,508,120,509,120,510,121,511,122,511,123,511,124,511,125,511,126,511,127,511,128,511,129,511,130,511,131,511,132,511,133,511,134,511,135,511,136,511,137,511,138,511,139,511,140,511,141,511,142,511,143,511,144,511,145,511,146,511,147,511,148,511,149,511,150,511,151,511,152,511,153,511,154,511,155,511,156,511,157,511,158,511,159,511,160,511,161,511,162,511,163,511,164,511,165,511,166,511,167,511,168,511,169,511,170,510,171,510,172,510,171,509,171,508,170,507,170,506,169,505,168,504,167,503,167,502,166,501,165,500,164,499,163,498,162,497,161,497,160,496,159,496,158,495,157,494,156,494,155,494,154,493,153,493,152,493,151,492,150,492,149,492,148,492,147,492,146,492
7,492,6,493,5,493,4,494,3,493,3,494,2,495,1,495,1,496,0,497,0,498,0,499,0,500,0,501,0,502,0,503,1,504,1,505,1,506,0,507,0,508,0,509,0,510,1,510,2,510,3,510,4,510,5,511,6,511,7,511,8,511,9,511,10,511,11,511,12,510,13,510,14,510,15,510,16,510,17,510,18,510,19,510,20,509,21,509,22,509,22,508,22,507,23,506,23,505,23,504,23,503,24,502,24,501,24,500,23,499,23,498,23,497,22,496,21,495,20,495,19,495,18,494,17,494,16,494,15,493,14,493,13,492,12,493,11,493,10,492,9,492,8,492
36,496,35,497,34,497,33,497,32,497,31,497,30,498,29,498,28,499,27,500,26,500,25,500,25,501,25,502,24,503,24,504,24,505,24,506,23,507,23,508,23,509,24,510,25,510,26,511,27,511,28,511,29,511,30,511,31,511,32,511,33,511,34,511,35,511,36,511,37,511,38,511,39,511,40,511,41,511,42,511,43,511,44,510,45,510,46,510,46,509,46,508,46,507,46,506,45,505,45,504,45,503,45,502,44,501,43,500,43,499,42,498,41,498,40,497,39,497,38,497,37,497
496,496,495,497,494,497,493,497,492,498,491,499,490,500,489,501,488,502,487,503,486,503,486,504,485,505,484,505,484,506,484,507,484,508,484,509,485,510,485,511,486,511,487,511,488,511,489,511,490,511,491,511,492,511,493,511,494,511,495,511,496,511,497,511,498,511,499,511,500,511,501,511,502,511,503,511,504,511,505,511,506,511,507,511,508,511,509,511,510,511,510,510,510,509,510,508,510,507,510,506,510,505,510,504,509,503,509,502,508,501,507,500,506,499,505,498,504,497,503,497,502,497,501,496,500,497,499,497,498,497,497,497
388,499,387,500,386,500,385,500,384,501,384,502,383,503,382,504,381,505,380,506,379,507,379,508,379,509,379,510,379,511,380,511,381,511,382,511,383,511,384,511,385,511,386,511,387,511,388,511,389,511,390,511,391,511,392,511,393,511,394,511,395,511,396,511,397,511,398,511,399,511,400,511,401,511,402,511,403,511,404,511,405,511,406,511,407,511,408,511,409,511,410,511,411,510,410,509,410,508,410,507,409,506,408,505,407,504,406,503,405,502,404,501,403,500,402,499,401,499,400,499,399,499,398,499,397,499,396,499,395,499,394,499,393,499,392,499,391,499,390,499,389,499
337,500,336,501,335,501,334,501,333,502,332,502,331,503,330,504,329,504,328,505,328,506,327,507,327,508,328,509,328,510,329,510,330,511,331,511,332,511,333,511,334,511,335,511,336,511,337,511,338,511,339,511,340,511,341,511,342,511,343,511,344,511,345,511,346,511,347,511,348,511,349,511,350,510,351,510,351,509,351,508,351,507,350,506,349,505,349,504,348,503,347,502,346,502,345,502,344,501,343,501,342,500,341,500,340,500,339,500,338,500
