43,96,42,97,41,97,40,97,39,98,38,99,37,100,36,101,35,102,35,103,34,104,34,105,34,106,34,107,34,108,34,109,35,110,35,111,36,112,37,113,38,114,39,115,40,116,41,117,42,117,43,118,44,118,45,118,46,118,47,117,48,117,49,116,50,115,51,115,51,114,52,113,52,112,53,111,52,110,52,109,52,108,52,107,52,106,52,105,51,104,51,103,50,102,50,101,49,100,48,99,47,98,46,97,45,97,44,97
81,101,80,102,79,102,78,102,77,103,76,104,75,105,75,106,74,107,74,108,73,109,73,110,73,111,73,112,73,113,73,114,74,115,74,116,75,117,76,118,77,119,78,119,79,120,80,120,81,121,82,121,83,121,84,121,85,121,86,120,87,119,88,119,89,118,90,117,91,117,92,116,92,115,93,114,93,113,93,112,93,111,94,110,93,109,93,108,93,107,93,106,92,105,92,104,91,103,90,103,89,102,88,102,87,101,86,101,85,101,84,101,83,101,82,101
190,135,189,136,188,137,187,138,186,139,186,140,186,141,186,142,186,143,186,144,187,145,188,146,189,147,190,148,191,148,192,149,193,150,194,150,195,151,196,152,197,153,198,154,199,155,200,156,201,157,201,158,202,159,203,160,204,161,204,162,205,162,206,163,207,162,208,162,209,161,210,161,211,160,212,160,213,159,214,159,215,158,216,158,217,157,218,157,219,156,220,156,221,156,222,156,223,156,224,156,225,156,226,156,227,156,228,157,229,157,230,157,231,157,232,157,233,157,234,158,235,158,236,158,237,158,238,158,239,158,240,158,241,157,242,156,242,155,242,154,242,153,242,152,242,151,241,150,240,149,239,148,238,147,237,146,236,146,235,145,234,145,233,144,232,144,231,144,230,143,229,143,228,143,227,142,226,142,225,142,224,142,223,141,222,141,221,140,220,140,219,140,218,139,217,139,216,139,215,138,214,138,213,138,212,138,211,138,210,138,209,139,208,139,207,139,206,140,205,140,204,140,203,139,202,138,201,137,200,137,199,136,198,136,197,136,196,135,195,135,194,135,193,135,192,135,191,135
141,139,140,140,139,140,138,141,137,141,136,142,135,143,134,144,133,145,133,146,133,147,133,148,133,149,133,150,133,151,134,152,134,153,134,154,135,155,136,156,137,156,138,157,139,157,140,158,141,158,142,159,143,159,144,159,145,160,146,159,147,159,148,158,149,158,150,157,151,156,152,155,152,154,152,153,152,152,152,151,152,150,152,149,152,148,152,147,153,146,152,145,152,144,152,143,151,142,150,141,150,140,149,140,148,139,147,139,146,139,145,139,144,139,143,139,142,139
167,139,166,140,165,140,164,140,163,141,162,141,161,142,160,143,159,143,158,144,157,145,157,146,156,147,156,148,156,149,155,150,155,151,155,152,155,153,155,154,155,155,155,156,155,157,155,158,156,159,156,160,157,161,157,162,158,163,159,164,160,165,161,165,162,165,163,166,164,166,165,166,166,165,167,165,168,165,169,164,170,163,171,163,172,162,173,161,174,160,175,159,175,158,176,157,176,156,176,155,177,154,177,153,177,152,177,151,177,150,177,149,177,148,177,147,176,146,176,145,176,144,175,143,174,142,173,141,172,140,171,140,170,139,169,139,168,139
59,144,58,145,57,146,56,147,55,148,55,149,55,150,54,151,54,152,54,153,54,154,55,155,55,156,56,157,57,158,58,159,59,159,60,159,61,159,62,159,63,159,64,159,65,158,66,157,67,156,68,155,68,154,68,153,68,152,68,151,68,150,68,149,68,148,67,147,67,146,66,146,65,145,64,144,63,144,62,144,61,144,60,144
133,155,132,156,131,156,130,156,129,157,128,157,127,158,126,158,126,159,125,160,125,161,124,162,123,163,123,164,123,165,123,166,123,167,123,168,123,169,123,170,123,171,123,172,124,173,125,174,126,175,127,176,128,177,129,177,130,178,131,178,132,179,133,179,134,180,135,180,136,180,137,180,138,180,139,180,140,179,141,179,142,179,143,179,144,178,145,177,146,176,146,175,147,174,147,173,148,172,148,171,148,170,148,169,148,168,148,167,148,166,147,165,147,164,146,163,146,162,146,161,145,161,144,160,143,160,142,160,141,159,140,159,139,158,138,158,137,157,136,157,135,156,134,155
219,157,218,158,217,158,216,159,215,159,214,160,213,160,212,161,211,161,210,162,209,162,208,163,207,163,206,164,206,165,207,166,207,167,207,168,207,169,208,170,208,171,209,172,210,173,211,173,212,174,213,174,214,174,215,174,216,174,217,175,218,175,219,175,220,175,221,175,222,175,223,174,224,174,225,174,226,174,227,174,228,173,229,173,230,172,231,171,231,170,232,169,232,168,232,167,232,166,232,165,232,164,231,163,231,162,230,161,229,160,228,160,227,159,226,159,225,159,224,158,223,158,222,158,221,157,220,157
243,161,242,162,241,162,240,162,239,163,238,164,237,165,237,166,237,167,236,168,236,169,237,170,237,171,237,172,237,173,237,174,238,175,238,176,239,177,239,178,240,179,241,180,242,181,243,181,244,182,245,182,246,182,247,182,248,183,249,183,250,184,251,183,252,183,253,183,254,183,255,182,256,182,257,181,258,180,258,179,259,178,259,177,260,176,260,175,260,174,259,173,259,172,259,171,259,170,258,169,258,168,258,167,257,166,257,165,256,165,255,165,254,164,253,164,252,164,251,163,250,163,249,163,248,163,247,162,246,162,245,162,244,162
261,163,260,164,259,164,258,164,258,165,258,166,259,167,259,168,259,169,260,170,260,171,260,172,260,173,261,174,261,175,261,176,261,177,262,178,262,179,261,180,261,181,261,182,260,183,259,184,258,185,257,186,256,187,255,188,254,189,254,190,254,191,254,192,254,193,254,194,255,194,256,194,257,194,258,194,259,194,260,195,261,195,262,195,263,195,264,196,265,196,266,196,267,197,268,198,269,198,270,199,271,200,272,201,273,202,274,202,275,202,276,202,277,202,278,201,279,201,280,200,281,199,282,198,283,197,283,196,283,195,283,194,283,193,283,192,283,191,283,190,282,189,281,188,281,187,280,186,279,185,278,184,278,183,277,182,277,181,276,180,275,179,275,178,274,177,273,176,272,175,272,174,271,173,271,172,270,171,270,170,269,169,268,168,268,167,267,166,266,165,265,164,264,164,263,163,262,163
159,176,158,177,157,177,156,178,155,178,154,179,153,180,153,181,152,182,151,183,151,184,151,185,150,186,150,187,150,188,150,189,151,190,152,191,153,192,154,193,155,194,156,195,156,196,157,197,158,198,158,199,159,200,159,201,159,202,160,203,161,203,162,204,163,204,164,204,165,204,166,204,167,204,168,203,169,203,170,203,171,203,172,203,173,203,174,202,175,201,176,201,177,200,178,199,179,199,180,198,181,197,181,196,182,195,182,194,183,193,183,192,183,191,183,190,183,189,183,188,183,187,182,186,182,185,181,184,180,183,179,182,178,181,177,181,176,180,175,180,174,179,173,179,172,178,171,178,170,178,169,178,168,177,167,177,166,177,165,177,164,177,163,177,162,177,161,176,160,176
229,178,228,179,227,179,226,180,225,181,224,182,224,183,224,184,223,185,223,186,223,187,224,188,224,189,224,190,224,191,225,192,225,193,226,194,227,195,228,196,229,196,230,197,231,197,232,197,233,197,234,197,235,197,236,198,237,197,238,197,239,197,240,196,241,196,242,196,243,196,244,195,245,195,246,195,246,194,245,193,245,192,245,191,244,190,244,189,244,188,243,187,243,186,242,185,242,184,241,183,241,182,240,181,239,180,239,179,238,179,237,179,236,178,235,178,234,178,233,178,232,178,231,178,230,178
130,180,129,181,128,181,127,181,126,181,125,181,124,181,123,181,122,182,121,183,120,184,119,185,119,186,118,187,118,188,118,189,118,190,118,191,118,192,118,193,118,194,119,195,119,196,120,197,120,198,121,199,122,200,123,200,124,201,125,201,126,201,127,201,128,201,129,201,129,200,130,199,130,198,131,197,131,196,132,195,132,194,133,193,134,192,133,191,133,190,133,189,134,188,134,187,134,186,134,185,134,184,133,183,133,182,133,181,132,181,131,181
202,187,201,188,200,188,199,189,198,190,197,190,197,191,196,192,195,193,195,194,194,195,194,196,194,197,194,198,194,199,194,200,194,201,194,202,194,203,195,204,195,205,195,206,196,207,197,208,198,209,199,209,200,210,201,210,202,210,203,210,204,210,205,209,206,209,207,209,208,208,209,208,210,207,210,206,211,205,212,204,213,203,213,202,214,201,214,200,214,199,214,198,215,197,215,196,216,195,216,194,216,193,216,192,215,191,214,190,213,190,212,189,211,189,210,188,209,188,208,187,207,187,206,187,205,187,204,187,203,187
143,190,142,191,141,191,140,191,139,191,138,192,137,192,136,192,135,192,134,193,133,194,133,195,132,196,132,197,131,198,131,199,130,200,130,201,130,202,131,203,131,204,131,205,132,206,132,207,133,208,134,209,135,210,135,211,136,212,137,213,138,213,139,214,140,214,141,214,142,214,143,214,144,214,145,214,146,213,147,213,148,213,149,212,150,212,151,212,152,211,153,210,154,209,155,208,156,207,157,206,158,205,159,204,159,203,158,202,158,201,158,200,157,199,157,198,156,197,155,196,155,195,154,194,153,193,152,192,151,191,150,190,149,190,148,190,147,190,146,190,145,190,144,190
253,194,252,195,251,196,250,197,250,198,250,199,250,200,250,201,251,202,251,203,251,204,251,205,251,206,251,207,251,208,251,209,251,210,251,211,250,212,250,213,250,214,250,215,250,216,251,216,252,217,253,217,254,217,255,217,256,217,257,217,258,217,259,217,260,218,261,217,262,217,263,217,264,216,265,216,266,216,267,215,267,214,268,213,269,213,270,212,271,211,271,210,271,209,272,208,272,207,273,206,273,205,273,204,273,203,272,202,271,201,270,200,269,199,268,199,267,198,266,197,265,197,264,197,263,196,262,196,261,196,260,196,259,195,258,195,257,195,256,195,255,195,254,195
244,196,243,197,242,197,241,197,240,197,239,198,238,198,237,198,236,199,235,200,234,200,234,201,233,202,232,203,231,204,231,205,230,206,230,207,229,208,229,209,228,210,228,211,228,212,228,213,228,214,229,215,229,216,230,217,230,218,231,218,232,219,233,220,234,220,235,221,236,220,237,221,238,221,239,222,240,221,241,221,242,220,243,220,244,220,245,219,246,218,247,217,248,217,249,216,249,215,249,214,249,213,249,212,250,211,250,210,250,209,250,208,250,207,250,206,250,205,250,204,250,203,250,202,249,201,249,200,249,199,249,198,248,198,247,198,246,197,246,196,245,196
181,198,180,199,179,200,178,200,177,201,176,202,175,202,174,203,174,204,174,205,175,206,174,207,174,208,175,209,175,210,176,211,176,212,176,213,176,214,176,215,177,216,177,217,178,218,178,219,179,220,179,221,179,222,180,223,181,224,182,225,183,226,184,227,184,228,185,228,186,228,187,228,188,227,189,226,190,225,191,224,192,223,193,222,193,221,194,220,194,219,195,218,195,217,195,216,195,215,195,214,195,213,195,212,195,211,195,210,195,209,195,208,195,207,194,206,194,205,194,204,193,203,193,202,192,201,191,201,190,201,189,200,188,199,187,199,186,199,185,199,184,199,183,199,182,199
306,208,305,209,304,209,303,210,302,210,301,211,300,211,299,212,298,212,297,212,296,213,295,213,294,214,293,214,292,215,291,215,291,216,292,217,292,218,292,219,293,220,293,221,293,222,293,223,293,224,293,225,292,226,292,227,292,228,292,229,292,230,292,231,293,232,294,233,294,234,294,235,294,236,294,237,295,238,295,239,296,240,296,241,296,242,296,243,296,244,296,245,297,246,298,247,299,247,300,248,301,248,302,248,303,248,304,247,305,247,305,246,305,245,305,244,306,243,305,242,305,241,305,240,305,239,305,238,305,237,305,236,306,235,307,234,307,233,308,232,308,231,309,230,309,229,309,228,309,227,309,226,309,225,309,224,309,223,309,222,309,221,308,220,308,219,308,218,308,217,308,216,308,215,307,214,307,213,307,212,307,211,307,210,306,209
160,210,159,211,158,211,157,211,156,212,155,213,154,214,153,214,152,215,152,216,151,217,150,218,150,219,149,220,148,221,148,222,148,223,147,224,147,225,147,226,148,227,148,228,148,229,149,230,149,231,149,232,150,233,151,234,152,235,153,235,154,236,155,236,156,237,157,237,158,237,159,238,160,238,161,238,162,238,163,237,164,237,165,237,166,236,167,236,168,236,169,236,170,235,171,234,172,234,172,233,173,232,174,231,174,230,175,229,176,228,177,227,177,226,178,225,178,224,178,223,178,222,178,221,178,220,177,219,177,218,176,217,176,216,175,215,175,214,174,213,173,213,172,213,171,212,170,211,169,210,168,210,167,210,166,210,165,210,164,210,163,210,162,210,161,210
274,210,273,211,272,211,271,212,270,213,270,214,269,215,268,215,269,216,270,217,270,218,271,219,272,220,272,221,273,222,273,223,273,224,274,224,275,225,276,225,277,226,278,226,279,227,280,228,281,228,282,229,282,230,283,230,284,230,285,230,286,230,287,231,288,231,289,232,290,231,291,230,291,229,291,228,291,227,291,226,292,225,292,224,292,223,292,222,292,221,292,220,291,219,291,218,291,217,290,216,289,215,288,214,288,213,287,212,286,212,285,211,284,210,283,210,282,211,281,210,280,210,279,210,278,210,277,210,276,210,275,210
218,215,217,216,216,216,215,216,215,217,214,218,213,218,212,219,211,219,210,220,209,221,209,222,208,223,207,224,206,225,206,226,205,227,204,227,204,228,203,229,203,230,203,231,203,232,203,233,202,234,202,235,202,236,203,237,203,238,203,239,204,240,204,241,204,242,205,243,205,244,205,245,205,246,206,246,207,246,208,246,209,245,210,244,211,244,212,243,213,243,213,242,214,241,215,240,215,239,216,238,216,237,217,236,218,235,219,234,220,233,221,232,222,231,223,230,224,229,224,228,225,227,225,226,225,225,226,224,226,223,226,222,226,221,226,220,226,219,225,218,224,217,224,216,223,216,222,215,221,215,220,215,219,215
267,216,266,217,265,218,264,217,263,218,262,218,261,218,260,219,259,220,259,221,259,222,259,223,258,224,258,225,259,226,260,227,261,228,262,229,263,229,264,230,265,229,266,229,267,229,268,228,269,227,270,227,271,226,272,225,272,224,272,223,272,222,271,221,271,220,270,219,269,218,269,217,268,216
328,219,327,220,326,220,325,221,324,222,323,223,322,224,322,225,322,226,322,227,322,228,322,229,323,230,323,231,323,232,323,233,323,234,323,235,323,236,323,237,323,238,323,239,323,240,323,241,323,242,323,243,323,244,323,245,323,246,324,247,325,248,325,249,326,250,327,251,328,252,329,253,330,253,331,252,332,252,333,251,334,251,335,251,336,250,336,249,337,248,337,247,338,246,338,245,339,244,340,243,340,242,341,241,340,240,340,239,340,238,340,237,340,236,340,235,340,234,340,233,340,232,339,231,339,230,339,229,338,228,338,227,338,226,337,225,337,224,336,223,336,222,335,221,334,220,333,220,332,220,331,219,330,219,329,219
247,223,246,224,245,225,244,226,243,227,242,227,242,228,242,229,241,230,241,231,242,232,242,233,242,234,242,235,243,236,244,237,245,238,246,239,247,240,248,241,249,242,249,243,250,244,250,245,251,246,251,247,252,248,253,248,254,248,255,248,256,247,257,247,258,246,259,245,259,244,260,243,260,242,260,241,260,240,260,239,260,238,260,237,259,236,259,235,258,234,258,233,257,232,257,231,257,230,257,229,257,228,257,227,256,226,256,225,255,224,254,224,253,224,252,224,251,224,250,224,249,223,248,223
315,224,314,225,313,225,312,226,312,227,311,228,311,229,310,230,310,231,310,232,310,233,309,234,309,235,309,236,309,237,309,238,309,239,309,240,308,241,308,242,308,243,308,244,308,245,308,246,308,247,308,248,307,249,307,250,308,251,308,252,309,253,310,254,311,255,312,254,313,254,314,253,315,252,316,251,317,250,318,249,319,249,320,248,321,247,322,246,322,245,322,244,322,243,322,242,322,241,322,240,322,239,322,238,322,237,322,236,322,235,322,234,322,233,322,232,322,231,322,230,321,229,321,228,321,227,321,226,321,225,320,224,319,224,318,224,317,224,316,224
183,228,183,229,182,230,181,230,180,230,179,231,178,232,177,232,176,233,175,234,174,234,173,235,172,236,171,235,170,236,169,237,168,237,168,238,167,239,166,239,165,240,165,241,164,242,163,243,162,244,162,245,161,246,161,247,161,248,161,249,161,250,161,251,161,252,161,253,160,254,160,255,160,256,161,257,161,258,162,259,162,260,163,260,164,261,165,261,166,261,167,261,168,262,169,262,170,263,171,264,172,265,173,265,174,266,175,266,176,266,177,266,178,266,179,266,180,266,181,265,182,265,183,264,184,264,185,264,186,263,187,263,188,262,189,262,190,261,191,261,192,261,193,260,194,259,195,258,195,257,196,256,197,255,197,254,198,253,198,252,198,251,197,250,196,250,195,249,194,248,193,247,192,246,191,245,190,244,189,243,189,242,188,241,188,240,188,239,188,238,189,237,189,236,189,235,189,234,188,233,187,232,186,231,185,230,185,229,184,229
278,231,277,232,276,232,275,233,274,234,273,235,272,236,272,237,271,238,271,239,271,240,271,241,271,242,271,243,271,244,271,245,271,246,271,247,271,248,271,249,272,250,272,251,273,252,273,253,274,254,275,255,276,256,277,256,278,256,279,256,280,256,281,257,282,257,283,257,284,256,285,256,286,256,287,255,288,255,289,255,290,254,291,253,291,252,292,251,293,250,293,249,294,248,294,247,295,246,295,245,295,244,295,243,295,242,295,241,294,240,294,239,293,238,293,237,292,236,292,235,291,235,290,234,289,233,288,232,287,232,286,231,285,231,284,231,283,231,282,231,281,231,280,231,279,231
196,234,195,235,194,235,193,235,192,235,191,235,190,235,190,236,190,237,189,238,189,239,189,240,189,241,190,242,190,243,191,244,192,245,193,246,194,247,195,248,196,249,197,249,198,250,199,250,200,249,201,249,202,249,203,248,204,248,205,247,204,246,204,245,204,244,204,243,203,242,203,241,203,240,202,239,202,238,202,237,201,236,200,235,199,235,198,235,197,234
229,234,228,235,227,236,226,236,225,236,224,237,224,238,223,239,222,240,221,241,220,242,220,243,219,244,218,244,218,245,217,246,216,247,216,248,216,249,215,250,215,251,215,252,216,253,216,254,217,254,218,255,218,256,219,257,220,257,221,258,222,258,223,259,224,259,225,259,226,260,227,260,228,261,229,261,230,262,231,262,232,261,233,261,234,260,235,259,236,259,237,258,238,258,239,257,240,257,241,257,242,256,243,256,244,255,245,255,246,255,247,254,248,254,249,253,250,252,251,251,252,250,252,249,251,248,250,247,250,246,249,245,249,244,248,243,248,242,247,241,246,240,245,239,244,238,243,237,242,236,241,235,240,235,239,235,238,235,237,235,236,235,235,234,234,234,233,234,232,234,231,234,230,234
348,237,347,238,346,238,345,238,344,239,343,239,342,240,342,241,341,242,341,243,340,244,339,245,339,246,338,247,338,248,337,249,337,250,336,251,336,252,337,253,337,254,338,255,338,256,338,257,339,258,340,259,341,260,342,261,343,262,344,262,345,262,346,262,347,262,348,262,349,261,350,261,351,260,352,260,352,259,353,258,354,257,354,256,355,255,355,254,356,253,356,252,357,251,357,250,356,249,357,248,357,247,357,246,357,245,357,244,357,243,356,242,356,241,355,240,354,239,353,238,352,238,351,238,350,237,349,237
322,247,321,248,320,249,319,250,318,250,317,251,316,252,315,253,314,254,313,255,312,255,311,256,311,257,311,258,310,259,309,260,309,261,309,262,309,263,309,264,309,265,309,266,310,267,310,268,310,269,310,270,310,271,310,272,311,272,312,273,313,274,313,275,314,275,315,275,316,275,317,274,317,273,318,272,318,271,318,270,319,269,320,268,321,267,322,266,322,265,323,264,324,263,324,262,325,261,325,260,326,259,326,258,327,257,327,256,327,255,328,254,328,253,327,252,326,251,325,250,324,249,324,248,323,247
358,251,357,252,357,253,356,254,356,255,355,256,355,257,354,258,354,259,353,260,354,261,354,262,355,263,356,264,357,265,358,265,359,265,360,266,361,267,362,267,363,268,364,268,365,269,366,269,367,269,368,270,369,270,370,271,371,270,372,270,373,269,374,268,374,267,374,266,375,265,375,264,375,263,375,262,374,261,374,260,373,259,373,258,372,258,371,257,370,256,369,255,368,254,367,253,366,253,365,252,364,251,363,251,362,251,361,251,360,251,359,251
263,252,262,253,261,253,260,253,259,253,258,253,257,254,256,255,255,256,254,256,254,257,254,258,254,259,254,260,254,261,254,262,255,263,255,264,256,265,257,266,258,267,258,268,259,269,260,269,261,270,262,271,263,272,264,273,265,274,266,275,267,276,268,277,269,277,270,277,271,277,272,277,273,277,274,276,275,275,276,274,277,273,278,272,278,271,278,270,279,269,279,268,278,267,278,266,278,265,278,264,278,263,277,262,277,261,277,260,276,259,276,258,276,257,275,257,274,256,273,255,272,255,271,254,270,254,269,253,268,253,267,253,266,253,265,252,264,252
208,254,207,255,206,255,205,255,204,256,203,256,202,257,201,257,200,258,199,258,198,259,197,259,196,259,195,259,194,260,193,261,192,262,192,263,192,264,191,265,191,266,191,267,191,268,190,269,190,270,190,271,190,272,190,273,190,274,191,275,192,276,193,277,194,278,195,279,196,280,197,279,198,279,199,279,200,279,201,278,202,278,203,278,203,277,204,276,205,275,206,274,207,273,208,272,209,271,210,270,211,269,212,268,213,267,214,266,214,265,215,264,215,263,215,262,215,261,215,260,215,259,215,258,214,257,214,256,213,255,212,254,211,254,210,254,209,254
247,255,246,256,245,256,244,256,243,257,242,257,241,258,240,258,239,258,238,259,237,259,236,260,235,260,234,261,233,262,232,262,231,263,230,263,231,264,230,265,230,266,231,267,231,268,232,269,232,270,233,270,234,271,235,272,236,272,237,273,238,274,239,274,240,274,241,274,242,274,243,273,244,272,245,272,246,271,247,271,248,270,249,269,250,268,251,267,252,266,253,265,254,264,254,263,253,262,253,261,253,260,253,259,253,258,252,257,251,257,250,257,249,257,248,256
219,263,218,264,217,264,216,265,215,265,215,266,214,267,213,268,212,269,211,270,210,271,209,272,208,273,207,274,206,275,205,276,204,277,204,278,203,279,203,280,203,281,204,282,204,283,205,284,206,285,207,285,208,286,209,287,210,287,211,287,212,287,213,287,214,287,215,287,216,288,217,288,218,289,219,289,220,289,221,289,222,289,223,289,224,289,225,289,226,288,227,287,227,286,228,285,229,284,229,283,230,282,230,281,230,280,229,279,230,278,230,277,230,276,231,275,231,274,231,273,231,272,231,271,231,270,231,269,230,268,230,267,229,266,228,266,227,265,226,264,225,264,224,263,223,263,222,263,221,263,220,263
257,268,256,269,255,269,254,269,253,269,252,269,251,270,250,270,249,270,248,271,247,272,246,273,245,274,245,275,244,276,244,277,244,278,244,279,244,280,245,281,245,282,246,283,247,284,248,285,248,286,249,287,250,288,251,289,252,289,253,289,254,289,255,290,256,291,257,291,258,291,259,291,260,291,261,291,262,290,263,290,263,289,264,288,265,287,265,286,265,285,265,284,265,283,265,282,265,281,265,280,264,279,264,278,264,277,264,276,264,275,264,274,263,273,262,272,261,271,260,270,259,270,258,269
348,269,347,270,346,270,345,271,344,271,343,272,342,273,341,274,340,275,339,276,338,276,338,277,338,278,338,279,339,280,339,281,339,282,339,283,339,284,339,285,339,286,340,287,340,288,340,289,340,290,341,291,341,292,341,293,341,294,342,294,343,294,344,295,345,295,346,296,347,296,348,296,349,296,350,297,351,296,352,296,353,296,354,295,355,295,356,294,357,294,358,294,359,293,360,293,361,293,362,292,363,291,364,290,365,290,366,289,366,288,366,287,367,286,367,285,368,284,368,283,368,282,368,281,368,280,368,279,368,278,367,277,367,276,367,275,366,274,365,273,364,272,364,271,363,270,362,270,361,269,360,269,359,269,358,269,357,269,356,269,355,269,354,269,353,269,352,269,351,269,350,269,349,269
378,269,377,270,376,270,375,271,375,272,375,273,374,274,374,275,374,276,374,277,374,278,374,279,374,280,374,281,375,282,375,283,375,284,375,285,376,286,376,287,376,288,377,289,378,290,379,291,379,292,380,292,381,293,382,293,383,294,384,293,385,293,386,292,386,291,387,290,388,289,388,288,389,287,389,286,389,285,389,284,389,283,389,282,389,281,389,280,389,279,389,278,388,277,388,276,388,275,387,274,386,273,386,272,385,271,384,270,383,270,382,269,381,269,380,269,379,269
303,271,302,272,301,273,300,274,299,275,299,276,298,277,297,278,296,279,295,280,294,281,293,282,293,283,292,284,292,285,292,286,292,287,291,288,291,289,290,290,289,291,288,292,287,292,286,292,286,293,287,294,287,295,287,296,288,296,289,297,290,297,291,298,292,299,293,299,294,299,295,299,296,299,297,299,298,300,299,300,300,300,301,299,302,298,303,297,303,296,304,295,304,294,304,293,305,292,305,291,306,290,306,289,306,288,306,287,307,286,307,285,308,284,308,283,308,282,309,281,309,280,309,279,310,278,310,277,310,276,310,275,310,274,310,273,309,272,309,271,308,271,307,271,306,271,305,271,304,271
330,275,329,276,328,276,327,277,326,277,325,278,324,278,323,279,322,280,322,281,321,282,321,283,320,284,320,285,320,286,320,287,320,288,320,289,320,290,320,291,320,292,321,293,321,294,322,295,323,296,323,297,324,297,325,298,326,298,327,299,328,299,329,299,330,299,331,299,332,299,333,298,334,298,335,298,336,297,337,297,338,297,339,296,340,295,340,294,340,293,340,292,340,291,339,290,339,289,339,288,339,287,338,286,338,285,338,284,338,283,338,282,338,281,338,280,337,279,337,278,337,277,336,276,335,276,334,276,333,275,332,275,331,275
235,277,234,278,233,279,232,279,232,280,231,281,231,282,230,283,230,284,230,285,230,286,231,287,231,288,231,289,232,290,232,291,233,292,233,293,234,294,234,295,235,296,236,297,237,298,238,299,239,299,240,299,241,300,242,300,243,300,244,301,245,302,246,301,247,300,248,299,249,298,249,297,250,296,250,295,250,294,250,293,250,292,249,291,249,290,250,289,249,288,248,287,247,286,247,285,246,284,245,283,244,282,244,281,243,280,242,280,241,279,240,278,239,278,238,277,237,277,236,277
220,290,220,291,220,292,219,293,219,294,219,295,218,296,218,297,217,298,217,299,217,300,216,301,216,302,215,303,216,304,217,305,218,306,219,307,220,307,221,307,222,307,223,307,224,307,225,306,226,306,227,305,228,305,229,304,229,303,229,302,229,301,230,300,230,299,230,298,230,297,230,296,230,295,229,294,229,293,228,292,227,291,226,290,225,290,224,290,223,290,222,290,221,290
271,290,270,291,269,291,268,291,267,291,266,291,265,291,264,292,263,291,262,291,263,292,262,293,261,293,260,293,259,293,258,293,257,294,256,294,255,294,254,294,253,295,252,295,251,295,251,296,250,297,250,298,249,299,248,300,247,301,246,302,246,303,246,304,246,305,246,306,246,307,247,308,248,309,249,310,250,311,251,312,252,313,253,314,254,315,255,316,255,317,256,316,257,315,258,315,259,314,260,314,261,313,262,313,263,312,264,312,265,311,266,311,267,311,268,311,269,310,270,310,271,310,272,310,273,309,274,309,275,309,276,309,277,309,278,309,279,309,279,308,280,307,281,307,281,306,282,305,283,304,284,303,284,302,285,301,286,300,286,299,287,298,287,297,286,296,286,295,286,294,285,293,285,292,284,291,283,291,282,291,281,290,280,290,279,290,278,290,277,290,276,290,275,290,274,290,273,290,272,290
366,290,365,291,364,291,363,292,362,293,361,294,361,295,360,296,360,297,359,298,359,299,358,300,358,301,358,302,357,303,358,304,358,305,358,306,358,307,359,308,359,309,359,310,360,311,360,312,361,313,362,314,363,315,364,315,365,316,366,316,367,316,368,316,369,316,370,316,371,316,372,316,373,316,374,316,375,315,376,315,377,314,378,314,379,314,380,313,381,312,381,311,381,310,381,309,381,308,381,307,381,306,381,305,382,304,382,303,382,302,382,301,381,300,381,299,381,298,381,297,381,296,380,295,379,294,379,293,378,293,377,292,376,292,375,292,374,291,373,291,372,291,371,290,370,290,369,290,368,290,367,290
391,291,390,292,389,292,388,293,387,294,387,295,386,296,386,297,385,298,384,299,384,300,383,301,383,302,383,303,383,304,382,305,382,306,382,307,382,308,382,309,382,310,382,311,382,312,381,313,381,314,382,314,383,314,384,314,385,314,386,314,387,314,388,314,389,314,390,314,391,313,392,313,393,312,394,311,395,311,396,310,397,309,398,308,398,307,399,306,399,305,400,304,400,303,400,302,400,301,400,300,400,299,400,298,399,297,399,296,399,295,399,294,398,293,398,292,397,291,396,291,395,291,394,291,393,291,392,291
236,299,235,300,234,300,233,300,233,301,232,302,232,303,231,304,232,305,232,306,233,307,234,307,235,308,236,308,237,308,238,308,239,307,240,307,240,306,241,305,241,304,241,303,240,302,240,301,239,300,238,300,237,299
273,310,272,311,271,311,270,311,269,311,268,312,267,312,266,312,265,312,264,313,263,313,262,314,261,314,260,315,259,315,258,316,257,316,256,317,256,318,256,319,257,320,257,321,258,322,258,323,259,323,260,324,261,324,262,324,263,324,264,324,265,324,266,324,267,324,268,324,269,323,270,323,271,323,272,322,273,322,274,321,275,321,276,321,277,321,278,320,279,320,279,319,280,318,281,317,281,316,281,315,280,314,280,313,280,312,279,311,279,310,278,310,277,310,276,310,275,310,274,310
391,314,390,315,389,316,388,316,387,317,386,317,385,318,384,318,383,319,382,319,381,320,381,321,380,322,379,323,378,324,378,325,377,326,377,327,376,328,376,329,376,330,375,331,375,332,376,333,376,334,376,335,377,336,378,337,378,338,379,339,380,340,381,340,382,340,383,341,384,341,385,341,386,341,387,341,388,341,389,340,390,340,391,339,392,338,393,337,394,336,395,335,396,335,397,334,397,333,398,332,398,331,398,330,398,329,398,328,398,327,398,326,399,325,399,324,399,323,399,322,399,321,398,320,398,319,398,318,398,317,397,316,396,315,395,314,394,314,393,314,392,314
304,318,303,319,302,319,301,319,300,319,299,320,298,320,297,320,296,321,295,322,294,323,294,324,293,325,293,326,292,327,292,328,292,329,293,330,294,331,294,332,295,333,296,334,296,335,297,336,297,337,298,337,299,338,300,338,301,338,302,338,303,339,304,339,305,339,306,339,307,339,308,338,308,337,308,336,309,335,309,334,310,333,310,332,310,331,311,330,311,329,311,328,312,327,312,326,313,325,313,324,313,323,312,322,311,321,310,320,309,320,308,319,307,319,306,318,305,318
353,319,352,320,351,320,350,320,349,320,348,321,347,321,346,322,345,323,344,324,344,325,343,326,343,327,343,328,342,329,342,330,342,331,342,332,342,333,342,334,342,335,342,336,342,337,343,338,343,339,343,340,344,341,344,342,345,343,345,344,346,345,347,345,348,346,349,347,350,347,351,347,352,347,353,348,354,348,355,348,356,348,357,348,358,347,359,347,360,347,361,346,362,345,363,345,364,344,365,344,366,343,367,342,368,341,368,340,369,339,369,338,369,337,370,336,370,335,370,334,370,333,370,332,370,331,369,330,369,329,369,328,369,327,368,326,368,325,367,324,366,324,365,323,364,322,363,321,362,321,361,320,360,320,359,320,358,320,357,319,356,319,355,319,354,319
280,320,279,321,278,321,277,322,276,323,275,324,274,325,273,325,272,326,271,326,270,327,270,328,269,329,269,330,269,331,269,332,268,333,269,334,269,335,269,336,269,337,269,338,270,339,270,340,271,341,272,342,273,342,274,342,275,342,276,343,277,342,278,342,279,342,280,341,281,341,282,340,283,339,284,338,285,337,286,336,287,335,287,334,288,333,289,332,289,331,290,330,290,329,291,328,291,327,291,326,290,325,289,324,289,323,288,322,287,321,286,321,285,320,284,320,283,320,282,320,281,321
320,322,319,323,318,323,317,323,316,324,315,324,314,324,314,325,313,326,313,327,312,328,312,329,312,330,311,331,311,332,311,333,310,334,310,335,309,336,309,337,309,338,308,339,309,340,310,341,310,342,311,343,312,344,313,345,314,346,315,346,316,347,317,347,318,347,319,348,320,348,321,348,322,348,323,349,324,349,325,349,326,349,327,349,328,349,329,349,330,349,331,349,332,348,333,348,334,347,334,346,335,345,336,344,336,343,337,342,337,341,337,340,337,339,337,338,338,337,338,336,338,335,337,334,337,333,337,332,337,331,336,330,336,329,336,328,335,327,334,326,333,325,332,325,331,324,330,324,329,323,328,323,327,322,326,322,325,322,324,322,323,322,322,322,321,322
290,339,289,340,288,340,287,340,286,341,285,341,284,342,283,343,282,343,282,344,281,345,280,346,280,347,280,348,279,349,279,350,279,351,279,352,280,353,280,354,281,355,282,356,282,357,283,358,284,358,285,359,286,359,287,359,288,360,289,360,290,360,291,360,292,360,293,360,294,359,295,359,296,359,297,358,298,358,299,357,300,357,300,356,301,355,302,354,302,353,302,352,302,351,303,350,303,349,302,348,302,347,302,346,301,345,301,344,300,343,299,342,298,342,297,341,296,341,295,341,294,340,293,340,292,340,291,339
334,348,333,349,332,349,332,350,331,351,330,352,329,353,329,354,328,355,327,356,327,357,327,358,326,359,325,360,325,361,325,362,326,363,326,364,326,365,326,366,326,367,326,368,326,369,326,370,326,371,326,372,327,373,328,374,329,374,330,374,331,375,332,375,333,375,334,375,335,375,336,375,337,375,338,375,339,375,340,375,341,374,342,373,343,372,343,371,344,370,344,369,345,368,346,367,346,366,346,365,346,364,347,363,347,362,347,361,347,360,347,359,347,358,347,357,346,356,346,355,346,354,345,353,345,352,344,351,343,351,342,350,341,350,340,349,339,349,338,349,337,349,336,349,335,349
369,354,368,355,367,355,366,355,365,356,364,357,363,358,362,359,361,360,361,361,360,362,359,363,359,364,358,365,358,366,358,367,357,368,357,369,357,370,357,371,358,372,358,373,359,374,360,375,361,376,362,376,363,376,364,376,365,376,366,376,367,376,368,375,369,375,370,374,371,373,372,373,373,372,373,371,374,370,375,369,376,368,376,367,377,366,377,365,376,364,377,363,377,362,377,361,377,360,377,359,377,358,376,357,376,356,375,355,374,355,373,355,372,354,371,354,370,354
308,359,307,360,306,360,306,361,305,362,304,363,304,364,304,365,304,366,304,367,305,368,305,369,306,370,306,371,307,372,308,373,309,374,309,375,310,376,311,376,312,376,313,376,314,376,315,376,316,376,317,376,318,376,319,375,320,375,321,374,322,374,323,373,324,373,325,372,325,371,325,370,325,369,325,368,325,367,325,366,325,365,325,364,325,363,324,362,323,362,322,361,321,361,320,361,319,360,318,360,317,360,316,360,315,360,314,359,313,359,312,359,311,359,310,359,309,359
194,416,193,417,192,417,191,417,190,418,189,419,188,419,188,420,187,421,187,422,186,423,186,424,186,425,186,426,186,427,186,428,186,429,186,430,187,431,187,432,188,433,189,434,190,435,191,436,192,436,193,437,194,437,195,437,196,437,197,437,198,437,199,437,200,437,201,437,202,436,203,436,204,435,205,435,206,434,206,433,207,432,207,431,208,430,208,429,208,428,208,427,208,426,208,425,208,424,208,423,207,422,207,421,206,420,205,419,204,418,203,418,202,417,201,417,200,417,199,417,198,416,197,416,196,416,195,416
170,418,169,419,168,419,167,420,166,420,165,421,164,422,164,423,163,424,163,425,163,426,163,427,162,428,162,429,163,430,163,431,164,432,164,433,165,434,166,435,167,435,168,436,169,436,170,436,171,436,172,437,173,437,174,437,175,437,176,437,177,437,178,436,178,435,179,434,179,433,180,432,181,431,181,430,181,429,182,428,182,427,182,426,182,425,182,424,182,423,181,422,181,421,180,420,179,419,178,419,177,418,176,418,175,418,174,418,173,418,172,418,171,418
227,418,226,419,225,419,224,419,223,419,222,419,221,420,220,420,219,421,219,422,218,423,218,424,218,425,218,426,217,427,217,428,218,429,218,430,218,431,219,432,220,433,221,434,222,434,223,434,224,434,225,435,226,434,227,435,228,435,229,434,230,434,231,433,232,433,233,432,234,432,235,431,236,430,236,429,236,428,237,427,237,426,237,425,237,424,237,423,237,422,236,421,235,420,234,419,233,419,232,419,231,419,230,419,229,418,228,418
246,424,245,425,244,425,244,426,243,427,242,428,242,429,241,430,241,431,240,432,240,433,240,434,240,435,241,436,241,437,241,438,242,439,243,440,244,440,245,441,246,442,247,442,248,442,249,442,250,442,251,442,252,441,253,441,254,440,255,440,256,439,257,438,258,437,258,436,259,435,259,434,259,433,259,432,258,431,258,430,257,429,257,428,256,427,255,426,254,426,253,425,252,425,251,425,250,425,249,425,248,425,247,424
145,433,144,434,143,434,142,435,141,435,140,436,140,437,139,438,139,439,139,440,139,441,139,442,139,443,140,444,140,445,141,446,141,447,141,448,142,449,142,450,143,451,143,452,144,453,145,454,145,455,146,456,147,457,148,457,149,457,150,457,151,457,152,457,153,457,154,456,155,456,156,455,157,455,158,454,159,454,160,453,161,452,161,451,162,450,163,449,163,448,164,447,164,446,164,445,164,444,164,443,163,442,163,441,162,440,161,439,160,438,159,437,158,436,157,436,156,436,155,435,154,435,153,435,152,434,151,434,150,434,149,433,148,433,147,433,146,433
261,443,260,444,259,444,258,445,258,446,257,447,257,448,257,449,256,450,256,451,256,452,256,453,256,454,256,455,256,456,257,457,257,458,258,459,258,460,259,461,259,462,260,462,261,463,262,463,263,463,264,463,265,463,266,463,267,462,268,462,269,462,270,462,271,461,272,460,273,460,274,459,275,458,276,457,276,456,276,455,276,454,276,453,275,452,275,451,275,450,275,449,274,448,273,447,272,446,271,445,270,445,269,445,268,444,267,444,266,443,265,443,264,443,263,443,262,443
121,454,120,455,119,455,118,456,117,456,116,457,115,458,115,459,114,460,113,461,113,462,113,463,112,464,112,465,112,466,112,467,112,468,112,469,112,470,112,471,112,472,113,473,113,474,114,475,115,476,116,477,117,477,118,477,119,478,120,478,121,478,122,478,123,478,124,477,125,477,126,476,127,476,128,476,129,475,130,474,131,473,132,473,133,473,134,472,135,472,136,472,137,472,138,471,139,471,140,471,141,471,142,470,143,469,144,469,144,468,145,467,145,466,144,465,144,464,143,463,142,462,141,461,140,460,139,459,138,459,137,458,136,458,135,458,134,457,133,457,132,457,131,456,130,456,129,455,128,455,127,455,126,455,125,454,124,454,123,454,122,454
282,454,281,455,280,456,279,457,279,458,278,459,278,460,278,461,278,462,278,463,278,464,278,465,279,466,279,467,280,468,281,469,282,469,283,470,284,470,285,471,286,471,287,471,288,470,289,470,290,470,291,469,292,468,293,467,293,466,293,465,293,464,294,463,293,462,293,461,293,460,293,459,292,458,291,457,290,456,289,455,288,455,287,454,286,454,285,454,284,454,283,454
384,461,383,462,382,463,381,463,380,464,379,465,379,466,378,467,378,468,378,469,377,470,377,471,377,472,377,473,378,474,378,475,379,476,380,477,381,477,382,478,383,478,384,478,385,479,386,479,387,479,388,479,389,479,390,479,391,478,392,478,393,477,394,476,395,476,396,475,397,474,397,473,397,472,398,471,398,470,398,469,398,468,398,467,397,466,397,465,396,464,396,463,395,462,394,462,393,461,392,461,391,461,390,461,389,461,388,461,387,461,386,461,385,461
405,464,404,465,403,465,402,466,401,467,400,468,399,468,399,469,399,470,399,471,398,472,398,473,398,474,398,475,398,476,398,477,398,478,399,479,399,480,400,481,401,482,402,483,403,483,404,484,405,484,406,484,407,484,408,484,409,484,410,484,411,483,412,483,413,482,414,481,414,480,415,479,416,478,416,477,417,476,417,475,417,474,417,473,417,472,417,471,417,470,417,469,417,468,416,467,415,466,414,465,413,465,412,465,411,464,410,464,409,464,408,464,407,464,406,464
434,465,433,466,432,466,431,467,430,467,429,468,428,469,428,470,428,471,427,472,427,473,427,474,428,475,428,476,428,477,428,478,428,479,428,480,429,481,430,481,431,481,432,481,433,481,434,482,435,482,436,482,437,482,438,483,439,483,440,483,441,483,442,483,443,483,444,483,445,483,446,483,447,484,448,484,449,484,450,484,450,483,450,482,450,481,450,480,450,479,450,478,450,477,450,476,450,475,449,474,449,473,449,472,448,471,448,470,447,469,446,469,445,468,444,468,443,467,442,467,441,466,440,466,439,466,438,465,437,465,436,465,435,465
273,471,272,472,271,473,270,474,270,475,269,476,269,477,269,478,268,479,268,480,268,481,268,482,269,483,269,484,269,485,269,486,270,487,271,488,272,489,272,490,273,491,274,492,275,492,276,491,277,492,278,492,279,492,280,492,281,492,282,491,283,491,284,491,285,490,286,489,287,489,288,488,289,487,289,486,289,485,290,484,290,483,290,482,289,481,289,480,289,479,288,478,288,477,287,476,287,475,286,474,285,473,284,472,283,472,282,472,281,471,280,471,279,471,278,471,277,471,276,471,275,471,274,471
188,473,187,474,186,474,185,475,184,475,183,476,182,477,181,478,181,479,180,480,180,481,181,482,182,483,182,484,183,485,183,486,184,487,184,488,184,489,185,490,185,491,185,492,185,493,186,494,186,495,186,496,186,497,186,498,186,499,186,500,187,500,188,501,189,501,190,502,191,502,192,503,193,503,194,504,195,504,196,504,197,505,198,505,199,505,200,505,201,506,202,506,203,507,204,507,205,508,206,509,207,510,208,510,208,509,209,508,210,507,210,506,211,505,212,504,212,503,213,502,213,501,213,500,213,499,214,498,214,497,214,496,214,495,214,494,214,493,214,492,214,491,214,490,213,489,213,488,213,487,213,486,212,485,212,484,211,483,210,482,210,481,209,481,208,480,207,479,206,479,205,478,204,478,203,477,202,477,201,476,200,476,199,475,198,475,197,474,196,474,195,473,194,473,193,473,192,473,191,473,190,473,189,473
109,480,108,481,107,481,106,482,105,483,104,484,103,484,103,485,102,486,101,487,101,488,100,489,100,490,99,491,99,492,99,493,99,494,99,495,99,496,99,497,99,498,99,499,99,500,100,501,101,502,102,503,103,503,104,504,105,504,106,504,107,505,108,505,109,505,110,505,111,505,112,505,113,505,114,504,115,504,116,503,117,502,118,501,119,500,119,499,120,498,121,497,122,496,123,495,124,494,125,493,125,492,126,491,126,490,126,489,126,488,126,487,125,486,125,485,124,484,123,483,122,483,121,482,120,482,119,481,118,481,117,481,116,481,115,481,114,480,113,480,112,480,111,480,110,480
463,480,462,481,461,481,460,482,459,482,458,483,457,484,456,485,456,486,455,487,454,488,453,488,453,489,453,490,453,491,453,492,453,493,453,494,454,495,454,496,454,497,454,498,455,498,456,499,457,500,457,501,458,502,459,503,460,504,461,504,462,505,463,505,464,506,465,506,466,506,467,506,468,506,469,506,470,506,471,506,472,506,473,506,474,505,475,505,476,504,477,504,478,503,479,502,480,501,480,500,481,499,481,498,481,497,481,496,481,495,481,494,481,493,481,492,480,491,480,490,479,489,478,488,478,487,477,486,476,485,475,484,474,483,473,483,472,482,471,481,470,481,469,481,468,480,467,480,466,480,465,480,464,480
176,481,175,482,174,482,173,483,172,483,171,484,171,485,170,486,169,486,169,487,168,488,168,489,167,490,167,491,167,492,166,493,166,494,166,495,166,496,165,497,165,498,165,499,165,500,165,501,166,502,166,503,167,504,167,505,168,506,168,507,169,508,170,509,171,510,172,510,173,509,174,508,175,507,176,506,177,505,178,504,179,503,180,503,181,502,182,501,183,500,184,500,185,499,185,498,185,497,185,496,185,495,185,494,184,493,184,492,184,491,184,490,183,489,183,488,183,487,182,486,182,485,181,484,181,483,180,482,179,481,178,481,177,481
240,481,239,482,238,482,237,482,236,483,235,483,234,483,233,484,232,484,231,484,230,485,229,486,228,487,227,488,226,489,226,490,225,491,225,492,224,493,224,494,224,495,223,496,223,497,223,498,223,499,222,500,222,501,222,502,222,503,221,504,221,505,221,506,221,507,221,508,222,509,222,510,223,510,224,511,225,511,226,511,227,511,228,511,229,511,230,511,231,511,232,511,233,511,234,511,235,511,236,511,237,511,238,511,239,511,240,511,241,511,242,511,243,511,244,511,245,511,246,511,247,511,248,511,249,511,250,511,251,511,252,511,253,511,253,510,253,509,253,508,253,507,253,506,253,505,253,504,253,503,253,502,254,501,254,500,254,499,255,498,255,497,255,496,256,495,256,494,257,493,258,492,257,491,257,490,256,489,255,488,254,487,254,486,253,485,252,484,251,483,250,482,249,482,248,481,247,481,246,481,245,481,244,481,243,481,242,481,241,481
428,481,428,482,428,483,428,484,427,485,427,486,426,487,425,488,425,489,424,490,424,491,424,492,423,493,423,494,423,495,423,496,423,497,423,498,423,499,424,500,424,501,425,502,425,503,426,504,427,505,428,506,429,507,430,508,430,509,431,509,432,510,433,510,434,510,435,510,436,510,437,510,438,510,439,510,440,510,441,510,442,510,443,510,444,509,445,509,446,508,447,508,448,507,449,506,450,505,451,504,452,503,452,502,453,501,453,500,453,499,453,498,453,497,453,496,453,495,452,494,452,493,452,492,452,491,452,490,452,489,452,488,451,487,450,486,450,485,449,485,448,485,447,485,446,484,445,484,444,484,443,484,442,484,441,484,440,484,439,484,438,484,437,483,436,483,435,483,434,483,433,482,432,482,431,482,430,482,429,482
370,482,369,483,368,483,367,483,366,484,365,485,364,485,363,486,362,486,361,487,360,487,359,488,358,489,358,490,357,491,357,492,356,493,356,494,356,495,356,496,356,497,356,498,356,499,357,500,357,501,358,502,359,503,360,504,361,504,362,505,363,506,364,506,365,506,366,506,367,506,368,506,369,506,370,505,371,505,372,505,373,505,374,504,375,504,376,503,377,503,378,503,379,502,380,502,381,501,382,501,382,500,382,499,383,498,383,497,383,496,383,495,383,494,384,493,384,492,384,491,384,490,384,489,383,488,382,487,381,486,380,485,379,484,378,483,377,483,376,482,375,482,374,482,373,482,372,482,371,482
259,492,258,493,257,494,257,495,256,496,256,497,256,498,255,499,255,500,255,501,254,502,254,503,254,504,254,505,254,506,254,507,254,508,254,509,254,510,254,511,255,511,256,511,257,511,258,511,259,511,260,511,261,510,262,510,263,510,264,510,264,509,265,508,266,507,267,506,267,505,267,504,268,503,268,502,268,501,268,500,268,499,267,498,267,497,266,496,265,496,264,495,263,495,262,494,261,494,260,493
88,498,87,499,86,500,86,501,85,502,85,503,85,504,85,505,85,506,85,507,85,508,86,509,86,510,87,510,88,511,89,511,90,511,91,511,92,511,93,511,94,511,95,511,96,510,97,510,98,509,98,508,98,507,98,506,98,505,98,504,98,503,98,502,98,501,97,500,96,500,95,499,94,498,93,498,92,498,91,498,90,498,89,498
185,500,184,501,183,501,182,502,181,503,180,504,179,504,178,505,177,506,176,507,175,508,174,509,173,510,174,511,175,511,176,511,177,511,178,511,179,511,180,511,181,511,182,511,183,511,184,511,185,511,186,511,187,511,188,511,189,511,190,511,191,511,192,511,193,511,194,511,195,511,196,511,197,511,198,511,199,511,200,511,201,511,202,511,203,511,204,511,205,511,206,511,207,511,206,510,205,509,204,508,203,508,202,507,201,507,200,506,199,506,198,506,197,506,196,505,195,505,194,505,193,504,192,504,191,503,190,503,189,502,188,502,187,501,186,501
279,503,278,504,277,504,276,504,275,505,274,505,273,506,273,507,272,508,271,508,270,509,270,510,271,510,272,511,273,511,274,511,275,511,276,511,277,511,278,511,279,511,280,511,281,511,282,511,283,511,284,511,285,511,286,511,287,511,288,511,289,511,290,511,291,511,292,510,291,509,291,508,291,507,290,506,289,505,288,504,287,504,286,503,285,503,284,503,283,503,282,503,281,503,280,503
