31,81,30,82,29,83,28,83,27,84,26,85,26,86,25,87,25,88,25,89,25,90,25,91,26,92,26,93,26,94,27,95,28,96,29,97,30,98,31,99,32,100,33,100,34,100,35,100,36,100,37,100,38,100,39,99,40,98,41,98,41,97,42,96,42,95,43,94,43,93,43,92,43,91,43,90,43,89,43,88,43,87,43,86,42,85,42,84,41,83,40,82,39,82,38,81,37,81,36,81,35,81,34,81,33,81,32,81
143,99,142,100,141,100,140,100,139,101,138,101,137,102,136,103,135,104,135,105,135,106,135,107,136,108,136,109,137,110,137,111,137,112,137,113,138,113,139,113,140,114,140,115,141,116,142,117,143,117,144,118,145,118,146,119,147,120,148,120,149,120,150,121,151,121,152,121,153,121,154,121,155,121,156,121,157,121,158,121,159,120,160,120,161,119,161,118,162,117,162,116,162,115,163,114,163,113,163,112,164,111,164,110,164,109,164,108,165,107,164,106,163,105,162,104,161,103,160,102,159,102,158,101,157,101,156,101,155,100,154,100,153,100,152,100,151,100,150,99,149,99,148,99,147,99,146,99,145,99,144,99
120,103,119,104,118,104,117,104,116,105,115,105,114,106,113,106,112,106,111,107,110,108,110,109,109,110,108,111,107,112,107,113,107,114,107,115,106,116,106,117,106,118,106,119,105,120,105,121,105,122,106,123,106,124,106,125,106,126,106,127,107,128,107,129,107,130,107,131,108,132,108,133,109,133,110,134,111,135,112,135,113,135,114,135,115,135,116,135,117,135,118,135,119,134,120,134,121,133,122,133,123,132,124,131,125,130,126,129,127,128,127,127,128,126,129,125,130,124,130,123,131,122,132,121,132,120,133,119,134,118,134,117,135,116,136,115,136,114,136,113,136,112,136,111,136,110,135,109,135,108,134,107,134,106,134,105,133,105,132,105,131,105,130,104,129,104,128,104,127,104,126,104,125,104,124,104,123,104,122,103,121,103
170,104,169,105,168,106,167,106,166,107,165,108,165,109,165,110,165,111,164,112,164,113,164,114,163,115,163,116,163,117,162,118,162,119,161,120,162,121,162,122,162,123,162,124,162,125,163,126,164,127,164,128,164,129,165,130,166,131,167,132,168,132,169,133,170,133,171,132,172,132,173,133,174,132,175,131,176,131,177,130,178,130,178,129,179,128,180,128,181,127,182,126,183,125,184,124,185,123,186,122,187,121,188,121,189,120,189,119,189,118,189,117,189,116,189,115,189,114,188,113,188,112,188,111,187,110,187,109,186,108,185,107,184,106,183,106,182,105,181,105,180,105,179,104,178,104,177,104,176,104,175,104,174,104,173,104,172,104,171,104
194,106,193,107,192,107,191,108,190,109,189,110,189,111,189,112,189,113,190,114,190,115,190,116,190,117,190,118,190,119,191,120,191,121,192,122,193,123,193,124,194,124,195,125,196,125,197,125,198,125,199,125,200,124,201,123,202,123,203,122,204,121,205,120,206,120,207,119,207,118,208,117,208,116,209,115,209,114,210,113,209,112,208,111,207,110,206,110,205,109,204,109,203,108,202,108,201,108,200,107,199,107,198,107,197,106,196,106,195,106
210,114,210,115,209,116,209,117,208,118,209,119,209,120,210,121,211,122,212,123,213,124,214,125,215,126,216,127,217,126,218,126,219,126,220,126,221,125,222,125,223,125,224,125,225,125,226,124,227,124,228,124,229,124,230,123,231,123,232,122,231,121,231,120,230,119,229,118,228,117,227,117,226,116,225,116,224,116,223,115,222,115,221,115,220,114,219,114,218,114,217,114,216,114,215,114,214,114,213,114,212,114,211,114
208,119,207,120,206,121,205,121,204,122,203,123,202,124,201,124,200,125,199,126,198,126,198,127,198,128,198,129,198,130,198,131,197,132,197,133,198,134,198,135,199,136,200,137,201,138,202,139,202,140,203,141,204,141,205,141,206,141,207,141,208,141,209,140,210,140,210,139,211,138,211,137,212,136,212,135,212,134,213,133,213,132,214,131,214,130,214,129,215,128,215,127,214,126,213,125,212,124,211,123,210,122,209,121,208,120
230,124,229,125,228,125,227,125,226,125,225,126,224,126,223,126,222,126,221,126,220,127,219,127,218,127,217,127,216,128,215,129,215,130,215,131,214,132,214,133,213,134,213,135,213,136,212,137,212,138,211,139,211,140,210,141,211,142,211,143,212,144,212,145,212,146,212,147,213,148,213,149,213,150,214,151,215,152,216,153,217,154,218,155,219,155,220,155,221,155,222,156,223,156,224,156,225,156,226,156,227,155,228,155,229,155,230,155,231,155,232,155,233,155,234,154,235,154,236,154,237,153,238,152,239,152,240,151,241,150,242,149,242,148,243,147,244,147,244,146,244,145,245,144,245,143,245,142,245,141,245,140,245,139,244,138,244,137,243,136,243,135,243,134,242,133,242,132,241,131,241,130,240,129,239,128,238,128,237,127,236,126,235,125,234,125,233,124,232,124,231,124
177,131,176,132,175,132,174,133,174,134,174,135,173,136,173,137,172,138,172,139,171,140,171,141,171,142,171,143,171,144,171,145,171,146,171,147,172,148,172,149,173,150,173,151,174,152,174,153,175,154,175,155,176,156,177,157,178,158,179,159,180,160,181,160,182,160,183,161,184,161,185,161,186,161,187,161,188,160,189,159,190,158,190,157,191,156,192,155,193,154,194,153,195,152,196,151,197,150,198,149,199,149,200,148,201,148,201,147,202,146,202,145,202,144,203,143,203,142,202,141,201,140,201,139,200,138,199,137,198,136,197,135,197,134,196,133,195,133,194,133,193,133,192,132,191,132,190,132,189,131,188,131,187,131,186,131,185,131,184,131,183,131,182,131,181,131,180,131,179,132,178,131
250,135,250,136,249,137,248,138,248,139,247,140,246,140,246,141,246,142,246,143,246,144,245,145,245,146,245,147,245,148,245,149,246,150,246,151,247,152,247,153,248,154,249,154,250,155,251,155,252,156,253,157,254,158,254,159,255,160,256,161,256,162,257,163,257,164,258,165,258,166,258,167,259,168,259,169,259,170,260,171,261,171,262,172,263,172,264,173,265,173,266,173,267,172,268,171,269,171,270,170,271,169,272,168,272,167,273,166,273,165,273,164,273,163,274,162,274,161,274,160,274,159,274,158,274,157,274,156,274,155,273,154,273,153,273,152,273,151,272,150,272,149,271,148,270,147,269,146,268,145,267,144,266,143,265,142,264,141,263,140,262,139,261,138,260,138,259,137,258,136,257,136,256,135,255,135,254,135,253,135,252,135,251,135
92,139,91,140,91,141,90,142,90,143,90,144,90,145,91,146,91,147,91,148,91,149,92,150,92,151,92,152,93,153,93,154,94,155,94,156,94,157,95,158,96,159,96,160,97,161,97,162,98,163,99,164,99,165,100,166,101,167,101,168,102,168,103,169,104,169,105,170,106,170,107,171,108,170,108,169,109,168,110,167,111,166,112,165,113,164,114,163,114,162,114,161,114,160,114,159,114,158,114,157,114,156,114,155,115,154,115,153,115,152,114,151,114,150,114,149,114,148,113,147,113,146,112,145,111,144,110,144,109,143,108,142,107,142,106,142,105,142,104,141,103,140,102,140,101,140,100,140,99,140,98,140,97,139,96,139,95,139,94,139,93,139
202,148,201,149,200,149,199,150,198,150,197,151,196,152,195,153,194,154,193,155,192,156,191,157,191,158,190,159,189,160,188,161,189,162,189,163,189,164,189,165,188,166,188,167,188,168,188,169,188,170,188,171,188,172,189,173,189,174,190,175,190,176,191,176,192,175,193,174,194,174,195,173,196,173,197,172,198,172,199,172,200,171,201,171,202,171,203,171,204,171,205,171,206,171,207,171,208,171,209,171,210,171,211,170,212,170,213,170,214,169,215,169,215,168,216,167,216,166,217,165,217,164,217,163,217,162,217,161,217,160,217,159,217,158,217,157,216,157,215,156,214,155,214,154,213,154,212,153,211,153,210,152,209,152,208,151,207,150,206,150,205,150,204,150,203,149
247,154,246,155,245,155,244,155,243,155,242,155,241,156,240,156,239,156,238,156,237,157,236,158,235,158,234,159,233,160,232,161,231,162,230,163,229,164,228,165,228,166,228,167,228,168,227,169,227,170,227,171,226,172,226,173,227,173,228,174,229,174,230,174,231,175,232,175,233,176,234,176,235,176,236,177,237,177,238,177,239,177,240,177,241,177,242,177,243,177,244,177,245,177,246,177,247,177,248,177,249,176,250,175,251,175,252,174,253,173,254,173,255,172,256,171,257,171,258,171,259,171,258,170,258,169,258,168,257,167,257,166,257,165,256,164,256,163,255,162,255,161,254,160,253,159,253,158,252,157,251,156,250,156,249,155,248,155
165,157,164,158,163,158,162,159,161,159,160,160,159,160,158,161,157,162,156,163,156,164,156,165,156,166,156,167,156,168,156,169,156,170,156,171,157,172,156,173,157,174,157,175,157,176,157,177,158,178,158,179,158,180,159,181,159,182,159,183,159,184,159,185,159,186,159,187,159,188,159,189,159,190,160,191,160,192,161,193,162,193,163,193,164,192,165,192,166,192,167,191,168,191,169,191,170,190,171,190,172,189,173,189,174,188,175,188,176,187,177,186,178,185,179,184,180,183,180,182,181,181,182,180,182,179,183,178,183,177,183,176,183,175,183,174,183,173,183,172,183,171,183,170,183,169,182,168,182,167,181,166,180,165,179,164,179,163,178,162,177,162,176,161,175,160,174,160,173,159,172,159,171,159,170,158,169,158,168,158,167,158,166,157
121,160,120,161,119,161,118,162,117,163,116,163,115,164,114,164,113,165,112,166,111,167,110,168,109,169,109,170,108,171,108,172,108,173,109,174,109,175,109,176,110,177,110,178,111,179,112,180,113,181,114,181,115,182,116,182,117,182,118,182,119,182,120,182,121,181,122,181,123,181,124,181,125,180,126,180,127,179,128,178,129,177,130,177,131,177,132,177,133,176,134,175,135,174,136,173,136,172,137,171,137,170,137,169,138,168,138,167,138,166,138,165,137,164,136,163,135,163,134,162,133,162,132,162,131,161,130,161,129,161,128,160,127,160,126,160,125,160,124,160,123,160,122,160
200,172,199,173,198,173,197,173,196,174,195,174,194,175,193,175,192,176,191,177,191,178,191,179,191,180,191,181,191,182,192,183,192,184,192,185,193,186,193,187,194,188,195,189,196,189,197,189,198,189,199,190,200,190,201,190,202,190,203,190,204,190,205,190,206,190,207,191,208,191,209,191,210,191,211,191,212,191,213,190,214,190,215,189,216,188,217,187,217,186,218,185,218,184,218,183,219,182,219,181,219,180,218,179,218,178,217,177,217,176,216,175,215,174,214,174,213,173,212,173,211,173,210,172,209,172,208,172,207,172,206,172,205,172,204,172,203,172,202,172,201,172
285,172,284,173,283,173,283,174,282,175,281,176,280,177,279,178,278,179,277,180,276,181,275,182,274,183,273,184,273,185,272,186,272,187,271,188,271,189,270,190,270,191,270,192,270,193,270,194,270,195,271,196,271,197,271,198,272,199,273,199,274,199,275,199,276,199,277,199,278,199,279,199,280,199,281,199,282,198,283,198,284,198,285,197,286,196,287,195,288,194,289,193,290,192,290,191,289,190,289,189,289,188,289,187,289,186,289,185,289,184,289,183,289,182,289,181,290,180,290,179,290,178,291,177,292,176,292,175,293,174,292,174,291,173,290,172,289,172,288,172,287,172,286,172
225,173,224,174,224,175,223,176,222,176,222,177,221,178,220,179,220,180,220,181,220,182,220,183,220,184,220,185,220,186,220,187,220,188,220,189,220,190,220,191,220,192,220,193,221,194,221,195,221,196,222,197,222,198,223,199,223,200,224,201,225,202,226,203,227,203,228,203,229,204,230,204,231,204,232,204,233,204,234,204,235,205,236,205,237,205,238,206,239,206,240,206,241,206,242,206,243,206,244,206,245,205,246,205,247,204,248,203,249,202,250,201,251,200,252,199,253,198,254,197,254,196,254,195,254,194,254,193,253,192,253,191,253,190,252,189,252,188,251,187,250,186,249,185,248,184,247,184,246,183,245,183,244,182,243,181,242,180,241,179,240,178,239,178,238,178,237,178,236,178,235,177,234,177,233,177,232,176,231,176,230,175,229,175,228,175,227,174,226,174
293,175,293,176,292,177,291,178,291,179,291,180,290,181,290,182,290,183,290,184,290,185,290,186,290,187,290,188,290,189,290,190,291,191,292,191,293,191,294,190,295,189,296,189,297,189,298,188,299,187,300,186,300,185,301,184,301,183,301,182,301,181,301,180,300,179,299,178,298,177,297,177,296,176,295,176,294,176
137,180,136,181,135,181,134,181,133,181,132,181,131,182,130,182,129,182,128,183,127,184,126,184,125,185,124,186,123,187,122,188,121,189,121,190,120,191,120,192,120,193,120,194,119,195,119,196,119,197,119,198,119,199,119,200,119,201,119,202,120,203,120,204,120,205,121,206,122,207,123,208,123,209,124,210,125,211,126,212,127,212,128,212,129,212,130,212,131,212,132,212,133,212,134,212,135,212,136,212,137,213,138,213,139,213,140,213,141,214,142,214,143,214,144,215,145,214,146,213,147,212,147,211,148,210,148,209,149,208,149,207,150,206,150,205,151,204,150,203,150,202,151,201,151,200,151,199,151,198,152,197,152,196,152,195,152,194,152,193,152,192,152,191,152,190,152,189,152,188,152,187,151,186,150,185,150,184,149,183,148,182,147,182,146,182,145,181,144,181,143,180,142,180,141,180,140,180,139,180,138,180
195,190,194,191,193,191,192,191,191,192,190,192,189,193,188,194,188,195,188,196,187,197,187,198,187,199,186,200,186,201,185,202,185,203,184,204,184,205,184,206,184,207,183,208,183,209,182,210,181,211,180,211,180,212,179,213,179,214,178,215,177,216,176,216,175,217,174,217,173,217,172,217,171,217,170,217,169,217,168,218,168,219,168,220,168,221,168,222,168,223,168,224,168,225,168,226,169,227,170,228,171,229,172,230,173,231,174,232,175,233,176,234,177,235,178,235,179,236,180,236,181,237,182,237,183,237,184,238,185,238,186,237,187,237,188,237,189,237,190,237,191,237,192,237,193,237,194,237,195,237,196,237,197,237,198,238,199,238,200,239,201,239,202,238,203,237,203,236,204,235,205,234,206,234,207,233,208,232,209,231,209,230,209,229,210,228,210,227,210,226,211,225,211,224,212,223,212,222,213,221,213,220,213,219,214,218,214,217,214,216,214,215,214,214,214,213,214,212,214,211,214,210,214,209,214,208,214,207,214,206,214,205,214,204,214,203,214,202,214,201,214,200,213,199,213,198,212,198,211,197,210,197,209,196,208,196,207,196,206,195,205,194,204,193,203,192,202,191,201,191,200,191,199,191,198,190,197,190,196,190
170,191,169,192,168,192,167,192,166,193,165,193,164,193,163,194,162,194,161,194,161,195,160,196,159,197,158,198,158,199,157,200,157,201,157,202,156,203,157,204,158,205,159,205,160,206,161,207,161,208,162,209,163,210,164,211,165,212,166,212,167,212,168,213,169,213,170,213,171,214,172,214,173,214,174,213,175,213,176,212,177,212,178,212,178,211,179,210,180,209,180,208,181,207,181,206,181,205,182,204,182,203,182,202,183,201,183,200,183,199,183,198,183,197,183,196,182,195,181,195,180,194,179,193,178,193,177,192,176,192,175,192,174,192,173,192,172,192,171,191
305,201,305,202,305,203,304,204,304,205,304,206,304,207,304,208,304,209,304,210,303,211,303,212,303,213,303,214,303,215,302,216,302,217,302,218,302,219,301,220,301,221,300,222,300,223,300,224,300,225,300,226,299,227,299,228,299,229,299,230,299,231,299,232,298,233,298,234,299,235,299,236,300,237,301,238,302,238,303,238,304,239,305,239,306,238,307,238,308,238,309,237,310,237,311,236,312,236,313,235,313,234,314,233,314,232,315,231,315,230,316,229,316,228,317,227,317,226,318,225,318,224,319,223,319,222,319,221,320,220,320,219,320,218,321,217,321,216,321,215,321,214,321,213,321,212,321,211,320,210,320,209,319,208,319,207,318,206,317,206,316,205,315,205,314,204,313,204,312,204,311,204,310,203,309,203,308,203,307,202,306,201
155,204,154,205,153,205,152,205,151,205,151,206,150,207,150,208,149,209,149,210,148,211,148,212,149,213,149,214,150,215,150,216,151,217,151,218,152,219,151,220,152,220,153,220,154,220,155,220,156,220,157,220,158,220,159,220,160,220,161,220,161,219,161,218,161,217,162,216,162,215,163,214,164,213,164,212,163,211,162,210,161,209,160,208,160,207,159,206,158,206,157,205,156,204
226,209,225,210,224,210,223,211,222,211,221,212,220,213,219,214,218,214,218,215,217,216,217,217,217,218,217,219,218,220,218,221,219,222,220,223,221,224,222,225,223,226,223,227,224,228,225,229,226,229,227,230,228,231,229,232,230,232,231,232,232,232,233,233,234,232,235,232,236,232,237,232,238,231,239,231,239,230,240,229,241,228,241,227,241,226,242,225,242,224,242,223,242,222,242,221,242,220,241,219,241,218,241,217,241,216,240,215,239,214,238,213,237,212,236,211,235,210,234,210,233,209,232,209,231,209,230,209,229,209,228,209,227,209
126,213,126,214,126,215,126,216,126,217,126,218,126,219,126,220,127,221,127,222,127,223,127,224,128,225,128,226,128,227,129,228,130,229,131,230,132,231,133,232,134,232,135,233,136,233,137,233,138,233,139,233,140,233,141,233,142,233,143,233,144,232,144,231,145,230,145,229,146,228,146,227,146,226,147,225,147,224,147,223,147,222,146,221,146,220,145,219,144,218,144,217,144,216,143,215,142,215,141,215,140,214,139,214,138,214,137,214,136,213,135,213,134,213,133,213,132,213,131,213,130,213,129,213,128,213,127,213
150,221,149,222,148,222,148,223,148,224,148,225,147,226,147,227,147,228,146,229,146,230,145,231,145,232,144,233,144,234,144,235,144,236,144,237,145,238,145,239,145,240,146,241,146,242,147,243,148,244,148,245,149,246,150,247,151,248,152,249,153,250,154,250,155,250,156,250,157,251,158,251,159,250,160,250,161,249,162,248,163,247,164,246,165,245,166,245,167,244,168,244,169,243,170,242,171,241,172,241,171,240,170,239,169,238,168,237,168,236,168,235,167,234,167,233,166,232,165,231,165,230,164,229,163,228,163,227,162,226,162,225,162,224,161,223,162,222,162,221,161,221,160,221,159,221,158,221,157,221,156,221,155,221,154,221,153,221,152,221,151,221
116,225,115,226,114,226,113,226,112,227,111,228,110,229,110,230,110,231,110,232,110,233,110,234,111,235,111,236,112,237,113,238,113,239,114,240,115,240,116,241,117,241,118,241,119,241,120,241,121,241,122,240,123,240,124,240,125,239,126,238,127,237,127,236,128,235,128,234,128,233,128,232,128,231,128,230,128,229,127,228,126,227,125,226,124,226,123,226,122,225,121,225,120,225,119,225,118,225,117,225
275,227,274,228,273,228,272,228,271,228,270,229,269,229,268,229,267,230,266,231,265,231,264,232,263,233,262,234,261,235,260,236,259,237,259,238,258,239,258,240,258,241,258,242,258,243,259,244,259,245,260,246,261,247,262,248,263,249,264,250,265,251,266,251,267,252,268,252,269,253,270,253,271,253,272,252,273,252,274,252,275,251,276,251,277,251,278,250,279,249,280,248,281,248,281,247,282,246,283,245,283,244,284,243,284,242,284,241,284,240,285,239,285,238,285,237,285,236,285,235,284,234,283,233,283,232,282,231,281,230,280,230,279,229,278,229,277,228,276,228
350,227,349,228,348,228,347,229,347,230,347,231,346,232,345,233,345,234,344,235,344,236,344,237,344,238,345,239,344,240,345,240,346,241,347,242,348,243,349,243,350,244,351,245,352,244,353,244,354,244,355,243,356,243,357,242,358,241,359,240,360,240,361,239,361,238,361,237,362,236,362,235,361,234,361,233,361,232,361,231,360,230,359,229,358,228,357,228,356,228,355,227,354,227,353,227,352,227,351,227
210,231,209,232,208,233,207,234,206,235,205,235,204,236,204,237,203,238,202,239,201,240,202,239,203,239,204,240,204,241,204,242,204,243,204,244,205,245,204,246,203,246,204,246,205,247,204,248,204,249,205,250,205,251,205,252,205,253,205,254,206,255,206,256,207,257,207,258,207,259,208,258,209,259,210,259,211,260,212,260,213,260,214,261,215,261,216,260,217,260,218,260,219,260,220,259,221,258,222,257,223,257,223,256,224,255,225,254,225,253,226,252,226,251,227,250,227,249,227,248,228,247,228,246,228,245,229,244,229,243,229,242,229,241,229,240,229,239,228,238,228,237,228,236,227,235,226,234,225,234,224,233,223,233,222,233,221,232,220,232,219,232,218,232,217,232,216,233,215,232,214,232,213,232,212,233,211,233,210,232
318,235,317,236,316,236,315,236,314,237,313,237,312,238,311,237,310,238,309,238,309,239,308,240,307,239,306,239,307,240,306,241,305,241,305,242,304,243,303,244,303,245,303,246,302,247,302,248,302,249,302,250,302,251,302,252,302,253,303,254,304,255,303,256,304,257,305,257,306,257,307,257,308,257,309,257,310,257,311,256,312,256,313,255,314,254,315,253,316,252,317,251,318,250,318,249,319,248,320,247,321,246,321,245,322,244,322,243,322,242,322,241,322,240,322,239,322,238,321,237,321,236,320,235,319,235
186,238,185,239,184,239,183,240,183,241,183,242,182,243,182,244,181,245,181,246,180,247,180,248,180,249,180,250,180,251,180,252,180,253,181,254,181,255,181,256,180,257,181,258,182,259,183,260,184,261,185,262,186,263,187,264,188,264,189,265,190,266,191,267,192,267,193,267,194,267,195,268,196,268,197,268,198,268,199,269,200,268,201,267,202,266,203,266,204,265,205,264,205,263,206,262,206,261,206,260,206,259,206,258,206,257,205,256,205,255,204,254,204,253,204,252,204,251,204,250,203,249,203,248,203,247,202,246,202,245,201,244,201,243,200,242,200,241,200,240,199,239,198,239,197,238,196,238,195,238,194,238,193,238,192,238,191,238,190,238,189,238,188,238,187,238
339,240,338,241,337,241,336,242,335,242,334,243,333,244,332,245,332,246,331,247,330,248,330,249,329,250,329,251,329,252,328,253,328,254,328,255,327,256,327,257,327,258,327,259,327,260,328,261,328,262,328,263,329,264,330,265,331,265,332,266,333,266,334,266,335,267,336,267,337,267,338,267,339,267,340,267,341,267,342,268,343,268,344,267,345,266,346,265,347,264,347,263,348,262,349,261,350,261,351,260,352,259,353,258,353,257,353,256,353,255,353,254,353,253,353,252,353,251,352,250,352,249,352,248,351,247,351,246,350,245,349,244,348,244,347,243,346,243,345,242,344,242,343,241,342,241,341,241,340,240
171,242,170,243,169,244,168,245,167,245,166,246,165,246,164,247,163,248,162,249,161,250,160,251,159,251,158,252,158,253,158,254,158,255,159,256,159,257,160,258,161,259,161,260,162,261,163,262,163,263,163,264,163,265,164,266,165,266,166,265,166,264,167,263,168,262,169,262,170,261,171,260,172,260,173,259,174,258,175,258,176,257,176,256,176,255,177,254,177,253,178,252,178,251,178,250,179,249,179,248,179,247,178,246,178,245,177,245,176,244,175,243,174,243,173,242,172,242
239,243,238,244,238,245,237,246,236,247,236,248,235,249,235,250,235,251,235,252,235,253,234,254,234,255,235,256,235,257,235,258,235,259,235,260,236,261,236,262,237,263,238,264,238,265,239,266,239,267,240,268,240,269,241,270,241,271,242,271,243,272,244,271,245,271,246,271,247,271,248,271,249,271,250,271,251,271,252,271,253,271,254,271,255,271,256,272,257,272,257,271,258,270,259,269,259,268,259,267,259,266,259,265,259,264,259,263,259,262,259,261,259,260,259,259,259,258,259,257,259,256,258,255,258,254,257,253,256,252,255,252,254,251,253,250,252,249,251,249,250,248,249,247,248,247,247,246,246,245,245,245,244,244,243,243,242,243,241,243,240,243
369,248,368,249,367,249,366,250,365,251,364,252,363,253,363,254,363,255,362,256,362,257,362,258,361,259,362,260,362,261,363,262,364,263,364,264,365,265,366,266,367,267,368,268,369,267,370,267,371,267,372,268,373,268,374,268,375,268,376,267,377,267,378,267,379,266,379,265,380,264,381,263,381,262,381,261,382,260,382,259,382,258,382,257,381,256,381,255,381,254,380,253,380,252,379,251,378,250,377,249,376,249,375,248,374,248,373,248,372,248,371,248,370,248
177,257,176,258,175,259,174,259,173,260,172,261,171,261,170,262,169,263,168,263,167,264,167,265,166,266,165,267,166,268,167,269,167,270,168,271,168,272,169,273,169,274,170,275,171,276,172,277,173,278,174,278,175,279,176,279,177,279,178,279,179,279,180,279,181,279,182,279,183,279,184,278,185,278,186,278,187,278,188,277,189,276,189,275,190,274,190,273,191,272,192,271,191,270,191,269,191,268,190,267,189,266,188,265,187,265,186,264,185,263,184,262,183,261,182,260,181,259,180,258,179,258,178,258
354,258,353,259,352,260,351,261,350,262,349,262,348,263,348,264,347,265,346,266,345,267,344,268,343,269,344,270,344,271,344,272,345,273,345,274,346,275,347,275,348,275,349,275,350,276,351,276,352,277,353,277,354,277,355,278,356,278,357,279,358,279,359,280,360,280,361,280,362,281,363,282,364,282,364,281,365,280,365,279,366,278,366,277,367,276,367,275,368,274,368,273,369,272,368,271,368,270,367,269,367,268,366,267,365,266,364,265,363,264,363,263,362,262,361,261,361,260,360,259,359,259,358,259,357,259,356,259,355,259
226,260,225,261,224,261,223,261,222,262,221,262,220,263,219,264,218,264,217,265,217,266,216,267,215,268,215,269,214,270,214,271,214,272,214,273,214,274,214,275,214,276,214,277,215,278,215,279,215,280,216,281,217,281,218,282,219,282,220,282,221,282,222,283,223,282,224,282,225,282,226,282,227,282,228,282,229,282,230,282,231,282,232,281,233,281,234,281,235,281,236,281,237,280,237,279,237,278,236,277,237,276,237,275,238,274,238,273,239,272,240,271,240,270,239,269,239,268,238,267,238,266,237,265,237,264,236,263,235,262,235,261,234,260,233,260,232,260,231,260,230,260,229,260,228,260,227,260
318,263,317,264,316,264,315,265,314,266,313,267,312,268,311,269,311,270,310,271,309,272,309,273,309,274,308,275,307,276,306,277,305,277,304,278,303,279,302,279,301,280,300,280,299,281,299,282,298,283,297,284,297,285,297,286,296,287,296,288,296,289,296,290,296,291,296,292,296,293,296,294,296,295,296,296,296,297,296,298,296,299,297,300,297,301,298,302,298,303,299,304,300,305,301,305,302,306,303,306,304,307,305,307,306,307,307,307,308,308,309,308,310,308,311,308,312,307,313,307,314,307,315,306,316,306,317,305,318,304,319,303,320,302,320,301,321,300,322,299,322,298,323,297,323,296,324,295,324,294,324,293,324,292,325,291,325,290,326,289,326,288,326,287,327,286,327,285,328,284,328,283,328,282,328,281,328,280,329,279,328,278,328,277,328,276,328,275,327,274,327,273,327,272,326,271,326,270,326,269,325,268,324,267,324,266,323,265,322,264,321,264,320,264,319,263
377,269,376,270,375,270,374,271,373,271,372,271,371,272,370,273,369,273,369,274,368,275,368,276,367,277,367,278,366,279,366,280,365,281,365,282,365,283,365,284,365,285,366,286,366,287,366,288,367,289,367,290,368,290,369,291,370,291,371,291,372,291,373,291,374,291,375,291,376,290,377,290,378,289,379,288,380,288,381,287,382,286,382,285,383,284,383,283,383,282,384,281,384,280,385,279,385,278,385,277,385,276,385,275,384,274,384,273,383,272,382,271,381,271,380,270,379,270,378,269
263,271,262,272,261,273,260,273,259,274,259,275,259,276,258,277,258,278,257,279,256,280,256,281,255,282,254,282,253,283,252,284,251,284,250,285,249,285,248,286,247,286,246,287,245,287,244,287,243,288,242,288,241,289,240,289,239,290,238,290,237,290,236,290,235,291,234,292,234,293,233,294,233,295,232,296,232,297,231,298,231,299,230,300,231,301,230,302,231,303,231,304,232,305,233,306,234,306,235,306,236,306,237,306,238,305,239,305,240,305,241,305,242,304,243,304,244,304,245,303,246,303,247,302,248,303,249,302,249,301,250,300,251,299,252,299,253,298,254,297,255,296,256,295,257,294,258,293,259,292,260,291,261,290,262,289,263,288,264,287,264,286,265,285,266,284,266,283,265,282,265,281,265,280,265,279,265,278,265,277,265,276,266,275,266,274,265,273,265,272,264,271
345,275,344,276,343,276,342,276,341,277,340,278,339,278,339,279,338,280,337,280,336,281,336,282,335,283,335,284,335,285,334,286,334,287,334,288,334,289,334,290,334,291,334,292,335,293,335,294,335,295,336,296,336,297,337,298,338,299,339,300,340,300,341,301,342,301,343,301,344,301,345,301,346,301,347,301,348,301,349,301,350,300,351,300,352,300,353,299,354,299,355,298,356,297,357,297,358,296,359,295,360,294,360,293,361,292,361,291,361,290,362,289,362,288,362,287,362,286,363,285,362,284,362,283,362,282,361,281,360,281,359,281,358,280,357,280,356,279,355,279,354,278,353,278,352,278,351,277,350,277,349,276,348,276,347,276,346,276
267,284,266,285,265,286,265,287,264,288,263,289,262,290,261,291,260,292,259,293,258,294,257,295,256,296,255,297,254,298,253,299,252,300,251,300,250,301,250,302,249,303,248,304,249,305,249,306,250,307,251,307,252,308,253,308,254,309,255,308,256,308,257,308,258,307,259,307,260,307,261,307,262,306,263,306,264,306,264,305,265,304,266,304,267,304,268,303,269,303,270,303,271,302,272,301,273,300,274,299,275,298,275,297,276,296,277,295,277,294,277,293,277,292,277,291,278,290,278,289,278,288,278,287,278,286,278,285,277,284,276,284,275,284,274,284,273,284,272,284,271,284,270,284,269,284,268,284
371,292,371,293,370,294,369,294,368,295,367,296,366,297,365,297,364,298,363,299,362,300,362,301,361,302,361,303,361,304,361,305,361,306,361,307,361,308,361,309,362,310,362,311,363,312,364,313,364,314,365,313,366,313,367,313,368,313,369,312,370,312,371,311,372,311,373,311,374,310,375,309,376,309,377,308,378,308,379,308,380,307,380,306,380,305,380,304,380,303,380,302,381,301,381,300,380,299,380,298,380,297,380,296,379,295,378,294,377,294,376,294,375,293,374,292,373,292,372,292
289,302,288,303,287,303,286,303,285,304,284,305,283,305,282,306,281,307,281,308,280,309,280,310,279,311,278,312,277,313,277,314,276,315,275,316,274,317,273,318,273,319,272,320,271,321,271,322,270,323,270,324,270,325,270,326,270,327,271,328,272,329,272,330,273,330,274,330,275,331,276,331,277,331,278,331,279,330,280,330,281,330,282,329,283,328,284,327,285,327,286,326,287,325,288,324,289,323,290,322,291,321,292,320,293,319,293,318,294,317,294,316,295,315,296,314,296,313,297,312,297,311,298,310,298,309,298,308,297,307,297,306,296,305,296,304,295,303,294,303,293,302,292,302,291,302,290,302
341,302,340,303,339,303,338,303,337,303,336,303,335,304,334,304,333,305,332,305,331,306,330,307,329,308,329,309,328,310,328,311,327,312,327,313,327,314,327,315,327,316,327,317,326,318,327,319,327,320,327,321,328,322,328,323,329,324,330,325,331,326,332,326,333,327,334,327,335,327,336,328,337,328,338,328,339,327,340,327,341,327,342,327,343,327,344,327,345,327,346,327,347,326,348,326,349,326,350,325,351,325,352,324,353,324,353,323,354,322,355,321,356,320,356,319,357,318,357,317,357,316,357,315,358,314,358,313,358,312,357,311,357,310,357,309,356,308,355,307,354,306,353,305,352,305,351,304,350,304,349,303,348,302,347,302,346,302,345,302,344,302,343,302,342,302
262,307,261,308,260,308,259,308,258,308,257,309,256,309,255,309,255,310,254,311,253,312,252,312,251,313,250,314,250,315,249,316,249,317,248,318,247,319,247,320,247,321,247,322,248,323,248,324,249,325,250,326,250,327,251,328,252,328,253,328,254,328,255,328,256,328,257,328,258,328,259,328,260,327,261,327,262,326,263,325,264,324,265,323,266,322,267,321,268,320,269,319,270,318,270,317,271,316,271,315,271,314,271,313,272,312,271,311,271,310,270,309,269,308,268,308,267,307,266,307,265,307,264,307,263,307
380,308,379,309,378,309,377,309,376,310,375,310,374,311,373,312,372,312,371,312,370,313,369,313,368,314,367,314,366,314,365,314,364,315,364,316,363,317,363,318,362,319,361,320,361,321,360,322,359,323,359,324,359,325,358,326,357,327,357,328,356,329,356,330,356,331,356,332,356,333,355,334,355,335,355,336,355,337,355,338,355,339,355,340,355,341,355,342,355,343,355,344,356,345,356,346,357,347,358,348,358,349,358,350,359,351,359,352,359,353,359,354,360,355,360,356,360,357,360,358,361,359,361,360,362,361,363,362,364,362,365,363,366,363,367,363,368,363,369,363,370,363,371,363,372,363,373,363,374,362,375,362,376,361,377,361,378,360,379,359,380,359,381,358,382,358,383,357,384,356,385,355,386,354,387,354,388,353,388,352,389,351,390,350,391,349,391,348,392,347,392,346,393,345,393,344,393,343,393,342,393,341,393,340,393,339,393,338,393,337,392,336,392,335,392,334,391,333,391,332,391,331,390,330,390,329,390,328,390,327,390,326,390,325,390,324,390,323,390,322,390,321,390,320,390,319,390,318,390,317,389,316,389,315,388,314,387,313,386,312,385,311,384,310,383,310,382,309,381,309
310,310,309,311,308,311,307,311,306,311,305,312,304,312,303,312,302,313,301,314,301,315,300,316,300,317,299,318,299,319,299,320,299,321,298,322,298,323,298,324,299,325,299,326,299,327,299,328,300,329,300,330,301,331,302,332,303,333,303,334,304,334,305,334,306,335,307,336,308,336,309,337,310,337,311,337,312,337,313,337,314,337,315,337,316,337,317,336,318,336,319,335,320,335,321,334,322,334,323,333,324,332,325,331,325,330,326,329,326,328,326,327,326,326,326,325,326,324,326,323,326,322,326,321,326,320,326,319,325,318,325,317,324,316,323,315,322,314,321,313,320,312,319,312,318,311,317,311,316,310,315,310,314,310,313,310,312,310,311,310
317,341,316,342,315,342,314,342,313,342,312,342,311,343,310,343,309,344,308,345,308,346,307,347,307,348,307,349,307,350,307,351,307,352,307,353,308,354,308,355,309,356,310,357,311,358,312,358,313,358,314,359,315,359,316,360,317,360,318,360,319,360,320,361,321,361,322,361,323,361,324,362,325,362,326,362,327,362,328,362,329,363,330,363,331,363,332,362,333,362,334,362,335,361,336,361,337,360,338,360,339,359,340,358,340,357,341,356,341,355,341,354,342,353,342,352,342,351,342,350,342,349,342,348,342,347,341,346,341,345,340,345,339,344,338,343,337,343,336,343,335,343,334,342,333,342,332,342,331,342,330,342,329,342,328,342,327,342,326,342,325,342,324,341,323,341,322,341,321,341,320,341,319,341,318,341
223,395,222,396,221,396,220,396,219,396,218,396,217,397,216,398,215,398,214,399,213,399,212,400,211,401,210,402,209,403,209,404,208,405,208,406,207,407,207,408,207,409,207,410,207,411,207,412,207,413,208,414,209,415,210,416,211,416,212,416,213,417,214,417,215,417,216,416,217,416,218,416,219,416,220,415,221,415,222,415,223,414,224,413,225,412,226,411,227,410,228,410,229,410,230,409,231,409,232,408,233,407,234,406,235,405,234,404,234,403,234,402,233,401,233,400,232,399,232,398,231,397,230,396,229,396,228,396,227,395,226,395,225,395,224,395
188,397,187,398,186,398,185,399,184,399,183,400,182,401,182,402,181,403,180,404,179,405,179,406,179,407,179,408,178,409,179,410,179,411,179,412,179,413,179,414,180,415,180,416,181,417,182,418,183,418,184,418,185,419,186,419,187,419,188,419,189,418,190,418,191,418,192,417,193,417,194,416,195,415,196,415,197,414,197,413,198,412,199,411,199,410,200,409,200,408,200,407,200,406,200,405,200,404,200,403,200,402,199,401,199,400,198,399,198,398,197,398,196,397,195,397,194,397,193,397,192,397,191,397,190,397,189,397
164,399,163,400,162,401,161,402,160,403,160,404,160,405,159,406,159,407,159,408,160,409,160,410,161,411,161,412,162,412,163,413,164,414,165,414,166,415,167,415,168,415,169,415,170,414,171,413,172,413,173,412,174,411,175,410,175,409,176,408,176,407,176,406,177,405,177,404,176,403,176,402,175,401,174,401,173,400,172,400,171,399,170,399,169,399,168,399,167,399,166,399,165,399
235,406,234,407,233,408,232,409,232,410,232,411,232,412,232,413,232,414,232,415,232,416,232,417,232,418,232,419,232,420,233,421,234,422,234,423,235,423,236,424,237,424,238,424,239,424,240,424,241,424,242,424,243,423,244,423,244,422,245,421,246,420,247,419,247,418,247,417,247,416,247,415,247,414,247,413,247,412,247,411,247,410,246,409,245,408,244,408,243,408,242,407,241,407,240,407,239,407,238,406,237,406,236,406
452,407,451,408,450,409,449,410,449,411,449,412,448,413,447,413,446,413,445,413,444,413,443,413,442,414,441,414,440,414,439,414,438,414,437,414,436,415,435,416,434,416,433,417,432,418,432,419,431,420,432,421,432,422,432,423,433,424,434,425,434,426,435,426,436,427,437,428,437,429,438,429,439,430,440,431,441,432,442,433,442,434,443,435,444,435,445,435,446,436,447,437,448,437,449,438,450,438,451,439,452,439,453,439,454,440,455,440,456,440,457,440,458,440,459,440,460,440,461,439,462,438,463,437,464,436,465,435,465,434,465,433,466,432,466,431,467,430,467,429,467,428,467,427,467,426,467,425,467,424,466,423,466,422,465,421,464,420,463,419,462,419,461,418,460,417,459,416,458,415,457,414,457,413,456,412,456,411,455,410,454,409,453,408,453,407
144,412,143,413,142,413,141,413,140,414,139,415,138,416,137,417,137,418,137,419,136,420,136,421,136,422,137,423,137,424,138,425,139,426,139,427,140,428,141,428,142,429,143,429,144,429,145,429,146,429,147,429,148,429,149,429,150,428,151,428,152,428,153,428,154,428,155,428,156,428,157,428,158,427,159,427,160,427,161,427,162,426,163,426,164,426,165,425,166,424,166,423,166,422,166,421,166,420,166,419,165,418,164,417,163,417,162,416,161,416,160,416,159,416,158,415,157,415,156,415,155,415,154,414,153,414,152,413,151,413,150,413,149,412,148,412,147,412,146,412,145,412
256,415,255,416,254,416,253,416,252,417,251,418,251,419,251,420,251,421,250,422,250,423,250,424,250,425,250,426,250,427,251,428,251,429,252,430,253,431,254,432,255,432,256,433,257,433,258,433,259,434,260,434,261,434,262,434,263,434,264,433,265,433,266,432,267,431,268,430,269,429,269,428,269,427,269,426,269,425,269,424,269,423,269,422,269,421,269,420,268,419,267,418,266,417,265,416,264,416,263,415,262,415,261,415,260,415,259,415,258,415,257,415
373,420,372,421,371,421,370,422,369,422,368,423,367,424,366,425,366,426,366,427,365,428,365,429,365,430,365,431,365,432,365,433,366,434,366,435,367,436,368,437,369,438,370,439,371,439,372,440,373,441,374,441,375,442,376,442,377,442,378,442,379,442,380,443,381,443,382,443,383,443,384,443,385,443,386,443,387,443,388,443,389,443,390,443,391,443,392,443,393,443,394,442,395,442,396,441,396,440,397,439,398,438,399,438,399,437,398,436,399,435,398,434,398,433,398,432,397,431,396,430,396,429,395,428,394,427,393,426,392,426,391,425,390,424,389,423,388,423,387,422,386,422,385,421,384,421,383,421,382,420,381,420,380,420,379,420,378,420,377,420,376,420,375,420,374,420
408,420,407,421,406,421,405,422,404,423,404,424,403,425,402,426,402,427,402,428,402,429,401,430,401,431,401,432,401,433,400,434,400,435,400,436,400,437,400,438,401,438,402,439,403,439,404,440,405,440,406,440,407,440,408,440,409,441,410,441,411,441,412,441,413,440,414,440,415,439,415,438,416,437,416,436,416,435,417,434,417,433,418,432,418,431,418,430,418,429,418,428,418,427,418,426,417,425,417,424,416,423,416,422,415,422,414,421,413,421,412,420,411,420,410,420,409,420
128,424,127,425,126,425,125,425,124,426,123,426,122,427,121,427,120,428,119,429,119,430,118,431,118,432,117,433,117,434,117,435,117,436,117,437,117,438,117,439,118,440,118,441,119,442,119,443,120,444,120,445,121,446,122,446,123,446,124,446,125,446,126,446,127,446,128,446,129,446,130,446,131,446,132,446,133,446,134,446,135,445,136,444,137,444,138,443,138,442,139,441,139,440,139,439,140,438,140,437,140,436,140,435,140,434,139,433,139,432,139,431,138,430,138,429,137,428,136,427,135,427,134,426,133,426,132,425,131,425,130,425,129,424
428,430,427,431,426,431,425,432,424,432,423,433,422,434,421,435,421,436,421,437,420,438,420,439,420,440,420,441,420,442,421,443,421,444,422,445,422,446,423,447,423,448,424,448,425,449,426,449,427,450,428,450,429,451,430,451,431,451,432,451,433,451,434,452,435,452,436,451,437,451,438,451,439,450,440,450,441,449,442,448,442,447,443,446,443,445,443,444,443,443,443,442,443,441,443,440,443,439,443,438,443,437,443,436,442,435,441,434,441,433,440,432,439,431,438,430,437,431,436,431,435,431,434,430,433,430,432,430,431,430,430,430,429,430
474,432,473,433,472,433,471,433,470,433,469,434,468,434,467,435,466,435,465,436,464,437,463,438,462,439,461,440,461,441,460,442,460,443,459,444,459,445,458,446,458,447,458,448,457,449,457,450,457,451,457,452,457,453,457,454,457,455,457,456,457,457,458,458,459,458,460,458,461,458,462,458,463,458,464,458,465,458,466,458,467,458,468,458,469,458,470,457,471,457,472,456,473,456,474,455,475,454,476,453,477,452,478,451,479,450,479,449,480,448,480,447,480,446,481,445,481,444,481,443,481,442,481,441,481,440,481,439,480,438,480,437,480,436,480,435,479,434,478,433,477,433,476,432,475,432
276,434,275,435,274,435,273,435,272,436,271,436,270,437,270,438,269,439,268,440,268,441,268,442,268,443,268,444,268,445,269,446,269,447,270,448,271,449,272,450,273,450,274,451,275,451,276,452,277,452,278,452,279,452,280,451,281,451,282,451,283,451,284,450,285,449,286,448,287,447,287,446,287,445,287,444,287,443,287,442,287,441,287,440,286,439,285,438,284,437,283,437,282,436,281,435,280,435,279,434,278,434,277,434
350,434,349,435,348,435,347,436,346,437,345,438,345,439,344,440,344,441,344,442,344,443,345,444,345,445,346,446,346,447,347,448,348,449,349,449,350,450,351,451,352,451,353,451,354,451,355,451,356,451,357,451,358,451,359,451,360,450,361,450,362,449,363,448,364,447,365,446,365,445,365,444,365,443,365,442,365,441,364,440,364,439,363,439,362,438,361,437,360,437,359,436,358,436,357,435,356,435,355,435,354,434,353,434,352,434,351,434
231,440,230,441,229,441,228,441,227,441,226,442,225,442,224,443,223,444,222,444,221,445,220,445,219,446,219,447,218,448,218,449,217,450,218,451,219,452,220,452,221,453,222,454,223,455,224,456,225,457,226,458,227,459,228,460,229,461,230,462,231,463,231,464,232,465,233,466,234,467,235,466,236,466,237,466,238,466,239,466,239,465,239,464,240,463,240,462,240,461,240,460,240,459,240,458,239,457,239,456,239,455,239,454,239,453,239,452,239,451,239,450,239,449,239,448,239,447,239,446,239,445,239,444,238,443,237,442,236,441,235,441,234,440,233,440,232,440
107,445,106,446,105,446,105,447,104,448,103,449,103,450,103,451,102,452,102,453,102,454,101,455,101,456,102,457,102,458,102,459,103,460,104,461,105,462,106,462,107,462,108,463,109,463,110,463,111,463,112,463,113,463,114,463,115,462,116,462,117,462,118,461,119,460,120,460,120,459,121,458,121,457,121,456,121,455,121,454,121,453,121,452,120,451,120,450,119,449,118,448,117,447,116,447,115,446,114,446,113,445,112,445,111,445,110,445,109,445,108,445
240,445,240,446,240,447,240,448,240,449,240,450,240,451,240,452,240,453,240,454,240,455,240,456,240,457,241,458,241,459,241,460,241,461,241,462,241,463,240,464,240,465,240,466,240,467,241,467,242,467,243,467,244,467,245,467,246,467,247,467,248,467,249,467,250,467,251,467,252,467,253,466,254,466,255,466,255,465,255,464,255,463,256,462,256,461,256,460,256,459,256,458,256,457,256,456,256,455,256,454,255,453,255,452,255,451,255,450,254,449,253,448,253,447,252,447,251,446,250,446,249,446,248,445,247,445,246,445,245,445,244,445,243,445,242,445,241,445
288,446,288,447,287,448,286,449,285,450,284,451,283,452,282,452,282,453,282,454,282,455,281,456,281,457,281,458,280,459,280,460,279,461,279,462,278,463,277,464,277,465,276,466,276,467,276,468,275,469,275,470,276,471,276,472,276,473,277,474,278,475,279,476,280,476,281,477,282,477,283,477,284,477,285,477,286,476,287,475,288,475,289,474,290,473,290,472,291,471,292,470,293,469,294,468,295,467,295,466,296,465,296,464,297,463,297,462,297,461,297,460,297,459,298,458,298,457,297,456,297,455,297,454,297,453,296,452,296,451,295,450,295,449,294,448,293,448,292,447,291,447,290,446,289,446
384,450,383,451,382,451,381,451,380,451,379,452,378,452,377,453,376,453,375,454,374,455,373,455,372,456,372,457,371,458,371,459,371,460,370,461,370,462,370,463,370,464,370,465,370,466,370,467,370,468,370,469,370,470,370,471,370,472,370,473,370,474,371,475,371,476,372,477,372,478,373,479,374,480,375,481,376,482,377,483,378,484,379,485,380,485,381,486,382,486,383,487,384,487,385,487,386,487,387,487,388,487,389,487,390,486,391,486,392,486,393,485,394,485,395,484,396,484,397,484,398,484,399,483,400,482,401,482,401,481,402,480,403,479,404,478,404,477,405,476,405,475,405,474,406,473,406,472,406,471,406,470,406,469,406,468,406,467,406,466,406,465,406,464,405,463,405,462,404,461,404,460,404,459,403,458,403,457,402,456,401,455,400,454,399,453,398,453,397,452,396,452,395,451,394,451,393,450,392,450,391,450,390,450,389,450,388,450,387,450,386,450,385,450
216,451,215,452,214,452,213,453,212,454,212,455,211,456,211,457,210,458,210,459,210,460,209,461,209,462,209,463,209,464,209,465,209,466,209,467,209,468,209,469,209,470,209,471,210,472,210,473,211,474,211,475,212,476,212,477,213,478,214,479,215,480,215,481,216,482,217,482,218,483,219,483,220,483,221,484,222,484,223,483,224,482,224,481,225,480,226,479,227,478,227,477,228,476,229,475,230,474,230,473,231,472,232,471,232,470,233,469,233,468,233,467,232,466,231,465,230,464,230,463,229,462,228,461,227,460,226,459,225,458,224,457,223,456,222,455,221,454,220,453,219,453,218,452,217,451
335,451,334,452,333,452,332,452,331,453,330,454,329,454,328,455,327,456,327,457,326,458,325,459,325,460,324,461,324,462,323,463,323,464,322,465,322,466,322,467,323,468,323,469,324,470,325,471,326,471,327,471,328,472,329,472,330,472,331,472,332,472,333,472,334,472,335,472,336,471,337,471,338,471,339,471,340,471,341,471,342,470,343,470,344,469,345,468,346,467,347,467,348,466,348,465,349,464,350,463,350,462,350,461,350,460,350,459,350,458,349,457,348,456,347,455,346,454,345,453,344,453,343,452,342,452,341,451,340,451,339,451,338,451,337,451,336,451
94,466,93,467,92,467,91,468,90,468,89,469,88,470,87,471,87,472,87,473,86,474,86,475,86,476,86,477,86,478,86,479,87,480,87,481,88,482,88,483,89,484,90,484,91,485,92,485,93,486,94,486,95,486,96,486,97,485,98,485,99,484,100,484,101,483,102,482,103,481,104,481,104,480,105,479,106,478,106,477,107,476,107,475,108,474,108,473,108,472,107,471,106,470,106,469,105,468,104,468,103,467,102,466,101,466,100,466,99,466,98,466,97,466,96,466,95,466
253,467,252,468,251,468,250,468,249,468,248,468,247,468,246,468,245,468,244,468,243,468,242,468,241,468,240,468,239,469,238,469,237,469,236,469,235,470,234,470,233,470,233,471,232,472,231,473,231,474,230,475,229,476,228,477,228,478,227,479,226,480,225,481,225,482,224,483,223,484,223,485,224,486,224,487,225,488,225,489,226,489,227,490,228,490,229,491,230,491,231,491,232,491,233,491,234,491,235,490,236,490,237,490,238,489,239,489,240,489,241,488,242,488,243,487,244,487,245,486,246,486,247,486,248,486,249,485,250,485,251,484,252,484,253,483,254,482,255,481,256,480,256,479,257,478,257,477,258,476,258,475,258,474,258,473,258,472,257,471,257,470,257,469,256,468,255,467,254,467
421,467,420,468,419,468,418,468,417,468,416,469,415,469,414,470,413,471,412,472,411,473,411,474,410,475,409,476,409,477,409,478,408,479,408,480,407,481,407,482,407,483,407,484,407,485,407,486,407,487,407,488,407,489,407,490,407,491,407,492,408,493,408,494,409,495,409,496,410,497,410,498,411,499,412,500,413,501,414,501,415,502,416,502,417,503,418,503,419,503,420,504,421,504,422,504,423,504,424,504,425,504,426,504,427,504,428,504,429,504,430,503,431,503,432,503,433,503,434,502,435,502,436,501,437,500,438,499,439,498,440,497,440,496,441,495,441,494,442,493,442,492,443,491,443,490,444,489,444,488,444,487,444,486,444,485,444,484,443,483,443,482,443,481,443,480,442,479,442,478,441,477,441,476,440,475,439,474,439,473,438,472,437,471,436,470,435,469,434,469,433,468,432,468,431,468,430,468,429,467,428,467,427,467,426,467,425,467,424,467,423,467,422,467
194,469,193,470,192,470,191,470,190,470,189,471,188,472,187,473,187,474,186,475,186,476,185,477,185,478,185,479,185,480,184,481,184,482,184,483,184,484,183,485,183,486,183,487,183,488,183,489,183,490,183,491,183,492,184,493,184,494,184,495,185,496,185,497,186,498,187,499,188,500,189,501,190,501,191,502,192,503,193,503,194,504,195,504,196,505,197,505,198,505,199,505,200,505,201,505,202,505,203,504,204,504,205,504,206,504,207,503,208,503,209,502,210,501,210,500,211,499,211,498,212,497,213,496,213,495,213,494,214,493,214,492,214,491,214,490,214,489,213,488,213,487,213,486,213,485,212,484,211,483,211,482,210,481,210,480,209,479,208,478,208,477,207,476,206,476,205,475,204,474,203,473,202,472,201,471,200,471,199,470,198,470,197,469,196,469,195,469
151,471,150,472,149,472,148,473,147,473,146,473,146,474,146,475,146,476,146,477,145,478,145,479,145,480,145,481,145,482,145,483,145,484,144,485,144,486,144,487,144,488,145,489,145,490,146,491,147,492,148,493,149,493,150,494,151,495,152,496,153,496,154,497,155,498,156,498,157,499,158,500,159,501,160,501,161,502,162,502,163,503,164,502,165,501,166,501,167,500,167,499,168,498,169,497,170,496,171,495,171,494,171,493,171,492,171,491,171,490,171,489,171,488,170,487,170,486,169,485,169,484,168,483,168,482,168,481,167,480,167,479,166,478,166,477,165,476,164,475,163,474,162,473,161,473,160,472,159,472,158,472,157,471,156,471,155,471,154,471,153,471,152,471
294,475,293,476,292,476,291,477,291,478,290,479,289,480,289,481,289,482,288,483,288,484,288,485,288,486,288,487,288,488,288,489,288,490,288,491,289,492,290,493,291,494,292,495,293,495,294,496,295,497,296,497,297,497,298,497,299,497,300,496,301,496,302,496,303,496,304,495,305,495,306,494,307,493,308,492,308,491,308,490,309,489,309,488,309,487,309,486,309,485,309,484,309,483,309,482,308,481,307,480,307,479,306,478,305,477,304,476,303,476,302,476,301,475,300,475,299,475,298,475,297,475,296,475,295,475
458,475,457,476,456,476,455,477,454,478,453,478,453,479,452,480,451,481,450,482,449,483,449,484,449,485,448,486,448,487,448,488,447,489,447,490,447,491,447,492,447,493,447,494,447,495,447,496,447,497,447,498,447,499,448,500,448,501,448,502,449,503,449,504,450,505,450,506,451,507,451,508,452,509,453,509,454,510,455,510,456,510,457,511,458,510,459,510,460,511,461,511,462,511,463,511,464,511,465,511,466,511,467,510,468,510,469,510,470,510,471,510,472,510,473,509,474,508,475,508,476,507,477,506,478,505,479,504,479,503,480,502,480,501,481,500,481,499,482,498,482,497,482,496,482,495,482,494,482,493,482,492,482,491,482,490,482,489,482,488,481,487,481,486,480,485,479,484,478,483,477,482,476,481,475,480,474,479,473,478,472,478,471,477,470,476,469,476,468,476,467,475,466,475,465,475,464,475,463,475,462,475,461,475,460,475,459,475
331,476,330,477,329,477,328,477,327,477,326,477,325,477,324,478,323,478,322,478,321,479,320,480,319,481,319,482,318,483,318,484,318,485,318,486,318,487,317,488,317,489,317,490,317,491,317,492,318,493,319,494,319,495,320,496,321,496,322,497,322,498,323,498,324,498,325,498,326,498,327,498,328,498,329,498,330,498,331,498,332,498,333,498,334,498,335,498,335,497,336,496,337,495,338,495,339,494,339,493,340,492,340,491,341,490,341,489,341,488,341,487,342,486,342,485,342,484,342,483,341,482,341,481,340,481,339,480,338,479,337,478,336,478,335,477,334,477,333,477,332,477
493,477,492,478,491,478,490,479,489,480,488,481,488,482,487,483,486,484,486,485,486,486,486,487,486,488,486,489,487,490,487,491,488,492,489,493,490,494,491,495,492,495,493,495,494,496,495,496,496,496,497,496,498,495,499,495,500,494,501,494,502,493,502,492,503,491,503,490,504,489,504,488,505,487,505,486,504,485,504,484,504,483,503,482,502,481,502,480,501,480,500,479,499,478,498,478,497,477,496,477,495,477,494,477
128,483,127,484,126,485,125,486,124,487,124,488,123,489,122,490,122,491,122,492,122,493,122,494,122,495,122,496,121,497,121,498,121,499,121,500,121,501,121,502,121,503,122,504,122,505,123,506,123,507,124,508,125,509,126,510,127,510,128,510,129,511,130,511,131,511,132,511,133,511,134,511,135,511,136,511,137,511,138,511,139,511,140,511,141,511,142,511,143,511,144,511,145,511,146,511,147,511,148,511,149,511,150,511,151,511,152,511,153,511,154,511,155,511,156,511,157,511,158,511,159,511,160,511,161,511,162,511,163,511,164,510,165,510,165,509,165,508,164,507,164,506,163,505,163,504,162,503,161,503,160,502,159,502,158,501,157,500,156,499,155,499,154,498,153,497,152,497,151,496,150,495,149,494,148,494,147,493,146,492,145,491,144,490,143,490,142,489,141,489,140,489,139,488,138,488,137,487,136,487,135,487,134,486,133,486,132,485,131,484,130,484,129,483
365,484,364,485,363,485,362,485,361,485,360,486,359,486,358,487,357,488,356,488,356,489,355,490,354,491,354,492,354,493,353,494,353,495,352,496,352,497,351,498,351,499,351,500,351,501,350,502,350,503,350,504,350,505,350,506,350,507,351,508,351,509,352,510,353,510,354,511,355,511,356,511,357,511,358,511,359,511,360,511,361,511,362,511,363,511,364,511,365,511,366,511,367,511,368,511,369,511,370,511,371,511,372,511,373,511,374,511,375,511,376,511,377,511,378,511,379,511,380,511,381,511,382,511,383,511,384,511,385,511,386,511,387,511,388,511,389,510,390,510,389,509,389,508,389,507,389,506,389,505,389,504,389,503,389,502,388,501,388,500,388,499,388,498,387,497,387,496,386,495,386,494,385,493,384,492,383,492,382,491,381,490,380,490,379,489,378,489,377,488,376,488,375,487,374,487,373,486,372,486,371,486,370,485,369,485,368,485,367,484,366,484
81,490,80,491,79,491,78,492,77,493,76,494,75,495,74,496,74,497,74,498,73,499,73,500,73,501,73,502,73,503,73,504,73,505,74,506,74,507,75,508,76,509,77,510,78,510,79,510,80,510,81,510,82,510,83,510,84,510,85,510,86,510,87,510,88,510,89,510,90,510,91,510,92,510,93,510,94,510,95,510,96,510,97,510,97,509,98,508,99,507,99,506,100,505,100,504,100,503,100,502,100,501,99,500,99,499,98,498,97,497,96,496,95,495,94,494,93,493,92,493,91,492,90,492,89,491,88,491,87,490,86,490,85,490,84,490,83,490,82,490
287,491,286,492,285,492,284,492,283,492,282,493,281,493,280,494,280,495,279,496,278,497,277,498,277,499,277,500,277,501,277,502,277,503,278,504,279,505,280,506,281,507,282,508,283,508,284,508,285,508,286,508,287,508,288,509,289,509,290,508,291,507,292,506,292,505,293,504,294,503,295,502,295,501,295,500,295,499,294,498,294,497,293,496,292,496,291,495,290,494,289,493,288,492
322,499,321,500,320,501,319,502,319,503,319,504,319,505,318,506,318,507,318,508,319,509,319,510,320,510,321,510,322,510,323,511,324,511,325,511,326,511,327,511,328,511,329,511,330,511,331,511,332,511,333,511,334,511,335,511,336,511,337,511,338,511,339,510,340,510,341,510,341,509,342,508,342,507,342,506,342,505,341,504,341,503,340,502,339,501,338,500,337,500,336,500,335,499,334,499,333,499,332,499,331,499,330,499,329,499,328,499,327,499,326,499,325,499,324,499,323,499
