34,16,33,17,32,17,32,18,31,19,30,20,30,21,29,22,29,23,29,24,29,25,30,26,30,27,31,28,31,29,32,29,33,30,34,30,35,30,36,30,37,30,38,30,39,29,40,29,41,28,42,27,42,26,43,25,43,24,43,23,43,22,43,21,43,20,42,19,42,18,41,17,40,17,39,16,38,16,37,16,36,16,35,16
44,40,43,41,42,41,41,41,40,41,39,41,38,41,37,42,36,42,35,43,34,44,33,44,33,45,32,46,32,47,32,48,33,49,33,50,34,51,35,52,36,53,37,53,38,54,39,55,40,56,41,57,42,57,43,57,44,57,45,57,46,57,47,57,48,57,49,57,50,57,51,56,52,56,53,56,54,55,55,54,55,53,55,52,56,51,56,50,56,49,56,48,56,47,56,46,55,45,55,44,54,43,53,42,52,42,51,41,50,41,49,41,48,41,47,41,46,41,45,41
11,46,10,47,9,47,8,48,7,49,7,50,7,51,6,52,6,53,6,54,6,55,6,56,6,57,7,58,7,59,8,60,9,61,10,62,11,62,12,63,13,63,14,63,15,63,16,63,17,62,18,62,19,61,20,61,21,60,22,59,23,58,23,57,24,56,24,55,25,54,25,53,25,52,24,51,24,50,23,49,22,48,21,48,20,47,19,47,18,46,17,46,16,46,15,46,14,46,13,46,12,46
51,57,50,58,49,58,48,58,47,58,46,58,45,58,44,58,43,58,42,58,41,58,40,59,39,59,38,60,37,61,36,62,35,63,34,64,35,65,36,66,37,66,38,67,39,68,40,68,41,69,42,70,43,71,44,72,45,72,46,73,47,73,48,73,49,73,50,73,51,73,52,73,53,73,54,73,55,73,56,73,57,73,58,72,59,72,60,72,61,72,62,72,63,72,63,71,64,70,64,69,64,68,63,67,63,66,63,65,63,64,63,63,62,62,62,61,61,60,60,59,59,58,58,58,57,58,56,57,55,57,54,57,53,57,52,57
34,65,33,66,33,67,33,68,33,69,33,70,32,71,32,72,32,73,32,74,32,75,32,76,32,77,32,78,32,79,33,80,33,81,33,82,34,83,35,84,35,85,36,86,37,87,38,88,39,88,40,89,41,90,42,91,43,91,44,92,45,92,46,92,47,93,48,93,49,93,50,93,51,93,52,93,53,93,54,93,55,93,56,93,57,93,58,92,59,91,60,91,61,90,62,89,62,88,63,87,64,86,64,85,64,84,65,83,65,82,65,81,65,80,65,79,65,78,65,77,65,76,65,75,64,74,64,73,63,73,62,73,61,73,60,73,59,73,58,73,57,74,56,74,55,74,54,74,53,74,52,74,51,74,50,74,49,74,48,74,47,74,46,74,45,73,44,73,43,72,42,71,41,70,40,69,39,69,38,68,37,67,36,67,35,66
62,117,61,118,60,118,59,119,58,120,57,121,56,122,56,123,56,124,56,125,55,126,56,127,56,128,56,129,57,130,57,131,58,131,59,132,59,133,60,134,61,134,62,135,63,135,64,135,65,135,66,135,67,135,68,135,69,135,70,134,71,134,72,134,73,133,74,132,75,131,75,130,76,129,76,128,76,127,77,126,77,125,77,124,77,123,77,122,76,121,75,120,74,119,73,119,72,118,71,118,70,117,69,117,68,117,67,117,66,117,65,117,64,117,63,117
155,127,154,128,153,128,152,129,151,129,150,130,149,131,148,132,148,133,147,134,147,135,146,136,146,137,145,138,145,139,145,140,145,141,145,142,145,143,145,144,145,145,145,146,146,147,146,148,147,149,147,150,148,151,149,152,149,153,150,154,151,154,152,155,153,155,154,156,155,156,156,156,157,157,158,157,159,156,160,156,161,156,162,156,163,155,164,154,165,154,166,153,167,152,167,151,168,150,168,149,169,148,169,147,169,146,170,145,170,144,170,143,170,142,170,141,171,140,171,139,171,138,171,137,171,136,170,135,169,134,168,133,167,133,166,132,165,131,164,131,163,130,162,129,161,129,160,129,159,128,158,128,157,128,156,127
123,130,122,131,121,132,120,132,119,133,118,133,118,134,118,135,117,136,116,137,116,138,117,139,116,140,115,141,114,142,113,143,114,144,114,145,115,146,116,147,116,148,116,149,117,150,118,151,118,152,118,153,118,154,119,155,119,156,120,157,120,158,121,159,122,160,123,160,124,160,125,161,126,161,127,161,128,161,129,161,130,161,131,160,132,159,133,159,134,159,135,158,136,157,137,157,138,156,139,155,140,154,140,153,141,152,142,151,143,150,143,149,143,148,144,147,144,146,144,145,144,144,144,143,144,142,144,141,144,140,144,139,144,138,143,137,144,136,143,136,142,135,142,134,141,133,140,133,139,132,138,132,137,132,136,131,135,131,134,132,133,132,132,133,131,133,130,133,129,132,128,131,127,132,126,132,125,132,124,132,123,131,124,130
218,131,217,132,216,132,215,132,214,132,213,132,212,133,211,134,211,135,210,136,209,136,209,137,209,138,209,139,209,140,209,141,208,142,209,143,209,144,209,145,209,146,210,147,210,148,209,149,210,150,210,151,211,151,212,151,213,151,214,151,215,151,216,151,217,152,218,152,219,152,220,152,221,152,222,152,223,152,224,152,225,152,226,152,227,151,228,151,229,151,230,150,229,149,229,148,230,147,230,146,231,145,231,144,231,143,230,142,230,141,230,140,229,139,229,138,228,137,227,136,226,135,225,134,224,134,223,133,222,132,221,132,220,132,219,132
189,147,188,148,187,148,186,148,185,148,184,148,183,148,182,149,181,149,180,150,179,150,178,150,177,150,176,150,176,151,175,152,174,152,173,153,172,154,171,154,171,155,170,156,169,157,168,158,168,159,168,160,168,161,168,162,168,163,168,164,168,165,168,166,168,167,169,167,170,167,171,168,172,168,173,168,174,169,175,169,176,169,177,170,178,170,179,170,180,170,181,170,182,170,183,171,184,171,185,171,186,171,187,171,188,171,189,171,190,171,191,171,192,171,193,171,194,170,195,169,196,168,197,167,198,166,197,165,197,164,198,163,197,162,197,161,197,160,197,159,197,158,197,157,196,156,197,155,197,154,196,153,196,152,195,151,194,151,193,150,192,149,192,148,191,148,190,148
83,151,82,152,81,152,80,152,79,152,78,153,77,154,76,155,76,156,75,157,75,158,75,159,75,160,75,161,75,162,75,163,75,164,75,165,75,166,76,167,76,168,77,169,77,170,78,171,79,172,80,172,81,173,82,173,83,173,84,173,85,173,86,173,87,173,88,173,89,172,90,172,91,172,92,171,93,170,94,169,95,168,95,167,96,166,96,165,96,164,96,163,96,162,96,161,96,160,96,159,96,158,95,157,95,156,94,155,93,154,92,153,91,152,90,152,89,152,88,151,87,151,86,151,85,151,84,151
230,151,229,152,228,152,227,152,226,153,225,153,224,153,223,153,222,153,221,153,220,153,219,153,218,153,217,153,216,152,215,152,214,152,213,152,212,152,211,152,210,152,209,153,208,153,207,154,206,154,205,155,205,156,205,157,204,158,204,159,204,160,203,161,203,162,204,163,204,164,204,165,205,165,206,165,207,166,208,166,209,167,210,168,211,168,212,169,213,169,214,170,215,171,216,171,217,172,218,173,219,174,220,175,221,176,222,177,223,177,224,177,225,177,226,177,227,177,228,177,229,177,230,177,231,177,232,176,232,175,233,174,234,173,235,172,236,171,237,172,237,171,238,170,239,170,239,169,239,168,240,167,241,167,241,166,241,165,240,164,239,163,239,162,239,161,239,160,238,159,238,158,237,158,236,157,236,156,236,155,235,154,234,154,233,153,232,153,231,153,230,153,229,152,230,151,231,151
141,160,140,161,139,161,138,161,137,162,136,162,135,163,134,163,133,164,132,164,132,165,131,166,130,167,130,168,129,169,129,170,128,171,128,172,128,173,128,174,128,175,128,176,127,177,127,178,127,179,127,180,127,181,127,182,127,183,127,184,127,185,127,186,128,187,128,188,129,189,130,190,130,191,131,192,132,193,133,193,134,194,135,194,136,195,137,195,138,196,139,196,140,197,141,197,142,197,143,197,144,196,145,196,146,196,147,195,148,195,149,195,150,194,151,194,152,193,153,193,154,193,155,192,156,192,156,191,157,190,157,189,157,188,157,187,157,186,157,185,157,184,157,183,158,182,158,181,158,180,158,179,159,178,159,177,159,176,160,175,160,174,160,173,161,172,161,171,162,170,162,169,161,170,160,169,159,168,159,167,158,166,158,165,157,165,156,164,155,163,154,163,153,162,152,162,151,161,150,161,149,160,148,160,147,160,146,160,145,160,144,160,143,160,142,160
203,165,202,166,201,167,200,167,199,167,198,167,197,168,196,169,195,170,194,171,194,172,195,173,195,174,195,175,195,176,196,177,196,178,196,179,197,180,197,181,197,182,198,183,198,184,199,185,200,186,200,187,201,188,202,189,203,189,204,189,205,189,206,190,207,190,208,190,209,191,210,192,211,193,212,193,213,193,214,192,215,192,216,192,217,192,218,191,219,191,220,190,221,190,221,189,221,188,221,187,221,186,221,185,221,184,222,183,222,182,221,181,221,180,221,179,222,178,221,177,220,176,219,175,218,174,217,173,216,172,215,172,214,171,213,170,212,170,211,169,210,169,209,168,208,167,207,167,206,166,205,166,204,166
167,168,166,169,165,169,164,169,163,169,163,170,162,171,162,172,161,173,161,174,161,175,160,176,160,177,160,178,159,179,159,180,159,181,159,182,158,183,158,184,158,185,158,186,158,187,158,188,158,189,158,190,157,191,157,192,158,193,159,193,160,194,161,195,162,196,163,197,164,198,165,199,166,200,167,200,168,201,169,201,170,201,171,202,172,202,173,203,174,204,175,205,176,206,176,207,177,208,177,209,177,210,177,211,178,212,179,213,180,213,181,214,182,214,183,214,184,215,185,215,186,215,187,215,188,215,189,215,190,215,191,215,192,215,193,215,194,215,195,215,194,214,195,213,196,213,196,212,197,211,198,211,199,210,199,209,200,208,201,207,201,206,202,205,203,204,203,203,204,202,204,201,204,200,204,199,204,198,204,197,203,196,203,195,203,194,203,193,202,192,202,191,202,190,201,189,200,188,199,187,199,186,198,185,197,184,197,183,196,182,196,181,196,180,195,179,195,178,195,177,194,176,194,175,194,174,194,173,193,172,192,172,191,172,190,172,189,172,188,172,187,172,186,172,185,172,184,172,183,172,182,171,181,171,180,171,179,171,178,171,177,171,176,170,175,170,174,170,173,169,172,169,171,169,170,168,169,168,168,168
220,191,219,192,218,192,217,193,216,193,215,193,214,193,213,194,212,194,211,194,210,195,210,196,209,197,208,198,208,199,207,200,206,200,205,200,205,201,205,202,204,203,204,204,203,205,202,206,202,207,201,208,200,209,200,210,199,211,199,212,200,213,199,214,199,215,199,216,198,217,199,218,200,219,201,220,202,221,203,221,204,222,205,222,206,223,207,223,208,224,209,224,210,224,211,224,212,224,213,223,214,223,215,223,216,222,217,221,218,220,219,220,220,220,221,219,222,218,223,217,224,216,225,215,226,214,227,213,228,212,229,211,230,210,231,209,232,208,233,208,233,207,233,206,233,205,233,204,232,203,232,202,232,201,232,200,231,199,231,198,231,197,230,196,229,195,229,194,228,193,227,192,226,192,225,191,224,191,223,191,222,191,221,191
232,209,231,210,230,211,229,212,228,213,227,214,226,215,225,216,224,217,223,218,222,219,221,220,221,221,220,222,220,223,220,224,220,225,220,226,220,227,221,228,221,229,221,230,221,231,222,232,222,233,223,234,223,235,223,236,224,237,225,238,226,239,227,239,228,239,229,240,230,240,231,241,232,241,233,241,234,242,235,242,236,242,237,242,238,241,239,241,240,241,241,240,242,240,242,239,243,238,244,237,244,236,244,235,245,234,245,233,246,232,246,231,246,230,247,229,247,228,247,227,247,226,248,225,248,224,248,223,248,222,249,221,248,220,248,219,248,218,248,217,247,216,247,215,246,214,245,213,244,213,243,212,242,212,241,211,240,211,239,211,238,210,237,210,236,210,235,209,234,209,233,209
172,214,171,215,171,216,170,217,169,218,168,218,167,219,168,220,168,221,169,222,169,223,169,224,169,225,169,226,170,227,169,228,169,229,170,230,170,231,170,232,170,233,171,234,171,235,172,236,172,237,173,238,174,239,175,240,176,241,177,241,178,242,179,243,180,244,181,245,182,246,183,246,184,246,185,246,186,247,187,247,188,247,189,247,190,247,191,247,192,247,193,247,194,247,195,247,196,247,197,247,198,247,199,247,200,248,201,248,202,249,203,250,204,250,205,250,206,251,207,251,208,252,209,252,210,252,211,253,212,253,213,253,214,253,215,253,216,252,217,252,218,252,218,251,219,250,219,249,220,248,220,247,221,246,220,245,220,244,220,243,220,242,219,241,219,240,219,239,218,238,217,237,216,236,216,235,215,234,215,233,215,232,215,231,214,230,213,229,213,228,212,228,211,227,210,226,210,225,209,225,208,225,207,224,206,224,205,223,204,223,203,222,202,222,201,221,200,220,199,219,198,218,197,217,196,217,195,216,194,216,193,216,192,216,191,216,190,216,189,216,188,216,187,216,186,216,185,216,184,216,183,215,182,215,181,215,180,214,179,214,178,215,177,215,176,216,175,215,174,215,173,215
92,236,91,237,90,237,89,238,88,239,87,240,87,241,86,242,86,243,86,244,86,245,86,246,87,247,87,248,88,249,89,249,90,250,91,250,92,250,93,250,94,250,95,250,96,249,97,249,98,248,99,247,100,246,101,245,101,244,101,243,101,242,101,241,101,240,100,239,99,238,98,237,97,237,96,237,95,236,94,236,93,236
238,257,237,258,236,258,235,258,234,259,233,259,232,260,231,261,230,261,229,262,228,263,227,264,226,265,225,266,224,267,223,268,223,269,223,270,223,271,222,272,223,273,223,274,223,275,224,276,224,277,225,278,226,279,227,279,228,279,229,279,230,279,231,279,232,279,233,279,234,279,235,279,236,279,237,279,238,278,239,278,240,277,241,277,242,276,243,275,244,275,244,274,245,273,245,272,246,271,247,271,248,270,247,269,247,268,246,267,246,266,245,265,245,264,244,263,244,262,243,261,243,260,242,259,241,259,240,258,239,257
201,378,200,379,199,379,198,380,197,380,197,381,196,382,195,383,195,384,195,385,195,386,195,387,195,388,195,389,195,390,195,391,196,392,196,393,197,394,198,395,199,396,199,397,200,398,201,398,202,399,203,400,204,400,205,401,206,402,207,402,208,402,209,402,210,402,211,402,212,402,213,401,214,401,215,400,216,399,217,398,218,397,218,396,218,395,218,394,218,393,218,392,218,391,218,390,218,389,218,388,217,387,217,386,217,385,216,384,216,383,215,382,214,381,213,380,212,379,211,379,210,378,209,378,208,378,207,378,206,378,205,378,204,378,203,378,202,378
177,379,176,380,175,380,174,381,173,382,172,382,172,383,171,384,171,385,170,386,170,387,170,388,170,389,169,390,169,391,169,392,169,393,169,394,169,395,169,396,169,397,170,398,170,399,171,400,172,400,173,400,174,401,175,401,176,401,177,402,178,402,179,402,180,402,181,403,182,403,183,403,184,403,185,403,186,402,187,402,188,402,189,401,190,401,191,400,192,399,193,398,193,397,194,396,194,395,194,394,194,393,194,392,194,391,194,390,193,389,192,388,192,387,191,386,190,385,189,384,189,383,188,382,187,382,186,381,185,380,184,380,183,379,182,379,181,379,180,379,179,379,178,379
226,381,225,382,224,382,223,382,222,383,222,384,221,385,220,386,220,387,219,388,219,389,219,390,219,391,219,392,219,393,219,394,219,395,219,396,219,397,220,398,220,399,221,400,222,401,223,401,224,402,225,402,226,403,227,403,228,403,229,403,230,403,231,403,232,403,233,403,234,402,235,401,235,400,236,399,236,398,237,397,238,396,238,395,238,394,239,393,239,392,239,391,239,390,239,389,238,388,238,387,237,386,236,385,235,384,234,383,233,382,232,381,231,381,230,381,229,381,228,381,227,381
244,393,243,394,242,394,241,395,240,395,239,396,238,397,237,398,237,399,236,400,236,401,235,402,234,403,234,404,234,405,234,406,234,407,234,408,235,409,236,410,236,411,237,412,238,413,239,414,240,414,241,415,242,415,243,415,244,416,245,416,246,416,247,416,248,416,249,416,250,416,251,415,252,415,253,415,254,414,255,413,256,412,257,411,258,410,259,410,259,409,259,408,259,407,259,406,259,405,259,404,259,403,259,402,259,401,258,400,258,399,258,398,257,397,256,396,255,396,254,395,253,395,252,394,251,394,250,394,249,393,248,393,247,393,246,393,245,393
159,396,158,397,157,397,156,397,155,397,154,398,153,398,152,398,151,399,150,399,149,399,148,400,147,400,146,401,145,401,144,402,143,403,142,404,141,405,140,406,140,407,139,408,138,409,137,409,136,410,135,411,134,411,133,412,132,413,131,413,130,414,130,415,129,416,129,417,128,418,128,419,128,420,127,421,127,422,127,423,127,424,127,425,127,426,128,427,128,428,128,429,128,430,129,430,130,430,131,431,132,431,133,432,134,432,135,432,136,433,137,433,138,433,139,434,140,434,141,434,142,435,143,435,144,436,145,435,146,434,147,433,148,433,149,432,150,431,151,430,152,429,153,429,154,428,155,427,156,427,157,426,158,426,159,425,160,425,161,424,162,424,163,423,164,422,165,421,166,420,167,419,168,418,169,417,170,417,171,416,172,415,173,415,173,414,174,413,175,413,175,412,175,411,175,410,175,409,175,408,175,407,175,406,174,405,174,404,173,404,172,403,171,403,170,402,169,401,169,400,168,400,167,399,166,399,165,398,164,398,163,397,162,397,161,396,160,396
268,406,267,407,266,407,265,408,264,408,263,408,262,409,261,410,260,411,259,411,260,412,259,413,259,414,259,415,258,416,258,417,258,418,259,419,259,420,259,421,260,422,260,423,261,424,262,425,262,426,263,427,264,428,265,429,266,430,267,431,268,432,268,433,269,434,270,435,270,436,271,437,272,437,273,438,274,439,275,439,276,439,277,440,278,440,279,440,280,440,281,440,282,440,283,439,284,439,285,438,286,438,287,437,288,436,288,435,288,434,289,433,289,432,289,431,289,430,289,429,289,428,289,427,289,426,289,425,288,424,287,423,287,422,286,422,285,421,285,420,284,419,284,418,283,417,283,416,282,415,282,414,281,413,281,412,281,411,280,410,279,409,278,408,277,407,276,407,275,406,274,406,273,406,272,406,271,406,270,406,269,406
195,423,194,424,193,424,192,424,191,424,190,424,189,424,188,424,187,424,186,424,185,425,184,424,183,424,182,424,181,425,180,425,179,425,178,425,177,425,176,426,175,427,174,427,173,428,172,428,171,428,170,429,169,430,168,431,168,432,167,433,166,434,165,435,164,436,164,437,163,438,162,439,161,440,160,441,160,442,160,443,159,444,159,445,159,446,159,447,159,448,159,449,159,450,159,451,159,452,159,453,159,454,159,455,159,456,159,457,159,458,159,459,159,460,160,461,160,462,160,463,161,464,161,465,162,466,162,467,162,468,163,469,164,470,165,471,165,472,166,473,166,474,167,475,168,476,169,477,170,478,170,479,171,480,172,480,173,481,174,482,175,482,176,482,177,483,178,483,179,483,180,483,181,483,182,483,183,483,184,483,185,483,186,482,187,482,188,481,189,481,190,480,191,480,192,479,193,479,194,479,195,478,196,478,197,477,198,477,199,476,200,476,201,476,202,475,203,475,204,475,205,475,206,475,207,475,208,474,209,473,210,472,211,471,212,470,213,469,214,468,215,467,216,466,217,465,217,464,218,463,219,462,219,461,219,460,220,459,220,458,220,457,221,456,221,455,221,454,221,453,221,452,221,451,221,450,221,449,220,448,220,447,220,446,220,445,219,444,219,443,219,442,218,441,218,440,218,439,217,438,217,437,216,436,216,435,215,434,215,433,214,432,213,431,212,430,211,429,210,428,209,427,208,426,207,426,206,425,205,425,204,424,203,424,202,424,201,424,200,423,199,423,198,424,197,423,196,423
111,425,110,426,109,426,108,426,107,426,106,426,105,427,104,427,103,427,102,427,101,428,100,428,99,428,98,429,97,429,96,430,95,431,94,432,93,433,92,434,91,435,91,436,90,437,90,438,89,439,89,440,89,441,89,442,89,443,89,444,89,445,89,446,89,447,90,448,90,449,91,450,91,451,92,452,92,453,93,454,94,455,95,456,95,457,96,456,97,456,98,455,99,455,100,454,101,454,102,453,103,453,104,452,105,452,106,451,107,451,108,450,109,449,110,449,111,448,112,448,113,447,114,447,115,446,116,446,117,445,118,445,119,445,120,445,120,444,120,443,120,442,120,441,121,440,121,439,121,438,122,437,122,436,122,435,123,434,123,433,123,432,123,431,123,430,123,429,123,428,122,428,121,428,120,427,119,427,118,427,117,427,116,426,115,426,114,426,113,425,112,425
405,428,404,429,403,429,402,429,401,430,400,431,399,432,398,433,397,434,396,435,396,436,395,437,395,438,395,439,395,440,395,441,394,442,394,443,394,444,395,445,395,446,395,447,395,448,396,449,397,450,398,451,399,452,400,452,401,452,402,453,403,453,404,453,405,453,406,453,407,453,408,453,409,453,410,454,411,453,412,453,413,453,414,453,415,452,416,452,416,451,417,450,418,449,419,448,420,447,420,446,420,445,421,444,421,443,421,442,422,441,422,440,422,439,422,438,422,437,421,436,420,435,420,434,419,433,418,432,417,431,416,430,415,430,414,430,413,429,412,429,411,428,410,428,409,428,408,428,407,428,406,428
128,431,127,432,127,433,126,434,125,435,124,435,123,435,123,436,123,437,122,438,122,439,122,440,121,441,121,442,121,443,121,444,121,445,121,446,121,447,122,448,122,449,123,450,124,450,125,450,126,451,127,452,128,452,129,452,130,452,131,452,132,452,133,452,134,452,135,452,136,451,137,451,138,451,139,450,140,449,141,449,142,448,142,447,143,446,143,445,143,444,143,443,144,442,144,441,144,440,144,439,144,438,144,437,143,436,142,436,141,435,140,435,139,435,138,434,137,434,136,434,135,433,134,433,133,433,132,432,131,432,130,431,129,431
436,435,435,436,434,436,433,437,432,437,431,438,431,439,430,440,429,441,429,442,429,443,428,444,428,445,428,446,428,447,429,448,429,449,430,450,430,451,431,452,431,453,431,454,431,455,432,455,433,455,434,455,435,455,436,455,437,455,438,454,439,454,440,454,441,454,442,453,443,453,444,453,445,452,446,452,447,451,448,451,449,451,450,450,451,450,452,449,453,449,453,448,452,447,452,446,452,445,452,444,452,443,451,442,451,441,450,440,450,439,449,438,448,437,447,437,446,436,445,436,444,435,443,435,442,435,441,435,440,435,439,435,438,435,437,435
293,438,292,439,291,439,290,439,289,440,288,441,287,442,286,443,286,444,285,445,285,446,285,447,284,448,284,449,284,450,284,451,284,452,284,453,285,454,285,455,286,456,287,457,288,458,289,459,290,460,291,460,292,461,293,461,294,461,295,462,296,462,297,462,298,462,299,462,300,463,301,462,302,462,303,462,304,462,305,461,306,461,307,460,308,459,309,459,310,458,311,457,312,456,313,455,313,454,314,453,314,452,314,451,313,450,313,449,313,448,312,447,312,446,311,445,310,444,309,443,308,442,307,441,306,441,305,440,304,440,303,440,302,439,301,439,300,438,299,438,298,438,297,438,296,438,295,438,294,438
117,446,116,447,115,447,114,448,113,448,112,449,111,449,110,450,109,450,108,451,107,452,106,452,105,453,104,453,103,454,102,454,101,455,100,455,99,456,98,456,97,457,96,457,96,458,96,459,96,460,96,461,97,462,97,463,97,464,97,465,97,466,96,467,96,468,97,468,98,469,99,469,100,470,101,470,102,471,103,472,104,473,105,473,106,473,107,473,108,473,109,473,110,473,111,473,112,473,113,473,114,472,115,472,116,472,117,471,118,470,119,469,120,468,120,467,121,466,121,465,122,464,122,463,122,462,123,461,123,460,123,459,123,458,123,457,123,456,123,455,123,454,123,453,123,452,122,451,122,450,121,449,121,448,120,447,120,446,119,446,118,446
354,448,353,449,352,449,351,449,350,449,349,449,348,449,347,450,346,451,345,452,344,453,344,454,344,455,344,456,344,457,344,458,344,459,344,460,344,461,345,462,345,463,346,464,346,465,347,466,348,467,349,467,350,468,351,468,352,468,353,468,354,468,355,468,356,468,357,468,358,468,359,468,360,468,361,467,362,467,363,467,364,467,365,467,366,466,367,465,368,465,369,464,369,463,369,462,369,461,369,460,369,459,368,458,368,457,368,456,367,455,367,454,366,453,365,452,364,452,363,451,362,450,361,450,360,449,359,449,358,449,357,449,356,449,355,449
380,449,379,450,378,450,377,450,376,451,375,451,374,451,373,452,372,453,371,454,370,455,369,455,369,456,369,457,369,458,370,459,370,460,370,461,370,462,370,463,370,464,371,464,372,465,373,466,374,467,375,468,376,469,377,469,378,469,379,470,380,470,381,470,382,470,383,470,384,470,385,470,386,470,387,469,388,469,389,468,390,468,391,467,392,467,393,466,394,465,394,464,395,463,395,462,395,461,394,460,394,459,394,458,394,457,394,456,395,455,394,454,394,453,393,452,392,451,391,450,390,450,389,450,388,450,387,449,386,449,385,449,384,449,383,449,382,449,381,449
452,450,451,451,450,451,449,452,448,452,447,452,446,453,445,453,444,454,443,454,442,454,441,455,440,455,439,455,438,455,437,456,436,456,435,456,434,456,433,456,432,456,431,456,430,457,430,458,430,459,430,460,430,461,431,462,431,463,432,464,432,465,433,465,434,466,435,467,436,468,437,468,438,468,439,468,440,469,441,469,442,469,443,469,444,469,445,469,446,469,447,469,448,469,449,469,450,469,451,469,452,469,453,468,454,467,455,467,456,466,456,465,457,464,458,463,458,462,459,461,459,460,459,459,460,458,459,457,459,456,459,455,458,454,457,453,456,452,455,451,454,450,453,450
262,460,261,461,260,461,259,461,258,461,257,462,256,462,255,463,254,463,253,464,252,464,251,465,250,466,249,467,249,468,248,469,247,470,247,471,246,472,245,473,244,474,243,475,242,476,241,477,240,478,240,479,240,480,239,481,238,482,238,483,238,484,238,485,237,486,237,487,237,488,237,489,236,490,236,491,236,492,236,493,236,494,235,495,234,496,234,497,235,498,235,499,235,500,236,501,236,502,236,503,236,504,237,505,237,506,237,507,237,508,238,507,239,508,240,508,241,508,242,508,243,508,244,508,245,509,246,510,247,510,248,510,249,510,250,510,251,510,252,510,253,510,254,510,255,510,256,510,257,510,258,510,259,510,260,510,261,510,262,510,263,510,264,510,265,510,266,510,267,510,268,510,269,510,270,509,271,509,272,508,273,508,274,507,275,507,276,506,277,506,278,505,279,504,280,503,281,502,282,501,283,500,284,499,285,498,286,497,286,496,287,495,288,494,288,493,288,492,289,491,289,490,289,489,289,488,289,487,289,486,289,485,289,484,289,483,289,482,289,481,289,480,288,479,288,478,287,477,287,476,286,475,286,474,285,473,285,472,284,471,283,470,282,469,281,468,280,467,279,466,278,466,277,465,276,464,275,464,274,463,273,463,272,462,271,462,270,462,269,461,268,461,267,460,266,460,265,460,264,460,263,460
404,460,403,461,402,461,401,461,400,461,399,462,398,463,397,463,396,462,397,463,396,464,395,464,396,465,395,466,394,466,393,467,394,466,395,467,395,468,395,469,395,470,395,471,395,472,395,473,395,474,396,475,396,476,397,477,397,478,398,479,399,480,400,481,401,481,402,482,403,483,404,483,405,483,406,483,407,483,408,483,409,483,410,483,411,482,412,482,413,482,414,481,415,481,416,480,417,479,418,478,419,478,420,477,421,476,421,475,422,474,422,473,422,472,421,471,421,470,421,469,420,468,419,467,419,466,419,465,418,464,417,464,416,463,416,462,415,462,414,461,413,461,412,460,411,460,410,460,409,460,408,460,407,460,406,460,405,460
95,468,94,469,93,469,92,470,91,471,90,472,89,473,89,474,89,475,88,476,88,477,88,478,87,479,87,480,87,481,87,482,87,483,87,484,87,485,88,486,88,487,88,488,89,489,90,489,91,490,92,490,93,491,94,491,95,492,96,492,97,493,98,493,99,492,100,492,101,492,102,491,103,491,104,491,105,491,106,490,107,489,107,488,108,487,108,486,108,485,108,484,108,483,108,482,107,481,107,480,107,479,106,478,106,477,105,476,105,475,104,474,103,473,102,472,101,471,100,471,99,470,98,470,97,469,96,469
436,469,435,470,434,471,433,472,432,472,431,473,430,474,429,475,429,476,428,477,427,478,427,479,426,480,426,481,426,482,426,483,426,484,425,485,425,486,425,487,425,488,425,489,424,490,424,491,424,492,423,493,422,494,421,495,421,496,422,497,422,498,423,499,424,500,424,501,425,502,425,503,426,504,426,505,427,506,427,507,427,508,427,509,428,510,429,510,430,510,431,510,432,511,433,511,434,511,435,511,436,511,437,510,438,511,439,511,440,511,441,511,442,511,443,511,444,511,445,511,446,510,447,510,448,511,449,511,450,511,450,510,450,509,451,508,452,507,453,506,454,505,455,504,456,504,457,503,458,503,459,502,460,502,461,501,462,501,463,501,464,501,465,501,466,501,467,502,466,501,466,500,465,499,465,498,464,497,465,496,464,496,463,495,463,494,462,493,462,492,462,491,462,490,462,489,461,488,461,487,461,486,461,485,461,484,461,483,461,482,460,481,460,480,460,479,459,478,459,477,458,476,458,475,457,474,456,473,455,472,454,471,453,470,452,470,451,470,450,470,449,470,448,470,447,470,446,470,445,470,444,470,443,470,442,470,441,470,440,470,439,469,438,469,437,469
303,470,302,471,301,471,300,472,299,473,298,474,297,475,297,476,296,477,296,478,295,479,295,480,294,481,294,482,294,483,294,484,294,485,294,486,294,487,294,488,295,489,295,490,295,491,296,492,297,493,298,494,299,495,300,495,301,496,302,496,303,496,304,496,305,496,306,496,307,496,308,496,309,495,310,495,311,495,312,494,313,493,314,492,315,491,316,490,317,489,318,488,318,487,319,486,319,485,319,484,319,483,319,482,319,481,319,480,319,479,319,478,318,477,318,476,317,475,316,474,315,473,314,472,313,471,312,471,311,471,310,470,309,470,308,470,307,470,306,470,305,470,304,470
353,471,352,472,351,473,350,473,349,474,348,475,348,476,347,477,347,478,347,479,347,480,347,481,347,482,348,483,348,484,348,485,348,486,348,487,349,488,349,489,349,490,350,491,350,492,351,493,352,494,353,494,354,495,355,496,356,496,357,496,358,496,359,496,360,496,361,496,362,496,363,496,364,497,365,497,366,496,367,496,368,496,369,495,370,495,370,494,371,493,372,492,372,491,372,490,372,489,372,488,372,487,372,486,373,485,372,484,372,483,372,482,372,481,372,480,371,479,371,478,371,477,370,476,369,475,368,474,367,473,366,473,365,473,364,472,363,472,362,472,361,471,360,471,359,471,358,471,357,471,356,471,355,471,354,471
131,475,130,476,129,476,128,476,127,476,126,477,125,477,124,478,123,478,122,479,121,480,120,481,119,482,118,483,117,484,116,485,115,486,114,487,113,488,113,489,112,490,111,491,111,492,110,493,110,494,109,495,109,496,108,497,108,498,108,499,108,500,108,501,108,502,108,503,108,504,108,505,109,506,109,507,110,508,110,509,110,510,111,511,112,511,113,511,114,511,115,511,116,511,117,511,118,511,119,511,120,511,121,511,122,511,123,511,124,511,125,511,126,511,127,511,128,511,129,511,130,511,131,511,132,511,133,511,134,511,135,511,136,511,137,511,138,511,139,511,140,511,141,511,142,511,143,511,144,511,145,511,146,511,147,511,148,511,149,511,150,511,151,511,152,511,153,511,154,511,155,511,156,511,157,511,158,511,159,510,160,510,161,509,161,508,161,507,161,506,161,505,161,504,161,503,161,502,161,501,160,500,160,499,160,498,159,497,159,496,159,495,159,494,159,493,158,492,158,491,158,490,158,489,158,488,157,487,156,486,156,485,155,484,154,483,154,482,153,481,152,481,151,480,150,479,149,479,148,479,147,478,146,478,145,478,144,477,143,477,142,477,141,477,140,476,139,476,138,476,137,476,136,475,135,475,134,475,133,475,132,475
478,480,477,481,476,481,475,482,474,482,473,482,472,483,471,483,470,484,470,485,469,486,469,487,468,488,468,489,467,490,467,491,467,492,467,493,467,494,466,495,466,496,466,497,466,498,466,499,467,500,467,501,468,502,468,503,469,504,470,505,471,506,471,507,472,507,472,506,473,505,474,506,475,506,476,506,477,507,478,507,479,507,480,507,481,507,482,506,483,507,484,506,485,505,486,505,487,504,488,503,489,503,489,502,490,501,491,500,491,499,492,498,493,497,493,496,493,495,493,494,494,493,493,492,493,491,493,490,493,489,493,488,493,487,492,486,492,485,491,484,490,483,489,482,488,482,487,481,486,481,485,481,484,480,483,480,482,480,481,480,480,480,479,480
87,489,86,490,85,490,84,491,83,491,82,492,81,492,80,493,79,494,78,495,77,496,76,496,75,497,74,497,74,498,73,499,72,500,71,501,70,502,70,503,70,504,69,505,69,506,69,507,68,508,69,509,69,510,70,510,71,510,72,510,73,510,74,511,75,511,76,511,77,511,78,511,79,511,80,511,81,511,82,511,83,511,84,511,85,511,86,511,87,511,88,511,89,511,90,511,91,511,92,511,93,510,94,510,95,510,96,510,97,510,98,510,99,509,100,508,101,507,101,506,101,505,101,504,101,503,101,502,101,501,101,500,100,499,100,498,99,497,99,496,98,495,97,494,96,493,95,493,94,492,93,492,92,491,91,491,90,490,89,490,88,489
339,493,338,494,337,494,336,494,335,494,334,495,333,495,332,496,331,497,330,497,329,498,329,499,328,500,329,501,328,502,328,503,329,504,329,505,329,506,330,507,330,508,330,509,331,509,332,510,332,511,333,510,334,510,335,510,336,510,337,510,338,511,339,511,340,511,341,510,342,511,343,511,344,511,345,511,346,511,347,510,348,510,349,510,350,510,351,510,352,511,353,511,353,510,353,509,354,508,354,507,355,506,355,505,356,504,355,503,355,502,355,501,354,500,354,499,353,498,352,497,351,497,350,496,349,495,348,495,347,494,346,494,345,494,344,494,343,493,342,493,341,493,340,493
406,495,405,496,404,496,403,496,402,496,401,497,400,497,399,498,398,497,397,498,396,498,395,499,394,499,393,500,392,500,391,501,390,502,389,503,388,504,387,505,386,506,386,507,385,508,385,509,386,510,387,511,388,511,389,511,390,511,391,511,392,511,393,511,394,511,395,511,396,511,397,511,398,511,399,511,400,511,401,511,402,511,403,511,404,511,405,511,406,511,407,511,408,511,409,511,410,511,411,511,412,511,413,511,414,511,415,511,416,511,417,511,418,511,419,511,420,511,421,511,422,511,423,511,424,511,425,511,426,510,427,510,426,509,426,508,426,507,426,506,425,505,425,504,424,503,424,502,423,501,423,500,422,499,421,498,421,497,420,496,419,496,418,496,417,496,416,496,415,496,414,496,413,496,412,496,411,496,410,496,409,495,408,495,407,495
365,502,364,503,363,503,362,503,361,503,360,504,359,504,358,504,357,504,356,505,356,506,355,507,355,508,354,509,354,510,354,511,355,511,356,511,357,511,358,511,359,511,360,511,361,511,362,511,363,511,364,511,365,511,366,511,367,511,368,511,369,511,370,511,371,511,372,511,373,511,374,510,375,510,376,510,377,510,377,509,376,508,375,507,374,506,373,505,372,504,371,504,370,503,369,502,368,502,367,502,366,502
