231,112,230,113,229,113,228,114,227,115,227,116,228,117,229,118,230,118,231,119,232,119,233,119,234,118,235,118,236,117,236,116,237,115,236,114,236,113,235,112,234,112,233,112,232,112
484,151,483,152,482,152,481,153,480,154,480,155,480,156,480,157,481,158,482,159,483,159,484,160,485,160,486,159,487,159,488,158,488,157,488,156,488,155,487,154,487,153,486,152,485,152
189,182,188,183,187,183,186,183,185,184,185,185,184,186,184,187,184,188,183,189,183,190,184,191,184,192,184,193,184,194,185,195,185,196,186,196,187,197,188,197,189,197,190,197,191,197,192,198,193,197,194,197,195,197,196,197,197,196,198,195,199,194,199,193,199,192,200,191,199,190,199,189,199,188,198,187,198,186,197,185,196,184,195,184,194,183,193,182,192,182,191,182,190,182
179,196,178,197,177,197,176,197,175,198,174,199,174,200,173,201,173,202,173,203,173,204,173,205,174,206,174,207,174,208,175,209,176,210,176,211,177,212,178,213,179,214,180,215,181,215,182,215,183,215,184,215,185,214,185,213,186,212,187,211,187,210,187,209,188,208,188,207,188,206,189,205,189,204,189,203,189,202,188,201,188,200,187,199,186,198,186,197,185,197,184,197,183,196,182,196,181,196,180,196
420,216,419,217,418,217,417,218,417,219,418,220,419,220,420,220,421,221,422,221,423,221,424,221,424,220,424,219,424,218,423,217,422,217,421,216
185,241,184,242,183,242,182,243,181,243,180,244,179,245,179,246,179,247,180,248,181,249,182,250,183,250,184,250,185,250,186,250,187,250,188,249,189,249,190,248,190,247,191,246,192,245,193,245,192,244,191,244,190,243,190,242,189,242,188,242,187,242,186,242
275,298,274,299,273,299,272,299,271,299,270,299,269,300,268,300,267,301,266,301,266,302,265,303,265,304,264,305,264,306,263,307,263,308,263,309,263,310,263,311,263,312,264,313,264,314,264,315,264,316,265,317,266,318,266,319,266,320,267,321,268,322,269,323,270,324,271,324,272,324,273,325,274,324,275,325,276,325,277,324,278,324,279,324,280,324,281,324,282,323,283,323,284,323,285,322,286,321,287,320,288,319,289,318,290,317,290,316,291,315,291,314,291,313,291,312,291,311,291,310,291,309,291,308,291,307,291,306,290,305,289,304,288,303,287,302,286,301,285,301,284,300,283,300,282,299,281,299,280,299,279,298,278,298,277,298,276,298
176,327,175,328,174,329,173,330,172,331,171,332,170,333,170,334,170,335,169,336,169,337,169,338,169,339,169,340,169,341,169,342,169,343,170,344,170,345,170,346,171,347,171,348,172,349,173,350,174,351,175,352,176,353,177,353,178,353,179,353,180,353,181,353,182,353,183,353,184,353,185,353,186,353,187,352,188,352,189,351,190,350,191,349,191,348,192,347,192,346,193,345,193,344,193,343,193,342,193,341,193,340,193,339,193,338,193,337,193,336,192,335,192,334,192,333,191,332,190,331,190,330,189,329,188,329,187,328,186,328,185,327,184,327,183,327,182,327,181,327,180,327,179,327,178,327,177,327
155,342,154,343,153,344,152,345,152,346,151,347,150,348,150,349,150,350,150,351,151,352,152,353,153,353,154,353,155,353,156,353,157,353,158,352,159,351,160,350,161,349,161,348,161,347,161,346,161,345,160,344,160,343,159,342,158,342,157,342,156,342
222,353,221,354,220,354,219,355,218,355,217,356,216,356,215,357,214,358,213,359,212,360,211,361,210,362,210,363,209,364,208,365,208,366,209,367,210,368,211,368,212,369,213,370,214,371,215,372,216,373,217,374,218,375,219,376,220,377,221,378,222,379,223,380,223,381,224,381,225,381,226,381,227,381,228,380,229,380,230,380,231,379,232,379,233,378,234,378,235,377,236,376,237,376,238,375,238,374,239,373,240,372,241,371,241,370,242,369,242,368,242,367,242,366,243,365,243,364,243,363,243,362,242,361,242,360,241,359,241,358,240,357,239,356,238,355,237,355,236,354,235,354,234,353,233,353,232,353,231,353,230,353,229,353,228,353,227,353,226,353,225,353,224,353,223,353
207,366,206,367,205,367,204,368,203,368,202,369,201,369,200,370,199,370,198,371,197,372,196,372,195,373,195,374,194,375,193,376,193,377,192,378,192,379,191,380,191,381,191,382,191,383,191,384,191,385,191,386,191,387,191,388,192,389,192,390,193,391,193,392,194,393,195,393,196,394,197,395,198,395,199,396,200,396,201,396,202,396,203,396,204,396,205,396,206,396,207,396,208,396,209,396,210,395,211,395,212,395,213,394,214,394,215,393,216,393,217,392,218,391,219,390,220,389,220,388,221,387,221,386,222,385,222,384,223,383,223,382,222,381,222,380,221,379,220,378,219,377,218,376,217,375,216,374,215,373,214,372,213,371,212,370,211,369,210,369,209,368,208,367
90,371,89,372,88,372,87,373,86,373,85,374,84,375,83,376,83,377,83,378,82,379,82,380,82,381,82,382,82,383,82,384,82,385,82,386,83,387,83,388,84,389,85,390,86,391,87,391,88,392,89,392,90,393,91,393,92,393,93,393,94,392,95,392,96,392,97,391,98,391,99,390,100,389,101,389,102,388,102,387,103,386,103,385,103,384,104,383,104,382,105,381,104,380,104,379,104,378,104,377,103,376,102,375,101,374,101,373,100,372,99,372,98,372,97,372,96,371,95,371,94,371,93,371,92,371,91,371
50,374,49,375,48,375,47,376,46,376,45,377,44,378,43,379,42,380,41,381,40,382,39,383,39,384,39,385,38,386,38,387,38,388,38,389,39,390,39,391,39,392,40,393,41,394,42,395,43,395,44,396,45,396,46,396,47,396,48,396,49,396,50,396,51,396,52,396,53,396,54,396,55,396,56,396,57,396,58,396,59,395,60,395,61,395,62,394,63,394,64,393,64,392,65,391,66,390,66,389,67,388,67,387,67,386,67,385,67,384,67,383,66,382,66,381,65,380,65,379,64,378,63,378,62,377,61,376,60,376,59,376,58,375,57,375,56,375,55,374,54,374,53,374,52,374,51,374
397,433,396,434,395,434,394,435,393,436,392,437,391,438,391,439,392,440,392,441,393,442,394,442,395,442,396,442,397,442,398,442,399,442,400,441,401,441,402,440,403,439,403,438,404,437,404,436,403,435,403,434,402,434,401,433,400,433,399,433,398,433
413,472,412,473,411,473,410,474,409,475,408,476,407,477,407,478,406,479,406,480,406,481,406,482,406,483,406,484,406,485,407,486,407,487,408,488,409,489,410,490,411,490,412,491,412,492,413,492,414,492,415,493,416,493,417,493,418,493,419,492,420,492,421,491,422,491,423,490,424,489,425,488,426,487,426,486,427,485,427,484,427,483,428,482,428,481,428,480,428,479,428,478,427,477,427,476,426,475,425,474,424,473,423,473,422,473,421,472,420,472,419,472,418,472,417,472,416,472,415,472,414,472
381,483,380,484,379,484,378,485,377,485,376,486,375,486,375,487,374,488,373,488,372,489,371,489,370,490,369,491,368,492,367,493,366,493,366,494,365,495,365,496,365,497,365,498,365,499,364,500,364,501,364,502,364,503,365,504,365,505,365,506,366,507,366,508,367,509,367,510,368,511,369,510,370,510,371,510,372,510,373,510,374,510,375,510,376,510,377,511,378,511,379,510,380,510,381,510,382,509,383,508,384,508,385,507,385,506,386,505,386,504,386,503,387,502,387,501,388,500,389,500,389,499,389,498,389,497,389,496,389,495,389,494,389,493,389,492,390,491,389,490,389,489,388,488,388,487,388,486,387,485,386,484,386,483,385,483,384,483,383,483,383,484,382,485,381,485,380,484
400,492,399,493,398,493,397,493,396,494,395,494,394,495,393,496,392,497,392,498,391,499,391,500,391,501,391,502,391,503,391,504,391,505,391,506,392,507,393,508,393,509,394,510,395,511,396,511,397,511,398,511,399,511,400,511,401,511,402,511,403,511,404,511,405,511,406,511,407,511,408,511,409,511,410,511,411,511,412,510,412,509,413,508,413,507,413,506,413,505,413,504,413,503,413,502,413,501,413,500,413,499,412,498,411,497,410,496,409,495,408,494,407,493,406,493,405,493,404,492,403,492,402,492,401,492
