269,0,268,1,268,2,268,3,268,4,268,5,269,6,270,7,271,7,272,8,273,8,274,8,275,8,276,8,277,8,278,8,279,8,280,8,281,8,282,7,283,7,284,6,285,6,286,5,287,5,288,4,289,3,290,2,290,1,289,0,288,0,287,0,286,0,285,0,284,0,283,0,282,0,281,0,280,0,279,0,278,0,277,0,276,0,275,0,274,0,273,0,272,0,271,0,270,0
188,179,187,180,186,181,185,182,184,183,183,184,183,185,183,186,182,187,181,188,180,189,179,190,180,190,181,191,182,192,183,193,184,194,184,195,185,196,186,197,187,198,188,199,189,200,190,200,191,201,192,202,193,203,193,202,194,201,195,200,196,200,197,199,198,198,199,197,200,196,200,195,200,194,201,193,201,192,201,191,200,190,200,189,200,188,199,187,199,186,198,185,198,184,197,183,196,182,195,181,194,180,193,180,192,179,191,179,190,179,189,179
175,190,174,191,173,191,172,191,171,192,170,192,169,193,168,194,167,195,166,196,166,197,165,198,164,199,163,200,162,201,162,202,161,203,160,204,159,205,159,206,158,207,158,208,158,209,158,210,158,211,158,212,159,213,159,214,160,215,160,216,161,217,162,218,163,218,164,219,165,220,166,220,167,220,168,221,169,221,170,221,171,221,172,221,173,221,174,220,175,220,176,220,177,219,178,218,179,218,180,218,181,217,182,217,183,217,184,217,185,216,186,215,187,215,188,214,189,213,189,212,190,211,191,210,191,209,192,208,192,207,192,206,193,205,193,204,192,203,191,202,190,201,189,201,188,200,187,199,186,198,185,197,184,196,183,195,183,194,182,193,181,192,180,191,179,191,178,190,177,190,176,190
335,244,334,245,333,245,332,246,331,246,330,247,329,248,328,249,327,250,326,250,326,251,325,252,325,253,324,254,324,255,324,256,324,257,324,258,325,259,326,260,327,261,328,262,329,262,330,262,331,263,332,263,333,264,334,264,335,264,336,264,337,263,338,263,339,263,340,263,341,263,342,262,343,262,344,261,345,261,346,260,346,259,347,258,347,257,348,256,348,255,349,254,349,253,349,252,348,251,348,250,347,249,347,248,346,247,345,246,344,246,343,245,342,245,341,245,340,245,339,244,338,244,337,244,336,245
310,250,309,251,308,251,307,251,306,251,305,251,304,252,303,252,302,253,301,253,300,254,299,255,299,256,298,257,298,258,297,259,297,260,297,261,296,262,296,263,296,264,295,265,295,266,295,267,294,268,294,269,294,270,294,271,294,272,293,273,294,274,294,275,294,276,295,277,296,277,297,278,298,278,299,278,300,277,301,277,302,277,303,277,304,277,305,276,306,276,307,276,308,276,309,276,310,276,311,276,312,276,313,276,314,276,314,275,315,274,316,273,316,272,317,271,317,270,317,269,318,268,318,267,318,266,318,265,318,264,318,263,318,262,318,261,317,260,317,259,317,258,317,257,316,256,316,255,315,254,314,253,313,252,312,251,311,251
330,265,329,266,328,267,327,267,326,267,325,268,324,269,323,270,322,271,322,272,321,273,321,274,321,275,321,276,321,277,321,278,321,279,321,280,322,281,322,282,323,283,324,284,325,284,326,285,327,286,328,286,329,286,330,286,331,286,332,287,333,286,334,286,335,285,336,284,337,284,338,283,339,282,340,281,341,280,341,279,342,278,342,277,342,276,342,275,342,274,342,273,341,272,341,271,340,270,339,269,338,268,337,268,336,267,335,266,334,266,333,265,332,265,331,265
276,275,275,276,274,276,273,277,272,278,271,279,271,280,270,281,270,282,269,283,269,284,269,285,269,286,269,287,270,288,271,289,272,290,273,290,274,290,275,290,276,289,277,289,278,289,279,289,280,289,281,289,282,289,283,289,284,289,285,289,286,289,287,289,288,288,288,287,289,286,289,285,289,284,290,283,290,282,289,281,289,280,288,279,287,278,286,277,285,276,284,276,283,276,282,275,281,275,280,275,279,275,278,275,277,275
347,276,346,277,345,277,344,278,343,279,342,279,342,280,341,281,340,282,339,283,338,284,337,285,336,285,335,286,334,287,333,287,333,288,332,289,332,290,332,291,332,292,332,293,332,294,332,295,331,296,332,297,332,298,332,299,333,300,333,301,334,302,334,303,335,304,336,305,337,306,338,307,339,308,340,308,341,308,342,308,343,308,344,308,345,308,346,307,347,306,348,306,349,305,349,304,350,303,350,302,351,301,352,300,353,299,354,298,354,297,355,296,356,295,356,294,357,293,358,292,358,291,359,290,359,289,359,288,359,287,359,286,359,285,359,284,359,283,359,282,358,281,358,280,357,279,357,278,356,277,355,276,354,276,353,276,352,276,351,276,350,276,349,276,348,276
305,277,304,278,303,278,302,279,301,280,300,281,299,282,299,283,298,284,298,285,298,286,298,287,298,288,298,289,298,290,298,291,299,292,299,293,300,294,300,295,301,296,302,296,303,297,304,297,305,298,306,298,307,298,308,298,309,298,310,297,311,297,312,297,313,297,314,296,315,295,316,294,317,294,317,293,318,292,318,291,318,290,318,289,318,288,318,287,318,286,318,285,317,284,317,283,316,282,316,281,315,280,314,280,313,279,312,278,312,277,311,277,310,277,309,277,308,277,307,277,306,277
276,290,275,291,274,291,273,291,272,291,272,292,271,293,270,294,269,295,268,296,267,296,266,297,265,298,264,299,264,300,263,301,263,302,263,303,262,304,262,305,262,306,261,307,261,308,261,309,261,310,261,311,261,312,261,313,262,314,262,315,262,316,262,317,263,318,263,319,264,320,264,321,265,322,266,323,267,323,268,324,269,324,270,325,271,326,272,326,273,327,274,327,275,327,276,328,277,328,278,328,279,328,280,328,281,328,282,328,283,328,284,328,285,328,286,328,287,328,288,328,289,328,290,327,291,327,292,327,293,327,294,326,295,326,296,325,296,324,297,323,298,322,298,321,298,320,299,319,300,319,299,318,299,317,298,316,298,315,298,314,298,313,298,312,297,311,297,310,297,309,297,308,296,307,296,306,296,305,295,304,295,303,295,302,294,301,294,300,294,299,293,298,292,297,292,296,291,295,290,294,289,293,289,292,288,291,287,290,286,290,285,290,284,290,283,290,282,290,281,290,280,290,279,290,278,290,277,290
318,298,317,299,316,299,315,300,314,300,313,301,312,302,311,302,310,303,309,303,309,304,308,305,307,306,306,307,305,308,305,309,304,310,303,311,303,312,302,313,301,314,301,315,300,316,300,317,300,318,301,319,302,320,302,321,302,322,303,323,303,324,304,325,304,326,305,327,305,328,306,328,307,329,308,330,309,330,310,331,311,331,312,331,313,331,314,331,315,331,316,331,317,331,318,331,319,331,320,331,321,331,322,330,323,330,324,330,325,329,326,328,327,327,328,326,328,325,329,324,329,323,329,322,330,321,330,320,330,319,330,318,330,317,329,316,330,315,330,314,330,313,329,312,329,311,329,310,329,309,329,308,328,307,328,306,327,305,327,304,326,303,326,302,325,301,324,300,323,300,322,300,321,299,320,299,319,299
231,346,230,347,229,347,228,347,227,347,226,348,225,349,224,349,223,349,222,350,221,350,220,350,219,351,218,351,217,352,216,353,215,354,215,355,214,356,214,357,213,358,212,359,212,360,211,361,212,362,213,363,214,364,215,365,215,366,216,367,217,368,218,369,219,370,220,371,220,372,221,373,222,374,223,375,223,376,224,377,224,378,225,379,226,380,226,381,227,380,228,380,229,380,230,380,231,380,232,380,233,380,234,380,235,380,236,381,237,380,238,380,239,380,240,380,241,379,242,379,243,379,244,378,245,377,246,376,247,375,247,374,248,373,248,372,248,371,248,370,249,369,249,368,248,367,249,366,249,365,249,364,249,363,249,362,249,361,248,360,248,359,247,358,247,357,247,356,246,355,246,354,245,353,244,352,243,351,242,350,241,350,240,349,239,348,238,348,237,347,236,347,235,346,234,346,233,346,232,346
210,362,209,363,208,363,207,363,206,363,205,363,204,364,203,364,202,365,201,365,200,365,199,366,198,366,197,366,196,367,195,367,194,368,193,368,192,369,191,369,190,370,189,371,189,372,188,373,188,374,187,375,187,376,186,377,186,378,186,379,185,380,185,381,185,382,185,383,185,384,185,385,185,386,185,387,185,388,185,389,186,390,187,391,187,392,188,393,189,394,190,395,191,395,192,396,193,397,194,397,195,398,196,398,197,398,198,398,199,398,200,399,201,399,202,399,203,398,204,398,205,398,206,398,207,398,208,397,209,397,210,397,211,396,212,395,213,395,214,394,215,393,216,392,217,391,218,390,219,389,220,388,220,387,221,386,222,385,222,384,223,383,224,382,225,381,225,380,224,379,223,378,223,377,222,376,222,375,221,374,220,373,219,372,219,371,218,370,217,369,216,368,215,367,214,366,214,365,213,364,212,363,211,362
90,364,89,365,88,365,87,365,86,365,85,366,84,366,83,366,82,367,81,368,80,369,79,370,78,371,78,372,78,373,77,374,77,375,77,376,76,377,76,378,76,379,76,380,76,381,76,382,76,383,76,384,76,385,77,386,77,387,77,388,78,389,78,390,79,391,80,392,81,393,82,393,83,393,84,394,85,395,86,395,87,395,88,396,89,396,90,396,91,396,92,396,93,396,94,396,95,395,96,395,97,394,98,394,99,393,100,392,101,392,102,391,103,390,104,389,105,388,106,387,106,386,107,385,108,384,108,383,109,382,109,381,109,380,109,379,109,378,108,377,108,376,108,375,107,374,106,373,106,372,105,371,104,370,104,369,103,368,102,368,101,367,100,366,99,366,98,365,97,365,96,365,95,365,94,364,93,364,92,364,91,364
390,447,389,448,388,448,387,448,386,449,385,449,384,450,383,450,382,451,381,451,381,452,380,453,379,454,379,455,379,456,379,457,379,458,379,459,379,460,379,461,380,462,380,463,380,464,381,465,381,466,382,467,383,468,384,469,385,470,386,470,387,471,388,471,389,471,390,472,391,472,392,471,393,471,394,471,395,471,396,471,397,471,398,470,399,470,400,469,401,469,402,468,403,467,403,466,404,465,405,464,405,463,405,462,406,461,406,460,406,459,406,458,406,457,406,456,405,455,405,454,404,453,404,452,403,451,402,450,401,450,400,449,399,448,398,448,397,448,396,447,395,447,394,447,393,447,392,447,391,447
412,447,411,448,410,449,409,449,409,450,408,451,408,452,408,453,408,454,408,455,408,456,409,457,410,458,410,459,411,460,412,461,413,462,414,463,415,463,416,463,417,463,418,463,419,462,420,462,421,461,422,461,423,460,424,459,424,458,424,457,424,456,425,455,425,454,424,453,424,452,424,451,423,450,422,449,421,448,420,448,419,447,418,447,417,447,416,447,415,447,414,447,413,447
438,448,437,449,436,449,435,449,434,449,433,449,432,450,431,451,431,452,430,453,430,454,430,455,430,456,429,457,429,458,429,459,429,460,430,461,430,462,430,463,430,464,431,465,432,466,433,467,434,468,435,468,436,468,437,469,438,469,439,469,440,469,441,468,442,468,443,468,444,467,445,467,445,466,446,465,447,464,447,463,447,462,447,461,447,460,448,459,447,458,448,457,448,456,447,455,447,454,447,453,446,452,445,451,444,450,443,449,442,449,441,449,440,448,439,448
247,454,246,455,245,455,244,456,243,457,243,458,242,459,242,460,242,461,242,462,243,463,243,464,243,465,244,466,245,467,246,468,247,468,248,469,249,469,250,468,251,468,252,468,253,467,253,466,254,465,254,464,255,463,255,462,255,461,255,460,255,459,255,458,254,457,254,456,253,455,252,455,251,454,250,454,249,454,248,454
413,470,412,471,411,471,410,472,409,472,408,473,407,474,406,475,406,476,405,477,405,478,405,479,404,480,404,481,404,482,404,483,404,484,405,485,405,486,406,487,407,488,407,489,408,490,408,491,409,491,410,491,411,492,412,492,413,492,414,492,415,492,416,492,417,492,418,492,419,492,420,492,421,491,422,491,423,490,424,489,425,489,426,488,427,487,427,486,427,485,427,484,427,483,427,482,427,481,427,480,427,479,427,478,426,477,426,476,425,475,424,474,423,473,423,472,422,472,421,471,420,470,419,470,418,470,417,470,416,470,415,470,414,470
450,470,449,471,448,471,447,472,446,473,446,474,445,475,445,476,444,477,443,478,443,479,443,480,443,481,443,482,443,483,443,484,443,485,444,486,444,487,445,488,445,489,446,490,447,490,448,491,449,491,450,492,451,492,452,492,453,492,454,492,455,492,456,491,457,491,458,491,459,490,460,490,461,489,462,488,463,487,463,486,464,485,464,484,464,483,464,482,464,481,464,480,464,479,463,478,463,477,463,476,462,475,461,474,460,473,459,472,458,472,457,471,456,471,455,470,454,470,453,470,452,470,451,470
376,472,375,473,374,473,373,474,372,474,371,475,371,476,371,477,371,478,372,479,372,480,373,481,374,482,375,481,376,481,377,480,378,480,379,479,380,479,381,478,382,478,383,477,384,477,384,476,384,475,383,474,383,473,382,473,381,473,380,472,379,472,378,472,377,472
383,478,382,479,381,479,380,480,379,480,378,481,377,481,376,482,375,482,375,483,375,484,375,485,374,486,374,487,374,488,375,489,376,490,377,491,378,491,379,491,380,491,381,491,382,491,383,491,384,491,385,491,386,490,386,489,387,488,387,487,387,486,387,485,387,484,387,483,387,482,386,481,386,480,385,479,384,478
48,479,47,480,46,480,46,481,45,482,44,483,44,484,44,485,45,486,46,487,47,488,48,488,49,489,50,489,51,488,52,488,53,488,53,487,54,486,54,485,54,484,53,483,53,482,52,481,51,480,50,480,49,479
396,491,395,492,394,492,393,492,392,493,391,494,390,495,389,495,389,496,388,497,388,498,387,499,387,500,388,501,388,502,388,503,388,504,388,505,388,506,389,507,390,508,391,509,392,510,393,510,394,510,395,511,396,511,397,511,398,511,399,511,400,511,401,511,402,511,403,511,404,511,405,511,406,511,407,511,408,511,409,511,410,510,411,510,412,510,413,510,414,510,414,509,414,508,414,507,414,506,414,505,413,504,413,503,413,502,413,501,412,501,411,500,411,499,411,498,410,497,409,496,409,495,408,494,407,493,406,493,405,492,404,492,403,491,402,491,401,491,400,491,399,491,398,491,397,491
364,493,363,494,362,494,362,495,361,496,361,497,361,498,361,499,361,500,362,501,362,502,362,503,363,504,364,504,365,505,366,506,365,507,366,507,367,508,368,509,369,509,370,510,370,511,370,510,371,509,372,509,373,509,374,508,375,508,376,507,377,507,378,507,379,506,380,505,381,504,382,503,382,502,383,501,383,500,383,499,383,498,383,497,382,496,381,495,380,495,379,495,378,494,377,494,376,494,375,494,374,494,373,494,372,494,371,494,370,494,369,494,368,494,367,493,366,493,365,493
460,496,459,497,458,497,457,498,456,499,455,500,455,501,454,502,453,503,453,504,452,505,452,506,451,507,452,507,453,508,454,509,455,509,456,510,457,510,458,511,459,511,460,511,461,511,462,511,463,511,464,511,465,511,466,511,467,511,468,511,469,511,470,511,471,511,472,510,473,510,473,509,473,508,473,507,473,506,473,505,473,504,473,503,472,502,472,501,471,500,471,499,470,498,469,497,468,497,467,496,466,496,465,496,464,496,463,496,462,496,461,496
357,507,356,508,355,508,354,509,353,509,354,510,354,511,355,511,356,511,357,511,358,511,359,511,360,511,361,511,362,511,363,511,364,511,365,511,366,511,367,511,368,511,369,511,369,510,368,510,367,509,366,508,365,508,364,507,363,507,362,507,361,507,360,507,359,507,358,507
