101,118,100,119,99,119,98,120,97,121,96,122,95,122,95,123,94,124,93,125,93,126,92,127,92,128,91,129,91,130,91,131,91,132,91,133,91,134,91,135,90,136,90,137,90,138,90,139,90,140,91,141,91,142,92,143,93,144,94,145,95,146,96,147,97,147,98,147,99,147,100,147,101,147,102,147,103,147,104,146,105,146,106,145,107,144,108,143,109,143,109,142,110,141,110,140,111,139,111,138,112,137,112,136,112,135,113,134,113,133,113,132,113,131,113,130,113,129,113,128,113,127,113,126,112,125,112,124,111,123,110,122,110,121,109,120,108,120,107,119,106,119,105,119,104,118,103,118,102,119
186,129,185,130,184,131,184,132,185,133,186,134,187,135,188,136,188,137,188,138,188,139,188,140,188,141,188,142,188,143,188,144,187,145,187,146,187,147,187,148,188,149,188,150,188,151,189,151,190,152,191,153,192,153,193,153,194,153,195,153,196,152,197,152,198,152,199,151,200,151,201,150,202,149,203,148,204,147,205,146,206,145,206,144,207,143,207,142,207,141,207,140,207,139,207,138,206,137,206,136,205,135,204,134,203,133,202,132,201,132,200,132,199,131,198,131,197,131,196,131,195,131,194,131,193,131,192,130,191,129,190,130,189,129,188,129,187,129
184,133,183,134,182,135,181,136,180,136,179,137,178,137,177,137,176,136,175,136,174,136,173,136,172,136,171,136,170,136,169,136,168,136,167,137,166,137,165,137,164,138,163,138,162,139,161,140,160,141,159,142,158,143,158,144,157,145,157,146,157,147,157,148,157,149,157,150,158,151,158,152,159,153,160,154,160,155,161,156,162,157,162,158,163,159,164,160,164,161,165,162,166,163,166,164,167,165,168,166,169,167,169,168,170,168,171,168,172,168,173,168,174,169,175,169,176,169,177,169,178,169,179,170,180,170,181,170,182,169,182,168,183,167,183,166,183,165,184,164,184,163,185,162,185,161,185,160,186,159,186,158,186,157,186,156,186,155,186,154,186,153,187,152,187,151,187,150,187,149,186,148,186,147,186,146,186,145,187,144,187,143,187,142,187,141,187,140,187,139,187,138,187,137,187,136,186,135,185,134
216,142,215,143,214,143,213,143,212,144,211,144,210,145,209,146,208,147,207,147,207,148,207,149,206,150,205,151,205,152,205,153,204,154,204,155,204,156,204,157,204,158,205,159,205,160,206,161,207,162,208,162,209,163,210,163,211,163,212,163,213,163,214,163,215,163,216,163,217,162,218,162,219,161,220,161,221,161,222,161,223,160,224,159,225,159,225,158,226,157,226,156,227,155,227,154,227,153,227,152,227,151,227,150,227,149,227,148,226,147,226,146,225,145,224,144,223,144,222,143,221,142,220,142,219,142,218,142,217,142
148,158,147,159,146,159,145,160,144,160,143,161,142,162,142,163,141,164,141,165,141,166,140,167,140,168,140,169,140,170,140,171,140,172,140,173,140,174,140,175,140,176,140,177,140,178,140,179,140,180,141,181,141,182,142,183,143,184,144,184,145,184,146,185,147,185,148,185,149,185,150,185,151,185,152,185,153,185,154,185,155,185,156,184,157,183,158,183,159,182,160,181,161,180,162,179,162,178,162,177,162,176,162,175,162,174,163,173,163,172,163,171,163,170,162,169,162,168,162,167,162,166,161,165,161,164,160,163,159,162,158,161,157,161,156,160,155,160,154,159,153,159,152,158,151,158,150,158,149,158
250,159,249,160,248,160,247,161,246,162,245,163,245,164,245,165,245,166,245,167,245,168,246,169,246,170,246,171,246,172,247,173,247,174,247,175,248,176,248,177,249,178,250,178,251,179,252,179,253,179,254,179,255,179,256,178,257,178,258,177,259,176,260,175,261,174,261,173,262,172,262,171,262,170,263,169,263,168,263,167,263,166,263,165,263,164,263,163,263,162,262,161,262,160,261,160,260,159,259,159,258,159,257,159,256,159,255,159,254,159,253,159,252,159,251,159
230,160,229,161,228,161,227,162,226,163,225,164,225,165,224,166,224,167,224,168,224,169,223,170,223,171,223,172,224,173,224,174,225,175,225,176,226,177,226,178,227,179,227,180,228,181,229,182,229,183,230,184,231,185,232,185,233,186,234,187,235,187,236,188,237,187,238,187,239,186,240,186,241,186,242,185,243,185,244,184,245,184,246,183,246,182,246,181,247,180,247,179,247,178,247,177,247,176,246,175,246,174,246,173,245,172,245,171,245,170,245,169,244,168,244,167,244,166,244,165,244,164,243,164,242,163,241,163,240,162,239,162,238,162,237,162,236,161,235,161,234,161,233,161,232,160,231,160
194,161,193,162,192,162,191,162,190,163,189,164,188,164,187,164,186,165,185,166,184,166,184,167,183,168,183,169,182,170,182,171,182,172,182,173,182,174,182,175,183,176,183,177,183,178,183,179,184,180,185,181,186,182,187,183,188,183,189,183,190,184,191,184,192,184,193,184,194,185,195,185,196,185,197,185,198,185,199,185,200,185,201,185,202,184,203,184,204,183,205,183,206,182,206,181,206,180,206,179,207,178,207,177,208,176,209,175,210,174,210,173,210,172,210,171,210,170,209,169,209,168,208,167,207,166,206,165,205,164,204,163,203,162,202,162,201,161,200,161,199,161,198,161,197,161,196,161,195,161
169,169,168,170,168,171,167,172,166,173,166,174,165,175,165,176,164,177,164,178,164,179,163,180,162,180,162,181,162,182,162,183,162,184,162,185,163,186,164,187,165,188,166,189,167,190,168,190,169,191,170,191,171,190,172,190,173,189,174,188,175,187,176,187,177,186,178,185,179,184,180,183,181,183,181,182,181,181,182,180,182,179,182,178,182,177,182,176,181,175,181,174,181,173,181,172,181,171,180,171,179,171,178,170,177,170,176,170,175,170,174,170,173,169,172,169,171,169,170,169
272,180,271,181,270,182,269,183,268,184,267,185,266,186,265,186,264,187,263,187,262,188,261,189,260,190,259,191,258,192,258,193,257,194,257,195,257,196,257,197,256,198,256,199,256,200,255,201,255,202,255,203,255,204,254,205,254,206,254,207,253,208,253,209,253,210,253,211,253,212,253,213,253,214,254,215,255,216,256,217,257,218,258,218,259,219,260,220,261,220,262,219,263,219,264,218,264,217,265,216,265,215,266,214,266,213,267,212,267,211,268,210,268,209,269,208,270,207,271,206,271,205,272,204,273,203,274,202,274,201,275,200,276,199,276,198,277,197,278,196,278,195,279,194,279,193,280,192,280,191,280,190,280,189,280,188,280,187,280,186,280,185,279,184,278,183,278,182,277,181,276,180,275,180,274,180,273,180
182,183,181,184,180,184,179,185,178,186,177,187,176,188,175,188,174,189,173,190,172,191,172,192,172,193,172,194,172,195,172,196,172,197,172,198,172,199,173,200,174,201,174,202,175,203,176,203,177,203,178,203,179,203,180,203,181,203,182,203,183,203,184,203,185,203,186,203,187,203,187,202,188,201,189,201,190,200,191,199,192,198,192,197,193,196,193,195,193,194,192,193,192,192,192,191,191,190,191,189,190,188,189,187,188,187,187,186,186,186,185,185,184,185,183,184
206,183,205,184,204,184,203,185,202,185,201,186,200,186,200,187,200,188,199,189,198,190,198,191,198,192,197,193,197,194,196,195,196,196,196,197,196,198,195,199,195,200,195,201,195,202,195,203,194,204,195,205,195,206,195,207,195,208,195,209,195,210,196,211,197,212,197,213,197,214,198,214,199,214,200,214,201,215,202,215,203,214,204,214,205,214,206,214,207,214,208,214,209,214,210,214,210,213,210,212,211,211,212,210,212,209,213,208,213,207,214,206,214,205,214,204,215,203,215,202,216,201,217,200,217,199,218,198,218,197,219,196,219,195,219,194,220,193,220,192,220,191,219,190,219,189,218,188,217,187,216,186,215,186,214,185,213,185,212,184,211,184,210,184,209,183,208,184,207,183
246,184,245,185,244,185,243,186,242,186,241,187,240,187,239,187,238,188,237,188,236,189,236,190,235,191,234,192,234,193,233,194,232,194,231,194,231,195,231,196,231,197,231,198,231,199,231,200,232,201,232,202,232,203,231,204,232,204,233,205,234,206,235,207,236,208,237,208,238,209,239,210,240,210,241,210,242,209,243,209,244,209,245,208,246,207,247,207,247,206,248,205,248,204,249,203,249,202,250,201,250,200,250,199,251,198,251,197,252,196,253,195,253,194,254,193,254,192,254,191,255,190,254,189,255,188,254,187,254,186,253,185,252,185,251,184,250,184,249,184,248,184,247,184
156,185,155,186,154,186,153,186,152,186,151,186,150,186,149,186,148,186,147,186,146,187,145,187,144,188,143,189,142,189,142,190,141,191,141,192,141,193,141,194,142,195,142,196,143,197,144,198,144,199,145,200,146,201,147,202,147,203,148,203,149,204,149,205,150,206,151,207,152,207,153,208,154,208,155,209,156,209,157,209,158,209,159,209,160,209,161,208,162,208,163,207,164,206,165,205,166,204,167,203,167,202,168,201,168,200,168,199,169,198,169,197,169,196,169,195,169,194,169,193,169,192,168,191,167,191,166,190,165,189,164,188,163,187,162,186,161,185,160,186,159,186,158,186,157,186
277,199,276,200,275,201,275,202,274,203,273,204,272,205,272,206,271,207,270,208,269,209,269,210,268,211,268,212,267,213,267,214,266,215,266,216,265,217,265,218,264,219,263,220,262,220,261,221,260,221,260,222,260,223,260,224,259,225,259,226,259,227,259,228,259,229,260,229,261,229,262,229,263,229,264,229,265,228,266,228,267,228,268,228,269,228,270,228,271,227,272,227,273,227,274,227,275,227,276,227,277,227,278,227,279,228,280,228,281,228,282,227,283,227,284,226,285,225,286,224,287,224,288,223,288,222,288,221,287,220,287,219,287,218,288,217,288,216,288,215,289,214,289,213,289,212,289,211,290,210,290,209,290,208,290,207,290,206,290,205,290,204,289,203,289,202,288,201,287,200,286,200,285,199,284,199,283,199,282,199,281,199,280,199,279,199,278,200
175,204,174,205,173,206,173,207,173,208,172,209,172,210,172,211,172,212,172,213,172,214,172,215,172,216,172,217,173,218,173,219,173,220,174,221,174,222,175,223,175,224,175,225,176,226,177,227,178,227,179,227,180,227,181,227,182,227,183,227,184,227,185,227,186,226,187,226,188,226,189,225,190,224,191,224,192,223,193,222,193,221,194,220,194,219,194,218,194,217,194,216,194,215,194,214,194,213,194,212,194,211,194,210,194,209,193,208,192,207,191,206,190,206,189,205,188,205,187,204,186,204,185,204,184,204,183,204,182,204,181,204,180,204,179,204,178,204,177,204,176,204
222,204,221,205,220,205,219,205,218,206,217,207,216,208,216,209,215,210,215,211,215,212,215,213,214,214,214,215,214,216,213,217,213,218,213,219,213,220,213,221,213,222,213,223,213,224,214,225,214,226,214,227,215,228,215,229,216,230,217,231,218,232,218,233,219,234,220,235,221,236,222,237,223,237,224,238,225,238,226,239,227,239,228,239,229,239,230,239,231,239,232,239,233,238,234,238,235,237,236,236,237,235,237,234,238,233,239,232,240,231,240,230,241,229,242,228,242,227,243,226,243,225,243,224,243,223,243,222,243,221,244,220,244,219,243,218,243,217,243,216,243,215,242,214,242,213,241,212,240,211,239,211,238,210,237,209,236,209,235,208,234,207,233,206,232,205,231,205,230,204,229,204,228,204,227,204,226,204,225,204,224,204,223,204
313,213,312,214,311,214,310,215,309,215,308,216,307,217,307,218,306,219,305,220,305,221,304,222,304,223,304,224,304,225,304,226,305,227,305,228,305,229,305,230,305,231,305,232,305,233,305,234,306,235,306,236,306,237,306,238,306,239,307,240,307,241,307,242,307,243,307,244,307,245,307,246,308,247,309,248,309,249,310,250,311,250,312,250,313,250,314,250,315,250,316,249,317,249,318,249,319,248,320,248,321,247,322,246,323,245,324,244,324,243,324,242,324,241,324,240,324,239,324,238,324,237,323,236,323,235,323,234,323,233,324,232,324,231,323,230,322,229,321,228,321,227,321,226,321,225,321,224,321,223,321,222,320,221,320,220,320,219,320,218,320,217,319,216,318,215,318,214,317,213,316,213,315,213,314,213
293,216,292,217,291,218,290,219,290,220,290,221,289,222,289,223,289,224,290,225,290,226,291,227,291,228,292,229,292,230,292,231,293,232,293,233,293,234,294,235,294,236,294,237,294,238,295,238,296,238,297,238,298,238,299,237,300,237,301,237,302,237,303,236,304,236,305,236,305,235,304,234,304,233,304,232,304,231,304,230,304,229,304,228,304,227,303,226,303,225,303,224,303,223,303,222,302,221,301,220,300,219,299,218,298,217,297,216,296,216,295,216,294,216
334,222,333,223,332,223,331,223,330,224,329,225,328,226,327,227,327,228,326,229,326,230,325,231,325,232,324,233,324,234,324,235,324,236,325,237,325,238,325,239,325,240,325,241,325,242,325,243,325,244,326,245,327,245,328,245,329,245,330,245,331,245,332,246,333,246,334,245,335,245,336,245,337,244,338,244,339,243,340,243,341,242,341,241,342,240,343,239,343,238,343,237,343,236,343,235,343,234,343,233,343,232,343,231,343,230,342,229,342,228,341,227,341,226,340,225,339,224,338,223,337,223,336,222,335,222
161,223,160,224,159,224,158,225,158,226,157,227,157,228,157,229,156,230,156,231,156,232,156,233,157,234,157,235,158,236,159,237,160,238,161,239,162,240,163,240,164,241,165,241,166,241,167,241,168,241,169,241,169,240,170,239,170,238,171,237,172,236,172,235,173,234,173,233,174,232,174,231,175,230,176,229,176,228,176,227,175,226,174,225,173,225,172,225,171,225,170,224,169,224,168,224,167,223,166,223,165,223,164,223,163,223,162,223
193,223,192,224,191,225,190,225,189,226,188,227,187,227,186,227,185,228,184,228,183,228,182,228,181,228,180,228,179,228,178,228,177,228,177,229,176,230,175,231,175,232,174,233,174,234,173,235,173,236,172,237,171,238,171,239,170,240,170,241,170,242,171,243,172,244,173,244,174,245,175,245,176,245,177,246,178,246,179,246,180,246,181,246,182,246,183,246,184,247,185,246,186,245,187,245,188,244,189,243,190,242,190,241,191,240,192,239,192,238,192,237,193,236,193,235,193,234,194,233,194,232,195,231,195,230,196,229,196,228,196,227,195,226,195,225,194,224,194,223
288,224,287,225,286,225,285,226,284,227,283,228,282,228,282,229,281,230,281,231,281,232,281,233,280,234,280,235,280,236,280,237,280,238,279,239,279,240,279,241,279,242,279,243,279,244,279,245,279,246,279,247,279,248,279,249,279,250,280,251,281,252,282,252,283,252,284,252,285,252,286,252,287,252,288,251,289,250,290,249,290,248,291,247,291,246,292,245,292,244,292,243,293,242,293,241,293,240,294,239,293,238,293,237,293,236,293,235,292,234,292,233,292,232,291,231,291,230,291,229,290,228,290,227,289,226,289,225
245,234,244,235,243,235,242,236,241,236,240,237,239,237,238,238,237,239,236,240,235,241,234,242,234,243,233,244,233,245,233,246,233,247,233,248,233,249,233,250,232,251,233,252,233,253,234,254,235,254,236,255,237,256,238,256,239,257,240,257,241,257,242,257,243,257,244,258,245,258,246,258,247,257,248,257,249,257,250,256,251,256,252,255,253,254,254,253,254,252,254,251,255,250,255,249,256,248,257,247,257,246,257,245,257,244,258,243,258,242,258,241,257,240,257,239,256,238,255,237,254,236,253,236,252,235,251,235,250,235,249,234,248,234,247,234,246,234
353,234,352,235,351,235,350,236,349,237,348,238,347,239,347,240,346,241,346,242,346,243,346,244,346,245,347,246,347,247,348,248,349,249,350,249,351,250,352,250,353,251,354,252,355,253,356,253,357,252,358,252,359,252,360,252,361,251,362,250,362,249,363,248,363,247,364,246,364,245,364,244,364,243,364,242,364,241,364,240,364,239,363,238,363,237,362,236,361,235,360,235,359,235,358,235,357,235,356,234,355,234,354,234
303,237,302,238,301,238,300,238,299,238,298,239,297,239,296,239,295,239,294,240,294,241,294,242,293,243,293,244,293,245,292,246,292,247,291,248,291,249,290,250,289,251,288,252,288,253,288,254,287,255,287,256,286,257,286,258,286,259,285,260,286,261,286,262,286,263,287,264,287,265,288,266,289,266,290,266,291,267,292,266,293,266,294,267,295,266,296,266,296,265,297,264,297,263,297,262,298,261,298,260,298,259,299,258,299,257,300,256,300,255,300,254,301,253,302,252,303,251,304,250,304,249,305,248,306,247,306,246,306,245,306,244,306,243,306,242,306,241,306,240,305,239,305,238,305,237,304,237
219,241,218,242,217,243,216,244,215,245,214,246,213,247,212,248,211,248,210,249,209,250,208,251,207,252,206,252,205,253,204,254,203,255,202,256,201,257,200,258,199,258,198,259,197,259,196,260,195,260,194,261,193,262,192,262,191,263,192,264,192,265,193,266,193,267,194,268,194,269,195,270,195,271,196,272,196,273,197,274,196,275,196,276,197,277,198,278,199,279,200,280,201,280,202,280,203,280,204,280,205,280,206,280,207,281,208,281,209,281,210,281,211,281,212,281,213,281,214,280,215,280,216,280,217,279,218,279,218,278,219,277,220,276,220,275,220,274,219,273,219,272,219,271,219,270,220,269,220,268,220,267,221,266,221,265,221,264,222,263,223,263,224,262,225,262,226,261,227,260,228,259,229,258,230,257,230,256,230,255,231,254,232,253,232,252,231,252,230,251,229,250,228,249,228,248,227,247,226,246,225,245,224,244,223,243,222,242,221,242,220,242
334,246,333,247,332,247,331,248,330,249,330,250,329,251,328,252,328,253,328,254,328,255,328,256,328,257,328,258,328,259,329,260,329,261,330,262,330,263,331,264,331,265,332,266,332,267,333,267,334,268,335,269,336,269,337,269,338,269,339,269,340,269,341,269,342,269,343,269,344,269,345,268,346,268,347,267,348,267,349,266,350,265,350,264,351,263,351,262,351,261,351,260,351,259,351,258,350,257,350,256,350,255,349,254,349,253,348,252,348,251,347,250,346,249,345,248,344,248,343,247,342,247,341,247,340,247,339,247,338,247,337,246,336,246,335,246
314,252,313,253,312,253,311,253,310,254,309,255,308,255,307,256,306,257,306,258,305,259,305,260,304,261,304,262,304,263,303,264,303,265,303,266,303,267,303,268,303,269,303,270,304,271,304,272,304,273,305,274,305,275,305,276,306,277,307,277,308,278,309,278,310,278,311,278,312,279,313,279,314,279,315,279,316,280,317,280,318,280,319,280,320,279,321,279,322,278,323,277,324,277,325,276,326,275,326,274,327,273,327,272,327,271,327,270,327,269,327,268,327,267,327,266,327,265,326,264,326,263,326,262,326,261,325,260,325,259,324,258,324,257,323,256,322,255,321,254,320,254,319,253,318,253,317,253,316,252,315,252
368,258,367,259,366,259,366,260,365,261,365,262,365,263,365,264,365,265,365,266,366,267,366,268,367,269,367,270,367,271,368,272,368,273,369,274,370,275,371,276,372,276,373,276,374,276,375,276,376,276,377,275,378,274,379,273,380,272,381,271,381,270,381,269,381,268,380,267,380,266,379,265,379,264,378,263,378,262,377,261,376,260,375,260,374,259,373,258,372,258,371,258,370,258,369,258
263,261,262,262,261,263,260,263,259,263,258,263,257,264,256,264,255,264,254,264,253,265,252,265,251,266,250,266,249,267,248,267,247,268,246,269,245,269,244,270,243,271,242,272,241,273,240,273,239,274,238,275,237,275,236,276,235,276,234,277,233,278,232,278,232,279,231,280,230,281,230,282,229,283,229,284,229,285,229,286,229,287,230,288,230,289,231,290,232,290,233,290,234,291,235,291,236,291,237,291,238,291,239,291,240,291,241,291,242,291,243,290,244,290,245,290,246,290,247,289,248,289,249,289,250,288,251,288,252,288,253,288,254,288,255,288,256,288,257,288,258,288,259,288,260,288,261,288,262,287,263,287,264,287,265,286,266,286,267,286,268,285,269,284,270,283,271,282,272,281,273,280,273,279,273,278,273,277,273,276,273,275,273,274,273,273,273,272,273,271,273,270,272,269,272,268,271,267,271,266,270,265,269,264,268,263,267,262,266,262,265,262,264,261
350,271,349,272,348,272,347,272,346,273,345,273,344,274,343,275,342,276,341,277,340,278,339,279,339,280,338,281,338,282,338,283,338,284,337,285,338,286,338,287,338,288,338,289,339,290,340,291,341,292,342,293,343,294,344,294,345,295,346,295,347,295,348,295,349,295,350,295,351,295,352,295,353,295,354,294,355,294,356,294,357,293,358,293,359,293,360,292,361,292,362,291,363,290,364,290,364,289,365,288,365,287,365,286,365,285,366,284,366,283,366,282,366,281,366,280,365,279,365,278,365,277,364,276,363,275,362,274,361,273,360,272,359,272,358,272,357,271,356,271,355,271,354,271,353,271,352,271,351,271
377,276,376,277,375,277,374,277,373,277,372,277,371,277,370,277,370,278,369,279,369,280,368,281,367,282,367,283,367,284,366,285,366,286,366,287,366,288,365,289,365,290,365,291,365,292,365,293,366,294,366,295,367,296,368,297,369,297,370,297,371,297,372,298,373,298,374,298,375,298,376,298,377,297,378,297,379,297,380,297,381,297,382,297,383,296,384,296,385,295,386,295,386,294,387,293,387,292,387,291,388,290,388,289,388,288,388,287,387,286,387,285,387,284,387,283,386,282,385,281,385,280,384,279,383,279,382,278,381,278,380,277,379,277,378,277
303,278,302,279,301,279,300,280,299,280,298,281,297,281,297,282,296,283,295,284,294,285,294,286,294,287,294,288,294,289,293,290,293,291,293,292,294,293,294,294,295,295,295,296,296,296,297,297,298,297,299,297,300,298,301,298,302,298,303,299,304,299,305,299,306,299,307,299,308,299,309,299,310,299,311,299,312,299,313,299,314,298,315,298,316,298,317,298,318,297,319,297,320,297,321,296,322,296,323,295,324,294,324,293,324,292,324,291,324,290,324,289,324,288,323,287,323,286,323,285,322,284,321,283,320,283,319,282,318,281,317,281,316,281,315,280,314,280,313,280,312,280,311,279,310,279,309,279,308,279,307,278,306,278,305,278,304,278
244,295,243,296,242,296,241,297,240,297,239,297,238,298,237,299,236,300,236,301,236,302,235,303,235,304,235,305,236,306,237,307,238,308,239,308,240,308,241,308,242,309,243,309,244,308,245,308,246,308,247,307,248,307,249,306,250,305,251,304,252,303,252,302,253,301,253,300,253,299,253,298,253,297,252,297,251,296,250,296,249,295,248,295,247,295,246,295,245,295
270,298,269,299,268,299,267,299,266,299,265,299,264,299,263,300,262,300,261,301,260,301,259,302,258,303,257,303,256,304,255,305,255,306,255,307,254,308,254,309,254,310,254,311,254,312,255,313,255,314,256,315,257,316,257,317,258,318,259,318,260,319,261,319,262,319,263,319,264,318,265,317,266,317,267,316,268,316,269,315,270,314,271,313,272,313,273,312,274,311,275,310,276,309,276,308,277,307,277,306,278,305,278,304,278,303,277,302,277,301,277,300,276,299,275,299,274,298,273,298,272,298,271,298
368,298,367,299,366,299,365,300,364,301,363,301,362,302,361,302,360,302,359,303,358,303,357,303,356,303,355,304,354,304,353,305,352,306,351,307,351,308,350,309,349,310,349,311,349,312,349,313,349,314,349,315,349,316,349,317,349,318,349,319,350,320,351,321,352,322,353,322,354,323,355,323,356,324,357,324,358,323,359,323,360,323,361,323,362,323,363,323,364,322,365,322,366,322,367,322,368,322,369,321,370,321,371,321,372,320,373,320,374,320,375,319,376,318,377,318,378,317,379,317,380,316,381,315,381,314,382,313,382,312,383,311,383,310,383,309,384,308,384,307,384,306,384,305,384,304,384,303,383,302,383,301,383,300,382,299,382,298,381,298,380,298,379,298,378,298,377,298,376,299,375,299,374,299,373,299,372,299,371,298,370,298,369,298
327,299,326,300,325,300,324,301,323,302,322,303,321,304,320,305,320,306,319,307,319,308,318,309,318,310,318,311,318,312,318,313,317,314,317,315,318,316,318,317,318,318,318,319,318,320,319,320,320,321,320,322,321,323,322,324,323,325,324,326,325,327,326,327,327,327,328,328,329,328,330,328,331,328,332,328,333,328,334,328,335,328,336,327,337,327,338,327,339,326,340,325,341,324,342,323,342,322,343,321,343,320,344,319,344,318,345,317,345,316,345,315,345,314,344,313,344,312,344,311,344,310,343,309,343,308,342,307,342,306,341,305,341,304,340,303,339,302,338,302,337,301,336,300,335,300,334,299,333,299,332,299,331,299,330,299,329,299,328,299
300,308,299,309,298,309,297,310,296,310,295,311,294,312,293,313,293,314,292,315,292,316,292,317,292,318,291,319,291,320,291,321,291,322,292,323,292,324,292,325,293,326,293,327,293,328,294,329,295,330,295,331,296,332,297,333,298,333,299,334,300,335,301,335,302,335,303,335,304,335,305,335,306,335,307,335,308,335,309,334,310,334,311,333,312,333,313,332,313,331,314,330,315,329,315,328,315,327,316,326,316,325,316,324,316,323,317,322,317,321,317,320,317,319,316,318,315,317,315,316,314,315,314,314,313,313,312,312,311,311,310,311,309,310,308,309,307,309,306,308,305,308,304,308,303,308,302,308,301,308
275,317,274,318,273,318,272,319,271,319,270,320,269,321,269,322,268,323,268,324,268,325,268,326,268,327,268,328,269,329,269,330,270,331,270,332,271,333,272,334,273,334,274,335,275,336,276,336,277,336,278,336,279,336,280,336,281,336,282,336,283,335,284,334,285,333,286,332,286,331,287,330,287,329,287,328,287,327,287,326,287,325,287,324,287,323,287,322,286,321,285,320,284,319,283,318,282,318,281,317,280,317,279,317,278,317,277,317,276,317
382,323,381,324,380,325,379,325,378,326,377,326,376,327,375,328,374,328,373,329,372,330,371,331,371,332,370,333,370,334,370,335,369,336,369,337,369,338,369,339,370,340,371,340,372,340,373,339,374,339,375,339,376,338,377,338,378,337,379,337,380,336,381,335,382,335,383,334,384,333,385,333,385,332,386,331,387,331,387,330,388,329,388,328,389,327,389,326,389,325,389,324,388,323,387,323,386,323,385,323,384,323,383,323
340,332,339,333,338,333,337,334,336,334,335,335,334,336,333,337,332,338,332,339,332,340,331,341,331,342,331,343,331,344,330,345,330,346,330,347,331,348,332,349,332,350,333,351,334,352,335,352,336,352,337,352,338,353,339,353,340,353,341,352,342,352,343,351,344,351,345,350,346,349,347,348,348,347,349,346,349,345,349,344,349,343,349,342,349,341,349,340,349,339,348,338,348,337,347,336,347,335,346,334,345,333,344,332,343,332,342,332,341,332
393,337,392,338,391,338,390,338,389,339,388,339,387,339,386,340,385,340,384,341,383,342,382,342,381,343,380,343,379,344,378,344,377,345,376,346,375,347,374,348,373,349,373,350,372,351,372,352,371,353,371,354,371,355,372,356,373,357,374,357,375,357,376,357,377,357,378,357,379,357,380,357,381,356,382,356,383,355,384,355,385,354,386,354,387,353,388,353,389,353,390,352,391,351,392,350,393,350,394,349,395,348,396,348,397,347,398,346,399,346,400,345,400,344,401,343,401,342,402,341,402,340,401,339,401,338,400,338,399,337,398,337,397,337,396,337,395,337,394,337
315,338,314,339,313,339,312,339,311,339,310,339,309,339,308,340,307,340,306,341,306,342,305,343,305,344,304,345,304,346,304,347,303,348,303,349,303,350,303,351,303,352,304,353,305,354,305,355,306,356,307,357,308,358,309,358,310,359,311,359,312,359,313,359,314,359,315,359,316,358,317,358,318,358,319,358,320,358,321,357,322,356,323,356,324,355,325,354,326,353,327,352,327,351,328,350,328,349,328,348,328,347,328,346,328,345,327,344,327,343,326,342,325,341,324,341,323,340,322,339,321,339,320,339,319,338,318,338,317,338,316,338
291,341,290,342,289,342,288,343,287,343,287,344,286,345,286,346,286,347,286,348,286,349,286,350,286,351,286,352,286,353,286,354,287,355,288,356,289,357,290,357,291,358,292,358,293,358,294,358,295,358,296,358,297,357,298,357,299,356,300,356,301,355,301,354,302,353,302,352,302,351,301,350,301,349,301,348,301,347,300,346,300,345,299,344,298,343,297,342,296,342,295,341,294,341,293,341,292,341
400,346,399,347,398,347,397,348,396,349,395,349,394,350,393,351,392,351,391,352,390,353,389,354,388,354,387,355,386,356,385,357,385,358,385,359,384,360,384,361,384,362,384,363,384,364,385,365,386,366,387,366,388,367,389,367,390,367,391,367,392,366,393,366,394,366,395,365,396,365,397,365,398,364,399,364,400,363,401,363,402,363,403,362,404,362,405,361,406,360,407,360,408,359,408,358,409,357,409,356,409,355,409,354,409,353,409,352,408,351,408,350,407,349,406,348,405,347,404,347,403,347,402,346,401,346
412,364,411,365,410,365,409,365,408,365,407,365,406,366,405,366,404,366,403,367,402,367,401,368,400,368,399,368,398,369,397,369,396,370,395,370,394,371,393,371,392,372,391,373,391,374,390,375,390,376,390,377,390,378,390,379,391,379,392,380,393,380,394,380,395,380,396,380,397,380,398,380,399,380,400,379,401,379,402,379,403,378,404,378,405,378,406,378,407,377,408,377,409,377,410,377,411,376,412,376,413,375,414,375,415,374,416,374,417,373,417,372,418,371,418,370,418,369,418,368,418,367,418,366,417,366,416,365,415,365,414,364,413,364
408,380,407,381,406,381,405,381,404,381,403,381,402,381,401,381,400,382,399,383,398,383,397,383,396,383,395,383,394,383,393,384,392,384,391,385,391,386,391,387,391,388,391,389,391,390,391,391,392,392,392,393,393,394,394,395,395,395,396,395,397,395,398,394,399,394,400,394,401,393,402,393,403,392,404,392,405,392,406,391,407,391,408,391,409,390,410,390,411,389,412,389,413,388,414,387,414,386,415,385,415,384,415,383,415,382,415,381,414,381,413,380,412,380,411,380,410,380,409,380
409,394,408,395,407,395,406,395,405,395,404,395,403,396,402,396,401,397,400,397,399,398,398,398,397,399,396,400,396,401,395,402,395,403,395,404,395,405,396,406,396,407,397,408,398,408,399,409,400,409,401,409,402,409,403,409,404,409,405,409,406,409,407,408,408,408,409,407,410,407,411,406,412,406,413,405,414,404,414,403,415,402,416,401,416,400,417,399,417,398,416,397,416,396,415,395,414,395,413,394,412,394,411,394,410,394
420,416,419,417,418,417,417,417,416,418,415,418,414,419,413,419,412,420,411,421,410,421,409,422,408,423,408,424,407,425,407,426,407,427,407,428,408,429,409,429,410,429,411,430,412,430,413,431,414,431,415,431,416,431,417,431,418,431,419,431,420,431,421,431,422,431,423,431,424,431,425,431,426,431,427,430,428,430,429,429,430,428,431,428,432,427,433,426,433,425,433,424,434,423,434,422,433,421,433,420,432,419,432,418,431,418,430,417,429,417,428,416,427,416,426,416,425,416,424,416,423,416,422,416,421,416
376,434,375,435,374,435,373,436,372,437,371,438,371,439,370,440,370,441,369,442,369,443,369,444,370,445,370,446,370,447,371,448,372,449,373,449,374,450,375,450,376,451,377,451,378,451,379,451,380,451,381,451,382,450,383,450,384,449,385,449,385,448,386,447,386,446,387,445,387,444,387,443,387,442,386,441,386,440,386,439,386,438,385,437,384,436,383,435,382,435,381,435,380,434,379,434,378,434,377,434
219,435,218,436,217,437,216,437,215,438,215,439,214,440,214,441,214,442,214,443,214,444,214,445,214,446,214,447,215,448,215,449,215,450,216,451,216,452,217,453,218,453,219,454,220,454,221,454,222,454,223,454,224,454,225,454,226,454,227,454,228,453,229,452,230,452,231,451,232,450,232,449,233,448,233,447,233,446,233,445,233,444,233,443,233,442,233,441,234,440,234,439,233,438,232,437,231,437,230,436,229,436,228,436,227,435,226,435,225,435,224,435,223,435,222,435,221,435,220,435
180,436,179,437,178,437,178,438,177,439,176,439,176,440,175,441,174,442,174,443,174,444,173,445,173,446,173,447,173,448,173,449,173,450,173,451,174,452,175,453,176,454,177,454,178,455,179,455,180,455,181,456,182,456,183,455,184,455,185,455,186,455,187,454,188,454,189,453,190,453,191,452,192,451,192,450,193,449,193,448,193,447,193,446,194,445,194,444,193,443,193,442,193,441,192,440,191,439,190,438,189,437,188,436,187,436,186,436,185,436,184,436,183,436,182,436,181,436
423,437,422,438,421,438,420,439,419,439,418,440,417,441,416,442,416,443,415,444,415,445,415,446,415,447,415,448,416,449,416,450,417,451,417,452,418,453,419,454,420,454,421,455,422,455,423,456,424,456,425,457,426,457,427,457,428,457,429,457,430,457,431,456,432,456,433,455,434,454,435,454,436,453,436,452,437,451,437,450,437,449,437,448,437,447,437,446,437,445,437,444,437,443,436,442,435,441,434,440,434,439,433,439,432,438,431,438,430,438,429,437,428,437,427,437,426,437,425,437,424,437
459,439,458,440,457,441,456,442,456,443,455,444,455,445,455,446,455,447,455,448,455,449,455,450,455,451,455,452,455,453,456,454,456,455,456,456,456,457,457,458,457,459,458,460,458,461,459,462,459,463,460,463,461,464,462,465,463,466,464,466,465,467,466,467,467,467,468,467,469,467,470,467,471,467,472,467,473,467,474,466,475,466,476,466,477,465,478,464,479,464,480,463,480,462,481,461,481,460,481,459,481,458,481,457,481,456,481,455,481,454,481,453,480,452,480,451,479,450,478,449,477,448,477,447,476,446,475,445,474,444,473,443,472,442,471,442,470,442,469,441,468,441,467,441,466,440,465,440,464,440,463,440,462,439,461,439,460,439
148,448,147,449,146,449,145,449,144,450,143,451,142,451,141,452,141,453,140,454,140,455,139,456,139,457,138,458,138,459,138,460,138,461,138,462,137,463,138,464,138,465,138,466,138,467,139,468,139,469,140,470,141,471,142,471,143,472,144,472,145,473,146,473,147,473,148,473,149,472,150,472,151,472,152,472,153,471,154,471,155,470,156,469,157,469,158,468,159,467,159,466,159,465,160,464,160,463,160,462,160,461,160,460,161,459,160,458,160,457,160,456,160,455,159,454,159,453,158,452,158,451,157,450,156,449,155,448,154,448,153,448,152,448,151,448,150,448,149,448
203,449,202,450,201,450,200,450,199,451,198,452,198,453,197,454,196,455,196,456,195,457,195,458,195,459,195,460,195,461,195,462,195,463,196,464,196,465,197,466,198,467,199,468,200,468,201,469,202,469,203,469,204,469,205,469,206,469,207,468,208,468,209,467,210,466,211,466,212,465,213,464,213,463,214,462,214,461,214,460,215,459,215,458,215,457,214,456,214,455,213,454,212,453,211,452,210,451,209,451,208,450,207,450,206,449,205,449,204,449
390,455,389,456,388,456,387,457,386,458,385,458,384,459,383,460,382,461,381,462,380,463,380,464,379,465,379,466,378,467,378,468,378,469,377,470,377,471,377,472,377,473,376,474,376,475,377,476,377,477,377,478,377,479,377,480,378,481,378,482,379,483,380,484,381,485,381,486,382,487,383,488,384,489,385,489,386,490,387,491,388,491,389,492,390,492,391,492,392,492,393,492,394,492,395,492,396,492,397,492,398,492,399,491,400,491,401,491,402,490,403,490,404,489,405,489,406,488,407,487,408,486,408,485,409,484,410,483,410,482,411,481,411,480,411,479,411,478,412,477,412,476,412,475,412,474,412,473,412,472,412,471,412,470,412,469,411,468,411,467,411,466,411,465,410,464,410,463,409,462,408,461,408,460,407,460,406,459,405,458,404,457,403,457,402,456,401,456,400,456,399,455,398,455,397,455,396,455,395,455,394,455,393,455,392,455,391,455
229,456,228,457,227,458,226,458,225,459,224,460,223,461,223,462,222,463,222,464,222,465,222,466,222,467,222,468,222,469,223,470,223,471,224,472,224,473,225,474,226,475,227,475,228,476,229,477,230,477,231,478,232,478,233,477,234,477,235,477,236,477,237,476,238,476,239,475,239,474,240,473,241,472,241,471,242,470,242,469,242,468,242,467,243,466,243,465,242,464,242,463,241,462,241,461,240,460,240,459,239,458,238,457,237,457,236,456,235,456,234,456,233,456,232,456,231,456,230,456
253,461,252,462,251,462,250,463,249,464,248,465,248,466,247,467,247,468,247,469,247,470,247,471,247,472,248,473,248,474,249,475,250,476,250,477,251,477,252,478,253,478,254,478,255,478,256,479,257,479,258,479,259,479,260,479,261,478,262,478,263,477,263,476,264,475,264,474,265,473,265,472,265,471,265,470,265,469,264,468,264,467,264,466,263,465,262,464,261,463,261,462,260,461,259,461,258,461,257,461,256,461,255,461,254,461
168,462,167,463,166,463,165,464,164,465,163,466,162,467,162,468,161,469,160,470,160,471,159,472,159,473,159,474,159,475,159,476,159,477,159,478,160,479,160,480,161,481,162,481,163,482,164,482,165,482,166,482,167,482,168,482,169,482,170,481,171,481,172,481,173,480,174,480,175,479,176,478,177,477,178,476,179,475,179,474,179,473,179,472,179,471,179,470,179,469,179,468,179,467,179,466,178,465,178,464,177,464,176,463,175,463,174,462,173,462,172,462,171,462,170,462,169,462
345,463,344,464,343,464,342,465,341,466,341,467,340,468,340,469,339,470,339,471,339,472,339,473,339,474,339,475,339,476,340,477,340,478,341,479,342,480,343,481,344,481,345,481,346,481,347,481,348,480,349,480,350,480,351,480,352,479,353,478,354,477,355,476,355,475,356,474,356,473,356,472,356,471,356,470,356,469,356,468,355,467,355,466,354,465,353,464,352,464,351,463,350,463,349,463,348,463,347,463,346,463
483,467,482,468,481,468,480,468,479,469,478,470,478,471,477,472,477,473,477,474,477,475,477,476,478,477,478,478,478,479,479,480,479,481,480,482,481,483,482,484,482,485,483,485,484,486,485,487,486,487,487,488,488,488,489,488,490,488,491,488,492,487,493,487,494,487,495,486,496,485,496,484,497,483,497,482,497,481,497,480,497,479,497,478,497,477,497,476,497,475,497,474,496,473,496,472,495,471,494,470,493,469,492,469,491,468,490,468,489,468,488,467,487,467,486,467,485,467,484,467
190,468,189,469,188,469,187,469,186,469,185,470,184,471,183,472,183,473,182,474,182,475,182,476,183,477,183,478,183,479,183,480,183,481,184,482,184,483,185,484,185,485,186,485,187,485,188,485,189,484,190,484,191,484,192,484,193,483,194,483,195,482,196,481,197,480,197,479,198,478,198,477,199,476,199,475,199,474,198,473,197,472,196,471,195,470,194,469,193,469,192,469,191,468
206,473,205,474,204,474,203,474,202,475,201,475,200,475,200,476,199,477,199,478,199,479,198,480,198,481,199,482,200,483,201,484,202,485,203,486,204,487,205,488,206,489,206,490,207,491,208,492,209,493,209,494,210,495,211,496,212,497,213,498,213,499,214,499,215,498,216,497,217,497,218,496,219,495,220,494,221,493,222,493,223,492,223,491,224,490,225,489,225,488,225,487,226,486,226,485,226,484,226,483,225,482,225,481,225,480,224,479,224,478,223,477,222,476,221,476,220,475,219,474,218,474,217,474,216,473,215,473,214,473,213,473,212,473,211,473,210,473,209,473,208,473,207,473
126,475,125,476,124,476,123,477,122,478,121,479,121,480,121,481,120,482,120,483,120,484,121,485,121,486,121,487,122,488,122,489,122,490,123,491,123,492,124,492,125,493,126,494,127,494,128,494,129,494,130,495,131,495,132,495,133,494,134,494,135,494,136,493,137,493,138,492,138,491,139,490,139,489,139,488,139,487,139,486,139,485,139,484,139,483,139,482,138,481,138,480,137,479,136,478,135,477,134,476,133,476,132,475,131,475,130,475,129,475,128,475,127,475
333,478,332,479,331,479,330,480,329,481,328,482,327,483,327,484,326,485,326,486,326,487,326,488,326,489,327,490,328,491,328,492,329,493,330,493,331,494,332,494,333,495,334,495,335,495,336,495,337,496,338,495,339,495,340,495,341,494,342,493,343,493,344,492,344,491,345,490,345,489,345,488,345,487,345,486,344,485,344,484,343,483,343,482,342,481,341,480,340,480,339,480,338,479,337,479,336,479,335,479,334,479
429,478,428,479,427,479,426,479,425,479,424,479,423,479,422,480,421,481,420,481,419,482,419,483,418,484,417,485,416,486,416,487,415,488,415,489,414,490,414,491,414,492,414,493,413,494,413,495,413,496,414,497,414,498,414,499,414,500,415,501,415,502,415,503,415,504,416,505,416,506,416,507,417,508,417,509,417,510,418,510,419,510,420,510,421,510,422,510,423,510,424,511,425,511,426,511,427,511,428,511,429,511,430,511,431,511,432,511,433,511,434,511,435,511,436,511,437,511,438,511,439,511,440,511,441,511,442,511,443,511,444,511,445,511,446,510,447,510,448,510,449,510,450,510,451,510,452,510,453,509,454,508,455,507,455,506,455,505,455,504,455,503,455,502,455,501,455,500,455,499,455,498,455,497,454,496,454,495,454,494,453,493,453,492,452,491,452,490,451,489,451,488,450,487,449,486,448,485,447,484,446,484,445,483,444,482,443,482,442,481,441,481,440,480,439,480,438,479,437,479,436,479,435,479,434,478,433,478,432,478,431,478,430,478
197,481,196,482,195,483,194,484,193,484,192,485,191,485,190,485,189,485,188,486,187,486,186,486,186,487,186,488,185,489,185,490,185,491,185,492,185,493,184,494,184,495,184,496,183,497,183,498,183,499,183,500,183,501,183,502,183,503,183,504,184,505,184,506,185,507,185,508,186,509,186,510,187,510,188,510,189,510,190,510,191,510,192,510,193,510,194,510,195,510,196,510,197,510,198,510,199,509,200,509,201,508,202,509,203,509,204,509,205,508,206,507,207,506,208,505,209,504,210,503,211,502,211,501,211,500,212,499,212,498,211,497,210,496,209,495,208,494,208,493,207,492,206,491,205,490,205,489,204,488,203,487,202,486,201,485,200,484,199,483,198,482
242,482,241,483,240,483,239,484,238,485,237,486,236,486,235,487,234,488,233,489,232,490,231,491,230,492,230,493,230,494,229,495,229,496,229,497,229,498,229,499,229,500,229,501,229,502,230,503,230,504,231,505,231,506,232,507,233,508,233,509,234,509,235,509,236,509,237,509,238,510,239,509,240,509,241,509,242,509,243,509,244,509,245,509,246,508,247,508,248,507,249,507,250,506,251,505,251,504,252,503,252,502,253,501,253,500,253,499,253,498,253,497,254,496,254,495,254,494,254,493,253,492,253,491,253,490,252,489,252,488,251,487,251,486,250,485,250,484,249,484,248,484,247,483,246,483,245,483,244,483,243,482
144,487,143,488,142,489,141,489,140,489,140,490,139,491,139,492,138,493,137,494,138,495,138,496,138,497,138,498,138,499,138,500,138,501,139,502,140,503,141,504,142,505,143,505,144,506,145,506,146,506,147,507,148,507,149,507,150,508,151,508,152,508,153,508,154,508,155,507,156,507,157,507,158,506,159,506,159,505,159,504,160,503,160,502,160,501,161,500,160,499,160,498,160,497,159,496,159,495,158,494,157,493,156,492,155,491,155,490,154,490,153,489,152,488,151,488,150,487,149,487,148,487,147,487,146,487,145,487
480,489,479,490,478,490,477,491,476,492,476,493,475,494,475,495,474,496,474,497,474,498,474,499,474,500,475,501,475,502,475,503,475,504,476,505,476,506,476,507,476,508,477,509,478,510,479,510,480,510,481,510,482,511,483,511,484,511,485,511,486,511,487,511,488,511,489,511,490,510,491,509,492,508,492,507,492,506,492,505,492,504,492,503,492,502,492,501,492,500,492,499,491,498,491,497,491,496,491,495,490,494,489,493,488,492,487,491,486,491,485,490,484,490,483,489,482,489,481,489
379,495,378,496,377,496,376,496,375,497,374,497,373,498,372,499,371,500,370,501,369,502,368,503,368,504,367,505,367,506,366,507,366,508,366,509,365,510,366,511,367,511,368,511,369,511,370,511,371,511,372,511,373,511,374,511,375,511,376,511,377,511,378,511,379,511,380,511,381,511,382,511,383,511,384,511,385,511,386,511,387,511,388,511,389,511,390,511,391,511,392,511,393,511,394,511,395,511,396,511,397,511,398,511,399,511,400,511,401,511,402,511,403,511,403,510,403,509,403,508,402,507,402,506,401,505,400,504,399,504,398,503,397,502,397,501,396,500,395,499,394,498,393,498,392,497,391,496,390,496,389,496,388,496,387,496,386,495,385,495,384,495,383,495,382,495,381,495,380,495
329,497,328,498,327,499,326,500,325,501,325,502,324,503,324,504,323,505,323,506,323,507,323,508,324,509,324,510,325,511,326,511,327,511,328,511,329,511,330,511,331,511,332,511,333,511,334,511,335,511,336,511,337,511,338,511,339,511,340,511,341,511,342,510,342,509,342,508,342,507,342,506,342,505,341,504,341,503,340,502,340,501,340,500,339,499,338,499,337,498,336,498,335,497,334,497,333,497,332,497,331,497,330,497
124,499,123,500,122,500,121,500,120,501,119,501,118,502,117,503,117,504,116,505,116,506,115,507,114,508,114,509,114,510,114,511,115,511,116,511,117,511,118,511,119,511,120,511,121,511,122,511,123,511,124,511,125,511,126,511,127,511,128,511,129,511,130,511,131,511,132,511,133,510,134,510,134,509,134,508,134,507,133,506,133,505,133,504,132,503,131,502,130,501,129,501,128,500,127,500,126,500,125,499
222,504,221,505,220,505,219,505,218,505,217,505,216,505,215,505,214,505,213,505,212,506,211,507,210,508,210,509,210,510,211,510,212,510,213,510,214,510,215,511,216,510,217,510,218,511,219,511,220,511,221,511,222,511,223,511,224,511,225,511,226,511,227,511,228,511,229,511,230,511,231,510,232,510,232,509,232,508,231,507,230,507,229,507,228,506,227,506,226,505,225,505,224,504,223,504
255,507,254,508,253,508,252,508,251,509,250,509,250,510,249,511,250,511,251,511,252,511,253,511,254,511,255,511,256,511,257,511,258,511,259,511,260,511,261,511,262,511,263,510,262,510,261,509,260,508,259,508,258,507,257,507,256,507
