138,74,137,75,136,75,135,75,134,75,133,76,132,76,131,76,130,77,129,78,128,78,128,79,127,80,127,81,126,82,126,83,126,84,127,85,127,86,127,87,128,88,129,88,130,89,131,89,132,89,133,89,134,89,135,89,136,89,137,89,138,89,139,89,140,89,141,89,142,89,143,89,144,89,145,89,146,89,147,89,148,89,149,88,150,87,151,86,151,85,151,84,151,83,151,82,150,81,150,80,149,79,148,78,147,77,146,76,145,75,144,75,143,75,142,74,141,74,140,74,139,74
41,96,40,97,39,97,39,98,38,99,38,100,37,101,37,102,36,103,36,104,36,105,35,106,35,107,35,108,35,109,35,110,36,111,36,112,37,113,38,114,39,114,40,115,41,115,42,115,43,115,44,115,45,115,46,115,47,115,48,115,49,114,50,114,51,113,52,112,53,111,53,110,54,109,54,108,54,107,54,106,54,105,53,104,53,103,53,102,52,101,51,100,51,99,50,98,49,97,48,97,47,96,46,96,45,96,44,96,43,96,42,96
151,120,150,121,149,121,148,121,148,122,147,123,146,124,146,125,146,126,146,127,146,128,146,129,146,130,147,131,147,132,148,133,149,134,150,135,151,136,152,137,153,138,154,138,155,139,156,140,157,140,158,141,159,141,160,142,161,143,162,143,163,144,164,144,165,144,166,143,167,143,168,142,169,142,170,141,171,140,171,139,171,138,171,137,171,136,171,135,171,134,171,133,171,132,171,131,171,130,171,129,170,128,169,127,168,127,167,126,166,125,165,125,164,124,163,124,162,123,161,123,160,123,159,122,158,121,157,121,156,121,155,121,154,120,153,120,152,120
107,122,106,123,105,124,104,124,103,125,102,126,101,127,100,127,99,128,98,129,99,130,99,131,98,132,98,133,98,134,98,135,98,136,98,137,98,138,98,139,99,140,100,141,101,141,102,142,103,142,104,142,105,142,106,141,107,141,108,140,109,139,110,139,111,138,112,137,113,137,114,137,115,136,115,135,115,134,115,133,115,132,114,131,114,130,114,129,113,128,113,127,113,126,112,125,112,124,111,123,111,122,110,122,109,122,108,122
179,126,178,127,177,127,176,127,175,127,174,128,173,128,172,129,172,130,172,131,172,132,172,133,172,134,172,135,172,136,172,137,172,138,172,139,172,140,171,141,172,141,173,141,174,142,175,142,176,142,177,143,178,143,179,143,180,144,181,144,182,144,183,144,184,144,185,145,186,145,187,145,188,146,189,146,190,146,191,147,192,147,193,148,194,149,195,150,196,150,197,151,198,152,199,152,200,153,201,154,202,155,202,156,202,155,202,154,202,153,203,152,203,151,204,150,205,149,205,148,206,147,207,147,207,146,208,145,209,144,210,143,211,142,212,141,212,140,213,139,212,139,211,138,210,137,209,136,208,135,207,135,206,134,205,134,204,133,203,133,202,132,201,132,200,132,199,131,198,131,197,131,196,131,195,130,194,130,193,130,192,129,191,129,190,129,189,128,188,128,187,128,186,127,185,127,184,127,183,127,182,127,181,127,180,126
134,135,133,136,132,136,131,136,130,137,129,137,128,138,127,139,126,139,125,140,124,141,123,142,122,143,121,144,120,145,120,146,120,147,119,148,119,149,118,150,118,151,118,152,118,153,117,154,117,155,117,156,117,157,117,158,117,159,118,160,118,161,118,162,118,163,119,164,119,165,120,166,120,167,121,167,122,168,123,169,124,170,125,171,126,172,127,173,128,173,129,174,130,174,131,174,132,174,133,175,134,175,135,175,136,175,137,175,138,175,139,175,140,175,141,175,142,174,143,174,144,173,145,173,146,172,147,172,148,171,149,170,150,169,151,168,152,167,152,166,153,165,154,164,154,163,155,162,156,161,156,160,156,159,156,158,157,157,157,156,157,155,157,154,157,153,157,152,156,151,156,150,156,149,155,148,155,147,154,146,154,145,153,144,152,143,151,142,150,141,149,140,148,139,147,139,146,138,145,138,144,138,143,137,142,137,141,137,140,137,139,137,138,137,137,136,136,135,135,135
213,140,213,141,212,142,211,143,210,144,209,145,208,146,208,147,207,148,206,148,206,149,205,150,204,151,204,152,203,153,203,154,203,155,203,156,203,157,203,158,204,158,205,159,205,160,205,161,206,162,207,163,208,163,209,164,210,165,211,165,212,166,213,167,214,167,215,168,216,169,217,169,218,168,219,168,220,168,221,167,222,167,223,167,224,167,225,167,226,167,227,167,228,166,229,166,229,165,229,164,229,163,230,162,230,161,230,160,231,159,231,158,232,157,233,156,233,155,233,154,233,153,233,152,233,151,233,150,232,149,231,148,230,147,229,146,228,146,227,145,226,145,225,144,224,144,223,143,222,143,221,143,220,142,219,142,218,141,217,141,216,141,215,141,214,140
170,142,169,143,168,143,167,144,166,144,165,145,164,145,164,146,164,147,165,148,165,149,165,150,165,151,165,152,165,153,166,154,166,155,166,156,166,157,166,158,166,159,167,160,166,161,167,161,168,162,168,163,168,164,169,165,170,166,170,167,171,168,172,169,173,169,174,170,175,171,176,171,177,171,178,172,179,172,180,172,181,172,182,172,183,172,184,171,185,171,186,171,187,170,188,170,189,169,190,170,191,169,192,168,193,167,194,166,195,166,196,165,197,164,198,163,198,162,199,161,200,160,201,159,202,158,202,157,201,156,201,155,200,154,199,153,198,153,197,152,196,151,195,151,194,150,193,149,192,148,191,148,190,147,189,147,188,147,187,146,186,146,185,146,184,145,183,145,182,145,181,145,180,145,179,144,178,144,177,144,176,143,175,143,174,143,173,142,172,142,171,142
49,148,48,149,47,150,46,151,46,152,45,153,45,154,44,155,44,156,45,157,45,158,46,159,47,160,48,160,49,160,50,161,51,161,52,161,53,161,54,161,55,160,56,160,57,159,58,158,59,157,59,156,59,155,59,154,59,153,59,152,59,151,58,150,57,149,56,148,55,148,54,148,53,148,52,148,51,148,50,148
103,149,102,150,101,150,100,150,99,151,98,152,98,153,97,154,97,155,97,156,97,157,97,158,97,159,97,160,97,161,97,162,97,163,97,164,97,165,98,166,98,167,98,168,98,169,99,170,99,171,99,172,100,173,100,174,100,175,100,176,101,177,101,178,101,179,102,180,102,181,102,182,103,183,103,184,104,185,105,186,106,187,107,188,108,188,109,188,110,188,111,188,112,188,113,188,114,187,115,187,116,186,117,185,118,184,118,183,119,182,119,181,120,180,120,179,120,178,121,177,121,176,121,175,120,174,120,173,120,172,120,171,119,170,120,169,120,168,119,167,119,166,118,165,118,164,117,163,117,162,116,162,115,161,114,160,114,159,114,158,113,157,112,156,111,155,111,154,110,153,109,152,108,151,107,150,106,150,105,150,104,149
206,163,205,164,204,164,203,164,202,164,201,164,200,165,199,165,198,165,197,165,196,166,195,167,194,167,193,168,192,169,191,170,190,171,190,172,191,173,191,174,191,175,191,176,192,177,192,178,192,179,193,180,194,181,194,182,195,183,196,183,197,183,198,183,199,183,200,184,201,184,202,184,203,184,204,183,205,183,206,183,207,183,208,182,209,181,210,180,211,180,212,179,213,178,214,177,214,176,215,175,215,174,215,173,215,172,215,171,216,170,215,169,214,168,213,168,212,167,211,166,210,166,209,165,208,164,207,164
263,174,262,175,261,176,260,176,259,177,259,178,259,179,259,180,259,181,259,182,259,183,259,184,259,185,259,186,259,187,259,188,259,189,259,190,259,191,259,192,260,193,260,194,260,195,260,196,260,197,260,198,260,199,261,200,262,200,263,200,264,200,265,201,265,200,265,199,266,198,267,198,268,198,268,197,269,196,269,195,270,194,270,193,270,192,271,191,271,190,271,189,271,188,271,187,271,186,271,185,271,184,271,183,271,182,271,181,270,180,270,179,270,178,269,177,268,176,268,175,267,174,266,174,265,174,264,174
239,183,238,184,238,185,237,186,236,186,236,187,235,188,234,188,233,189,232,190,231,191,230,192,229,193,229,194,228,195,228,196,228,197,228,198,229,199,229,200,229,201,230,202,231,203,232,204,233,204,234,205,235,206,236,207,237,208,238,208,239,209,240,209,241,209,242,210,243,210,244,210,245,211,246,211,247,210,248,209,249,209,250,208,251,208,252,207,253,206,254,205,255,205,256,204,256,203,257,202,258,201,259,200,259,199,259,198,259,197,259,196,259,195,259,194,259,193,258,192,258,191,258,190,258,189,258,188,257,188,256,188,255,188,254,187,253,187,252,187,251,187,250,187,249,186,248,186,247,186,246,185,245,185,244,185,243,184,242,184,241,184,240,184
193,184,192,185,191,185,190,185,189,186,188,187,188,188,188,189,187,190,186,191,186,192,186,193,187,194,187,195,187,196,188,197,188,198,189,199,189,200,190,201,190,202,191,201,192,202,193,202,194,202,195,203,196,203,197,203,198,204,199,204,200,204,201,204,202,204,203,204,204,204,205,204,206,203,207,203,208,202,209,202,210,201,211,200,212,199,212,198,213,197,213,196,213,195,213,194,212,193,212,192,211,191,211,190,210,190,209,189,208,188,207,188,206,187,205,187,204,187,203,186,202,186,201,185,200,185,199,184,198,184,197,184,196,184,195,184,194,184
161,186,160,187,159,187,158,188,157,188,156,189,155,190,155,191,154,192,154,193,154,194,154,195,154,196,154,197,154,198,155,199,155,200,155,201,155,202,156,203,157,203,158,204,159,205,160,205,161,206,162,207,163,208,164,208,165,208,166,208,167,208,168,208,169,208,170,208,171,208,172,208,173,208,174,208,175,208,176,208,177,208,178,208,179,208,180,207,181,208,182,207,183,207,184,208,185,207,186,207,187,207,188,207,188,206,189,205,190,204,190,203,189,202,189,201,188,200,188,199,187,198,187,197,186,196,186,195,186,194,185,193,185,192,185,191,184,191,183,191,182,190,181,189,180,189,179,189,178,189,177,189,176,188,175,188,174,188,173,187,172,187,171,187,170,187,169,186,168,186,167,186,166,186,165,186,164,186,163,186,162,186
118,190,117,191,116,191,115,191,114,192,113,192,112,193,111,194,110,195,110,196,109,197,109,198,109,199,109,200,109,201,109,202,109,203,109,204,110,205,110,206,110,207,111,208,111,209,112,210,112,211,112,212,113,213,113,214,114,215,115,216,116,217,116,218,117,219,118,219,119,220,120,221,121,221,122,222,123,222,124,223,125,224,126,223,127,223,128,223,129,223,130,222,131,222,132,222,133,221,134,221,135,221,136,220,137,220,138,220,139,219,140,219,141,218,142,218,143,217,144,216,145,215,145,214,145,213,146,212,146,211,146,210,146,209,146,208,146,207,146,206,146,205,146,204,146,203,145,202,145,201,145,200,144,199,143,198,143,197,142,196,141,195,141,194,140,193,139,192,138,192,137,191,136,191,135,191,134,190,133,190,132,190,131,190,130,190,129,190,128,190,127,190,126,190,125,190,124,190,123,190,122,190,121,190,120,190,119,190
281,196,280,197,279,197,278,197,277,198,276,198,275,199,274,199,273,199,272,199,271,200,270,199,269,199,270,200,269,201,268,202,267,202,266,203,265,204,264,205,263,205,262,206,261,207,260,208,259,208,258,209,257,210,256,211,255,212,254,212,253,213,252,214,251,215,250,215,250,216,249,217,248,217,248,218,248,219,247,220,247,221,247,222,246,223,246,224,246,225,245,226,245,227,246,227,247,227,248,228,249,228,250,228,251,229,252,230,253,230,254,231,255,232,256,231,257,232,258,232,259,232,260,233,261,233,262,233,263,234,264,234,265,233,266,233,267,233,268,233,269,233,270,233,271,233,272,233,273,233,274,234,275,234,276,234,277,235,278,235,279,236,280,236,281,236,282,235,283,235,284,234,285,234,286,234,287,233,288,233,289,232,290,232,291,231,291,230,291,229,292,228,293,227,294,226,295,226,296,226,297,227,298,226,299,226,300,226,301,226,302,225,302,224,303,223,303,222,303,221,303,220,303,219,303,218,303,217,302,216,302,215,301,214,300,213,299,212,299,211,298,211,297,210,296,209,295,209,294,208,293,208,292,207,291,206,291,205,291,204,290,203,289,202,288,201,288,200,287,199,286,198,285,197,284,197,283,197,282,196
222,201,221,202,220,202,219,202,218,203,217,203,216,203,215,203,214,204,213,205,212,205,211,206,210,207,210,208,210,209,209,210,209,211,209,212,209,213,210,214,210,215,210,216,211,217,211,218,211,219,212,220,213,221,213,222,214,223,214,224,215,225,215,226,216,226,217,227,218,227,219,227,220,227,221,227,222,227,223,227,224,226,225,226,226,226,227,226,228,226,229,226,230,225,231,225,232,225,233,225,234,224,235,224,236,224,237,224,238,224,239,224,240,225,241,225,242,225,243,226,244,227,244,226,245,225,245,224,245,223,246,222,246,221,246,220,247,219,247,218,247,217,247,216,246,215,246,214,246,213,246,212,245,212,244,211,243,211,242,211,241,210,240,210,239,210,238,209,237,209,236,208,235,207,234,206,233,205,232,205,231,204,230,203,229,202,228,201,227,201,226,201,225,201,224,201,223,201
154,203,154,204,153,205,153,206,152,207,151,208,150,209,149,210,148,211,147,211,147,212,146,213,146,214,146,215,146,216,146,217,147,218,148,219,149,220,150,221,151,222,152,221,153,220,154,220,155,220,156,219,157,218,158,217,159,216,159,215,160,214,161,213,162,212,163,211,163,210,163,209,162,208,161,207,160,206,159,206,158,205,157,204,156,204,155,203
191,206,190,207,189,207,188,208,188,209,187,210,186,210,186,211,186,212,186,213,186,214,186,215,186,216,186,217,186,218,187,219,187,220,187,221,187,222,188,223,188,224,189,225,189,226,190,227,191,228,192,228,193,229,194,229,195,230,196,230,197,231,198,232,199,231,200,231,201,231,202,231,203,230,204,230,204,229,205,228,206,227,207,226,208,225,208,224,209,223,209,222,210,221,210,220,210,219,210,218,210,217,209,216,209,215,209,214,208,213,208,212,208,211,207,211,206,210,205,209,204,209,203,209,202,208,201,208,200,207,199,207,198,207,197,207,196,206,195,206,194,206,193,206,192,206
165,211,164,212,163,212,162,213,161,214,160,215,160,216,159,217,158,218,157,219,156,220,156,221,156,222,156,223,156,224,156,225,156,226,156,227,156,228,156,229,157,230,158,231,159,232,160,233,161,233,162,233,163,233,164,233,165,233,166,234,167,234,168,234,169,234,170,234,171,234,172,234,173,234,174,233,175,233,176,233,177,233,178,232,179,232,179,231,180,230,181,230,182,230,182,229,183,228,183,227,183,226,184,225,184,224,184,223,184,222,184,221,183,220,183,219,182,218,181,217,180,217,179,216,178,215,177,214,176,213,175,212,174,212,173,211,172,211,171,211,170,211,169,211,168,211,167,211,166,211
145,216,144,217,143,218,142,219,141,219,140,220,139,220,138,221,137,221,136,221,135,222,134,222,133,222,132,223,131,223,130,223,129,224,128,224,127,224,126,224,125,225,125,226,124,227,124,228,124,229,124,230,124,231,124,232,124,233,124,234,125,235,125,236,125,237,126,238,127,239,128,240,128,241,128,242,128,243,128,244,128,245,129,246,129,247,130,248,131,249,132,249,133,249,134,249,135,249,135,248,135,247,135,246,135,245,135,244,136,243,136,242,137,241,138,240,139,239,140,238,141,237,142,236,143,235,144,234,145,233,146,232,147,231,148,230,149,229,150,229,149,228,149,227,150,226,150,225,150,224,150,223,150,222,149,221,148,220,147,219,146,218,145,217
189,228,188,229,187,229,186,230,185,230,184,231,183,232,182,231,182,232,181,233,180,233,179,233,178,233,177,234,176,234,175,234,174,234,173,235,172,235,171,236,170,237,169,238,168,239,167,240,166,241,165,242,164,243,164,244,165,245,165,246,165,247,166,248,166,249,167,249,168,250,168,251,169,251,170,251,171,252,172,252,173,253,174,253,175,253,176,253,177,253,178,253,179,253,180,253,181,252,182,252,183,251,184,250,185,250,186,249,187,248,187,247,188,246,189,245,189,244,190,243,191,242,192,242,193,241,194,241,194,240,195,239,196,239,196,238,197,237,197,236,196,235,196,234,197,233,197,232,196,231,195,231,194,230,193,230,192,229,191,229,190,228
211,228,210,229,209,229,208,230,207,230,206,230,205,231,204,232,203,233,202,234,201,235,200,236,199,237,198,238,197,238,197,239,196,240,196,241,196,242,197,243,196,244,196,245,196,246,196,247,195,248,194,249,195,250,195,251,196,251,197,251,198,251,199,252,200,252,201,252,202,253,203,253,204,254,205,255,206,255,207,256,208,257,209,256,210,256,211,255,212,255,213,254,214,254,215,254,216,254,217,254,218,254,219,254,220,254,221,254,222,254,223,254,223,253,222,252,221,252,220,251,220,250,220,249,219,248,219,247,219,246,219,245,219,244,219,243,219,242,219,241,218,240,218,239,218,238,217,237,217,236,217,235,216,234,216,233,216,232,216,231,216,230,216,229,216,228,215,228,214,228,213,228,212,228
243,228,242,229,241,230,240,231,240,232,240,233,239,234,239,235,239,236,239,237,238,238,238,239,238,240,239,241,239,242,240,243,241,244,242,245,243,246,244,247,245,248,246,249,247,250,248,249,249,248,249,247,250,246,251,245,251,244,252,243,253,242,253,241,254,240,254,239,255,238,255,237,256,236,255,235,255,234,254,233,254,232,253,231,252,231,251,230,250,229,249,229,248,229,247,228,246,228,245,228,244,228
149,230,148,231,147,232,146,233,145,234,144,235,143,236,142,237,141,238,140,239,139,240,138,241,137,242,137,243,136,244,136,245,136,246,136,247,136,248,136,249,137,250,138,250,139,250,140,251,141,251,142,251,143,251,144,250,145,250,146,250,147,250,148,249,149,249,150,249,151,249,152,248,153,248,154,248,154,247,155,246,156,245,156,244,157,243,157,242,157,241,157,240,157,239,158,238,158,237,158,236,157,235,157,234,157,233,156,233,155,232,154,231,153,231,152,231,151,230,150,230
93,232,92,233,91,234,91,235,90,236,90,237,90,238,90,239,90,240,90,241,91,242,92,243,93,244,94,245,95,245,96,245,97,245,98,244,99,244,100,243,101,242,101,241,102,240,102,239,102,238,102,237,102,236,101,235,101,234,100,233,99,233,98,232,97,232,96,232,95,232,94,232
289,233,288,234,287,234,286,235,285,235,284,235,283,236,282,236,281,237,281,238,281,239,281,240,281,241,280,242,280,243,280,244,280,245,279,246,279,247,278,248,277,248,276,249,275,250,275,251,276,252,276,253,276,254,277,255,277,256,277,257,277,258,277,259,277,260,277,261,277,262,278,263,279,263,280,263,281,263,282,262,283,261,284,261,285,260,286,259,287,258,288,258,289,257,290,256,291,255,292,254,293,253,294,252,295,251,295,250,296,249,296,248,297,247,297,246,297,245,298,244,298,243,298,242,299,241,299,240,300,239,299,238,299,237,299,236,299,235,298,234,297,233,296,233,295,233,294,233,293,233,292,233,291,233,290,233
265,234,264,235,263,236,262,236,261,236,260,236,259,237,258,236,257,236,256,237,256,238,255,239,255,240,254,241,254,242,253,243,252,244,252,245,251,246,250,247,250,248,249,249,248,250,249,251,250,251,251,252,252,252,253,253,254,253,255,254,256,254,257,254,258,255,259,255,260,255,261,256,262,256,263,255,264,254,265,253,266,252,267,252,268,252,269,251,270,250,271,249,272,248,273,247,273,246,274,245,274,244,275,243,275,242,276,241,277,240,278,239,278,238,278,237,278,236,277,236,276,235,275,235,274,235,273,234,272,234,271,234,270,234,269,234,268,234,267,234,266,234
235,241,234,242,233,243,232,243,231,244,230,245,229,246,229,247,228,248,228,249,228,250,228,251,228,252,228,253,228,254,229,255,229,256,229,257,230,258,231,259,232,259,233,260,234,261,235,262,236,263,237,264,237,265,238,266,238,267,239,267,240,268,241,269,242,270,243,270,244,270,245,270,246,271,247,271,248,271,249,271,250,271,251,271,252,271,253,270,254,270,255,270,256,269,256,268,257,267,257,266,258,265,258,264,259,263,259,262,260,261,260,260,260,259,261,258,261,257,260,256,259,256,258,256,257,255,256,255,255,255,254,254,253,254,252,253,251,253,250,252,249,252,248,251,247,251,246,250,245,249,244,248,243,247,242,246,241,245,240,244,239,243,238,242,238,241,237,241,236,241
302,248,301,249,300,249,299,250,298,250,297,250,296,251,295,252,294,253,293,254,292,255,291,256,290,257,289,258,288,259,288,260,287,261,287,262,286,263,286,264,286,265,286,266,286,267,286,268,287,269,288,269,289,270,290,270,291,270,292,270,293,270,294,270,295,270,296,270,297,269,298,269,299,269,300,268,301,268,302,267,303,267,304,266,305,266,306,266,306,265,307,264,307,263,308,262,308,261,309,260,309,259,309,258,309,257,309,256,309,255,309,254,309,253,308,252,308,251,308,250,307,249,306,249,305,248,304,248,303,248
152,249,151,250,150,250,149,250,148,250,147,251,146,251,145,251,144,251,143,252,142,252,141,252,141,253,140,254,140,255,140,256,140,257,140,258,140,259,140,260,140,261,141,262,141,263,142,264,142,265,143,266,144,267,144,268,145,269,146,269,147,270,148,271,149,271,150,271,151,272,152,272,153,272,154,272,155,272,156,272,157,272,158,271,159,271,160,271,160,270,161,269,161,268,162,267,163,266,163,265,164,264,165,263,165,262,166,261,166,260,167,259,168,258,167,257,166,256,166,255,166,254,165,253,164,252,163,252,162,251,161,251,160,251,159,250,158,250,157,250,156,250,155,250,154,249,153,249
274,250,273,251,272,252,271,253,270,252,269,252,268,253,267,254,266,255,265,256,264,256,263,257,262,257,262,258,261,259,261,260,261,261,260,262,260,263,259,264,259,265,258,266,258,267,257,268,257,269,256,270,255,271,256,272,256,273,257,274,258,274,259,275,260,275,261,275,262,276,263,276,264,275,265,275,266,275,267,274,268,274,269,273,270,272,271,271,272,270,273,269,273,268,274,267,275,266,275,265,276,264,277,263,276,262,276,261,276,260,276,259,276,258,276,257,276,256,276,255,275,254,275,253,275,252,274,251
190,253,189,254,188,254,187,254,186,255,185,255,184,256,183,256,182,257,181,258,180,258,180,259,181,260,181,261,181,262,182,263,182,264,183,265,183,266,184,267,184,268,184,269,185,270,185,271,186,272,186,273,186,274,186,275,187,276,187,277,187,278,188,278,189,278,190,278,191,278,192,278,193,278,194,278,195,278,196,278,197,278,198,278,199,278,200,278,201,278,202,277,203,277,204,277,205,277,205,276,205,275,206,274,207,273,207,272,207,271,207,270,208,269,207,268,207,267,206,266,206,265,205,264,205,263,204,262,203,261,202,261,201,260,200,259,199,258,198,258,197,257,196,256,195,256,194,255,193,255,192,254,191,253
319,253,318,254,317,254,316,255,315,256,314,257,313,258,312,259,311,259,310,260,309,261,309,262,308,263,308,264,307,265,307,266,307,267,307,268,307,269,306,270,306,271,307,272,306,273,307,274,308,275,309,275,310,275,311,276,312,276,313,276,314,276,315,276,316,276,317,275,318,275,319,274,320,273,321,273,322,273,323,272,323,271,324,270,325,269,326,268,326,267,327,266,327,265,327,264,327,263,328,262,328,261,328,260,328,259,328,258,327,257,327,256,326,255,325,254,324,254,323,253,322,253,321,253,320,253
171,258,170,259,169,259,168,259,167,260,167,261,166,262,166,263,165,264,164,265,164,266,163,267,162,268,162,269,161,270,161,271,160,272,161,273,161,274,162,275,162,276,163,277,163,278,164,278,165,279,166,279,167,279,168,280,169,280,170,280,171,281,172,281,173,281,174,281,175,282,176,282,177,282,178,282,179,283,180,282,181,282,182,281,183,281,184,280,185,279,186,279,186,278,186,277,186,276,185,275,185,274,185,273,185,272,184,271,184,270,183,269,183,268,183,267,182,266,182,265,181,264,181,263,180,262,180,261,180,260,179,259,179,258,178,258,177,258,176,258,175,258,174,258,173,258,172,258
225,258,224,259,223,259,222,260,221,261,220,261,219,262,218,263,217,264,216,265,215,266,214,267,215,268,215,269,215,270,215,271,216,272,216,273,217,274,217,275,218,276,219,277,220,278,220,279,221,279,222,280,223,281,224,282,225,282,226,283,227,284,228,285,229,286,230,287,231,286,232,285,232,284,233,283,233,282,233,281,234,280,234,279,235,278,235,277,236,276,237,275,237,274,237,273,237,272,237,271,237,270,237,269,237,268,237,267,237,266,236,265,236,264,235,263,234,262,233,261,232,260,231,260,230,259,229,258,228,258,227,258,226,258
289,271,288,272,287,272,286,272,285,272,284,272,283,272,282,273,281,273,280,274,280,275,279,276,278,277,278,278,278,279,278,280,278,281,278,282,278,283,277,284,276,285,275,285,275,286,274,287,273,288,273,289,273,290,273,291,274,292,274,293,275,294,275,295,276,296,277,297,277,298,278,299,278,300,279,301,279,302,280,303,281,304,282,304,283,305,284,305,285,305,286,306,287,306,288,305,289,305,290,304,291,303,292,302,293,302,294,301,295,300,296,299,297,298,298,298,298,297,299,296,299,295,300,294,300,293,301,292,301,291,302,290,303,289,303,288,304,287,304,286,305,285,306,284,307,283,307,282,308,281,309,280,309,279,310,278,309,279,308,278,307,277,307,276,307,275,306,274,305,273,304,273,303,273,302,273,301,272,300,272,299,272,298,271,297,271,296,271,295,271,294,271,293,271,292,271,291,271,290,271
212,272,211,273,210,274,209,275,208,276,207,276,208,277,207,278,207,279,207,280,207,281,207,282,207,283,207,284,207,285,207,286,207,287,207,288,207,289,207,290,207,291,208,292,208,293,209,293,210,294,211,294,212,294,213,295,214,295,215,295,216,296,217,296,218,296,219,296,220,296,221,296,222,296,223,295,224,295,225,295,226,294,227,293,227,292,227,291,227,290,227,289,228,288,229,287,228,286,227,285,226,284,225,283,224,283,223,282,222,281,221,280,220,280,219,279,219,278,218,277,217,276,216,275,216,274,215,273,215,272,214,272,213,272
238,275,237,276,236,277,236,278,235,279,235,280,234,281,234,282,234,283,233,284,233,285,234,286,234,287,235,288,236,289,237,289,238,290,238,291,239,292,240,292,241,292,242,292,243,291,244,290,245,289,246,288,247,287,247,286,248,285,248,284,248,283,249,282,249,281,250,280,250,279,250,278,249,278,248,277,247,277,246,278,245,277,244,276,243,276,242,276,241,275,240,275,239,275
319,276,318,277,317,278,316,278,315,279,314,280,313,281,312,280,311,279,310,279,310,280,309,281,308,282,308,283,307,284,306,285,305,286,305,287,304,288,304,289,303,290,302,291,302,292,301,293,301,294,300,295,300,296,299,297,300,297,301,297,302,297,303,298,304,298,305,298,306,298,307,298,308,299,309,299,310,300,311,300,312,301,313,300,314,300,315,300,316,299,317,298,318,297,319,296,320,296,321,295,322,294,323,293,324,293,325,292,326,292,327,291,328,291,328,290,328,289,329,288,329,287,330,286,330,285,330,284,330,283,330,282,330,281,329,280,329,279,328,278,327,277,326,276,325,276,324,276,323,276,322,276,321,276,320,276
202,278,201,279,200,279,199,279,198,279,197,279,196,279,195,279,194,279,193,279,192,279,191,279,190,279,189,279,188,279,187,279,186,280,185,280,184,281,183,282,182,282,181,283,180,283,180,284,180,285,180,286,180,287,179,288,179,289,178,290,178,291,177,292,177,293,176,294,175,295,174,296,173,297,172,298,171,299,171,300,171,301,172,302,172,303,173,304,173,305,174,306,175,307,176,308,177,308,178,309,179,309,180,310,181,310,182,310,183,311,184,311,185,311,186,311,187,311,188,310,189,309,190,309,191,308,192,307,193,306,194,306,194,305,195,304,195,303,196,302,197,301,198,300,199,299,200,299,201,298,202,297,203,297,204,296,205,295,206,294,207,293,207,292,206,291,206,290,206,289,206,288,206,287,206,286,206,285,206,284,206,283,206,282,206,281,206,280,206,279,205,278,204,278,203,278
161,279,160,280,159,281,159,282,159,283,159,284,159,285,160,286,160,287,160,288,160,289,161,290,161,291,162,292,163,293,163,294,164,294,165,295,166,296,167,296,168,296,169,297,170,298,171,298,172,297,173,296,174,295,175,294,176,293,176,292,177,291,177,290,178,289,178,288,179,287,179,286,179,285,179,284,178,283,177,283,176,283,175,283,174,282,173,282,172,282,171,282,170,281,169,281,168,281,167,280,166,280,165,280,164,279,163,279,162,279
263,286,262,287,261,287,260,287,259,288,258,289,257,289,256,290,256,291,256,292,256,293,256,294,255,295,255,296,255,297,256,298,256,299,256,300,257,301,258,302,259,302,260,303,261,304,262,305,263,306,264,307,265,307,266,308,267,309,268,310,269,310,270,311,271,312,272,313,273,313,274,314,275,314,276,314,277,314,278,313,279,312,280,311,280,310,280,309,280,308,280,307,280,306,280,305,280,304,279,303,278,302,278,301,277,300,277,299,276,298,276,297,275,296,274,295,274,294,273,293,273,292,272,291,272,290,271,289,270,289,269,288,268,287,267,287,266,287,265,287,264,286
230,292,230,293,229,294,228,294,227,294,226,295,225,296,224,296,223,296,222,297,221,297,220,297,219,297,218,297,217,297,216,297,215,296,214,296,213,296,212,295,211,295,210,295,209,294,208,294,207,294,206,295,205,296,204,297,203,298,202,298,201,299,200,300,199,300,198,301,197,302,196,303,196,304,195,305,195,306,194,307,194,308,195,309,195,310,196,311,196,312,197,312,198,313,199,313,200,313,201,314,202,314,203,314,204,314,205,314,206,314,207,314,208,313,209,313,210,312,211,312,212,312,213,311,214,311,215,310,216,309,217,309,218,308,219,308,220,307,221,306,222,305,223,305,224,304,225,303,226,302,227,301,228,301,229,301,230,301,231,300,232,300,233,299,234,298,235,298,235,297,234,296,234,295,233,294,232,293,231,293
327,292,326,293,325,293,324,294,323,294,322,295,321,296,320,297,319,297,318,298,317,299,316,300,315,301,314,301,314,302,313,303,313,304,313,305,312,306,312,307,312,308,312,309,311,310,311,311,311,312,311,313,310,314,310,315,310,316,309,317,309,318,309,319,310,320,310,321,311,322,312,323,313,324,314,325,315,326,316,327,317,328,317,329,318,329,319,329,320,329,321,329,322,330,323,330,324,330,325,330,326,330,327,330,328,331,329,331,330,331,331,330,331,329,332,328,333,327,334,327,335,326,336,325,336,324,337,323,337,322,337,321,338,320,338,319,338,318,338,317,338,316,339,315,339,314,339,313,339,312,339,311,339,310,339,309,339,308,339,307,339,306,338,305,338,304,338,303,338,302,337,301,337,300,337,299,337,298,336,297,336,296,335,295,335,294,334,294,333,293,332,292,331,292,330,292,329,292,328,292
236,298,235,299,234,299,233,300,232,301,231,301,231,302,230,303,229,304,228,304,227,305,226,305,225,305,224,305,224,306,223,307,222,308,221,309,220,310,219,311,218,311,217,312,217,313,216,314,216,315,215,316,215,317,215,318,216,319,216,320,216,321,217,322,218,323,219,323,220,323,221,323,222,323,223,323,224,323,225,323,226,323,227,322,228,322,229,322,230,322,231,321,232,320,233,320,234,319,235,319,236,318,237,317,238,316,239,315,240,314,241,313,241,312,242,311,242,310,243,309,243,308,243,307,243,306,243,305,243,304,243,303,243,302,242,301,241,300,240,299,239,299,238,299,237,298
299,298,298,299,297,299,296,300,295,301,294,302,293,303,292,303,291,304,290,305,289,306,288,306,287,307,287,308,287,309,287,310,287,311,288,312,288,313,288,314,288,315,288,316,288,317,289,318,290,319,291,320,292,320,293,321,294,321,295,322,296,322,297,323,298,323,299,322,300,322,301,321,302,321,303,321,304,320,305,320,306,319,307,319,308,319,308,318,308,317,309,316,309,315,309,314,310,313,310,312,310,311,310,310,311,309,311,308,311,307,311,306,312,305,312,304,312,303,312,302,311,301,310,301,309,300,308,300,307,299,306,299,305,299,304,299,303,299,302,298,301,298,300,298
253,301,252,302,251,302,250,302,249,303,248,304,247,305,246,306,245,307,244,308,244,309,243,310,243,311,243,312,243,313,243,314,243,315,243,316,243,317,243,318,243,319,243,320,243,321,243,322,244,323,244,324,245,325,245,326,245,327,245,328,246,329,246,330,246,331,246,332,246,333,247,334,248,335,249,336,249,337,250,337,251,338,252,338,253,339,254,340,255,340,256,341,257,341,258,342,259,343,260,343,261,342,262,342,263,342,264,341,265,341,266,341,267,340,268,340,269,339,270,339,271,338,272,337,273,336,274,335,274,334,275,333,275,332,275,331,275,330,275,329,275,328,275,327,275,326,275,325,275,324,275,323,274,322,273,321,273,320,273,319,272,318,272,317,272,316,272,315,271,314,271,313,270,312,269,311,268,311,267,310,266,309,265,308,264,308,263,307,262,306,261,305,260,304,259,303,258,303,257,302,256,301,255,301,254,301
283,318,282,319,281,319,280,319,279,320,278,320,278,321,277,322,276,323,276,324,276,325,276,326,276,327,276,328,276,329,276,330,276,331,276,332,277,333,278,334,279,335,279,336,280,337,280,338,281,339,282,340,283,341,284,342,285,343,286,342,287,341,288,340,289,340,290,339,291,338,292,338,293,337,294,337,295,336,296,335,297,334,298,334,298,333,298,332,298,331,298,330,298,329,298,328,298,327,297,326,297,325,297,324,296,323,295,323,294,322,293,322,292,321,291,321,290,320,289,319,288,318,287,319,286,319,285,319,284,318
235,321,234,322,233,322,232,323,231,322,231,323,230,324,229,325,228,325,227,326,226,327,225,328,225,329,224,330,224,331,223,332,223,333,222,334,222,335,222,336,222,337,223,338,224,339,225,339,226,339,227,340,228,340,229,340,230,340,231,340,232,340,233,340,234,339,235,339,236,338,237,338,238,338,239,337,240,337,241,336,242,335,243,334,244,333,245,332,245,331,245,330,245,329,244,328,244,327,244,326,244,325,243,324,243,323,242,322,242,321,241,321,240,321,239,321,238,321,237,321,236,321
316,330,315,331,314,332,314,333,313,334,312,334,312,335,311,336,310,337,310,338,309,339,308,339,309,340,309,341,309,342,309,343,309,344,310,345,310,346,311,347,312,348,313,349,314,349,315,349,316,349,317,349,318,349,319,349,320,348,321,348,322,348,323,347,324,347,325,346,326,345,327,344,328,343,329,342,329,341,329,340,330,339,330,338,330,337,330,336,330,335,330,334,330,333,330,332,329,332,328,332,327,331,326,331,325,331,324,331,323,331,322,331,321,330,320,330,319,330,318,330,317,330
301,334,300,335,299,335,298,335,297,335,296,336,295,337,294,338,293,338,292,339,291,339,290,340,289,341,288,341,287,342,286,343,285,344,284,345,283,346,283,347,283,348,282,349,282,350,282,351,282,352,282,353,282,354,283,355,283,356,284,357,285,358,286,358,287,359,288,359,289,359,290,359,291,359,292,358,293,358,294,357,295,357,296,356,297,355,298,355,299,354,300,353,301,352,302,351,302,350,303,349,304,348,304,347,305,346,305,345,306,344,306,343,306,342,307,341,307,340,307,339,307,338,307,337,306,336,305,335,304,335,303,334,302,334
248,338,247,339,246,339,245,340,244,340,243,340,242,341,241,342,240,343,239,344,239,345,239,346,239,347,240,348,240,349,241,350,242,351,243,352,244,353,245,353,246,353,247,353,248,353,249,353,250,353,251,353,252,353,252,352,253,351,254,350,255,349,256,348,256,347,257,346,258,345,258,344,258,343,257,342,256,342,255,341,254,341,253,340,252,339,251,339,250,338,249,338
278,339,277,340,276,340,275,340,274,341,273,341,272,341,271,341,270,341,269,342,268,343,267,343,266,344,265,345,264,345,263,345,262,345,261,346,260,346,259,346,258,346,257,347,257,348,256,349,255,350,254,351,253,352,253,353,253,354,253,355,253,356,253,357,254,358,255,359,256,360,257,360,258,361,259,361,260,361,261,361,262,361,263,361,264,361,265,361,266,361,267,360,268,360,269,360,270,359,271,359,272,358,273,357,274,357,275,356,276,355,277,355,278,354,279,353,279,352,280,351,281,350,281,349,282,348,282,347,282,346,283,345,284,344,284,343,283,342,282,341,281,340,280,339,279,339
372,411,371,412,370,413,369,413,368,414,367,414,366,415,366,416,366,417,365,418,364,418,364,419,364,420,364,421,364,422,364,423,364,424,364,425,365,426,366,427,367,428,368,429,369,429,370,430,371,430,372,430,373,430,374,430,375,430,376,430,377,429,378,429,379,429,379,428,380,427,381,426,382,426,382,425,383,424,384,423,385,422,385,421,385,420,386,419,386,418,386,417,385,416,385,415,384,414,384,413,383,413,382,412,381,412,380,411,379,411,378,411,377,411,376,411,375,411,374,411,373,411
326,417,325,418,324,418,323,418,322,419,321,419,320,420,319,421,319,422,318,423,318,424,318,425,317,426,318,427,318,428,318,429,319,430,319,431,320,432,321,433,322,433,323,434,324,435,325,435,326,435,327,435,328,435,329,435,330,435,331,435,332,435,333,434,334,434,335,434,336,434,337,434,338,434,339,434,340,433,341,433,342,433,343,432,344,431,345,430,345,429,346,428,346,427,346,426,347,425,347,424,347,423,346,422,346,421,346,420,346,419,345,418,344,418,343,418,342,417,341,417,340,417,339,417,338,417,337,417,336,417,335,417,334,417,333,417,332,417,331,418,330,417,329,417,328,417,327,417
300,420,299,421,298,422,297,423,297,424,296,425,296,426,296,427,296,428,296,429,296,430,296,431,296,432,297,433,298,434,299,435,300,436,301,436,302,437,303,437,304,438,305,438,306,438,307,438,308,438,309,437,310,437,311,437,312,436,313,436,314,435,314,434,315,433,315,432,315,431,315,430,315,429,315,428,314,427,314,426,313,425,313,424,312,423,311,422,310,422,309,421,308,420,307,420,306,420,305,420,304,420,303,420,302,420,301,420
385,425,384,426,383,427,382,427,381,427,380,428,380,429,379,430,379,431,378,432,378,433,378,434,378,435,378,436,379,437,379,438,380,439,381,440,382,441,383,441,384,442,385,443,386,444,387,444,388,444,389,445,390,445,391,445,392,445,393,445,394,445,395,445,396,444,397,444,398,443,399,442,400,441,401,441,401,440,402,439,402,438,403,437,403,436,403,435,403,434,403,433,403,432,402,431,401,430,401,429,400,428,399,427,398,427,397,426,396,426,395,426,394,425,393,425,392,425,391,425,390,425,389,425,388,425,387,425,386,425
178,428,177,429,176,429,175,429,174,429,173,429,172,429,171,430,170,431,169,431,168,432,167,433,167,434,166,435,166,436,165,437,165,438,165,439,165,440,165,441,165,442,165,443,165,444,166,445,166,446,166,447,167,448,168,448,169,449,170,449,171,449,172,449,173,449,174,449,175,449,176,449,177,449,178,449,179,449,180,448,181,448,182,448,183,447,184,446,185,446,185,445,186,444,187,443,187,442,187,441,188,440,188,439,188,438,188,437,188,436,187,435,187,434,187,433,186,432,185,431,184,430,183,430,182,430,181,429,180,429,179,429
147,431,146,432,145,432,144,433,143,433,142,434,141,435,140,435,139,436,139,437,138,438,137,438,137,439,137,440,137,441,137,442,137,443,137,444,137,445,138,446,138,447,138,448,138,449,139,450,140,451,141,451,142,452,143,452,144,453,145,453,146,453,147,453,148,453,149,453,150,453,151,452,152,452,153,452,154,451,155,450,156,449,157,448,157,447,158,446,158,445,158,444,159,443,159,442,158,441,158,440,158,439,158,438,158,437,158,436,157,435,156,434,155,433,154,433,153,432,152,432,151,431,150,431,149,431,148,431
273,431,272,432,271,432,270,432,269,433,268,433,267,434,266,435,265,436,265,437,264,438,264,439,264,440,265,441,265,442,266,443,266,444,266,445,267,446,268,446,269,446,270,446,271,447,272,447,273,447,274,447,275,447,276,447,277,448,278,448,279,448,280,448,281,449,282,449,283,448,284,447,285,446,285,445,285,444,285,443,285,442,285,441,285,440,285,439,284,438,284,437,283,436,282,435,281,434,280,434,279,433,278,433,277,432,276,432,275,432,274,432
128,435,127,436,126,436,125,437,124,437,123,438,122,439,122,440,121,441,121,442,120,443,120,444,120,445,120,446,120,447,120,448,119,449,118,450,119,450,120,451,121,452,122,453,123,454,124,454,125,455,126,456,127,457,128,457,129,458,130,459,131,459,132,458,133,457,134,457,135,456,136,455,136,454,137,453,137,452,137,451,138,450,137,449,137,448,137,447,137,446,136,445,136,444,136,443,136,442,136,441,136,440,136,439,136,438,136,437,135,436,134,435,133,435,132,435,131,435,130,435,129,435
201,435,200,436,199,436,198,437,197,438,196,439,195,439,195,440,194,441,193,442,193,443,193,444,193,445,192,446,192,447,193,448,193,449,193,450,194,451,195,452,196,453,196,454,197,455,198,455,199,456,200,457,201,457,202,458,203,458,204,458,205,458,206,458,207,458,208,457,209,457,210,456,211,456,211,455,212,454,212,453,213,452,213,451,214,450,214,449,214,448,214,447,214,446,214,445,214,444,214,443,214,442,213,441,213,440,212,439,211,438,210,437,209,437,208,436,207,436,206,436,205,435,204,435,203,435,202,435
361,438,360,439,359,439,358,439,357,439,356,439,355,439,354,440,353,440,352,440,351,441,350,441,349,442,348,442,347,443,346,444,346,445,345,446,344,447,344,448,343,449,343,450,343,451,342,452,342,453,342,454,342,455,342,456,342,457,342,458,342,459,342,460,342,461,343,462,343,463,343,464,344,465,345,466,345,467,346,468,347,469,348,469,349,470,350,471,351,471,352,472,353,472,354,472,355,473,356,473,357,473,358,473,359,474,360,474,361,473,362,473,363,473,364,473,365,473,366,472,367,472,368,471,369,471,370,470,371,469,372,469,373,468,374,467,374,466,375,465,376,464,376,463,377,462,377,461,377,460,377,459,377,458,377,457,377,456,377,455,377,454,377,453,377,452,377,451,377,450,376,449,376,448,375,447,375,446,374,445,373,444,372,443,371,442,370,441,369,441,368,440,367,439,366,439,365,439,364,439,363,438,362,438
327,441,326,442,325,442,324,442,323,442,322,442,321,442,320,443,319,443,318,444,317,445,316,446,315,447,315,448,315,449,314,450,314,451,314,452,314,453,314,454,314,455,314,456,314,457,313,458,314,459,314,460,314,461,315,462,315,463,315,464,315,465,315,466,316,467,317,468,317,469,318,470,319,471,319,472,320,473,321,474,322,475,323,475,324,476,325,476,326,476,327,476,328,476,329,476,330,476,331,475,332,475,333,475,334,474,335,473,336,473,337,472,338,471,339,470,340,469,340,468,341,467,341,466,341,465,342,464,342,463,342,462,341,461,341,460,341,459,341,458,341,457,341,456,341,455,341,454,341,453,340,452,340,451,340,450,339,449,339,448,339,447,338,446,337,445,336,444,335,444,334,443,333,442,332,442,331,442,330,442,329,441,328,441
409,443,408,444,407,444,406,444,405,445,404,446,403,447,402,448,402,449,401,450,401,451,401,452,401,453,401,454,401,455,401,456,402,457,402,458,402,459,402,460,403,461,403,462,404,463,404,464,405,465,406,466,407,467,408,467,409,468,410,468,411,469,412,469,413,469,414,469,415,469,416,468,417,468,418,468,419,467,420,466,421,465,421,464,422,463,422,462,423,461,423,460,423,459,423,458,423,457,423,456,423,455,423,454,422,453,422,452,421,451,421,450,420,449,419,448,418,447,417,446,416,445,415,445,414,444,413,444,412,444,411,443,410,443
266,447,265,448,264,449,263,449,262,450,262,451,261,452,261,453,261,454,261,455,261,456,261,457,262,458,262,459,262,460,263,460,264,461,265,462,266,463,267,464,268,464,269,464,270,465,271,465,272,465,273,465,274,464,275,464,276,463,277,462,278,461,279,460,280,459,280,458,281,457,282,456,283,455,283,454,283,453,283,452,283,451,283,450,282,450,281,450,280,449,279,449,278,449,277,449,276,448,275,448,274,448,273,448,272,448,271,448,270,447,269,447,268,447,267,447
220,451,219,452,218,452,217,453,216,454,215,455,214,456,214,457,213,458,213,459,212,460,212,461,211,462,211,463,211,464,211,465,211,466,211,467,211,468,211,469,212,470,212,471,213,472,214,473,215,474,216,474,217,474,218,475,219,475,220,476,221,476,222,476,223,476,224,476,225,476,226,475,226,474,227,473,227,472,228,471,229,470,229,469,230,468,231,467,232,466,232,465,233,464,233,463,232,462,233,461,233,460,233,459,232,458,232,457,232,456,232,455,231,454,230,453,229,452,228,452,227,452,226,451,225,451,224,451,223,451,222,451,221,451
298,451,297,452,296,452,295,452,294,453,293,453,292,454,291,454,290,454,289,455,288,456,287,456,286,457,285,458,284,459,284,460,283,461,283,462,282,463,282,464,281,465,281,466,281,467,280,468,281,469,281,470,281,471,282,472,282,473,283,474,283,475,284,476,285,477,286,478,287,479,288,479,289,479,290,480,291,480,292,480,293,480,294,480,295,480,296,480,297,480,298,480,299,480,300,480,301,479,302,479,303,478,304,478,305,477,306,477,307,476,308,476,309,475,310,474,311,473,311,472,312,471,313,470,313,469,314,468,314,467,314,466,314,465,314,464,314,463,314,462,313,461,313,460,313,459,312,458,312,457,311,456,310,455,309,454,308,453,307,453,306,452,305,452,304,451,303,451,302,451,301,451,300,451,299,451
387,457,386,458,385,458,384,458,383,459,382,459,381,460,380,461,379,462,378,462,377,463,377,464,376,465,375,466,375,467,374,468,373,469,374,470,374,471,373,472,374,473,373,474,373,475,373,476,374,477,373,478,374,479,374,480,374,481,375,482,374,483,375,484,376,485,377,486,378,487,379,487,380,488,381,488,382,488,383,488,384,488,385,489,386,489,387,489,388,489,389,489,390,489,391,489,392,489,393,488,394,488,395,487,396,487,397,486,398,485,399,484,400,483,400,482,400,481,401,480,401,479,401,478,401,477,402,476,402,475,401,474,402,473,401,472,401,471,401,470,401,469,401,468,401,467,401,466,400,465,400,464,400,463,399,462,398,461,398,460,397,459,396,459,395,458,394,458,393,457,392,457,391,457,390,457,389,457,388,457
141,463,140,464,139,464,138,465,137,465,136,466,135,466,134,467,133,467,132,468,131,468,130,469,129,469,128,469,127,470,126,470,125,471,124,472,123,472,122,473,121,474,121,475,120,476,120,477,119,478,119,479,119,480,118,481,118,482,118,483,117,484,117,485,117,486,117,487,117,488,117,489,117,490,117,491,118,492,118,493,118,494,119,495,120,496,120,497,121,498,122,498,123,499,124,500,125,500,126,501,127,501,128,502,129,502,130,502,131,503,132,503,133,503,134,503,135,503,136,503,137,503,138,503,139,503,140,503,141,503,142,503,143,502,144,502,145,501,146,501,147,501,148,500,149,499,149,498,150,497,151,496,152,495,152,494,153,493,153,492,153,491,153,490,154,489,154,488,154,487,155,486,155,485,155,484,155,483,156,482,156,481,156,480,156,479,156,478,156,477,156,476,155,475,155,474,155,473,155,472,154,471,154,470,153,469,153,468,152,467,151,466,150,466,149,465,148,464,147,464,146,463,145,463,144,463,143,463,142,463
179,464,178,465,177,465,176,465,175,466,174,466,173,467,172,467,171,468,170,469,169,469,168,470,167,471,166,472,165,472,165,473,164,474,163,475,162,476,162,477,161,478,161,479,161,480,161,481,161,482,161,483,160,484,160,485,160,486,161,487,161,488,161,489,161,490,161,491,162,492,162,493,162,494,162,495,163,496,163,497,164,498,164,499,165,500,165,501,166,502,166,503,167,503,168,504,169,505,170,505,171,506,172,507,173,507,174,507,175,508,176,508,177,509,178,509,179,509,180,509,181,509,182,509,183,509,184,508,185,508,186,507,187,507,188,507,189,506,190,505,191,505,192,504,193,503,194,502,195,501,195,500,196,499,197,498,198,497,199,496,200,495,200,494,201,493,202,492,202,491,202,490,203,489,203,488,203,487,203,486,203,485,203,484,203,483,203,482,203,481,203,480,202,479,202,478,202,477,201,476,201,475,200,474,200,473,199,472,198,471,198,470,197,469,196,469,195,468,194,467,193,467,192,466,191,466,190,465,189,465,188,465,187,464,186,464,185,464,184,464,183,464,182,464,181,464,180,464
234,464,233,465,233,466,232,467,231,468,230,469,230,470,229,471,228,472,228,473,227,474,227,475,226,476,227,477,228,478,228,479,228,480,229,481,229,482,230,483,231,484,232,484,233,484,234,484,235,484,236,484,237,484,238,484,239,484,240,483,241,483,242,482,243,482,244,481,244,480,245,479,245,478,245,477,246,476,246,475,246,474,246,473,245,472,245,471,245,470,244,469,244,468,243,467,242,466,241,465,240,465,239,464,238,464,237,464,236,464,235,464
264,467,263,468,262,468,261,468,260,469,260,470,259,471,259,472,258,473,258,474,258,475,258,476,258,477,258,478,258,479,258,480,259,481,259,482,259,483,259,484,260,485,260,486,261,487,262,488,263,488,264,488,265,488,266,489,267,489,268,489,269,489,270,489,271,489,272,488,273,487,274,486,274,485,275,484,275,483,276,482,277,481,277,480,277,479,277,478,277,477,276,476,276,475,276,474,275,473,275,472,275,471,274,470,273,469,272,469,271,468,270,468,269,467,268,467,267,467,266,467,265,467
92,474,92,475,91,476,91,477,90,478,90,479,90,480,89,481,89,482,89,483,88,484,88,485,89,486,90,487,91,488,91,489,92,490,93,491,94,492,95,493,96,494,97,495,98,495,99,496,100,497,101,496,102,495,103,495,104,494,105,494,106,493,107,492,108,491,108,490,109,489,109,488,110,487,110,486,110,485,110,484,110,483,111,482,111,481,111,480,111,479,110,478,109,478,108,478,107,477,106,477,105,476,104,476,103,476,102,476,101,475,100,475,99,475,98,475,97,475,96,474,95,474,94,474,93,474
412,474,411,475,410,475,409,475,408,476,407,476,406,477,405,478,404,479,404,480,403,481,403,482,403,483,403,484,403,485,404,486,404,487,404,488,405,489,406,490,406,491,407,492,407,493,407,494,408,495,409,495,410,496,411,496,412,497,413,497,414,496,415,496,416,495,417,495,418,494,419,493,420,493,421,492,421,491,422,490,422,489,422,488,423,487,423,486,423,485,423,484,423,483,423,482,423,481,422,480,422,479,421,478,421,477,420,477,419,476,418,475,417,475,416,475,415,475,414,475,413,474
316,476,315,477,314,477,313,477,312,477,311,477,310,477,309,477,308,477,307,477,306,478,305,478,304,479,303,479,302,480,301,480,300,481,299,481,298,481,297,482,296,483,296,484,295,485,294,486,294,487,293,488,293,489,293,490,292,491,292,492,292,493,292,494,292,495,293,496,293,497,293,498,294,499,294,500,295,501,295,502,296,503,297,503,298,504,299,505,300,506,301,506,302,506,303,507,304,507,305,507,306,508,307,508,308,508,309,508,310,508,311,508,312,509,313,509,314,508,315,508,316,508,317,507,318,507,319,506,320,507,321,506,322,506,323,505,324,504,325,503,326,502,326,501,327,500,327,499,328,498,328,497,329,496,329,495,329,494,329,493,329,492,329,491,329,490,329,489,329,488,329,487,328,486,328,485,328,484,327,483,327,482,326,481,325,480,324,479,323,478,322,478,321,477,320,477,319,477,318,477,317,477
86,485,85,486,84,486,83,487,82,487,81,488,80,489,79,490,78,491,77,492,77,493,77,494,77,495,76,496,76,497,76,498,76,499,76,500,76,501,76,502,76,503,76,504,77,505,77,506,77,507,78,508,78,509,79,510,80,510,81,510,82,510,83,510,84,510,85,511,86,511,87,511,88,511,89,511,90,511,91,511,92,511,93,511,94,511,95,510,96,510,97,510,97,509,98,508,98,507,98,506,98,505,99,504,99,503,99,502,99,501,99,500,99,499,99,498,99,497,98,496,97,496,96,495,95,494,94,493,93,492,92,491,91,490,90,489,90,488,89,487,88,486,87,485
239,489,238,490,237,490,236,491,235,492,234,492,233,493,232,494,231,495,231,496,231,497,230,498,230,499,230,500,230,501,229,502,229,503,230,504,230,505,230,506,230,507,230,508,230,509,231,510,232,510,233,510,234,511,235,511,236,511,237,511,238,511,239,511,240,511,241,511,242,511,243,511,244,511,245,511,246,511,247,511,248,511,249,511,250,510,251,510,252,510,253,509,254,509,255,508,256,507,257,506,257,505,258,504,258,503,258,502,258,501,258,500,258,499,257,498,257,497,256,496,255,495,255,494,254,493,253,493,252,492,251,492,250,492,249,491,248,491,247,490,246,490,245,490,244,489,243,489,242,489,241,489,240,489
372,490,371,491,370,491,369,492,368,492,367,493,366,494,365,495,364,496,363,497,363,498,362,499,361,500,361,501,360,502,360,503,359,504,359,505,359,506,359,507,359,508,359,509,359,510,360,510,361,511,362,511,363,511,364,511,365,511,366,511,367,511,368,511,369,511,370,511,371,511,372,511,373,511,374,511,375,511,376,511,377,511,378,511,379,511,380,511,381,511,382,511,383,511,384,511,385,511,386,511,387,511,388,511,389,511,390,510,391,510,392,510,392,509,392,508,392,507,392,506,392,505,392,504,392,503,391,502,391,501,391,500,390,499,390,498,389,497,389,496,388,495,387,494,386,493,385,493,384,492,383,491,382,490,381,490,380,490,379,490,378,490,377,490,376,490,375,490,374,490,373,490
213,495,212,496,211,496,210,496,209,496,208,496,207,497,206,497,205,497,204,498,203,499,202,499,201,500,201,501,200,502,199,503,198,504,198,505,197,506,197,507,197,508,197,509,197,510,197,511,198,511,199,511,200,511,201,511,202,511,203,511,204,511,205,511,206,511,207,511,208,511,209,511,210,511,211,511,212,511,213,511,214,511,215,511,216,511,217,511,218,511,219,511,220,511,221,511,222,511,223,511,224,511,225,511,226,511,227,511,228,510,229,510,230,510,229,509,229,508,229,507,229,506,228,505,227,504,227,503,226,502,225,501,224,500,223,500,222,499,221,498,220,498,219,497,218,497,217,496,216,496,215,496,214,496
407,495,406,496,405,497,404,497,404,498,403,499,402,500,402,501,401,502,401,503,401,504,400,505,400,506,400,507,399,508,398,509,397,510,398,510,399,510,400,510,401,510,402,511,403,511,404,511,405,511,406,511,407,511,408,511,409,510,410,510,411,509,412,508,413,507,413,506,413,505,414,504,414,503,414,502,413,501,413,500,413,499,413,498,412,498,411,497,410,497,409,496,408,496
334,502,333,503,332,503,331,503,330,503,329,503,328,504,327,504,326,504,325,504,324,505,323,506,322,507,321,507,321,508,321,509,321,510,322,510,323,510,324,510,325,510,326,511,327,511,328,511,329,511,330,511,331,511,332,511,333,511,334,511,335,511,336,511,337,511,338,511,339,511,340,511,341,510,342,510,343,509,343,508,342,507,342,506,341,505,340,504,339,504,338,503,337,503,336,503,335,503
