59,54,58,55,57,55,57,56,56,57,55,58,55,59,54,60,53,61,53,62,53,63,53,64,53,65,53,66,53,67,53,68,54,69,54,70,55,71,55,72,56,73,57,73,58,73,59,74,60,74,61,75,62,75,63,75,64,75,65,75,66,74,67,74,68,73,69,72,70,72,70,71,71,70,71,69,72,68,72,67,72,66,72,65,72,64,71,63,71,62,71,61,70,60,70,59,69,58,68,57,67,56,66,55,65,54,64,54,63,54,62,54,61,54,60,54
140,87,139,88,138,88,137,88,136,89,135,90,134,91,133,92,132,93,132,94,131,95,131,96,131,97,130,98,130,99,130,100,130,101,129,102,129,103,129,104,129,105,129,106,130,107,130,108,130,109,130,110,131,111,131,112,132,113,133,114,133,115,134,116,135,116,136,117,137,118,138,118,139,118,140,119,141,120,142,120,143,119,144,119,145,118,146,118,147,117,148,117,149,116,150,116,151,115,152,115,153,114,154,114,155,114,156,113,156,112,157,111,157,110,158,109,158,108,159,107,159,106,159,105,159,104,159,103,159,102,160,101,160,100,159,99,159,98,159,97,159,96,158,95,158,94,157,93,156,92,155,91,154,90,153,90,152,89,151,89,150,88,149,88,148,88,147,88,146,87,145,87,144,87,143,87,142,87,141,87
170,88,169,89,168,89,167,89,166,90,165,90,164,91,164,92,163,93,163,94,163,95,163,96,163,97,163,98,164,99,164,100,164,101,165,102,166,103,167,104,168,105,169,105,170,106,171,107,172,107,173,107,174,107,175,107,176,106,177,106,178,106,179,105,180,105,180,104,181,103,181,102,182,101,183,100,183,99,183,98,183,97,183,96,183,95,182,94,182,93,181,92,180,91,179,90,178,90,177,90,176,89,175,89,174,89,173,88,172,88,171,88
187,98,186,99,185,99,184,99,184,100,183,101,182,102,182,103,181,104,181,105,180,106,181,107,181,108,181,109,181,110,181,111,181,112,181,113,182,114,182,115,183,116,184,117,184,118,185,118,186,119,187,119,188,120,189,120,190,120,191,120,192,120,193,120,194,120,195,120,196,119,197,119,198,119,199,119,200,118,201,118,202,117,203,116,203,115,204,114,205,113,205,112,205,111,206,110,206,109,206,108,206,107,205,106,205,105,205,104,205,103,204,102,203,101,202,101,201,100,200,100,199,99,198,99,197,98,196,98,195,98,194,98,193,98,192,98,191,98,190,98,189,98,188,98
213,103,212,104,211,104,210,105,210,106,210,107,210,108,210,109,211,110,211,111,212,112,213,112,214,112,215,111,216,111,217,111,218,111,219,110,220,110,221,110,222,109,221,108,220,107,220,106,219,106,218,105,217,104,216,104,215,103,214,103
114,109,113,110,112,110,111,111,110,112,110,113,109,114,109,115,109,116,108,117,108,118,108,119,108,120,108,121,108,122,108,123,108,124,108,125,108,126,108,127,109,128,109,129,109,130,109,131,109,132,109,133,110,134,110,135,111,136,111,137,112,138,113,139,113,140,114,141,115,142,116,143,117,143,118,144,119,144,120,144,121,144,122,143,123,143,124,143,125,142,126,142,127,141,128,141,129,140,130,140,131,139,132,138,132,137,133,136,134,135,135,134,135,133,136,132,136,131,136,130,137,129,136,128,136,127,136,126,136,125,136,124,136,123,135,122,135,121,134,120,133,119,132,118,131,117,130,116,129,116,128,115,127,114,126,113,125,112,124,112,123,111,122,111,121,110,120,110,119,110,118,110,117,109,116,109,115,109
222,110,221,111,220,111,219,111,218,112,217,112,216,112,215,112,214,113,213,113,212,113,212,114,211,115,211,116,211,117,210,118,210,119,210,120,210,121,210,122,210,123,211,124,211,125,211,126,212,127,213,128,213,129,214,130,215,131,215,132,216,133,217,134,218,134,219,135,220,135,221,136,222,136,223,136,224,135,225,135,226,135,227,134,228,134,229,134,230,134,230,133,230,132,230,131,230,130,230,129,229,128,229,127,229,126,229,125,229,124,229,123,229,122,229,121,229,120,228,119,228,118,228,117,228,116,228,115,228,114,228,113,227,113,226,113,225,112,224,112,223,111
230,112,229,113,229,114,229,115,229,116,229,117,229,118,229,119,230,120,230,121,230,122,230,123,230,124,230,125,230,126,230,127,230,128,231,129,231,130,231,131,231,132,231,133,231,134,232,134,233,135,233,136,234,136,235,136,236,135,237,134,238,134,239,133,240,133,241,132,242,132,243,132,244,131,245,131,246,130,247,129,247,128,248,127,248,126,247,125,248,124,247,123,247,122,247,121,246,120,245,120,244,119,243,118,242,118,241,117,240,117,239,116,238,115,237,115,236,114,235,114,234,114,233,113,232,113,231,112
156,114,155,115,154,115,153,115,152,116,151,116,150,117,149,117,148,118,147,118,146,119,145,119,144,120,143,120,142,121,141,121,141,122,141,123,140,124,140,125,139,126,139,127,140,128,140,129,140,130,141,130,142,131,142,132,143,133,144,134,145,135,146,136,147,136,148,137,149,137,150,138,151,139,152,139,153,139,154,139,155,140,156,140,157,140,158,140,159,140,160,140,161,140,162,139,163,139,164,139,165,138,166,138,167,137,167,136,168,135,169,134,170,133,170,132,170,131,170,130,170,129,170,128,170,127,170,126,169,125,168,124,168,123,167,122,167,121,166,120,165,119,164,118,163,117,162,117,161,116,160,116,159,115,158,115,157,115
176,133,175,134,174,134,173,135,172,135,171,136,170,137,169,138,169,139,168,140,167,141,167,142,166,143,166,144,165,145,165,146,165,147,164,148,164,149,164,150,164,151,165,152,165,153,165,154,166,155,166,156,167,157,168,158,169,158,170,159,171,160,172,160,173,161,174,161,175,161,176,161,177,161,178,161,179,161,180,161,181,160,182,160,183,160,184,159,185,159,186,159,187,158,188,157,189,156,190,155,191,154,192,153,192,152,193,151,193,150,194,149,194,148,194,147,195,146,195,145,195,144,195,143,195,142,195,141,195,140,195,139,194,138,194,137,193,136,192,136,191,135,190,134,189,134,188,134,187,134,186,133,185,133,184,133,183,133,182,133,181,133,180,133,179,133,178,133,177,133
245,135,244,136,243,136,242,136,241,136,240,136,239,137,238,137,237,138,236,138,235,138,234,138,233,139,232,140,232,141,232,142,231,143,231,144,231,145,231,146,232,147,232,148,232,149,232,150,233,151,233,152,234,153,235,153,236,154,237,155,238,155,239,155,240,156,241,156,242,156,243,156,244,156,245,156,246,156,247,155,248,155,249,155,250,154,251,154,252,154,253,153,254,152,254,151,255,150,255,149,256,148,256,147,256,146,256,145,256,144,257,143,257,142,257,141,256,140,256,139,256,138,255,137,254,136,253,136,252,135,251,135,250,135,249,135,248,135,247,135,246,135
131,140,130,141,129,141,128,142,127,142,126,143,125,143,124,144,123,144,122,144,121,145,120,145,120,146,119,147,119,148,118,149,118,150,118,151,118,152,117,153,117,154,117,155,117,156,117,157,117,158,117,159,118,160,118,161,119,162,119,163,120,164,120,165,121,166,122,167,123,168,124,169,125,169,126,170,127,170,128,171,129,171,130,171,131,171,132,171,133,171,134,171,135,171,136,171,137,171,138,171,139,171,140,170,141,170,142,170,143,170,144,170,145,169,146,169,147,169,148,168,149,167,150,167,151,166,152,165,153,164,153,163,153,162,154,161,154,160,154,159,155,158,155,157,155,156,155,155,155,154,155,153,155,152,155,151,155,150,154,149,154,148,153,147,153,146,152,145,151,144,150,144,149,143,148,143,147,142,146,142,145,141,144,141,143,141,142,141,141,140,140,140,139,140,138,140,137,140,136,140,135,140,134,140,133,140,132,140
94,143,93,144,92,144,91,145,90,146,90,147,89,148,89,149,88,150,88,151,89,152,89,153,90,154,91,155,92,156,93,156,94,156,95,156,96,155,97,155,98,155,99,154,100,153,100,152,101,151,101,150,102,149,102,148,102,147,101,146,100,145,99,144,98,143,97,143,96,143,95,143
264,145,263,146,262,146,261,146,260,147,259,147,258,148,257,148,256,149,256,150,255,151,255,152,254,153,253,154,253,155,254,156,254,157,254,158,255,159,255,160,255,161,256,162,256,163,257,164,258,165,258,166,259,167,259,168,260,168,261,169,262,169,263,170,264,170,265,170,266,170,267,171,268,171,269,171,270,171,271,170,272,169,272,168,273,167,274,166,274,165,274,164,275,163,275,162,275,161,276,160,276,159,276,158,276,157,276,156,277,155,277,154,277,153,277,152,276,151,276,150,275,149,274,148,273,147,272,146,271,146,270,145,269,145,268,145,267,145,266,145,265,145
225,149,224,150,223,150,222,150,221,150,220,151,219,152,218,153,217,153,217,154,217,155,217,156,217,157,216,158,216,159,216,160,216,161,216,162,216,163,216,164,216,165,217,166,217,167,218,168,219,169,219,170,220,171,220,172,220,173,221,174,222,174,223,175,224,175,225,175,226,175,227,175,228,174,229,173,230,172,231,172,232,171,232,170,232,169,233,168,233,167,234,166,234,165,234,164,234,163,234,162,234,161,234,160,234,159,234,158,234,157,234,156,234,155,234,154,233,153,232,152,232,151,231,150,230,150,229,150,228,150,227,149,226,149
201,150,200,151,199,152,198,153,197,154,196,155,196,156,195,157,195,158,195,159,194,160,194,161,194,162,194,163,195,164,196,165,195,166,194,166,195,166,196,166,197,167,198,167,199,168,200,169,201,169,202,170,203,170,204,170,205,170,206,170,207,170,208,170,209,170,210,169,211,169,212,168,212,167,213,166,214,165,215,164,215,163,215,162,215,161,215,160,215,159,215,158,216,157,216,156,216,155,216,154,216,153,215,153,214,152,213,152,212,151,211,151,210,151,209,151,208,151,207,150,206,150,205,150,204,150,203,150,202,150
278,152,278,153,278,154,278,155,277,156,277,157,277,158,277,159,277,160,276,161,276,162,276,163,275,164,275,165,275,166,274,167,273,168,273,169,272,170,271,171,270,172,270,173,270,174,269,175,269,176,268,177,268,178,269,179,270,180,271,181,272,182,273,183,274,184,275,184,276,183,277,183,278,182,279,181,280,180,281,179,282,178,283,178,283,177,284,176,285,175,285,174,286,173,286,172,286,171,287,170,287,169,287,168,287,167,287,166,287,165,287,164,287,163,287,162,287,161,287,160,286,159,286,158,285,157,284,156,283,155,283,154,282,153,281,153,280,152,279,152
163,166,162,167,161,167,160,167,159,167,158,167,157,168,156,168,155,169,154,170,153,170,152,171,151,171,150,172,149,172,148,173,147,174,146,174,145,175,144,176,143,176,142,177,142,178,141,179,140,180,139,181,139,182,138,183,138,184,137,185,137,186,137,187,137,188,137,189,137,190,137,191,137,192,138,193,138,194,139,195,139,196,140,197,141,198,142,199,143,199,144,200,145,200,146,200,147,200,148,200,149,199,150,199,151,199,152,199,153,198,154,198,155,198,156,197,157,197,158,197,159,197,160,196,161,195,162,195,163,195,164,194,165,194,166,193,167,192,168,191,169,190,170,189,171,188,172,187,173,186,173,185,174,184,174,183,175,182,175,181,175,180,175,179,175,178,175,177,175,176,175,175,174,174,174,173,174,172,173,171,173,170,172,170,171,169,170,169,169,168,168,168,167,167,166,167,165,167,164,167
193,166,192,167,191,167,190,168,189,168,188,168,187,169,186,169,185,170,184,171,184,172,183,173,183,174,183,175,182,176,182,177,182,178,182,179,182,180,182,181,182,182,183,183,184,184,184,185,185,186,186,187,187,188,188,188,189,189,189,190,190,191,191,191,192,192,193,193,194,194,195,194,196,194,197,193,198,193,199,193,200,193,201,192,202,192,203,192,204,192,205,192,206,191,207,191,208,191,209,191,209,190,210,189,210,188,211,187,211,186,211,185,211,184,211,183,211,182,211,181,211,180,210,180,209,179,208,179,207,178,207,177,206,176,205,175,204,174,203,173,203,172,202,171,201,170,200,170,199,169,198,168,197,168,196,167,195,167,194,167
235,170,234,171,233,171,232,172,231,173,231,174,231,175,231,176,231,177,231,178,231,179,231,180,231,181,231,182,232,183,233,184,234,185,235,186,235,187,236,188,237,188,238,188,239,189,240,189,241,189,242,189,243,189,244,189,245,189,246,190,247,189,248,189,249,189,250,188,251,188,252,188,253,187,254,187,255,187,256,186,257,185,258,184,259,183,259,182,260,181,260,180,260,179,260,178,260,177,260,176,260,175,259,174,259,173,258,172,257,171,256,170,255,170,254,170,253,170,252,170,251,170,250,170,249,171,248,171,247,171,246,171,245,171,244,171,243,171,242,171,241,171,240,171,239,171,238,171,237,171,236,170
295,173,294,174,293,174,292,175,291,175,290,176,289,176,288,177,287,178,286,178,285,179,284,180,283,181,282,181,281,182,280,183,279,184,279,185,278,186,277,186,276,185,275,186,274,186,273,187,272,188,271,189,270,190,269,191,268,192,267,193,268,193,269,194,270,195,271,196,272,197,273,198,274,199,275,200,276,200,277,201,278,201,279,201,280,201,281,202,282,202,283,202,284,201,285,201,286,200,287,199,287,198,288,197,289,196,290,195,291,195,292,195,293,194,294,194,295,193,296,192,296,191,297,190,297,189,298,188,299,187,300,186,300,185,301,184,302,183,302,182,303,181,304,180,304,179,304,178,303,177,303,176,303,175,303,174,302,174,301,173,300,173,299,173,298,173,297,173,296,173
218,175,217,176,216,176,215,177,214,178,214,179,213,180,212,181,212,182,212,183,212,184,212,185,212,186,212,187,211,188,211,189,210,190,210,191,210,192,211,193,212,194,213,195,214,196,215,196,216,197,217,198,218,199,219,199,220,199,221,198,222,198,223,197,224,197,225,197,226,198,226,199,226,198,227,197,228,196,228,195,229,194,230,193,231,192,230,191,230,190,230,189,230,188,230,187,230,186,231,185,231,184,230,183,230,182,230,181,230,180,229,180,228,179,227,179,226,178,226,177,225,176,224,176,223,176,222,175,221,175,220,176,219,175
267,178,266,179,265,179,264,180,263,180,262,180,262,181,261,182,260,182,260,183,260,184,260,185,260,186,259,187,260,187,261,188,260,189,261,189,262,189,263,190,264,191,265,191,266,192,267,192,268,191,269,190,270,189,271,188,272,187,273,186,274,185,275,185,274,185,273,184,272,183,271,182,270,181,269,180,268,179
256,187,255,188,254,188,253,188,252,189,251,189,250,189,249,190,248,190,247,190,246,191,245,192,245,193,246,194,246,195,247,196,247,197,248,198,249,199,250,200,251,200,252,200,253,200,254,199,255,199,256,198,256,197,257,196,258,195,258,194,259,193,259,192,260,191,260,190,259,189,259,188,258,188,257,187
178,188,177,189,176,189,175,190,174,190,173,191,173,192,172,193,171,193,171,194,171,195,172,196,173,197,173,198,174,199,174,200,175,201,175,202,176,203,176,204,177,205,178,206,179,207,179,208,180,209,181,210,182,211,183,212,184,213,185,214,186,215,187,215,188,214,189,214,190,213,191,212,192,211,193,210,194,210,195,209,196,208,196,207,196,206,196,205,196,204,196,203,196,202,196,201,196,200,195,199,195,198,195,197,194,196,194,195,193,194,192,193,191,192,190,192,189,191,188,191,187,190,186,190,185,189,184,189,183,189,182,189,181,188,180,188,179,188
206,192,205,193,204,193,203,193,202,193,201,193,200,194,199,194,198,194,197,194,196,195,195,195,195,196,196,197,196,198,196,199,197,200,197,201,197,202,197,203,197,204,197,205,197,206,197,207,198,207,199,208,200,208,201,208,202,209,203,209,204,209,205,210,206,210,207,210,208,210,209,210,210,211,211,210,211,209,212,208,212,207,213,206,214,205,215,204,216,204,217,203,218,202,219,202,218,201,218,200,217,199,216,198,215,197,214,197,213,196,212,195,211,194,210,193,209,192,208,192,207,192
232,192,231,193,230,194,229,195,229,196,228,197,227,198,227,199,227,200,227,201,227,202,228,203,229,204,230,205,230,206,231,207,232,208,232,209,233,210,234,211,234,212,235,213,236,214,237,214,238,214,239,214,240,214,241,214,242,214,243,213,244,213,245,213,246,212,247,212,248,211,249,210,250,209,250,208,251,207,251,206,251,205,251,204,251,203,251,202,251,201,250,201,249,200,248,199,247,198,246,197,246,196,245,195,245,194,244,193,243,193,242,193,241,193,240,192,239,192,238,192,237,192,236,192,235,192,234,192,233,192
170,194,169,195,168,196,167,196,167,197,167,198,167,199,167,200,166,201,166,202,166,203,165,204,165,205,164,206,163,207,162,207,161,208,160,209,159,210,160,211,160,212,160,213,161,214,161,215,162,216,163,217,164,218,165,219,166,220,167,220,168,221,169,222,170,222,171,223,172,223,173,223,174,222,175,222,176,222,177,221,178,220,179,220,180,219,181,218,182,218,183,217,184,217,185,216,185,215,184,214,183,213,182,212,181,211,180,210,179,209,178,208,178,207,177,206,176,205,175,204,175,203,174,202,174,201,173,200,173,199,172,198,172,197,171,196,170,195
308,196,307,197,306,197,305,197,304,197,303,197,302,198,301,198,300,198,299,198,298,198,297,199,297,200,296,201,295,202,294,203,293,204,293,205,292,206,291,206,291,207,291,208,291,209,291,210,291,211,291,212,291,213,290,214,290,215,290,216,290,217,289,218,289,219,288,220,288,221,287,222,287,223,288,224,288,225,288,226,289,226,290,226,291,226,292,227,293,227,294,228,295,228,296,229,296,230,297,231,297,232,298,232,299,233,300,233,301,233,302,232,303,232,304,232,305,232,306,232,307,232,308,231,309,231,310,230,311,230,312,229,313,229,314,228,315,227,316,226,317,225,318,224,319,223,320,222,321,221,321,220,322,219,322,218,322,217,322,216,322,215,322,214,322,213,322,212,322,211,322,210,322,209,322,208,322,207,321,206,321,205,320,204,320,203,319,202,318,201,317,200,316,199,315,198,314,198,313,197,312,197,311,197,310,196,309,196
220,202,219,203,218,203,217,204,216,205,215,205,214,206,213,207,213,208,212,209,212,210,212,211,211,212,212,213,212,214,213,215,213,216,214,217,214,218,214,219,215,220,215,221,215,222,216,223,217,224,218,225,219,226,220,226,221,227,222,227,223,227,224,227,225,227,226,227,227,227,228,227,229,226,230,226,231,225,232,224,233,223,234,222,234,221,235,220,235,219,235,218,235,217,235,216,235,215,235,214,234,213,233,212,233,211,232,210,231,209,231,208,230,207,229,206,229,205,228,204,227,203,226,202,225,202,224,202,223,202,222,202,221,203
280,202,279,203,278,203,277,203,276,203,275,203,274,203,273,204,272,204,271,204,270,205,269,205,268,205,267,206,266,206,265,207,265,208,265,209,265,210,264,211,264,212,264,213,265,214,265,215,266,216,266,217,267,218,268,219,268,220,269,221,269,222,270,223,271,224,271,225,272,226,273,226,274,226,275,225,276,225,277,225,278,225,279,224,280,225,281,225,282,225,283,224,284,224,285,223,285,222,286,221,287,221,287,220,287,219,288,218,289,217,289,216,289,215,289,214,290,213,290,212,290,211,290,210,290,209,290,208,290,207,289,206,289,205,288,204,287,204,286,204,285,204,284,203,283,203,282,203,281,203
153,205,152,206,151,207,150,208,149,209,149,210,148,211,147,212,147,213,146,214,146,215,145,216,145,217,144,218,144,219,143,220,142,221,142,222,141,223,140,224,140,225,140,226,141,227,141,228,142,229,142,230,143,231,143,232,144,233,144,234,145,234,146,235,147,235,148,235,149,236,150,236,151,237,152,238,153,238,154,238,155,239,156,238,157,237,158,236,159,235,160,235,161,234,162,234,163,233,164,233,165,232,166,232,167,231,168,231,169,231,170,230,170,229,171,228,171,227,171,226,172,225,171,224,170,223,169,223,168,222,167,221,166,221,165,220,164,219,163,218,162,217,161,216,160,215,160,214,159,213,159,212,159,211,158,210,157,210,156,209,155,208,154,207,154,206
116,208,115,209,114,209,113,210,112,210,112,211,111,212,111,213,111,214,111,215,111,216,111,217,112,218,112,219,113,220,114,221,115,222,116,222,117,223,118,223,119,223,120,223,121,223,122,223,123,223,124,223,125,222,126,221,127,220,128,219,129,218,129,217,129,216,130,215,130,214,130,213,129,212,128,211,127,210,126,209,125,209,124,208,123,208,122,208,121,208,120,208,119,208,118,208,117,208
197,208,196,209,195,210,194,211,193,211,192,212,191,213,190,214,189,215,189,216,189,217,188,218,188,219,189,220,189,221,189,222,189,223,190,224,190,225,190,226,190,227,191,227,192,228,193,229,194,229,195,229,196,229,197,229,198,230,199,230,200,230,201,229,202,228,203,228,204,227,205,227,206,226,207,226,208,225,209,225,210,225,211,224,212,224,213,223,214,223,214,222,214,221,214,220,213,219,213,218,213,217,212,216,212,215,211,214,211,213,210,212,209,211,208,211,207,211,206,211,205,211,204,210,203,210,202,210,201,209,200,209,199,209,198,208
256,210,255,211,255,212,255,213,255,214,255,215,255,216,255,217,255,218,256,219,256,220,256,221,257,222,257,223,257,224,258,224,259,224,260,225,261,225,262,225,263,225,264,225,265,226,266,226,267,226,268,226,269,226,270,226,271,226,272,227,271,226,270,225,270,224,269,223,268,222,268,221,267,220,267,219,266,218,265,217,265,216,264,215,264,214,263,213,262,213,261,212,260,211,259,211,258,210,257,210
185,217,184,218,183,218,182,219,181,219,180,220,179,221,178,221,177,222,176,223,175,223,176,224,175,225,176,226,176,227,177,228,177,229,178,230,178,231,178,232,179,232,180,232,181,231,182,231,183,231,184,231,185,230,186,230,187,230,188,230,187,229,188,228,189,227,189,226,189,225,189,224,188,223,188,222,188,221,188,220,187,219,186,219,185,218
215,223,214,224,213,224,212,225,211,225,210,226,209,226,208,226,207,227,206,227,205,228,204,228,203,229,202,229,201,230,200,231,199,231,200,232,199,233,199,234,199,235,198,236,198,237,199,238,198,239,199,240,199,241,199,242,199,243,199,244,199,245,199,246,200,246,201,247,202,247,203,247,204,248,205,248,206,248,207,247,208,247,209,247,210,246,211,246,212,245,213,244,214,244,215,243,216,242,217,241,218,240,218,239,219,238,219,237,219,236,219,235,220,234,220,233,220,232,220,231,220,230,219,229,218,228,218,227,218,226,217,225,216,224
251,224,250,225,249,225,248,225,247,225,246,226,245,227,244,227,243,228,242,229,241,230,241,231,240,232,240,233,240,234,240,235,240,236,240,237,241,238,241,239,241,240,242,241,243,242,244,242,245,243,246,244,247,244,248,245,249,245,250,245,251,246,252,246,253,246,254,246,255,247,256,247,257,247,258,248,259,248,260,248,261,247,262,247,263,247,264,247,265,246,266,245,267,245,268,244,269,243,270,242,270,241,271,240,272,239,273,238,273,237,274,236,274,235,273,234,273,233,273,232,273,231,272,230,272,229,272,228,271,227,270,227,269,227,268,227,267,227,266,227,265,227,264,226,263,226,262,226,261,226,260,226,259,225,258,225,257,225,256,225,255,225,254,224,253,224,252,224
170,231,169,232,168,232,167,232,166,233,165,233,164,234,163,234,162,235,161,235,160,236,159,236,158,237,157,238,156,239,156,240,156,241,156,242,156,243,156,244,156,245,157,246,157,247,158,248,158,249,159,250,160,251,161,252,162,253,163,253,164,254,165,255,166,256,167,257,168,258,169,257,170,258,171,258,172,258,173,259,174,260,174,261,175,261,176,261,177,262,178,263,179,264,179,263,179,262,178,261,178,260,177,259,177,258,176,257,176,256,176,255,175,254,175,253,175,252,175,251,176,250,176,249,176,248,176,247,176,246,176,245,176,244,176,243,176,242,176,241,176,240,176,239,175,238,175,237,175,236,175,235,176,234,175,234,174,233,173,232,172,232,171,232
185,231,184,232,183,232,182,232,181,232,180,233,179,233,178,233,177,234,176,235,176,236,176,237,176,238,177,239,177,240,177,241,177,242,177,243,177,244,177,245,177,246,177,247,177,248,177,249,177,250,176,251,176,252,176,253,176,254,177,255,177,256,177,257,178,258,178,259,179,260,179,261,180,262,180,263,181,264,182,264,183,264,184,264,185,264,186,264,187,264,188,264,189,264,190,264,191,263,192,262,192,261,193,260,194,259,195,258,196,257,197,256,197,255,198,254,198,253,198,252,199,251,199,250,198,249,198,248,198,247,198,246,198,245,197,244,196,243,196,242,195,241,195,240,194,239,193,238,193,237,192,236,191,235,190,234,189,233,188,232,188,231,187,231,186,231
330,232,329,233,328,233,327,234,326,235,326,236,325,237,324,238,324,239,324,240,324,241,323,242,323,243,323,244,323,245,324,246,324,247,325,248,326,249,327,250,328,251,329,252,330,252,331,252,332,253,333,253,334,253,335,253,336,253,337,252,338,252,339,251,340,251,341,250,342,249,343,248,343,247,343,246,344,245,344,244,344,243,344,242,344,241,343,240,343,239,343,238,342,237,342,236,341,235,340,234,339,234,338,233,337,233,336,232,335,232,334,232,333,232,332,232,331,232
230,247,229,248,228,248,227,249,226,250,226,251,225,252,225,253,225,254,225,255,226,256,226,257,227,258,228,259,229,259,230,260,231,261,232,262,233,263,234,264,235,265,235,266,236,267,237,267,238,267,239,267,240,268,241,268,242,268,243,268,244,268,245,269,246,268,247,267,248,266,249,265,250,264,251,263,252,263,253,262,254,261,255,260,255,259,255,258,255,257,255,256,255,255,255,254,254,253,254,252,253,251,252,250,251,250,250,249,249,249,248,249,247,249,246,249,245,249,244,249,243,249,242,248,241,248,240,248,239,248,238,247,237,247,236,247,235,247,234,247,233,247,232,247,231,247
306,250,305,251,304,252,303,253,302,253,301,254,300,255,299,256,299,257,298,258,298,259,297,260,297,261,297,262,297,263,296,264,296,265,296,266,296,267,297,268,297,269,298,270,298,271,299,271,300,272,301,273,302,273,303,274,304,274,305,275,306,275,307,276,308,276,309,276,310,276,311,276,312,276,313,275,314,275,315,274,316,273,317,272,317,271,318,270,319,269,320,268,320,267,321,266,322,265,322,264,323,263,322,262,322,261,322,260,322,259,321,258,321,257,321,256,320,255,320,254,319,253,318,252,317,251,316,251,315,250,314,250,313,250,312,250,311,250,310,250,309,250,308,250,307,250
219,257,218,258,217,258,216,258,215,259,214,260,213,261,213,262,212,263,212,264,211,265,211,266,211,267,211,268,210,269,210,270,210,271,210,272,210,273,211,274,211,275,211,276,211,277,212,278,212,279,213,280,214,281,215,282,216,282,217,282,218,283,219,283,220,283,221,283,222,283,223,284,224,284,225,283,226,283,227,283,228,283,229,282,230,281,231,280,232,279,233,278,233,277,233,276,234,275,234,274,234,273,235,272,235,271,235,270,235,269,235,268,235,267,234,266,234,265,233,264,232,263,231,262,230,261,229,260,228,260,227,259,226,259,225,258,224,258,223,258,222,257,221,257,220,257
327,263,326,264,325,264,324,264,323,264,323,265,322,266,321,267,321,268,320,269,319,270,318,271,318,272,317,273,316,274,315,275,315,276,315,277,315,278,315,279,315,280,315,281,316,282,316,283,317,284,318,285,318,286,319,287,320,288,321,288,322,288,323,288,324,289,325,289,326,289,327,289,328,289,329,290,330,290,331,289,332,288,333,288,334,288,335,287,336,287,337,286,338,285,339,284,340,283,340,282,341,281,341,280,341,279,341,278,341,277,340,276,340,275,340,274,339,273,339,272,339,271,338,270,338,269,337,268,336,267,335,266,335,265,334,265,333,264,332,264,331,263,330,263,329,263,328,263
180,265,179,266,178,267,177,268,176,269,175,270,175,271,175,272,175,273,176,274,176,275,176,276,176,277,177,278,178,279,178,280,179,281,180,281,181,282,182,282,183,283,184,283,185,283,186,284,187,284,188,283,189,282,190,281,191,280,192,279,193,278,194,277,195,276,196,275,197,275,196,274,195,273,194,272,193,271,192,270,192,269,191,268,191,267,190,266,189,265,188,265,187,265,186,265,185,265,184,265,183,265,182,265,181,265
284,266,283,267,282,267,281,268,280,268,279,269,279,270,278,271,277,272,277,273,276,274,276,275,276,276,276,277,276,278,276,279,277,280,277,281,277,282,278,283,278,284,279,284,280,285,281,286,282,287,283,288,284,289,285,289,286,289,287,289,288,289,289,289,290,289,291,289,292,288,293,288,294,287,295,286,296,285,296,284,297,283,297,282,298,281,298,280,298,279,297,278,297,277,297,276,296,275,296,274,296,273,295,272,295,271,294,270,294,269,293,269,292,268,291,267,290,266,289,266,288,266,287,266,286,266,285,266
353,273,352,274,351,274,350,274,349,275,348,276,347,277,346,278,346,279,345,280,345,281,345,282,344,283,344,284,344,285,344,286,344,287,345,288,345,289,346,290,347,291,348,292,349,292,350,292,351,293,352,292,353,292,354,292,355,292,356,292,357,291,358,291,359,290,360,289,361,288,361,287,362,286,362,285,363,284,362,283,362,282,362,281,362,280,362,279,362,278,362,277,361,276,360,275,359,274,358,274,357,273,356,273,355,273,354,273
243,274,242,275,241,275,240,276,239,276,238,277,237,277,236,278,235,278,234,279,233,279,232,280,231,281,230,282,229,283,228,284,227,284,226,285,226,286,226,287,226,288,226,289,226,290,226,291,227,292,227,293,227,294,227,295,227,296,227,297,228,297,229,297,230,297,231,296,232,296,233,296,234,295,235,295,236,295,237,294,238,293,239,293,240,292,241,292,242,291,243,290,244,289,244,288,245,287,245,286,246,285,246,284,247,283,247,282,248,281,248,280,248,279,248,278,248,277,248,276,247,275,246,275,245,274,244,274
198,275,197,276,196,276,195,277,194,278,193,279,192,280,191,281,190,282,189,283,188,284,187,285,188,286,188,287,188,288,188,289,189,290,190,291,191,291,192,292,193,293,194,293,195,293,196,293,197,293,198,293,199,292,200,292,201,292,202,293,203,292,204,292,205,291,206,290,207,290,208,289,209,288,210,287,211,286,212,286,213,285,214,284,213,283,213,282,213,281,212,280,211,279,211,278,210,277,209,278,208,277,207,277,206,277,205,276,204,276,203,276,202,276,201,276,200,275,199,275
269,281,268,282,267,282,266,282,265,283,264,284,263,284,262,285,261,285,260,286,259,287,258,288,257,289,256,290,255,291,255,292,254,293,254,294,254,295,254,296,254,297,254,298,254,299,254,300,254,301,255,302,256,303,256,304,257,305,258,306,259,306,260,307,261,308,262,309,263,309,264,309,265,310,266,310,267,310,268,309,269,309,270,308,271,308,272,307,273,307,273,306,273,305,274,304,274,303,275,302,275,301,276,300,276,299,277,298,277,297,278,296,278,295,278,294,279,293,279,292,279,291,279,290,279,289,279,288,279,287,279,286,278,285,277,284,277,283,276,282,275,282,274,282,273,281,272,281,271,281,270,281
219,284,218,285,217,285,216,285,215,285,214,285,213,286,212,287,211,287,210,288,209,289,208,290,207,291,206,291,205,292,204,293,203,293,203,294,202,295,202,296,202,297,202,298,202,299,202,300,202,301,203,302,203,303,204,304,205,305,206,305,207,306,208,305,209,305,210,305,211,305,212,305,213,305,214,305,215,304,216,304,217,303,218,303,219,302,220,302,221,301,222,301,223,300,224,299,225,298,226,297,226,296,226,295,226,294,226,293,226,292,225,291,225,290,225,289,225,288,225,287,225,286,225,285,224,285,223,285,222,284,221,284,220,284
313,289,312,290,311,291,310,291,310,292,309,293,308,294,308,295,307,296,307,297,307,298,307,299,306,300,306,301,307,302,307,303,307,304,307,305,308,306,308,307,309,308,310,309,311,310,312,311,313,311,314,312,315,312,316,313,317,313,318,313,319,314,320,314,321,314,322,314,323,314,324,314,325,314,326,313,327,313,328,312,329,311,330,311,330,310,331,309,332,308,333,307,334,306,334,305,335,304,335,303,335,302,336,301,336,300,336,299,336,298,335,297,335,296,335,295,334,294,333,293,332,292,331,291,330,291,329,291,328,290,327,290,326,290,325,290,324,290,323,289,322,289,321,289,320,289,319,289,318,289,317,289,316,289,315,289,314,289
286,292,285,293,284,293,283,294,282,294,281,295,280,296,279,296,278,297,278,298,277,299,277,300,276,301,276,302,275,303,275,304,274,305,274,306,274,307,274,308,274,309,274,310,274,311,275,312,276,313,276,314,277,315,278,316,279,317,280,317,281,318,282,318,283,318,284,319,285,319,286,319,287,319,288,319,289,319,290,318,291,318,292,318,293,318,294,317,295,317,296,316,297,316,298,315,299,314,300,313,301,312,302,311,302,310,303,309,303,308,303,307,303,306,304,305,304,304,303,303,303,302,302,301,302,300,301,299,300,298,299,297,298,296,297,295,296,294,295,294,294,293,293,293,292,292,291,292,290,292,289,292,288,292,287,292
356,296,355,297,354,297,353,297,352,297,351,298,350,298,349,298,348,299,347,299,346,299,345,300,344,301,343,302,342,303,341,304,340,305,339,306,339,307,338,308,338,309,337,310,337,311,337,312,337,313,337,314,337,315,337,316,337,317,337,318,337,319,337,320,338,321,339,321,340,321,341,322,342,322,343,322,344,323,345,323,346,323,347,323,348,323,349,323,350,323,350,322,350,321,351,320,352,320,353,319,354,319,355,318,356,318,357,317,358,316,359,315,360,314,361,313,361,312,362,311,363,310,363,309,364,308,364,307,365,306,365,305,365,304,366,303,365,302,365,301,365,300,365,299,364,298,363,298,362,297,361,297,360,296,359,296,358,296,357,297
337,321,336,322,335,322,334,323,333,323,332,323,331,323,330,323,329,322,328,322,327,322,326,322,325,323,324,323,323,323,322,323,321,323,320,324,319,325,318,325,317,326,316,327,315,328,314,329,313,330,312,330,311,331,310,332,309,332,308,333,307,334,306,335,305,335,304,336,303,337,303,338,302,339,302,340,302,341,301,342,301,343,301,344,301,345,302,346,302,347,303,348,304,349,305,349,306,349,307,350,308,350,309,350,310,350,311,350,312,350,313,350,314,349,315,349,316,349,317,349,318,350,319,350,320,349,321,349,322,349,323,349,324,349,325,349,326,349,327,349,328,349,329,349,330,350,331,350,332,350,333,350,334,350,335,351,336,351,337,351,338,350,339,350,340,349,341,349,342,349,342,348,343,347,344,346,345,345,346,345,347,344,347,343,348,342,348,341,349,340,349,339,349,338,349,337,349,336,349,335,349,334,349,333,350,332,350,331,350,330,350,329,350,328,350,327,351,326,351,325,350,325,349,324,348,324,347,324,346,324,345,324,344,324,343,323,342,323,341,323,340,322,339,322,338,322
379,420,378,421,377,421,376,422,375,423,374,424,373,425,372,426,372,427,372,428,372,429,372,430,373,431,373,432,373,433,374,433,375,434,376,435,377,436,378,437,379,437,380,438,381,438,382,439,383,439,384,439,385,438,386,438,387,437,388,437,389,436,389,435,390,434,390,433,390,432,390,431,390,430,390,429,390,428,389,427,389,426,389,425,388,424,387,423,386,422,385,421,384,421,383,421,382,420,381,420,380,420
360,423,359,424,358,424,357,424,356,425,355,425,354,426,354,427,353,428,352,429,352,430,352,431,351,432,351,433,351,434,352,435,352,436,352,437,352,438,353,439,353,440,353,441,354,442,355,443,356,444,357,445,358,445,359,446,360,446,361,447,362,447,363,447,364,447,365,446,366,446,367,446,368,445,369,445,370,444,370,443,371,442,372,441,372,440,372,439,373,438,373,437,373,436,373,435,373,434,372,433,372,432,372,431,371,430,371,429,371,428,370,427,369,426,368,426,367,425,366,424,365,424,364,424,363,423,362,423,361,423
335,429,334,430,333,430,332,431,331,432,330,433,329,434,329,435,328,436,328,437,328,438,328,439,327,440,327,441,328,442,328,443,328,444,329,445,329,446,330,447,331,448,332,449,333,450,334,450,335,451,336,451,337,451,338,451,339,451,340,451,341,450,342,450,343,450,344,449,345,449,346,448,347,448,348,447,349,446,350,445,351,444,351,443,352,442,352,441,352,440,352,439,351,438,351,437,351,436,351,435,350,434,350,433,349,433,348,432,347,431,346,431,345,431,344,430,343,430,342,429,341,429,340,429,339,429,338,429,337,429,336,429
183,431,182,432,181,432,180,433,179,434,178,435,178,436,177,437,177,438,177,439,177,440,178,441,178,442,178,443,179,444,180,445,181,446,181,447,182,447,183,448,184,449,185,450,186,451,186,452,187,453,188,454,189,455,190,456,191,457,192,457,193,458,194,459,195,459,196,460,197,460,198,460,199,460,200,460,201,460,202,460,203,459,204,459,204,458,205,457,206,456,207,455,207,454,208,453,208,452,208,451,208,450,209,449,209,448,208,447,207,446,207,445,206,444,205,443,204,442,203,442,202,441,201,440,200,440,199,439,198,438,197,437,196,436,195,435,194,434,193,433,192,433,191,432,190,432,189,432,188,431,187,431,186,431,185,431,184,431
159,435,158,436,157,436,156,436,155,436,154,436,153,437,152,437,151,438,151,439,150,440,150,441,149,442,150,443,150,444,150,445,151,446,152,447,153,447,154,448,155,449,156,449,157,449,158,450,159,451,160,452,161,453,162,454,163,455,164,456,164,457,165,457,166,458,167,459,168,460,169,460,170,460,171,461,172,461,173,461,174,461,175,461,176,461,177,460,178,460,179,459,180,459,181,458,181,457,181,456,181,455,181,454,181,453,180,452,180,451,179,450,179,449,178,448,177,448,176,447,175,447,174,446,173,445,172,445,171,444,170,444,169,443,168,442,167,441,166,440,165,439,165,438,164,437,163,437,162,436,161,436,160,436
304,436,303,437,302,437,301,438,300,438,299,439,298,439,297,440,296,441,295,442,295,443,294,444,293,445,293,446,293,447,293,448,293,449,292,450,292,451,292,452,292,453,291,454,292,455,291,456,291,457,291,458,291,459,291,460,291,461,292,462,292,463,292,464,293,465,294,466,294,467,295,468,296,469,297,470,298,471,299,472,300,473,301,474,302,474,303,475,304,475,305,475,306,475,307,474,308,474,309,473,310,473,311,473,312,472,312,471,313,470,313,469,314,468,315,467,315,466,316,465,317,464,318,463,318,462,319,461,320,460,320,459,320,458,320,457,320,456,320,455,320,454,320,453,320,452,320,451,320,450,320,449,320,448,320,447,319,446,319,445,318,444,318,443,317,442,316,441,315,440,314,439,313,438,312,437,311,437,310,437,309,436,308,436,307,436,306,436,305,436
133,446,132,447,131,447,130,448,129,449,129,450,129,451,128,452,128,453,129,454,129,455,129,456,130,457,131,458,131,459,132,460,132,461,133,462,134,463,134,464,135,465,136,466,137,467,138,468,139,468,140,469,141,469,142,469,143,469,144,468,145,468,146,468,147,467,148,467,149,467,150,466,151,465,152,464,152,463,152,462,153,461,153,460,153,459,153,458,153,457,153,456,152,455,151,454,150,453,150,452,149,451,148,450,147,450,146,449,145,449,144,448,143,448,142,447,141,447,140,447,139,447,138,447,137,447,136,447,135,446,134,446
417,446,416,447,415,448,414,449,414,450,413,451,413,452,413,453,413,454,414,455,414,456,414,457,415,458,415,459,416,460,417,461,418,462,419,463,420,464,421,464,422,465,423,465,424,466,425,466,426,466,427,466,428,466,429,465,430,465,431,465,432,464,433,463,433,462,434,461,434,460,434,459,435,458,435,457,435,456,434,455,434,454,434,453,433,452,433,451,432,450,432,449,431,448,430,448,429,447,428,447,427,446,426,446,425,446,424,446,423,446,422,446,421,446,420,446,419,446,418,446
226,449,225,450,224,450,223,450,222,450,221,450,220,451,219,451,218,451,217,452,216,452,215,453,214,454,213,454,212,455,211,456,211,457,210,458,210,459,210,460,210,461,210,462,210,463,209,464,209,465,210,466,210,467,210,468,211,469,212,470,212,471,213,471,214,472,215,472,216,473,217,473,218,473,219,473,220,473,221,472,222,472,223,472,224,471,225,470,226,469,227,468,228,467,228,466,229,465,229,464,229,463,229,462,229,461,229,460,229,459,229,458,229,457,229,456,229,455,229,454,229,453,228,453,227,452,227,451,227,450
360,453,359,454,358,454,357,454,356,454,355,454,354,455,353,455,352,455,351,456,350,456,350,457,349,458,348,459,348,460,347,461,346,462,346,463,346,464,345,465,345,466,345,467,345,468,345,469,345,470,345,471,344,472,345,473,345,474,345,475,345,476,345,477,345,478,346,479,346,480,347,481,347,482,348,483,348,484,349,485,350,486,351,487,352,487,353,488,354,489,355,489,356,489,357,490,358,490,359,491,360,491,361,491,362,491,363,491,364,491,365,491,366,490,367,490,368,490,369,490,370,490,371,489,372,489,373,488,374,488,375,488,375,487,376,486,376,485,377,484,377,483,378,482,378,481,379,480,380,479,380,478,379,477,379,476,379,475,380,474,380,473,380,472,379,471,379,470,379,469,379,468,379,467,378,466,378,465,378,464,377,463,377,462,376,461,375,460,375,459,374,458,373,457,372,457,371,456,370,455,369,455,368,454,367,454,366,454,365,453,364,453,363,453,362,453,361,453
239,457,238,458,237,459,237,460,236,461,236,462,235,463,235,464,234,465,233,466,233,467,232,468,232,469,232,470,232,471,232,472,232,473,233,474,233,475,234,476,235,476,236,477,237,477,238,477,239,478,240,478,241,477,242,477,243,477,244,477,245,476,246,475,247,475,247,474,248,473,248,472,249,471,249,470,250,469,251,468,251,467,251,466,251,465,251,464,251,463,251,462,250,461,249,460,249,459,248,458,247,458,246,457,245,457,244,457,243,457,242,457,241,457,240,457
320,461,319,462,319,463,318,464,317,465,316,466,316,467,315,468,314,469,314,470,313,471,313,472,312,473,312,474,312,475,312,476,313,477,313,478,313,479,314,480,314,481,314,482,314,483,315,484,315,485,315,486,316,487,316,488,317,489,318,490,319,491,320,492,321,492,322,493,323,493,324,493,325,493,326,493,327,493,328,493,329,493,330,492,331,492,332,491,333,491,334,491,335,490,336,489,337,489,338,488,339,487,339,486,340,485,341,484,341,483,342,482,342,481,342,480,342,479,342,478,343,477,343,476,342,475,342,474,342,473,341,472,341,471,340,470,340,469,339,468,339,467,338,466,337,465,336,464,335,464,334,463,333,462,332,462,331,462,330,461,329,461,328,461,327,461,326,461,325,461,324,461,323,461,322,461,321,461
118,465,117,466,116,466,115,466,114,467,113,468,112,469,112,470,111,471,110,472,110,473,109,474,109,475,109,476,109,477,109,478,108,479,108,480,108,481,109,482,110,482,111,483,112,483,113,483,114,484,115,484,116,484,117,484,118,484,119,484,120,484,121,484,122,483,123,483,124,482,125,482,126,481,127,481,128,480,128,479,129,478,129,477,129,476,130,475,130,474,130,473,129,472,129,471,128,470,128,469,127,468,126,467,125,466,124,466,123,465,122,465,121,465,120,465,119,465
440,470,439,471,438,472,437,472,436,473,435,474,435,475,435,476,434,477,434,478,434,479,434,480,434,481,434,482,434,483,434,484,435,485,435,486,435,487,435,488,436,489,437,490,437,491,438,492,439,493,440,494,441,495,442,494,443,494,444,495,445,495,446,495,447,494,448,494,449,494,450,493,451,493,452,492,453,491,454,490,455,489,455,488,455,487,455,486,455,485,455,484,455,483,455,482,455,481,455,480,454,479,454,478,454,477,453,476,453,475,452,474,452,473,451,472,450,472,449,471,448,471,447,470,446,470,445,470,444,470,443,470,442,470,441,470
184,474,183,475,182,475,181,475,180,476,179,476,178,477,177,478,176,479,176,480,175,481,174,482,174,483,174,484,173,485,173,486,173,487,173,488,172,489,172,490,171,491,170,492,169,493,168,493,167,494,166,495,166,496,166,497,166,498,165,499,165,500,166,501,166,502,166,503,166,504,167,505,167,506,168,507,168,508,169,509,170,510,171,510,172,510,173,511,174,511,175,511,176,511,177,511,178,511,179,511,180,511,181,511,182,511,183,511,184,511,185,511,186,511,187,511,188,511,189,511,190,511,191,511,192,511,193,511,194,511,195,511,196,511,197,511,198,511,199,511,200,511,201,511,202,511,203,511,204,511,205,511,206,511,207,511,208,511,209,510,210,510,210,509,211,508,212,507,212,506,212,505,212,504,212,503,213,502,213,501,213,500,212,499,212,498,212,497,212,496,211,495,211,494,211,493,211,492,211,491,210,490,210,489,209,488,208,488,207,487,206,486,205,486,204,485,203,484,202,483,201,482,200,482,199,481,198,480,197,479,196,479,195,478,194,477,193,476,192,476,191,475,190,475,189,475,188,474,187,474,186,474,185,474
391,475,390,476,389,476,388,476,387,477,386,477,385,478,384,478,383,479,382,480,381,480,380,480,379,481,379,482,378,483,378,484,377,485,377,486,376,487,376,488,376,489,376,490,376,491,376,492,376,493,376,494,376,495,377,496,377,497,377,498,378,499,378,500,379,501,379,502,380,503,381,504,381,505,382,506,383,507,384,507,385,508,386,509,387,510,388,510,389,510,390,510,391,510,392,510,393,510,394,511,395,511,396,511,397,511,398,511,399,511,400,511,401,511,402,511,403,511,404,511,405,511,406,511,407,511,408,511,409,511,410,511,411,511,412,511,413,511,414,511,415,511,416,511,417,511,418,511,419,511,420,511,421,511,422,511,423,511,424,511,425,511,426,511,427,511,428,511,429,511,430,511,431,511,432,511,433,511,434,511,435,511,436,511,437,510,438,510,439,510,440,510,441,510,442,510,441,509,442,508,443,508,443,507,444,506,443,505,443,504,442,503,442,502,442,501,441,500,441,499,440,498,440,497,439,497,438,496,437,495,436,494,435,493,434,492,433,492,432,491,432,490,431,490,430,489,429,488,428,487,427,487,426,486,425,486,424,485,423,485,422,484,421,484,420,484,419,483,418,483,417,482,416,482,415,481,414,481,413,480,412,480,411,480,410,479,409,479,408,478,407,478,406,478,405,477,404,477,403,477,402,476,401,476,400,476,399,475,398,475,397,475,396,475,395,475,394,475,393,475,392,475
284,479,283,480,282,480,281,480,280,481,279,481,279,482,278,483,278,484,277,485,277,486,276,487,276,488,276,489,276,490,275,491,275,492,275,493,275,494,276,495,276,496,276,497,277,498,277,499,278,499,279,500,280,500,281,500,282,500,283,500,284,500,285,500,286,500,287,500,288,499,289,499,290,498,291,497,291,496,292,495,292,494,293,493,293,492,293,491,294,490,294,489,294,488,294,487,294,486,294,485,294,484,294,483,293,482,292,481,291,480,290,480,289,480,288,479,287,479,286,479,285,479
242,483,241,484,240,484,239,484,238,485,237,485,236,486,235,486,234,486,233,487,232,488,231,489,230,490,229,491,229,492,229,493,229,494,229,495,229,496,229,497,229,498,230,499,230,500,231,501,232,502,233,502,234,503,235,503,236,503,237,503,238,503,239,503,240,503,241,503,242,503,243,503,244,503,245,502,246,502,247,502,248,502,248,501,249,500,250,499,251,498,252,497,252,496,253,495,253,494,254,493,254,492,254,491,254,490,254,489,254,488,254,487,253,486,252,485,251,485,250,484,249,483,248,483,247,483,246,483,245,483,244,483,243,483
139,491,138,492,137,492,136,492,135,493,134,493,133,494,133,495,133,496,134,497,135,498,135,499,136,500,136,501,137,502,138,503,138,504,139,505,139,506,140,507,141,508,141,509,142,510,142,511,143,511,144,511,145,511,146,511,147,511,148,511,149,511,150,511,151,511,152,511,153,511,154,511,155,511,156,511,157,511,158,511,159,511,160,511,161,510,160,509,160,508,159,507,159,506,159,505,158,504,158,503,157,502,157,501,156,500,155,499,154,498,153,497,152,496,151,496,150,495,149,494,148,493,147,493,146,492,145,492,144,491,143,491,142,491,141,491,140,491
132,495,131,496,130,496,129,496,128,496,127,496,126,497,125,497,124,497,123,498,122,499,122,500,121,501,121,502,121,503,121,504,121,505,121,506,120,507,119,508,118,509,117,510,118,511,119,511,120,511,121,511,122,511,123,511,124,511,125,511,126,511,127,511,128,511,129,511,130,511,131,511,132,511,133,511,134,511,135,511,136,511,137,511,138,511,139,511,140,511,141,511,141,510,140,509,140,508,139,507,138,506,138,505,137,504,137,503,136,502,135,501,135,500,134,499,134,498,133,497,132,496
331,497,330,498,329,498,328,498,327,498,326,498,325,499,324,499,323,500,322,501,321,502,320,503,320,504,319,505,319,506,319,507,318,508,318,509,318,510,319,510,320,511,321,511,322,511,323,511,324,511,325,511,326,511,327,511,328,511,329,511,330,511,331,511,332,511,333,511,334,511,335,511,336,511,337,511,338,511,339,511,340,511,341,511,342,511,343,511,344,511,345,511,346,511,347,511,348,511,349,510,350,510,350,509,351,508,350,507,350,506,350,505,349,504,348,503,347,502,346,501,345,501,344,500,343,499,342,499,341,499,340,498,339,498,338,498,337,497,336,497,335,497,334,497,333,497,332,497
93,498,92,499,91,499,90,499,89,500,88,500,88,501,87,502,86,503,85,504,85,505,84,506,84,507,84,508,84,509,84,510,85,510,86,511,87,511,88,511,89,511,90,511,91,511,92,511,93,511,94,511,95,511,96,511,97,511,98,511,99,511,100,511,101,510,102,510,102,509,102,508,102,507,102,506,102,505,102,504,101,503,101,502,100,501,99,501,98,500,97,499,96,499,95,499,94,499
254,501,253,502,252,502,251,502,250,502,249,502,248,503,248,504,247,505,246,506,246,507,246,508,247,509,247,510,248,510,249,511,250,511,251,511,252,511,253,511,254,511,255,511,256,511,257,511,258,511,259,511,260,511,261,511,262,511,263,511,264,511,265,511,266,510,267,510,268,510,268,509,268,508,268,507,267,506,266,505,266,504,265,503,264,503,263,502,262,502,261,502,260,501,259,501,258,501,257,501,256,501,255,501
