162,36,161,37,160,37,159,38,158,39,157,40,157,41,157,42,156,43,156,44,156,45,156,46,157,47,157,48,158,49,159,50,160,51,161,52,162,52,163,53,164,53,165,53,166,52,167,52,168,52,169,52,170,51,171,51,172,51,173,50,174,49,175,48,175,47,176,46,176,45,176,44,176,43,176,42,175,41,175,40,175,39,174,38,173,37,172,37,171,36,170,36,169,36,168,36,167,36,166,36,165,36,164,36,163,36
92,50,91,51,90,51,89,52,88,52,87,53,86,54,85,55,84,56,84,57,84,58,84,59,84,60,84,61,84,62,85,63,85,64,86,65,87,65,88,65,89,65,90,65,91,65,92,64,93,64,94,64,95,63,96,62,97,61,98,60,99,59,99,58,100,57,100,56,100,55,100,54,100,53,100,52,99,51,98,50,97,50,96,50,95,50,94,50,93,50
109,75,108,76,107,76,106,77,106,78,105,79,105,80,104,81,104,82,104,83,104,84,103,85,103,86,103,87,104,88,104,89,105,90,106,91,107,91,108,90,109,90,110,89,111,89,112,88,113,88,114,87,115,86,116,86,117,85,118,84,119,83,119,82,119,81,119,80,119,79,119,78,118,77,117,76,116,75,115,75,114,75,113,75,112,75,111,75,110,75
130,77,129,78,128,78,127,79,126,79,125,80,124,80,123,81,122,82,121,83,121,84,121,85,122,86,122,87,122,88,123,89,123,90,123,91,123,92,123,93,123,94,123,95,123,96,123,97,123,98,124,99,124,100,125,101,125,102,125,103,126,104,126,105,127,106,127,107,128,108,128,109,129,109,130,109,131,110,132,110,133,110,134,110,135,111,136,112,136,113,137,112,138,112,138,111,139,110,140,109,141,109,141,108,142,107,142,106,143,105,144,104,145,103,146,103,147,102,148,101,149,100,150,99,151,98,151,97,152,96,152,95,153,94,153,93,153,92,153,91,154,90,154,89,154,88,154,87,154,86,154,85,153,84,153,83,152,82,151,81,150,80,149,80,148,79,147,79,146,79,145,79,144,79,143,78,142,78,141,78,140,78,139,78,138,78,137,77,136,77,135,77,134,77,133,77,132,77,131,77
120,83,119,84,118,85,117,86,116,87,115,87,114,88,113,89,112,89,111,90,110,90,109,91,108,91,107,92,107,93,106,94,106,95,106,96,106,97,106,98,106,99,107,100,108,101,108,102,109,101,110,100,111,100,112,99,113,99,114,98,115,98,116,98,117,97,118,97,119,97,120,96,121,96,122,96,122,95,122,94,122,93,122,92,122,91,122,90,122,89,121,88,121,87,121,86,120,85,120,84
167,88,166,89,165,89,164,90,163,91,162,91,161,92,161,93,160,94,159,95,159,96,158,97,157,98,156,99,155,100,155,101,154,102,153,102,152,103,152,104,151,105,150,106,150,107,150,108,150,109,149,110,149,111,149,112,149,113,149,114,150,115,150,116,151,117,151,118,152,119,153,120,154,120,155,121,156,122,157,122,158,122,159,123,160,123,161,124,162,124,163,124,164,124,165,124,166,124,167,124,168,124,169,124,170,124,171,123,172,123,173,123,174,123,175,123,176,122,177,121,178,120,179,119,179,118,180,117,181,116,181,115,180,114,180,113,179,112,179,111,179,110,178,109,178,108,178,107,178,106,177,105,177,104,177,103,177,102,177,101,176,100,176,99,176,98,176,97,176,96,176,95,176,94,176,93,176,92,176,91,177,90,176,90,175,90,174,90,173,89,172,89,171,89,170,89,169,88,168,88
177,91,177,92,177,93,177,94,177,95,177,96,177,97,177,98,177,99,177,100,178,101,178,102,178,103,178,104,178,105,179,106,179,107,179,108,179,109,180,110,180,111,180,112,181,113,181,114,182,115,182,116,183,116,184,116,185,117,186,117,187,118,188,118,189,118,190,119,191,119,192,119,193,119,194,119,195,119,196,119,197,119,198,118,199,118,200,118,201,118,202,118,203,117,204,116,205,115,206,114,207,113,207,112,208,111,208,110,208,109,208,108,207,107,207,106,206,105,205,104,204,103,204,102,203,101,203,100,202,99,201,98,200,97,199,96,198,95,197,95,196,95,195,94,194,94,193,94,192,94,191,94,190,94,189,94,188,94,187,94,186,94,185,94,184,93,183,93,182,92,181,92,180,91,179,91,178,91
120,97,119,98,118,98,117,98,116,99,115,99,114,99,113,100,112,100,111,101,110,101,109,102,109,103,109,104,109,105,110,106,110,107,110,108,110,109,110,110,111,111,112,112,112,113,113,114,114,114,115,115,116,115,117,115,118,115,119,115,120,116,121,116,122,115,123,115,124,114,125,113,126,112,127,111,128,110,127,109,127,108,126,107,126,106,125,105,125,104,124,103,124,102,124,101,123,100,123,99,122,98,122,97,121,97
215,110,214,111,213,111,212,112,211,112,210,113,209,114,209,115,208,116,208,117,208,118,208,119,208,120,208,121,208,122,208,123,209,124,210,125,210,126,211,127,211,128,212,129,213,130,214,131,215,132,216,132,217,133,218,134,219,134,220,135,221,135,222,136,223,136,224,136,225,136,226,136,227,136,228,135,229,135,230,135,231,134,231,133,232,132,232,131,233,130,233,129,234,128,234,127,235,126,235,125,236,124,235,123,235,122,235,121,234,120,234,119,233,118,233,117,232,116,231,115,230,114,229,113,228,113,227,112,226,112,225,111,224,111,223,111,222,111,221,110,220,111,219,110,218,110,217,110,216,110
137,113,136,114,135,115,134,115,133,116,132,116,131,117,130,117,129,118,128,118,127,119,126,119,125,119,124,120,123,121,122,121,121,121,120,121,119,122,118,123,117,123,116,124,115,125,114,125,113,125,112,126,111,125,110,126,111,126,112,127,111,128,110,128,109,128,109,129,110,130,109,131,109,132,109,133,109,134,109,135,109,136,109,137,109,138,109,139,109,140,109,141,109,142,109,143,108,144,109,144,110,144,111,144,112,144,113,144,114,144,115,144,116,144,117,145,118,145,119,145,120,146,121,146,122,147,123,147,124,148,125,148,126,149,127,149,128,150,129,151,130,151,131,151,132,150,133,150,134,150,135,150,136,150,137,149,138,149,139,149,140,148,141,148,142,148,143,147,144,147,145,146,146,145,147,144,147,143,148,142,148,141,149,140,149,139,150,138,150,137,150,136,150,135,150,134,150,133,150,132,150,131,150,130,150,129,150,128,150,127,150,126,150,125,149,124,149,123,149,122,148,121,148,120,148,119,147,118,146,117,145,116,144,115,143,115,142,115,141,114,140,113,139,113,138,113
241,123,240,124,239,124,238,125,237,125,236,125,236,126,235,127,235,128,234,129,234,130,233,131,233,132,232,133,232,134,231,135,232,136,232,137,232,138,232,139,232,140,232,141,232,142,233,143,233,144,234,145,235,146,236,146,237,146,238,146,239,146,240,145,241,145,242,145,243,144,244,144,245,144,246,143,247,142,248,141,249,140,250,139,251,138,251,137,251,136,251,135,252,134,252,133,252,132,251,131,251,130,250,129,250,128,249,127,248,127,247,126,246,125,245,124,244,124,243,124,242,123
252,138,251,139,250,140,249,141,248,142,247,143,246,144,245,145,245,146,245,147,245,148,245,149,245,150,245,151,246,152,246,153,246,154,247,155,248,156,249,157,250,158,250,159,251,160,252,161,253,162,254,163,255,164,256,165,257,166,258,167,259,168,260,169,260,170,260,171,261,172,262,173,263,174,264,175,265,176,266,177,267,178,267,179,268,180,269,181,270,181,271,182,272,183,273,183,274,183,275,184,276,185,277,184,278,184,278,183,279,182,280,181,281,181,281,180,282,179,283,179,283,178,284,177,285,176,285,175,285,174,285,173,286,172,286,171,286,170,286,169,286,168,286,167,286,166,285,165,286,164,286,163,286,162,286,161,286,160,285,160,284,159,284,158,284,157,283,157,282,157,281,156,280,155,279,155,278,154,277,153,276,153,275,152,274,151,273,150,273,149,272,148,271,147,270,146,269,146,268,145,267,144,266,143,265,142,264,142,263,141,262,141,261,140,260,140,259,139,258,139,257,139,256,138,255,138,254,138,253,138
93,139,92,140,91,140,90,141,89,142,88,143,88,144,87,145,87,146,87,147,86,148,86,149,86,150,87,151,87,152,87,153,88,154,89,155,90,156,91,157,92,158,93,158,94,158,95,158,96,158,97,158,98,158,99,157,100,157,101,157,102,156,103,155,104,154,105,153,105,152,106,151,106,150,106,149,106,148,106,147,106,146,106,145,105,144,105,143,105,142,104,141,103,141,102,140,101,140,100,139,99,139,98,139,97,139,96,139,95,139,94,139
108,145,108,146,109,147,109,148,109,149,110,150,110,151,110,152,110,153,110,154,110,155,110,156,111,157,111,158,112,159,112,160,113,161,113,162,114,163,114,164,115,165,116,166,117,167,118,167,119,168,120,169,121,169,122,169,123,169,124,169,125,168,126,169,127,169,126,169,125,168,125,167,126,166,127,165,128,164,128,163,129,162,129,161,130,160,130,159,130,158,130,157,130,156,130,155,131,154,131,153,130,152,129,152,128,151,127,150,126,150,125,149,124,149,123,148,122,148,121,147,120,147,119,146,118,146,117,146,116,145,115,145,114,145,113,145,112,145,111,145,110,145,109,145
156,149,155,150,154,150,153,151,152,151,151,152,150,153,149,153,148,154,147,155,146,155,145,156,144,156,143,157,142,158,141,158,140,158,139,159,138,160,137,160,137,161,136,162,135,162,135,163,134,164,134,165,134,166,133,167,133,168,133,169,133,170,134,171,134,172,134,173,135,174,136,174,137,175,138,175,139,176,140,176,141,177,142,177,143,178,144,178,145,178,146,178,147,178,148,178,149,177,150,177,151,177,152,177,153,176,154,176,155,176,156,175,157,175,158,174,159,173,160,172,161,171,162,170,163,170,164,169,165,168,165,167,166,166,167,165,167,164,168,163,169,162,169,161,169,160,169,159,169,158,169,157,169,156,169,155,169,154,168,153,167,152,166,151,165,150,164,150,163,150,162,149,161,149,160,149,159,149,158,149,157,149
204,154,203,155,202,155,201,156,200,156,199,156,198,156,197,156,196,157,195,157,194,158,194,159,193,160,193,161,192,162,193,163,194,163,195,164,196,164,197,165,198,166,199,166,200,167,201,167,202,168,203,168,204,169,205,169,206,168,207,168,208,168,208,167,209,166,210,165,211,164,212,163,213,162,214,161,215,160,215,159,214,158,214,157,213,156,213,155,212,154,211,155,210,155,209,154,208,154,207,154,206,154,205,154
216,160,215,161,214,162,213,163,212,164,211,165,210,166,209,167,209,168,208,169,209,170,209,171,209,172,209,173,208,174,208,175,209,176,209,177,209,178,209,179,209,180,209,181,209,182,209,183,210,184,210,185,211,186,212,187,212,188,213,188,214,189,215,189,216,190,217,190,218,190,219,190,220,190,221,190,222,190,223,189,224,188,225,187,226,186,227,186,228,185,228,184,228,183,229,182,229,181,230,180,230,179,230,178,231,177,231,176,232,175,232,174,232,173,233,172,233,171,233,170,233,169,233,168,233,167,233,166,232,165,232,164,231,163,230,163,229,163,228,162,227,162,226,162,225,161,224,161,223,161,222,161,221,161,220,161,219,161,218,161,217,160
175,161,174,162,173,163,172,164,171,164,171,165,171,166,171,167,171,168,171,169,171,170,172,171,172,172,173,172,174,173,175,174,176,175,177,175,178,176,178,177,179,177,180,178,181,178,182,179,183,179,184,180,185,180,186,180,187,181,188,181,189,182,190,183,191,184,192,184,193,185,194,185,195,186,196,186,197,187,198,188,199,189,200,189,201,189,202,189,203,189,204,188,205,188,206,187,207,186,208,185,208,184,208,183,208,182,208,181,208,180,208,179,207,178,207,177,208,176,207,175,207,174,207,173,206,172,205,171,204,170,203,169,202,169,201,168,200,168,199,167,198,167,197,166,196,165,195,165,194,164,193,164,192,163,191,163,190,163,189,163,188,163,187,163,186,162,185,162,184,162,183,161,182,161,181,161,180,161,179,161,178,161,177,161,176,161
125,169,124,170,123,170,122,170,121,170,120,171,120,172,120,173,119,174,119,175,119,176,119,177,119,178,119,179,120,180,120,181,121,182,121,183,121,184,122,185,123,186,123,187,124,188,124,189,125,190,126,191,126,192,126,193,127,194,128,195,128,196,128,197,129,198,130,199,130,200,131,201,132,201,133,202,134,203,135,204,136,205,137,205,138,205,138,204,139,203,139,202,139,201,140,200,140,199,141,198,141,197,142,196,143,195,143,194,144,193,145,192,146,191,147,190,148,189,149,188,150,187,151,186,150,185,150,184,149,183,148,182,147,181,146,180,145,180,144,179,143,179,142,178,141,178,140,177,139,177,138,176,137,176,136,175,135,175,134,174,133,174,132,173,131,173,130,172,129,171,128,170,127,170,126,170
254,172,253,173,252,173,251,173,250,174,249,174,248,175,247,175,246,175,245,176,244,177,243,178,242,179,242,180,242,181,242,182,242,183,242,184,242,185,243,186,243,187,244,188,244,189,245,190,246,191,246,192,247,193,248,193,249,194,250,195,251,195,252,195,253,195,254,196,255,196,256,195,257,195,258,195,259,195,259,194,260,193,261,193,262,192,262,191,263,190,264,189,264,188,265,187,266,186,267,185,267,184,267,183,267,182,267,181,267,180,266,179,266,178,265,177,264,176,263,175,262,174,261,173,260,173,259,173,258,173,257,173,256,173,255,172
164,176,163,177,162,177,161,178,160,179,159,180,159,181,158,182,158,183,157,184,157,185,157,186,157,187,157,188,157,189,157,190,158,191,159,192,160,193,161,193,162,194,163,195,164,195,165,195,166,195,167,196,168,196,169,196,170,196,171,197,172,197,173,196,174,196,175,196,176,195,177,194,178,193,178,192,179,191,179,190,179,189,179,188,179,187,179,186,179,185,179,184,178,183,178,182,177,181,177,180,176,179,175,178,174,178,173,177,172,177,171,176,170,176,169,176,168,176,167,176,166,176,165,176
292,178,291,179,290,179,289,180,288,180,287,181,286,181,285,182,284,183,283,183,282,184,281,185,280,185,279,186,278,186,277,186,276,186,277,187,276,188,276,189,276,190,275,191,275,192,275,193,274,194,274,195,274,196,273,197,273,198,273,199,272,200,273,201,273,202,273,203,273,204,274,205,274,206,274,207,274,208,275,209,276,210,277,211,277,212,278,213,278,214,279,214,280,213,280,212,281,211,282,210,283,209,283,208,284,207,284,206,285,205,286,204,287,203,288,202,289,201,289,200,290,199,291,198,292,197,293,196,294,195,295,194,296,193,297,192,298,192,299,191,300,191,300,190,301,189,301,188,301,187,301,186,300,185,300,184,299,183,299,182,298,181,298,180,297,179,296,179,295,178,294,178,293,178
234,185,233,186,232,186,231,186,230,186,229,186,228,186,227,187,226,187,225,188,224,189,223,190,222,191,223,192,222,193,222,194,223,195,222,196,222,197,223,198,224,199,224,200,225,201,226,201,227,202,227,203,228,204,229,205,230,206,231,206,232,207,233,207,234,208,235,208,236,208,237,207,238,206,239,206,239,205,240,204,240,203,241,202,242,201,242,200,243,199,243,198,243,197,242,196,242,195,242,194,242,193,241,192,241,191,240,190,240,189,239,188,238,187,237,186,236,186,235,186
152,186,151,187,150,188,149,189,148,190,147,191,146,192,145,193,144,194,144,195,143,196,142,197,142,198,141,199,141,200,140,201,140,202,140,203,139,204,139,205,138,206,139,207,139,208,140,209,141,210,141,211,142,212,143,213,144,213,145,214,146,214,147,215,148,215,149,215,150,215,151,215,152,214,153,214,154,213,155,213,156,212,157,211,157,210,158,209,158,208,158,207,158,206,158,205,159,204,158,203,159,202,159,201,159,200,159,199,159,198,159,197,159,196,159,195,159,194,159,193,158,192,157,191,156,190,156,189,155,188,154,188,153,187
190,191,189,192,188,192,187,193,187,194,186,195,186,196,186,197,186,198,186,199,185,200,185,201,185,202,185,203,186,204,187,204,188,205,189,205,190,206,191,206,192,207,193,207,194,207,195,208,196,208,197,209,198,209,199,208,199,207,200,206,200,205,201,204,201,203,202,202,202,201,203,200,203,199,204,198,204,197,204,196,205,195,204,195,203,194,202,193,201,193,200,193,199,192,198,192,197,192,196,191,195,191,194,191,193,191,192,191,191,191
299,192,298,193,297,193,296,194,295,195,294,196,293,197,292,198,291,199,290,200,290,201,289,202,288,203,287,204,286,205,285,206,285,207,284,208,284,209,283,210,282,211,281,212,281,213,280,214,279,215,280,216,280,217,281,217,282,218,282,219,281,220,280,220,281,221,281,222,281,223,281,224,281,225,281,226,282,227,283,228,284,229,285,230,285,231,286,232,287,233,288,233,289,233,290,233,291,234,292,234,293,235,294,235,295,236,296,237,296,236,297,235,297,234,297,233,298,232,299,232,300,231,301,230,302,230,303,229,304,228,304,227,305,226,305,225,306,224,306,223,306,222,307,221,308,220,308,219,308,218,309,217,309,216,309,215,310,214,310,213,310,212,311,211,311,210,311,209,312,208,312,207,313,206,313,205,313,204,313,203,313,202,312,201,312,200,311,199,310,198,309,197,308,197,307,196,306,195,305,195,304,194,303,194,302,194,301,193,300,192
212,194,211,195,210,195,209,195,208,195,207,196,206,196,205,196,205,197,205,198,204,199,204,200,203,201,203,202,202,203,202,204,201,205,201,206,200,207,200,208,199,209,199,210,199,211,199,212,199,213,199,214,199,215,200,216,200,217,199,218,199,219,199,220,200,221,201,222,202,223,203,224,204,224,205,224,206,224,207,223,208,223,209,222,210,221,211,221,212,220,213,220,214,219,215,218,216,217,217,216,218,215,219,214,220,213,221,212,221,211,222,210,222,209,222,208,223,207,223,206,223,205,224,204,224,203,224,202,224,201,223,200,223,199,222,198,221,197,220,197,219,196,218,195,217,195,216,194,215,194,214,194,213,194
266,196,265,197,264,197,263,197,262,198,261,198,260,198,259,199,258,199,257,200,256,201,255,202,254,202,253,202,252,203,251,203,250,204,249,204,248,205,247,206,246,206,245,207,244,207,243,208,242,209,241,209,242,210,243,211,242,212,241,212,242,212,243,213,243,214,243,215,244,216,245,216,246,217,247,218,248,218,249,218,250,218,251,218,252,219,253,219,254,219,255,220,256,221,257,221,258,222,259,223,260,224,261,224,262,225,263,226,264,227,265,227,266,227,267,227,268,227,269,228,270,229,270,230,271,230,272,230,273,230,274,230,275,230,276,229,277,229,278,229,279,228,280,227,280,226,280,225,280,224,280,223,280,222,280,221,279,220,279,219,279,218,279,217,278,216,278,215,277,214,277,213,276,212,275,211,274,211,273,210,272,209,271,208,270,208,269,207,268,207,267,206,266,205,267,204,267,203,267,202,268,201,267,200,267,199,267,198,268,197,267,196
184,204,184,205,183,206,182,207,181,208,180,209,180,210,179,211,179,212,178,213,178,214,177,215,177,216,176,217,176,218,175,219,175,220,174,221,174,222,174,223,173,224,173,225,173,226,172,227,172,228,172,229,172,230,172,231,172,232,171,233,172,234,173,235,174,235,175,235,176,235,177,236,178,236,179,236,180,236,181,236,182,236,183,236,184,236,185,236,186,236,187,235,188,234,189,233,190,233,191,232,192,231,193,231,193,230,193,229,194,228,195,227,195,226,196,225,196,224,197,223,198,222,198,221,198,220,198,219,198,218,198,217,198,216,198,215,198,214,198,213,198,212,198,211,198,210,197,210,196,209,195,209,194,208,193,208,192,208,191,207,190,207,189,206,188,206,187,205,186,205,185,204
247,219,247,220,246,221,245,221,244,222,243,223,242,223,241,224,240,225,239,226,238,226,238,227,237,228,237,229,236,230,236,231,236,232,237,233,237,234,237,235,237,236,238,237,239,238,239,239,240,240,241,241,242,242,243,242,244,243,245,243,246,244,247,244,248,244,249,244,250,244,251,244,252,245,253,245,254,245,255,244,256,244,257,243,258,243,259,243,260,242,261,241,262,240,263,239,264,238,265,237,265,236,265,235,265,234,265,233,264,232,264,231,264,230,264,229,264,228,263,227,262,226,261,225,260,225,259,224,258,223,257,222,256,222,255,221,254,220,253,220,252,220,251,219,250,219,249,219,248,219
217,220,216,221,215,221,214,221,213,221,212,221,211,222,210,222,209,223,208,224,207,224,206,225,206,226,206,227,206,228,206,229,207,230,207,231,207,232,208,233,208,234,209,235,210,236,211,237,211,238,212,239,213,240,213,241,214,242,215,243,216,243,217,243,218,244,219,244,220,244,221,244,222,244,223,244,224,244,225,244,226,243,227,243,228,242,229,241,230,241,231,240,232,239,233,238,233,237,233,236,234,235,234,234,234,233,234,232,234,231,233,230,233,229,233,228,233,227,232,226,231,225,231,224,230,223,229,222,228,222,227,221,226,221,225,221,224,221,223,221,222,221,221,221,220,221,219,220,218,220
311,229,310,230,309,230,308,231,307,231,306,232,305,233,304,234,303,235,302,236,301,237,300,238,299,239,298,240,297,241,297,242,296,243,296,244,296,245,295,246,295,247,295,248,295,249,294,250,294,251,294,252,294,253,293,254,293,255,293,256,293,257,294,258,295,259,295,260,296,260,297,260,298,259,299,258,300,258,301,257,302,256,303,255,304,254,305,253,306,252,307,251,308,250,309,249,310,248,311,247,312,246,313,245,314,244,314,243,315,242,316,241,317,240,317,239,317,238,317,237,317,236,317,235,317,234,317,233,316,232,316,231,315,230,314,229,313,229,312,229
195,231,194,232,193,232,192,232,191,233,190,234,189,234,188,235,187,236,186,237,186,238,186,239,186,240,186,241,186,242,185,243,185,244,186,245,187,246,187,247,188,248,189,249,190,250,191,251,192,252,193,253,194,252,195,252,196,253,197,253,198,254,199,254,200,254,201,254,202,254,203,254,204,254,205,254,206,254,207,254,208,254,209,253,210,253,211,253,212,252,213,251,214,250,214,249,214,248,215,247,215,246,215,245,215,244,214,243,213,242,212,241,212,240,211,239,210,238,210,237,209,236,208,235,207,234,207,233,206,233,205,232,204,232,203,232,202,232,201,231,200,231,199,231,198,231,197,231,196,231
168,234,167,235,166,236,165,236,164,236,163,237,162,237,161,237,161,238,160,239,160,240,159,241,159,242,158,243,158,244,158,245,158,246,158,247,158,248,158,249,158,250,158,251,159,252,159,253,160,254,160,255,160,256,161,257,162,258,162,259,163,259,164,260,165,261,166,262,167,262,168,262,169,263,170,263,171,264,172,265,173,265,174,266,175,266,176,267,177,267,178,267,179,266,180,266,181,266,182,266,183,265,184,265,185,265,186,264,187,264,188,263,189,263,190,262,191,261,191,260,192,259,192,258,192,257,192,256,192,255,192,254,192,253,191,252,190,251,189,250,188,249,187,248,186,247,186,246,185,245,184,244,183,245,182,245,181,244,180,244,179,243,178,242,177,241,176,240,175,240,174,239,173,238,173,237,173,236,172,235,171,234,170,234,169,234
285,234,284,235,283,236,282,237,282,238,281,239,280,240,279,241,278,242,277,243,276,244,275,245,274,246,273,247,272,248,271,248,270,249,269,249,269,250,269,251,269,252,269,253,270,254,270,255,271,256,271,257,272,258,273,259,274,260,275,260,276,261,277,261,278,262,279,262,280,262,281,262,282,262,283,261,284,261,285,260,286,260,287,259,288,258,289,257,290,256,291,256,292,255,292,254,293,253,293,252,293,251,293,250,294,249,294,248,294,247,294,246,295,245,295,244,295,243,296,242,295,241,295,240,294,239,295,238,295,237,294,236,293,236,292,235,291,235,290,234,289,234,288,234,287,234,286,234
318,240,317,241,316,242,315,243,315,244,314,245,313,246,312,247,311,248,310,249,309,250,308,251,307,252,306,253,305,254,304,255,303,256,302,257,301,258,300,259,299,259,298,260,297,261,296,261,297,262,297,263,297,264,298,265,297,266,298,267,298,268,298,269,299,270,300,271,300,272,301,273,302,273,303,273,304,274,305,274,306,275,307,275,308,275,309,275,310,275,311,275,312,275,313,274,314,274,315,273,316,272,317,271,318,270,318,269,319,268,320,267,321,266,322,265,323,264,324,263,325,262,326,261,327,260,328,259,329,258,330,257,331,256,332,255,332,254,333,253,333,252,333,251,333,250,334,249,334,248,334,247,334,246,333,245,332,244,331,243,330,243,329,242,328,242,327,242,326,242,325,241,324,241,323,241,322,241,321,241,320,241,319,241
235,248,234,249,233,249,232,249,232,250,231,251,231,252,230,253,230,254,230,255,231,256,231,257,232,258,232,259,233,260,234,261,234,262,235,263,235,264,236,265,237,266,238,267,238,268,239,269,240,269,241,269,242,270,243,270,244,270,245,270,246,270,247,270,248,269,249,268,250,268,251,267,252,266,253,265,254,264,254,263,255,262,255,261,255,260,256,259,256,258,257,257,257,256,256,255,256,254,256,253,255,253,254,252,253,252,252,252,251,252,250,251,249,251,248,250,247,250,246,250,245,249,244,249,243,249,242,248,241,248,240,248,239,248,238,248,237,248,236,248
223,254,222,255,221,255,220,256,219,256,218,257,218,258,217,259,216,260,215,261,215,262,214,263,214,264,213,265,213,266,213,267,213,268,213,269,213,270,213,271,212,272,212,273,211,274,212,275,213,276,214,276,215,277,216,278,217,279,218,280,219,280,220,281,221,282,222,282,223,282,224,282,225,282,226,281,227,281,228,281,229,280,230,280,231,280,232,279,233,278,234,278,235,277,236,276,237,275,238,274,238,273,239,272,240,271,239,271,238,270,238,269,237,268,237,267,236,266,235,265,234,264,234,263,233,262,233,261,232,260,231,259,231,258,230,257,230,256,229,255,229,254,228,254,227,254,226,254,225,254,224,254
339,263,338,264,337,264,336,264,335,264,334,264,333,264,332,264,331,265,330,265,329,266,328,266,327,267,326,267,325,268,324,269,323,269,322,270,321,271,321,272,320,273,319,274,319,275,319,276,318,277,318,278,318,279,318,280,318,281,318,282,318,283,318,284,318,285,319,286,319,287,319,288,319,289,320,290,321,291,322,291,323,292,324,292,325,292,326,292,327,292,328,292,329,292,330,291,331,291,332,290,333,290,334,290,335,289,336,288,337,288,338,287,339,286,340,285,341,285,342,284,343,283,344,282,344,281,344,280,344,279,344,278,344,277,345,276,345,275,346,274,346,273,346,272,346,271,346,270,345,269,345,268,344,267,343,266,343,265,342,265,341,264,340,264
272,266,271,267,270,267,269,267,268,268,267,269,266,269,265,269,264,269,263,270,262,270,261,270,260,271,259,272,258,272,257,273,256,274,255,275,255,276,254,277,253,277,253,278,252,279,251,279,251,280,250,281,249,281,248,282,248,283,247,284,247,285,247,286,247,287,247,288,247,289,248,289,249,289,250,289,251,289,252,289,253,289,254,289,255,289,256,289,257,289,258,289,259,289,260,288,261,287,262,286,263,285,264,284,265,283,266,282,267,281,268,280,269,279,270,278,271,277,271,276,272,275,273,274,274,273,274,272,275,271,276,270,276,269,277,268,276,267,275,266,274,266,273,266
285,266,284,267,283,267,282,267,281,268,280,268,279,269,278,269,277,269,277,270,276,271,275,272,275,273,274,274,274,275,274,276,274,277,274,278,274,279,274,280,274,281,274,282,275,283,275,284,276,285,276,286,277,287,278,288,279,289,280,289,281,289,282,290,283,290,284,290,285,290,286,290,287,291,288,291,289,291,290,291,291,290,292,290,293,289,294,288,295,287,296,287,297,286,297,285,298,284,299,283,299,282,299,281,300,280,300,279,300,278,301,277,300,276,300,275,301,274,300,273,299,272,299,271,298,270,297,269,297,268,296,267,295,267,294,267,293,267,292,266,291,266,290,266,289,266,288,266,287,266,286,266
240,272,239,273,239,274,238,275,237,276,236,277,235,278,234,279,233,279,232,280,231,281,230,281,229,281,228,282,227,282,226,282,225,283,224,283,223,283,222,283,221,283,221,284,220,285,220,286,219,287,218,288,218,289,217,290,217,291,217,292,216,293,216,294,215,295,215,296,215,297,214,298,215,298,216,299,216,300,217,300,218,301,219,301,220,302,221,302,222,302,223,302,224,302,225,301,226,301,227,301,228,300,229,300,230,299,231,298,232,298,233,297,234,297,235,296,236,296,237,295,238,295,239,294,240,293,241,292,242,291,242,290,243,289,243,288,244,287,244,286,244,285,244,284,245,283,245,282,245,281,245,280,245,279,245,278,245,277,245,276,244,275,243,275,242,274,241,273
247,290,246,291,245,292,244,293,243,294,242,294,242,295,242,296,241,297,241,298,240,299,239,300,239,301,238,302,238,303,238,304,238,305,239,306,240,307,241,308,242,308,243,309,244,309,245,309,246,310,247,310,248,309,249,309,250,309,251,308,252,308,253,307,254,307,255,306,256,306,257,306,258,305,259,304,260,303,261,302,262,301,263,300,263,299,263,298,263,297,263,296,263,295,263,294,262,293,262,292,261,291,260,290,259,290,258,290,257,290,256,290,255,290,254,290,253,290,252,290,251,290,250,290,249,290,248,290
334,293,333,294,332,294,331,294,330,295,329,295,328,296,327,297,326,297,325,298,324,298,323,299,322,300,321,301,320,302,320,303,319,304,319,305,319,306,319,307,319,308,320,309,320,310,321,311,322,312,322,313,323,313,324,314,325,315,325,316,326,317,327,318,328,319,329,320,330,321,331,321,332,322,333,323,334,323,335,323,336,323,337,323,338,323,339,323,340,323,341,322,342,321,343,320,344,319,345,318,346,317,347,316,347,315,348,314,349,313,349,312,350,311,350,310,350,309,350,308,350,307,349,306,349,305,349,304,348,303,348,302,347,301,346,300,345,299,344,298,343,297,342,296,341,295,340,294,339,294,338,293,337,293,336,293,335,293
275,295,274,296,273,296,272,297,271,298,270,299,269,300,268,301,268,302,267,303,267,304,266,305,266,306,267,307,267,308,267,309,267,310,268,311,268,312,269,313,270,313,271,314,272,314,273,314,274,315,275,315,276,315,277,315,278,315,279,314,280,314,281,313,282,313,283,312,284,311,285,310,286,309,287,308,287,307,287,306,287,305,287,304,287,303,287,302,287,301,287,300,286,299,285,298,284,298,283,297,282,296,281,296,280,296,279,295,278,295,277,295,276,295
258,306,257,307,256,307,255,307,254,308,253,308,252,309,251,309,251,310,250,311,249,311,248,312,247,311,246,312,246,313,246,314,246,315,245,316,245,317,245,318,245,319,245,320,246,321,246,322,247,323,248,324,248,325,249,326,250,327,250,328,251,328,252,329,253,329,254,329,255,329,256,328,257,328,258,328,259,327,260,327,261,326,262,326,263,325,264,324,264,323,265,322,265,321,266,320,266,319,266,318,267,317,267,316,267,315,267,314,267,313,267,312,266,311,265,310,264,309,263,309,262,308,261,307,260,307,259,306
293,316,292,317,291,317,290,317,289,317,288,318,287,318,286,319,285,319,284,320,283,321,282,322,281,323,281,324,280,325,280,326,280,327,281,328,281,329,281,330,282,331,282,332,282,333,283,334,283,335,283,336,284,337,284,338,284,339,285,340,286,341,287,342,288,343,289,343,290,344,291,344,292,345,293,345,294,345,295,345,296,345,297,345,298,345,299,346,300,345,301,345,302,345,303,345,304,345,305,344,306,345,307,345,308,345,309,345,310,345,311,345,312,345,313,345,314,345,315,344,316,343,317,342,318,341,319,340,320,339,320,338,320,337,320,336,320,335,319,334,318,334,317,333,317,332,316,331,315,330,315,329,314,328,314,327,313,326,312,325,311,324,311,323,310,323,309,322,308,321,307,320,306,320,305,319,304,318,303,318,302,317,301,316,300,316,299,316,298,316,297,316,296,316,295,316,294,316
186,418,185,419,184,419,183,419,182,419,181,419,180,420,179,421,178,421,177,422,176,422,176,423,175,424,175,425,174,426,174,427,174,428,174,429,174,430,173,431,173,432,174,433,174,434,175,435,175,436,176,437,176,438,177,439,178,440,179,441,180,441,181,442,182,442,183,443,184,442,185,442,186,443,187,442,188,442,189,442,190,441,191,441,192,441,193,441,194,440,195,439,196,438,197,437,198,436,199,435,199,434,200,433,200,432,201,431,201,430,201,429,201,428,201,427,200,426,200,425,199,424,198,423,197,422,196,421,195,421,194,420,193,420,192,419,191,419,190,419,189,418,188,418,187,418
357,422,356,423,355,423,354,423,353,424,352,425,351,426,350,427,350,428,349,429,349,430,349,431,349,432,349,433,349,434,349,435,349,436,349,437,350,438,351,439,351,440,351,441,352,442,352,443,353,444,354,445,355,446,355,447,356,448,357,449,358,450,359,451,360,452,360,453,360,454,361,455,362,455,363,455,364,455,365,455,366,455,367,455,368,455,369,454,370,454,371,453,372,452,373,451,373,450,374,449,374,448,374,447,374,446,373,445,373,444,373,443,373,442,373,441,373,440,373,439,373,438,373,437,374,436,374,435,374,434,373,433,373,432,373,431,372,430,372,429,372,428,371,427,370,426,369,425,368,425,367,424,366,424,365,423,364,423,363,422,362,422,361,422,360,422,359,422,358,422
142,427,141,428,140,428,139,429,138,430,137,431,137,432,137,433,137,434,137,435,136,436,136,437,137,438,138,439,139,440,140,441,141,442,142,443,143,443,144,444,145,445,146,446,147,445,148,445,149,445,150,446,151,446,152,446,153,446,154,446,155,447,156,447,157,447,158,447,159,447,160,446,161,446,162,445,163,444,163,443,164,442,164,441,164,440,165,439,165,438,164,437,164,436,164,435,163,434,162,433,162,432,161,432,160,431,159,430,158,430,157,429,156,428,155,428,154,428,153,427,152,427,151,427,150,427,149,427,148,427,147,427,146,427,145,427,144,427,143,427
230,427,229,428,228,428,227,428,226,429,225,430,225,431,224,432,224,433,224,434,224,435,224,436,225,437,225,438,224,439,223,440,223,441,222,442,222,443,221,444,221,445,220,446,219,447,219,448,219,449,219,450,218,451,218,452,218,453,218,454,218,455,219,456,219,457,220,458,221,459,222,460,223,461,224,461,225,461,226,461,227,461,228,461,229,460,230,459,231,459,232,458,232,457,233,456,234,455,234,454,235,453,235,452,235,451,235,450,235,449,235,448,235,447,235,446,235,445,235,444,235,443,235,442,235,441,236,440,236,439,236,438,237,437,237,436,237,435,238,434,238,433,238,432,237,431,237,430,236,429,235,429,234,428,233,427,232,427,231,427
209,429,208,430,207,430,206,431,205,431,204,432,204,433,203,434,203,435,202,436,202,437,201,438,201,439,201,440,201,441,202,442,202,443,202,444,203,445,203,446,204,446,205,447,206,448,207,448,208,449,209,449,210,449,211,449,212,449,213,448,214,448,215,448,216,447,217,446,218,446,219,446,220,445,220,444,221,443,221,442,222,441,222,440,221,439,222,438,221,437,222,436,221,435,220,434,220,433,219,432,218,431,217,430,216,429,215,429,214,429,213,429,212,429,211,429,210,429
386,433,385,434,384,434,383,434,382,434,381,435,380,435,379,436,379,437,378,438,378,439,378,440,377,441,377,442,376,443,376,444,376,445,377,446,377,447,377,448,378,449,379,450,380,451,381,452,382,453,383,453,384,454,385,454,386,455,387,455,388,456,389,456,390,457,391,457,392,457,393,457,394,457,395,457,396,456,397,456,398,455,399,455,400,455,401,454,402,453,403,452,404,451,405,450,405,449,405,448,405,447,405,446,405,445,404,444,404,443,404,442,403,441,402,440,402,439,402,438,401,437,400,437,399,436,398,435,397,434,396,434,395,434,394,434,393,434,392,433,391,433,390,433,389,433,388,433,387,433
136,438,135,439,134,439,133,439,132,439,131,439,130,439,129,439,128,439,127,439,126,439,125,439,124,439,123,439,122,439,121,439,120,440,119,441,118,442,117,442,116,443,116,444,115,445,114,446,113,447,113,448,113,449,112,450,113,451,113,452,114,453,115,454,116,455,117,455,118,455,119,456,120,456,121,457,122,457,123,457,124,458,125,458,126,458,127,459,128,459,129,459,130,459,131,459,132,459,133,459,134,458,135,458,136,457,137,457,138,456,139,455,140,454,141,453,142,452,143,451,144,450,144,449,144,448,145,447,145,446,144,445,143,444,142,444,141,443,140,442,139,441,138,440,137,439
326,440,325,441,324,441,323,441,322,442,321,442,320,443,319,443,318,444,317,445,316,446,316,447,316,448,316,449,316,450,316,451,316,452,316,453,317,454,317,455,318,456,319,457,320,458,321,458,322,459,323,459,324,459,325,459,326,459,327,459,328,459,329,459,330,459,331,459,332,459,333,459,334,459,335,458,336,458,337,457,338,456,339,455,339,454,340,453,340,452,340,451,341,450,341,449,341,448,340,447,340,446,339,445,339,444,338,443,337,442,336,442,335,441,334,441,333,440,332,440,331,440,330,440,329,440,328,440,327,440
249,444,248,445,247,445,246,445,245,446,244,446,243,447,243,448,242,449,241,450,241,451,241,452,241,453,240,454,240,455,240,456,240,457,239,458,239,459,239,460,239,461,239,462,239,463,239,464,239,465,239,466,240,467,240,468,241,469,242,469,243,469,244,469,245,469,246,470,247,470,248,469,249,469,250,469,251,468,252,468,253,468,254,468,255,468,256,468,257,467,258,467,259,467,260,466,261,465,262,465,262,464,263,463,263,462,263,461,264,460,264,459,264,458,263,457,263,456,263,455,263,454,262,453,262,452,261,451,260,450,260,449,259,448,258,447,257,446,256,445,255,445,254,445,253,445,252,444,251,444,250,444
415,445,414,446,413,447,413,448,412,449,412,450,411,451,411,452,411,453,411,454,411,455,411,456,411,457,411,458,411,459,412,460,412,461,413,462,414,463,414,464,415,465,416,466,417,466,418,467,419,467,420,467,421,468,422,468,423,468,424,468,425,467,426,467,427,466,428,466,429,465,430,464,431,463,431,462,431,461,431,460,432,459,431,458,431,457,431,456,431,455,431,454,430,453,430,452,429,451,428,450,427,449,426,448,425,447,424,446,423,446,422,445,421,445,420,445,419,445,418,445,417,445,416,445
294,452,293,453,292,454,292,455,291,456,291,457,290,458,290,459,290,460,290,461,290,462,290,463,290,464,290,465,290,466,290,467,291,468,291,469,292,470,292,471,293,472,294,473,295,474,296,475,297,475,298,475,299,475,300,475,301,474,302,473,303,473,304,473,305,472,306,472,307,472,308,471,309,471,310,470,310,469,311,468,311,467,311,466,311,465,311,464,311,463,311,462,311,461,311,460,311,459,310,458,310,457,309,456,308,455,307,454,306,453,305,453,304,452,303,452,302,452,301,452,300,452,299,452,298,452,297,452,296,452,295,452
106,455,105,456,104,456,103,457,102,458,102,459,101,460,101,461,100,462,100,463,100,464,100,465,100,466,101,467,101,468,102,469,102,470,103,471,103,472,104,472,105,473,106,474,107,474,108,474,109,474,110,474,111,474,112,474,113,474,114,473,115,473,116,472,116,471,117,470,118,469,118,468,119,467,119,466,119,465,119,464,119,463,119,462,119,461,118,460,118,459,117,458,116,457,115,456,114,456,113,456,112,455,111,455,110,455,109,455,108,455,107,455
364,466,363,467,362,467,361,467,360,468,359,468,358,469,357,470,356,471,355,471,354,472,354,473,353,474,352,475,352,476,351,477,351,478,351,479,350,480,350,481,350,482,350,483,349,484,349,485,349,486,349,487,350,488,350,489,350,490,350,491,350,492,351,493,351,494,352,495,352,496,353,497,353,498,354,499,355,500,355,501,356,501,357,502,358,502,359,503,360,504,361,504,362,504,363,504,364,505,365,504,366,504,367,504,368,504,369,504,370,504,371,504,372,504,373,503,374,503,375,502,376,502,377,501,378,501,379,500,380,500,381,499,382,498,383,497,383,496,384,495,384,494,385,493,385,492,385,491,385,490,385,489,385,488,385,487,386,486,386,485,386,484,386,483,386,482,386,481,385,480,385,479,385,478,385,477,384,476,384,475,383,474,383,473,382,472,381,471,380,470,379,469,378,468,377,468,376,467,375,467,374,467,373,466,372,466,371,466,370,466,369,466,368,466,367,466,366,466,365,466
182,471,181,472,180,472,179,473,178,474,177,474,176,475,175,476,174,476,174,477,173,478,172,479,171,480,170,481,169,481,169,482,168,483,167,484,166,485,165,486,164,487,163,488,163,489,163,490,163,491,163,492,163,493,163,494,163,495,163,496,164,497,164,498,164,499,164,500,165,501,166,502,166,503,166,504,167,505,167,506,167,507,167,508,168,509,169,510,170,510,171,510,172,511,173,511,174,511,175,511,176,511,177,511,178,511,179,511,180,511,181,511,182,511,183,511,184,511,185,511,186,511,187,511,188,511,189,511,190,511,191,511,192,511,193,511,194,511,195,511,196,511,197,511,198,511,199,511,200,511,201,511,202,510,203,510,204,510,205,510,206,510,207,510,208,509,209,509,210,508,211,507,212,506,212,505,213,504,213,503,213,502,213,501,214,500,214,499,214,498,213,497,213,496,213,495,213,494,213,493,213,492,212,491,212,490,212,489,212,488,211,487,211,486,210,485,210,484,209,483,208,482,207,481,206,480,205,479,204,478,203,478,202,477,201,477,200,476,199,476,198,475,197,475,196,474,195,473,194,473,193,473,192,472,191,472,190,472,189,472,188,471,187,471,186,471,185,471,184,471,183,471
93,472,92,473,91,473,90,474,89,475,88,476,88,477,87,478,87,479,87,480,87,481,86,482,87,483,87,484,87,485,87,486,87,487,88,487,89,488,90,488,91,489,92,489,93,490,94,490,95,491,96,491,97,491,98,490,99,490,100,489,101,489,102,488,103,487,104,486,104,485,105,484,105,483,105,482,105,481,105,480,105,479,105,478,104,477,103,476,103,475,102,474,101,473,100,473,99,472,98,472,97,472,96,472,95,472,94,472
255,473,254,474,253,474,252,475,251,475,250,476,249,476,248,477,247,478,246,479,246,480,245,481,245,482,245,483,245,484,245,485,246,486,247,487,248,487,249,488,250,488,251,489,252,489,253,489,254,489,255,490,256,490,257,491,258,491,259,492,260,492,261,493,262,493,263,494,264,494,265,495,266,496,267,497,268,497,269,497,270,498,271,499,272,500,273,500,274,500,275,500,276,500,277,499,278,498,278,497,279,496,279,495,279,494,279,493,279,492,279,491,279,490,279,489,278,488,278,487,277,486,277,485,277,484,276,483,275,482,274,482,273,481,273,480,272,479,271,478,270,478,269,477,268,477,267,476,266,475,265,475,264,474,263,474,262,474,261,473,260,473,259,473,258,473,257,473,256,473
295,475,294,476,293,477,292,477,292,478,291,479,290,480,290,481,289,482,288,483,288,484,288,485,288,486,287,487,287,488,287,489,288,490,288,491,289,491,290,492,291,492,292,493,293,493,294,493,295,493,296,493,297,493,298,493,299,493,300,493,301,493,302,492,303,492,304,491,305,490,306,489,306,488,306,487,306,486,306,485,307,484,307,483,306,482,306,481,305,480,304,479,303,478,302,478,301,477,300,476,299,476,298,476,297,476,296,476
405,476,404,477,403,477,402,477,401,477,400,478,399,478,398,479,397,479,396,480,395,481,394,482,393,483,392,484,392,485,391,486,391,487,391,488,390,489,390,490,390,491,390,492,389,493,389,494,389,495,389,496,389,497,389,498,389,499,389,500,389,501,389,502,390,503,390,504,391,505,391,506,392,507,392,508,393,509,394,510,395,510,396,510,397,511,398,511,399,511,400,511,401,511,402,511,403,511,404,511,405,511,406,511,407,511,408,511,409,511,410,511,411,511,412,511,413,511,414,511,415,511,416,511,417,510,418,510,419,510,420,509,421,508,422,507,423,506,423,505,424,504,425,503,425,502,426,501,426,500,427,499,427,498,427,497,426,496,426,495,426,494,425,493,425,492,425,491,424,490,424,489,423,488,423,487,422,486,422,485,421,484,421,483,420,482,420,481,419,480,418,480,417,480,416,479,415,479,414,478,413,478,412,478,411,478,410,477,409,477,408,477,407,477,406,477
86,488,85,489,84,490,83,491,82,492,81,493,80,494,79,495,79,496,78,497,78,498,78,499,78,500,78,501,78,502,78,503,78,504,78,505,78,506,78,507,78,508,78,509,77,510,77,511,78,511,79,511,80,511,81,511,82,511,83,511,84,511,85,511,86,511,87,511,88,511,89,511,90,511,91,511,92,511,93,511,94,510,95,510,96,510,97,509,98,508,99,508,99,507,99,506,100,505,100,504,100,503,100,502,100,501,99,500,99,499,99,498,99,497,98,496,98,495,97,494,97,493,97,492,96,492,95,492,94,491,93,491,92,490,91,490,90,489,89,489,88,488,87,488
135,488,134,489,133,489,132,489,131,489,130,489,129,490,128,490,127,491,126,492,125,493,124,493,123,494,123,495,122,496,122,497,121,498,120,499,120,500,119,501,118,502,117,503,116,503,115,504,114,504,115,505,114,506,113,507,113,508,113,509,114,510,115,510,116,510,117,511,118,511,119,511,120,511,121,511,122,511,123,511,124,511,125,511,126,511,127,511,128,511,129,511,130,511,131,511,132,511,133,511,134,511,135,511,136,511,137,511,138,511,139,511,140,511,141,511,142,511,143,511,144,511,145,511,146,511,147,511,148,511,149,511,150,511,151,511,152,511,153,511,154,511,155,511,156,511,157,511,158,511,159,511,160,510,161,510,162,509,162,508,162,507,162,506,162,505,161,504,161,503,161,502,161,501,160,500,159,499,158,498,157,497,156,496,155,495,154,494,153,494,152,493,151,492,150,491,149,491,148,490,147,490,146,489,145,489,144,489,143,488,142,488,141,488,140,488,139,488,138,488,137,488,136,488
324,496,323,497,322,498,321,499,320,500,319,501,318,502,318,503,318,504,318,505,317,506,317,507,317,508,317,509,317,510,318,511,319,511,320,511,321,511,322,511,323,511,324,511,325,511,326,511,327,511,328,511,329,511,330,511,331,511,332,511,333,511,334,511,335,511,336,511,337,511,338,511,339,511,340,511,341,511,342,511,343,511,344,511,345,511,346,511,347,511,348,511,349,511,350,511,351,510,351,509,351,508,351,507,350,506,350,505,349,504,349,503,348,502,347,501,346,501,345,500,344,500,343,499,342,499,341,498,340,497,339,497,338,497,337,497,336,497,335,497,334,497,333,496,332,497,331,497,330,497,329,497,328,496,327,496,326,496,325,496
438,496,437,497,436,497,435,498,434,499,433,499,432,500,431,501,430,502,430,503,429,504,429,505,429,506,428,507,428,508,428,509,428,510,429,511,430,511,431,511,432,511,433,511,434,511,435,511,436,511,437,511,438,511,439,511,440,511,441,511,442,511,443,511,444,511,445,511,446,511,447,511,448,510,449,510,450,509,450,508,450,507,450,506,450,505,450,504,450,503,449,502,449,501,448,500,447,499,446,498,445,497,444,497,443,496,442,496,441,496,440,496,439,496
292,498,291,499,290,499,289,499,288,499,287,499,286,500,285,500,284,501,284,502,283,503,283,504,283,505,283,506,283,507,283,508,283,509,283,510,284,511,285,511,286,511,287,511,288,511,289,511,290,511,291,511,292,511,293,511,294,511,295,511,296,511,297,511,298,511,299,511,300,511,301,510,301,509,301,508,301,507,301,506,300,505,300,504,300,503,299,502,298,501,298,500,297,499,296,499,295,498,294,498,293,498
