98,64,97,65,96,65,95,65,94,66,93,67,92,68,91,69,91,70,91,71,90,72,90,73,90,74,90,75,90,76,90,77,90,78,91,79,91,80,92,80,93,81,94,81,95,82,96,82,97,82,98,81,99,81,100,81,101,80,102,80,103,79,103,78,104,77,104,76,105,75,105,74,105,73,105,72,105,71,105,70,105,69,105,68,104,67,103,66,102,65,101,65,100,64,99,64
154,112,153,113,152,113,151,113,150,114,149,114,148,115,147,116,146,116,146,117,145,118,144,118,144,119,143,120,143,121,142,122,142,123,142,124,142,125,142,126,142,127,142,128,142,129,143,130,144,131,145,132,146,132,147,133,148,133,149,132,150,132,151,132,152,132,153,131,154,131,155,130,156,130,157,129,158,128,159,127,160,126,161,125,162,124,163,123,163,122,163,121,164,120,164,119,164,118,164,117,163,116,163,115,162,114,161,113,160,113,159,112,158,112,157,112,156,112,155,112
193,119,192,120,191,120,190,120,189,121,188,122,187,123,187,124,186,125,186,126,186,127,185,128,185,129,185,130,185,131,185,132,185,133,185,134,185,135,185,136,185,137,185,138,186,139,186,140,186,141,187,142,188,143,189,144,190,145,190,146,191,146,192,147,193,147,194,147,195,147,196,147,197,147,198,146,199,146,200,146,201,145,202,145,203,144,204,143,205,143,205,142,206,141,207,140,207,139,207,138,207,137,207,136,207,135,207,134,207,133,207,132,207,131,206,130,206,129,206,128,205,127,205,126,204,125,204,124,203,123,202,122,201,121,200,121,199,121,198,120,197,120,196,119,195,119,194,119
163,124,162,125,161,126,160,127,159,128,158,129,157,130,156,131,157,132,157,133,157,134,157,135,157,136,157,137,158,138,158,139,158,140,159,141,160,142,160,143,161,144,162,145,163,145,164,146,165,146,166,147,167,147,168,147,169,147,170,147,171,147,172,147,173,147,174,146,175,145,176,144,177,143,178,142,178,141,179,140,179,139,179,138,179,137,179,136,179,135,179,134,179,133,178,132,178,131,177,130,177,129,176,128,175,127,174,126,173,126,172,125,171,125,170,125,169,125,168,125,167,124,166,124,165,124,164,124
227,128,226,129,225,129,224,129,223,130,222,131,221,131,221,132,220,133,221,134,222,135,223,135,224,136,225,137,226,137,227,138,227,139,228,140,228,141,228,142,228,143,227,144,227,145,226,146,225,147,224,148,224,149,223,150,222,151,221,152,220,153,219,154,218,155,219,155,220,156,220,157,220,158,220,159,220,160,221,161,222,162,223,163,224,163,225,164,226,165,227,165,228,165,229,166,230,166,231,167,232,167,233,167,234,166,235,166,236,165,237,165,238,165,239,165,240,164,241,164,242,164,243,164,244,163,245,162,246,162,247,161,248,161,249,161,250,161,251,160,252,160,253,160,254,160,255,160,256,160,257,160,258,160,259,160,260,159,261,159,262,159,263,159,264,159,264,158,264,157,264,156,264,155,263,154,263,153,263,152,263,151,262,150,262,149,261,148,260,147,260,146,259,145,259,144,258,143,257,142,256,141,255,140,254,139,253,138,252,137,251,137,250,136,249,135,248,135,247,135,246,134,245,134,244,134,243,133,242,133,241,133,240,132,239,132,238,131,237,130,236,129,235,129,234,129,233,128,232,128,231,128,230,128,229,128,228,128
138,129,137,130,136,130,135,130,134,131,133,132,132,133,132,134,131,135,130,136,130,137,129,138,129,139,129,140,129,141,129,142,129,143,129,144,130,145,131,146,132,147,133,148,134,148,135,149,136,150,137,151,138,151,139,151,140,152,141,152,142,152,143,152,144,153,145,153,146,153,147,152,148,152,149,151,150,150,150,149,151,148,151,147,151,146,151,145,151,144,150,143,150,142,150,141,149,140,149,139,148,138,148,137,147,136,147,135,147,134,146,133,145,133,144,132,143,131,142,130,141,129,140,130,139,130
220,134,219,135,218,135,217,136,216,136,215,136,214,137,213,137,212,138,211,139,210,139,209,140,208,141,207,141,207,142,207,143,207,144,206,145,205,146,205,147,206,148,206,149,207,150,207,151,207,152,208,153,209,153,210,153,211,154,212,154,213,154,214,155,215,154,216,154,217,154,218,154,219,153,220,152,221,151,222,150,223,149,223,148,224,147,225,146,226,145,226,144,227,143,227,142,227,141,227,140,226,139,226,138,225,138,224,137,223,136,222,136,221,135
183,147,182,148,181,148,180,148,179,149,178,149,177,149,176,150,175,151,174,151,173,152,172,153,171,154,170,154,169,155,169,156,169,157,169,158,169,159,169,160,169,161,170,162,171,163,172,164,173,165,174,166,175,167,176,167,177,168,178,169,179,169,180,169,181,170,182,169,183,168,184,167,185,166,186,165,187,164,188,164,189,163,190,162,191,161,192,160,193,159,194,158,195,157,196,156,197,156,197,155,197,154,197,153,197,152,196,151,195,150,194,149,193,148,192,148,191,147,190,147,189,147,188,147,187,147,186,147,185,147,184,147
198,155,198,156,197,157,196,157,195,158,194,159,193,160,192,161,191,162,190,163,189,164,188,165,187,165,186,166,185,167,184,168,183,169,182,170,182,171,182,172,182,173,182,174,182,175,182,176,182,177,183,178,183,179,183,180,184,181,185,182,186,182,187,183,188,183,189,183,190,183,191,183,192,183,193,182,194,181,195,181,196,180,197,180,198,179,199,178,200,177,201,177,202,176,203,175,204,174,205,173,206,172,206,171,206,170,207,169,207,168,207,167,207,166,206,165,206,164,206,163,206,162,205,161,204,160,203,159,203,158,202,158,201,157,200,156,199,156
269,158,268,159,267,160,266,160,265,161,265,162,264,163,264,164,264,165,263,166,263,167,262,168,262,169,262,170,262,171,261,172,261,173,261,174,260,175,260,176,260,177,259,178,259,179,258,180,257,181,256,182,256,183,255,184,254,184,253,185,253,186,253,187,252,188,251,189,250,190,250,191,250,192,249,193,249,194,249,195,248,196,248,197,249,198,250,199,251,199,252,198,253,198,254,197,255,197,256,196,257,196,258,196,259,195,260,195,261,194,262,194,263,193,264,192,265,191,266,190,267,189,268,188,269,187,270,187,271,186,272,185,273,184,274,183,274,182,275,181,275,180,276,179,277,178,278,177,278,176,278,175,279,174,279,173,279,172,279,171,279,170,279,169,279,168,279,167,279,166,279,165,278,164,278,163,277,162,276,161,275,160,274,159,273,159,272,159,271,159,270,158
260,160,259,161,258,161,257,161,256,161,255,161,254,161,253,161,252,161,251,161,250,162,249,162,248,162,247,162,246,163,245,163,244,164,244,165,244,166,243,167,243,168,243,169,243,170,243,171,242,172,242,173,243,174,243,175,244,176,244,177,245,178,245,179,246,180,246,181,247,182,248,183,249,184,250,184,251,184,252,184,253,184,254,183,255,183,255,182,256,181,257,180,258,179,258,178,259,177,259,176,259,175,260,174,260,173,260,172,261,171,261,170,261,169,261,168,262,167,262,166,263,165,263,164,263,163,264,162,264,161,265,160,264,160,263,160,262,160,261,160
153,161,152,162,151,162,150,162,149,163,148,163,147,164,146,165,145,166,145,167,144,168,144,169,143,170,143,171,143,172,142,173,142,174,142,175,143,176,143,177,143,178,144,179,144,180,145,181,146,182,147,183,148,183,149,184,150,184,151,185,152,185,153,186,154,186,155,186,156,186,157,187,158,186,159,186,160,186,161,186,162,186,163,185,164,184,165,183,165,182,166,181,166,180,167,179,167,178,167,177,167,176,167,175,167,174,167,173,167,172,166,171,166,170,165,169,165,168,164,167,163,166,162,165,161,164,160,163,159,163,158,162,157,162,156,162,155,162,154,162
214,168,213,169,212,170,211,171,211,172,210,173,210,174,209,175,209,176,208,177,208,178,208,179,207,180,207,181,207,182,207,183,207,184,207,185,207,186,207,187,207,188,207,189,207,190,208,191,208,192,208,193,208,194,208,195,208,196,209,197,210,198,211,199,212,200,213,201,214,200,215,200,216,200,217,199,218,198,219,198,220,197,221,196,222,196,223,195,223,194,223,193,224,192,224,191,225,190,225,189,224,188,225,187,225,186,225,185,226,184,226,183,226,182,226,181,226,180,226,179,226,178,226,177,226,176,226,175,226,174,226,173,226,172,225,171,224,170,223,170,222,169,221,168,220,168,219,168,218,168,217,168,216,168,215,168
231,168,230,169,230,170,229,171,228,172,227,173,227,174,227,175,227,176,227,177,228,178,229,179,230,180,231,181,231,182,230,183,230,184,230,185,229,186,228,187,227,188,227,189,226,190,225,191,225,192,224,193,224,194,224,195,223,196,224,197,225,198,226,199,227,199,228,200,229,200,230,200,231,200,232,200,233,201,234,201,235,201,236,201,237,201,238,201,239,201,240,201,241,200,242,200,243,199,244,198,245,197,246,196,247,196,248,195,248,194,248,193,249,192,249,191,249,190,249,189,248,188,248,187,248,186,248,185,248,184,247,183,246,182,245,181,245,180,244,179,244,178,243,177,243,176,242,175,242,174,241,173,241,172,240,171,239,171,238,170,237,169,236,169,235,168,234,168,233,168,232,168
287,181,286,182,285,182,284,183,283,183,282,183,281,183,280,184,279,184,278,185,277,185,276,186,275,186,274,187,273,188,273,189,272,190,272,191,271,192,271,193,271,194,271,195,272,196,273,197,274,197,275,198,276,199,277,199,278,200,279,201,280,202,281,203,282,204,283,205,284,206,285,207,286,207,287,208,288,208,289,208,290,207,291,207,292,207,292,206,293,205,294,204,295,203,296,202,297,201,297,200,298,199,299,198,300,197,299,196,299,195,299,194,298,193,298,192,297,191,296,190,295,189,294,188,293,187,292,186,292,185,291,184,290,183,289,182,288,181
158,187,157,188,156,188,155,188,154,189,153,189,152,190,151,190,150,190,149,191,148,192,147,193,147,194,146,195,146,196,146,197,145,198,145,199,145,200,145,201,146,202,146,203,147,204,148,205,149,205,150,206,151,206,152,206,153,206,154,206,155,205,156,205,157,205,158,204,159,203,160,202,161,201,162,200,163,199,164,198,164,197,165,196,165,195,165,194,166,193,166,192,166,191,165,190,164,189,164,188,163,187,162,187,161,187,160,187,159,187
198,193,197,194,196,194,195,194,194,194,193,195,192,196,191,196,190,196,189,197,188,197,187,198,186,198,185,199,185,200,185,201,184,202,184,203,184,204,184,205,185,206,185,207,185,208,186,209,187,210,188,211,189,211,190,212,191,212,192,212,193,212,194,212,195,211,196,211,197,210,198,210,199,209,200,208,201,208,202,207,202,206,203,205,204,204,204,203,205,202,205,201,205,200,205,199,205,198,205,197,204,196,203,195,202,194,201,194,200,194,199,193
270,195,269,196,268,196,267,196,266,196,265,197,264,197,263,198,262,198,261,198,261,199,262,200,262,201,262,202,262,203,262,204,262,205,262,206,261,207,261,208,261,209,262,209,263,210,264,211,264,212,265,213,265,214,266,215,267,216,267,217,268,218,269,218,270,219,271,220,272,220,273,221,274,221,275,222,276,222,277,222,278,222,279,221,280,221,281,220,282,219,283,218,284,217,284,216,285,215,285,214,285,213,285,212,285,211,285,210,285,209,285,208,284,207,283,206,282,205,281,204,280,203,279,202,278,201,277,200,276,200,275,199,274,198,273,198,272,197,271,196
164,199,163,200,162,201,161,202,160,203,159,204,158,205,157,206,157,207,157,208,156,209,155,210,155,211,155,212,154,213,154,214,154,215,154,216,154,217,154,218,153,219,153,220,154,220,155,221,156,221,157,222,158,222,159,223,160,223,161,224,162,224,163,225,164,225,165,225,166,225,167,225,168,225,169,224,170,224,171,224,172,223,173,223,174,223,175,222,176,222,177,221,178,221,179,220,180,219,180,218,181,217,182,216,182,215,182,214,182,213,182,212,182,211,181,210,181,209,180,208,180,207,179,206,178,205,177,204,176,203,175,202,174,202,173,201,172,201,171,200,170,200,169,199,168,199,167,199,166,199,165,199
217,203,216,204,215,205,214,206,214,207,213,208,212,209,212,210,212,211,211,212,211,213,211,214,211,215,211,216,211,217,211,218,211,219,212,220,212,221,213,222,214,223,215,224,216,225,217,226,217,227,218,227,219,228,220,228,221,229,222,229,223,229,224,229,225,229,226,229,227,228,228,228,229,228,230,227,231,226,232,225,233,224,234,223,235,222,236,221,237,221,238,221,238,220,238,219,239,218,238,217,238,216,239,215,238,215,237,215,236,214,235,213,235,212,234,211,233,210,232,209,232,208,231,208,230,207,229,206,228,206,227,205,226,204,225,204,224,204,223,203,222,203,221,203,220,203,219,203,218,203
253,212,252,213,252,214,251,215,251,216,250,217,249,218,248,219,247,220,246,221,245,221,244,222,243,223,243,224,242,225,242,226,242,227,242,228,242,229,242,230,243,231,243,232,244,233,244,234,245,235,246,235,247,236,248,237,249,237,250,237,251,238,252,238,253,238,254,238,255,239,256,239,257,240,258,240,259,241,260,242,261,242,262,242,263,242,264,242,264,241,265,240,266,240,267,239,267,238,267,237,268,236,269,235,269,234,270,233,270,232,270,231,270,230,271,229,271,228,271,227,271,226,270,225,270,224,269,223,268,222,267,221,266,220,266,219,265,218,264,218,263,217,262,216,261,215,260,215,259,214,258,213,257,212,256,212,255,212,254,212
311,214,310,215,309,215,308,216,307,217,306,217,305,218,304,219,303,220,303,221,302,222,301,223,301,224,302,225,302,226,301,227,301,228,301,229,302,230,302,231,302,232,303,233,304,234,305,234,306,235,307,235,308,235,309,235,310,234,311,234,312,234,313,233,314,233,315,232,316,231,317,230,318,229,319,228,319,227,320,226,320,225,321,224,321,223,321,222,321,221,321,220,320,219,320,218,320,217,319,216,318,215,317,215,316,214,315,214,314,214,313,214,312,214
203,219,202,220,201,220,200,221,199,222,198,223,197,224,196,225,196,226,195,227,195,228,194,229,194,230,194,231,194,232,194,233,194,234,195,235,195,236,195,237,196,238,196,239,197,240,197,241,198,242,199,243,200,243,201,243,202,243,203,243,204,243,205,243,206,243,207,243,208,243,209,242,210,242,211,242,212,241,213,240,214,239,215,238,216,237,217,236,217,235,217,234,218,233,218,232,218,231,218,230,217,229,217,228,216,227,216,226,215,225,214,224,213,223,212,222,211,222,210,222,209,221,208,220,207,220,206,220,205,220,204,219
233,235,232,236,231,236,230,237,229,237,228,238,227,238,226,239,225,240,224,241,223,242,222,243,221,244,221,245,220,246,220,247,220,248,220,249,220,250,220,251,220,252,220,253,221,254,221,255,222,256,223,257,224,258,225,259,226,259,227,259,228,259,229,259,230,259,231,259,232,259,233,259,234,258,235,258,236,258,237,258,238,257,239,256,240,256,241,255,242,255,243,255,244,254,245,254,246,253,247,253,247,252,248,251,249,250,250,249,251,248,252,248,253,248,252,247,252,246,252,245,251,244,250,243,249,243,248,242,247,241,246,240,246,239,245,238,244,237,243,237,242,236,241,236,240,236,239,236,238,236,237,235,236,235,235,235,234,235
298,242,297,243,296,243,295,243,294,244,293,244,292,244,291,244,290,245,289,245,288,245,287,245,286,246,285,246,284,246,283,246,282,247,281,248,281,249,280,250,280,251,280,252,279,253,279,254,279,255,279,256,279,257,279,258,279,259,280,260,281,261,282,262,283,262,284,263,285,263,286,263,287,264,288,265,289,265,290,266,291,266,292,267,293,268,294,268,295,269,296,269,297,270,298,270,299,270,300,270,301,270,302,270,303,270,304,270,305,270,306,271,307,271,308,270,309,271,310,271,311,270,312,270,313,269,314,268,314,267,314,266,315,265,315,264,315,263,316,262,316,261,316,260,317,259,317,258,317,257,318,256,318,255,318,254,318,253,318,252,318,251,317,250,317,249,316,248,315,247,314,246,313,245,312,244,311,244,310,243,309,243,308,243,307,243,306,242,305,242,304,242,303,242,302,242,301,242,300,242,299,242
340,243,339,244,338,245,337,246,337,247,336,248,336,249,336,250,336,251,336,252,336,253,336,254,337,255,337,256,338,257,338,258,339,259,339,260,340,261,341,262,342,263,342,264,343,265,344,266,345,266,346,265,347,264,348,263,349,262,349,261,350,260,350,259,350,258,351,257,351,256,352,255,352,254,352,253,352,252,352,251,351,250,351,249,350,248,349,247,348,246,347,245,346,244,345,244,344,244,343,244,342,244,341,243
169,248,168,249,168,250,168,251,167,252,167,253,167,254,167,255,168,256,168,257,168,258,169,259,169,260,170,261,171,262,172,263,173,263,174,264,175,264,176,264,177,265,178,265,179,264,180,264,181,263,182,263,183,262,184,262,185,262,186,261,187,261,188,261,189,260,190,260,191,260,192,260,193,260,193,259,194,258,195,258,196,257,197,256,196,255,195,255,194,254,193,254,192,254,191,253,190,253,189,253,188,253,187,252,186,252,185,252,184,252,183,251,182,251,181,251,180,251,179,250,178,250,177,250,176,250,175,249,174,249,173,249,172,248,171,248,170,248
320,248,320,249,319,250,319,251,319,252,319,253,319,254,319,255,319,256,318,257,318,258,318,259,317,260,317,261,317,262,316,263,316,264,316,265,315,266,315,267,315,268,314,269,313,270,313,271,313,272,314,272,315,273,316,274,317,275,318,276,319,276,320,277,321,277,322,278,323,278,324,279,325,279,326,280,327,281,328,281,329,282,330,283,331,284,332,283,333,282,334,281,335,280,336,279,337,278,338,277,339,276,340,275,341,275,341,274,342,273,342,272,342,271,343,270,343,269,344,268,344,267,343,266,342,265,341,264,341,263,340,262,339,261,338,260,338,259,337,258,337,257,336,256,336,255,335,254,335,253,335,252,335,251,335,250,335,249,335,248,334,248,333,248,332,248,331,248,330,248,329,248,328,248,327,248,326,248,325,248,324,248,323,248,322,248,321,248
206,255,205,256,204,256,203,257,202,258,201,259,201,260,200,261,200,262,199,263,199,264,198,265,198,266,198,267,198,268,198,269,199,270,200,271,200,272,201,273,202,274,202,275,203,275,204,275,205,275,206,275,207,275,208,275,209,275,210,275,211,275,212,274,213,274,214,273,215,273,216,273,217,272,218,271,219,270,220,269,221,268,222,267,222,266,223,265,223,264,223,263,224,262,223,261,224,260,224,259,223,258,222,257,221,256,220,256,219,256,218,256,217,256,216,256,215,256,214,255,213,255,212,255,211,255,210,255,209,255,208,255,207,255
189,261,188,262,187,262,186,262,185,263,184,263,183,263,182,264,181,264,180,265,179,265,178,266,178,267,178,268,178,269,178,270,178,271,178,272,178,273,179,274,179,275,180,276,181,277,182,278,183,278,184,279,185,279,186,280,187,280,188,281,189,282,190,282,191,283,192,283,193,284,194,285,195,286,196,286,197,286,198,286,199,285,200,285,201,284,201,283,201,282,201,281,201,280,201,279,201,278,201,277,202,276,201,275,201,274,200,273,199,272,199,271,198,270,197,269,197,268,196,267,195,266,195,265,194,264,194,263,193,262,193,261,192,261,191,261,190,261
270,269,269,270,268,271,267,272,267,273,266,274,266,275,265,276,265,277,265,278,265,279,265,280,265,281,265,282,265,283,265,284,265,285,266,286,266,287,267,288,268,289,269,290,270,291,271,292,272,293,273,293,274,293,275,293,276,293,277,294,278,293,279,293,280,293,281,292,282,292,283,291,284,290,285,289,286,288,287,287,288,286,289,285,289,284,290,283,290,282,290,281,290,280,290,279,290,278,290,277,289,276,289,275,288,274,287,273,286,272,285,271,284,271,283,270,282,270,281,269,280,269,279,269,278,269,277,269,276,269,275,269,274,269,273,269,272,269,271,269
353,269,352,270,351,270,350,270,349,271,348,271,347,272,346,273,345,274,344,275,343,275,343,276,343,277,342,278,342,279,342,280,341,281,341,282,341,283,342,284,342,285,343,286,343,287,343,288,344,289,344,290,344,291,344,292,345,292,346,293,347,293,348,293,349,293,350,293,351,293,352,293,353,292,353,291,354,290,354,289,355,288,356,287,357,286,357,285,358,284,359,283,359,282,359,281,360,280,360,279,361,278,361,277,361,276,361,275,361,274,360,273,360,272,359,272,358,271,357,270,356,270,355,270,354,270
310,272,310,273,309,274,308,274,307,274,306,274,305,274,304,274,303,275,302,275,301,275,300,276,299,277,298,278,298,279,297,280,297,281,297,282,297,283,297,284,297,285,297,286,297,287,297,288,298,289,298,290,299,291,300,291,301,292,302,293,303,294,304,294,305,294,306,295,307,295,308,295,309,296,310,296,311,297,312,297,313,297,314,298,315,298,316,297,317,297,318,297,319,296,320,296,321,295,322,295,323,294,324,294,325,293,326,292,326,291,327,290,328,289,328,288,328,287,329,286,329,285,330,284,329,283,328,282,327,282,326,281,325,280,324,280,323,279,322,279,321,278,320,278,319,277,318,277,317,276,316,275,315,274,314,273,313,273,312,272,311,273
232,276,231,277,230,277,229,277,229,278,228,279,227,280,228,281,229,281,230,282,231,282,232,282,233,283,234,284,235,284,236,285,237,285,238,286,239,287,240,287,241,287,242,286,243,287,244,287,244,286,244,285,243,284,242,283,242,282,242,281,241,280,241,279,241,278,241,277,240,276,239,276,238,276,237,276,236,276,235,276,234,276,233,276
227,281,226,282,225,283,224,284,224,285,223,286,223,287,222,288,222,289,222,290,223,291,223,292,224,293,225,294,226,294,227,295,228,295,229,295,230,295,231,295,232,295,233,295,234,295,235,295,236,294,236,293,237,292,237,291,238,290,238,289,239,288,238,287,237,286,236,286,235,285,234,285,233,284,232,283,231,283,230,283,229,282,228,282
246,291,245,292,244,293,243,293,242,294,241,295,240,296,239,296,238,297,237,297,237,298,237,299,237,300,236,301,235,302,235,303,235,304,235,305,235,306,236,307,236,308,236,309,237,310,238,311,239,312,240,313,241,313,242,313,243,313,244,313,245,312,246,312,247,311,248,311,249,310,250,309,250,308,251,307,252,306,252,305,252,304,252,303,253,302,253,301,253,300,253,299,253,298,252,297,252,296,252,295,252,294,251,293,250,292,249,291,248,291,247,291
279,295,278,296,277,296,276,297,275,298,275,299,274,300,274,301,274,302,274,303,274,304,275,305,276,306,276,307,277,308,277,309,278,310,279,311,280,312,281,313,281,314,281,315,281,316,282,316,283,316,284,316,285,316,286,317,287,317,288,317,289,317,290,316,291,316,292,316,293,315,294,315,295,314,296,313,297,312,298,311,298,310,299,309,299,308,299,307,299,306,298,305,298,304,297,303,297,302,296,301,295,300,294,300,293,299,292,299,291,298,290,298,289,297,288,297,287,297,286,296,285,296,284,296,283,296,282,296,281,295,280,295
319,297,318,298,317,298,316,298,315,299,314,299,314,300,314,301,313,302,313,303,312,304,312,305,311,306,311,307,311,308,311,309,311,310,310,311,310,312,310,313,309,314,309,315,309,316,309,317,309,318,309,319,309,320,310,321,311,322,311,323,312,323,313,324,314,324,315,325,316,325,317,325,318,325,319,324,320,324,321,323,322,322,323,321,324,321,325,320,325,319,326,318,327,317,327,316,328,315,328,314,329,313,329,312,329,311,330,310,330,309,330,308,330,307,329,306,329,305,328,304,327,303,327,302,326,301,325,300,324,299,323,299,322,298,321,298,320,297
259,298,258,299,257,300,256,300,256,301,256,302,255,303,255,304,254,305,254,306,254,307,254,308,254,309,254,310,255,311,254,312,255,313,255,314,255,315,255,316,256,317,256,318,256,319,257,320,258,321,259,322,260,323,261,323,262,323,263,324,264,324,265,324,266,324,267,324,268,323,269,322,270,321,271,320,272,319,272,318,273,317,273,316,274,315,274,314,274,313,274,312,274,311,274,310,274,309,273,308,273,307,272,306,271,305,271,304,270,303,269,302,268,301,267,300,266,299,265,299,264,298,263,298,262,298,261,298,260,298
224,300,223,301,222,301,221,301,220,301,219,301,218,302,217,302,216,302,215,303,214,304,214,305,214,306,214,307,215,308,216,309,216,310,217,311,218,312,219,312,220,313,221,313,222,313,223,313,224,313,225,313,226,312,227,312,228,311,229,310,230,310,231,309,232,308,233,307,233,306,234,305,234,304,234,303,234,302,234,301,233,301,232,300,231,300,230,300,229,300,228,300,227,300,226,300,225,300
358,303,357,304,356,304,355,304,354,304,353,305,352,305,351,305,350,305,349,305,348,305,347,305,346,305,345,305,344,305,343,305,342,305,341,305,340,306,339,306,338,307,337,307,337,308,336,309,335,310,335,311,335,312,335,313,335,314,336,315,337,316,338,316,339,317,340,317,341,317,342,317,343,317,344,317,345,318,346,318,347,318,348,318,349,318,350,318,351,318,352,318,353,318,354,318,355,317,356,317,357,317,358,317,359,317,360,316,361,316,362,316,363,315,364,315,365,314,365,313,366,312,367,311,367,310,367,309,367,308,367,307,367,306,366,305,366,304,365,304,364,303,363,303,362,303,361,303,360,303,359,303
239,319,238,320,237,320,236,321,235,321,234,322,233,323,232,323,232,324,232,325,232,326,233,327,234,328,234,329,235,330,236,331,237,332,238,333,239,334,239,335,240,336,241,337,242,338,243,338,244,339,245,339,246,340,247,340,248,340,249,341,250,341,251,341,252,341,253,341,254,341,255,342,256,342,257,342,258,342,259,342,260,341,261,341,262,341,263,340,264,340,265,340,266,340,267,339,268,339,269,339,270,338,271,337,271,336,271,335,271,334,271,333,271,332,271,331,271,330,270,330,269,329,269,328,268,327,267,326,266,325,265,325,264,325,263,325,262,324,261,324,260,324,259,323,258,323,257,323,256,322,255,322,254,322,253,321,252,321,251,321,250,321,249,320,248,320,247,320,246,320,245,320,244,320,243,320,242,319,241,319,240,319
353,323,352,324,351,324,350,324,349,324,348,325,347,325,346,325,345,326,344,327,343,327,342,328,341,328,341,329,340,330,339,331,339,332,339,333,339,334,339,335,339,336,340,337,341,338,342,338,343,339,344,339,345,339,346,340,347,340,348,340,349,340,350,340,351,340,352,340,353,340,354,340,355,339,356,339,357,339,358,339,359,338,360,337,361,336,362,335,362,334,362,333,362,332,363,331,362,330,361,329,361,328,360,328,359,327,358,326,357,325,356,324,355,324,354,323
335,339,334,340,333,340,332,341,331,341,330,341,329,342,328,342,327,343,326,344,325,345,324,346,323,347,323,348,323,349,322,350,323,351,324,351,325,351,326,351,327,350,328,350,329,350,330,350,331,350,332,350,333,349,334,349,335,349,336,349,337,349,338,349,339,349,340,349,341,349,342,348,343,348,344,348,345,348,346,348,347,347,348,347,349,346,349,345,349,344,349,343,349,342,349,341,348,341,347,341,346,341,345,340,344,340,343,340,342,339,341,339,340,339,339,339,338,339,337,339,336,339
310,343,309,344,308,344,307,345,306,346,305,346,304,347,303,348,303,349,302,350,302,351,301,352,301,353,301,354,300,355,300,356,300,357,300,358,301,359,301,360,301,361,302,362,303,362,304,362,305,363,306,363,307,363,308,362,309,362,310,361,311,360,312,359,313,358,314,357,315,356,316,355,317,355,318,354,319,353,320,352,320,351,321,350,322,349,322,348,322,347,321,346,320,345,319,344,318,343,317,343,316,343,315,343,314,343,313,343,312,343,311,343
347,348,346,349,345,349,344,349,343,349,342,349,341,350,340,350,339,350,338,350,337,350,336,350,335,350,334,350,333,350,332,351,331,351,330,351,329,351,328,351,327,351,326,352,325,352,324,352,323,352,322,351,323,352,323,353,323,354,323,355,323,356,322,357,321,358,320,358,319,359,318,360,318,361,318,362,317,363,317,364,318,365,318,366,319,367,320,367,321,368,322,369,323,369,324,369,325,370,326,371,327,371,328,372,329,373,330,373,331,373,332,373,333,373,334,373,335,372,336,372,337,372,338,372,339,371,340,370,341,370,342,369,341,368,341,367,341,366,341,365,341,364,341,363,342,362,342,361,343,360,344,359,345,358,346,358,347,357,348,356,349,356,349,355,350,354,350,353,350,352,349,351,349,350,348,349
363,362,362,363,361,363,360,364,359,364,358,364,357,365,356,365,355,366,354,366,353,366,352,367,351,367,350,368,349,368,348,368,347,369,346,369,345,370,344,370,343,371,342,372,342,373,342,374,341,375,342,376,342,377,343,378,344,378,345,379,346,379,347,380,348,380,349,380,350,381,351,380,352,380,353,380,354,380,355,379,356,379,357,379,358,379,359,378,360,378,361,378,362,378,363,377,364,377,365,377,366,376,367,376,368,376,369,375,370,375,371,375,372,375,372,374,372,373,373,372,373,371,373,370,373,369,373,368,373,367,372,366,371,365,370,364,369,363,368,363,367,363,366,363,365,362,364,362
373,375,372,376,371,376,370,376,369,376,368,377,367,377,366,377,365,378,364,378,363,378,362,379,361,379,360,379,359,379,358,380,357,380,356,380,355,380,354,381,353,381,352,381,351,381,350,382,349,382,348,383,347,383,346,383,345,383,344,384,344,385,343,386,344,387,344,388,344,389,345,390,346,390,347,390,348,391,349,391,350,391,351,391,352,390,353,390,354,390,355,390,356,390,357,390,358,390,359,390,360,390,361,389,362,389,363,389,364,389,365,389,366,388,367,388,368,388,369,388,370,388,371,388,372,388,373,388,374,387,375,387,375,386,376,385,377,384,377,383,377,382,377,381,377,380,377,379,376,378,375,377,374,376
353,393,352,394,351,394,350,394,349,395,348,395,347,396,346,396,345,396,344,397,343,397,342,398,341,398,340,399,339,399,338,400,337,401,337,402,337,403,337,404,337,405,338,406,339,406,340,406,341,407,342,407,343,407,344,407,345,407,346,406,347,406,348,406,349,406,350,405,351,405,352,405,353,404,354,404,355,404,356,403,357,403,358,402,359,402,360,401,361,400,362,399,363,398,364,397,364,396,364,395,364,394,363,394,362,393,361,393,360,393,359,393,358,393,357,393,356,393,355,393,354,393
368,401,367,402,366,402,365,402,364,402,363,402,362,402,361,402,360,402,359,403,358,404,357,404,356,404,355,405,354,405,353,405,352,406,351,406,350,406,349,407,348,407,347,407,346,407,345,408,344,408,343,408,342,409,341,410,340,411,340,412,339,413,339,414,338,415,339,416,339,417,339,418,340,419,341,419,342,420,343,420,344,420,345,420,346,420,347,420,348,420,349,420,350,420,351,419,352,419,353,419,354,419,355,418,356,418,357,418,358,418,359,418,360,418,361,418,362,417,363,416,364,416,365,416,366,416,367,415,368,415,369,414,370,414,371,413,372,413,373,412,373,411,373,410,373,409,373,408,374,407,374,406,374,405,374,404,373,403,373,402,372,401,371,401,370,401,369,401
376,412,375,413,374,413,373,413,372,414,371,414,370,415,369,415,368,416,367,416,366,417,365,417,364,418,363,419,362,419,361,419,360,420,359,421,358,421,357,422,356,423,355,424,354,425,353,426,352,427,351,428,350,428,349,429,349,430,349,431,349,432,349,433,349,434,350,435,351,435,352,436,353,436,354,436,355,437,356,437,357,437,358,438,359,438,360,438,361,439,362,439,363,439,364,440,365,440,366,440,367,441,367,440,368,439,369,439,370,439,371,438,372,438,373,438,374,438,375,438,376,437,377,437,378,437,378,436,379,435,380,434,381,433,381,432,382,431,382,430,382,429,382,428,382,427,382,426,382,425,382,424,382,423,383,422,383,421,383,420,383,419,383,418,383,417,383,416,382,415,381,414,380,413,379,412,378,412,377,412
396,415,395,416,394,417,393,418,393,419,392,420,392,421,392,422,393,423,394,424,395,425,396,426,397,427,398,428,399,429,400,430,401,431,402,432,403,433,404,433,405,433,406,434,406,435,407,434,408,434,409,433,410,433,411,432,412,432,413,432,414,431,415,431,416,431,417,431,417,430,418,429,418,428,417,427,417,426,416,426,415,425,414,425,413,424,412,423,412,422,411,421,411,420,410,419,409,418,408,417,407,417,406,416,405,416,404,415,403,415,402,415,401,415,400,415,399,415,398,415,397,415
389,431,388,432,387,432,386,433,385,434,384,434,383,435,382,436,381,437,380,438,379,438,378,439,377,440,377,441,376,442,376,443,376,444,376,445,376,446,377,447,377,448,378,449,379,450,380,450,381,450,382,450,383,450,384,450,385,451,386,451,387,450,388,450,389,450,390,449,391,448,392,448,393,447,394,446,395,446,396,445,397,444,398,443,398,442,398,441,399,440,399,439,399,438,398,437,398,436,397,435,396,434,395,433,394,432,393,431,392,431,391,431,390,431
319,432,318,433,317,433,316,433,315,434,314,435,313,435,312,436,311,437,311,438,311,439,310,440,310,441,310,442,310,443,310,444,310,445,311,446,311,447,312,448,313,449,314,450,315,451,315,452,316,453,317,453,318,454,319,454,320,455,321,455,322,455,323,455,324,455,325,455,326,454,327,454,328,453,329,453,330,452,331,452,331,451,332,450,332,449,333,448,333,447,333,446,333,445,333,444,333,443,333,442,333,441,333,440,333,439,332,438,331,437,331,436,330,435,329,434,328,434,327,433,326,433,325,433,324,432,323,432,322,432,321,432,320,432
414,432,413,433,412,433,411,433,410,434,409,434,408,435,407,435,407,436,406,437,406,438,405,439,404,439,403,440,402,441,401,442,400,443,400,444,400,445,399,446,399,447,399,448,399,449,399,450,400,451,400,452,401,452,402,453,403,454,404,454,405,454,406,454,407,454,408,454,409,453,410,452,411,452,412,452,413,451,414,450,415,449,416,448,416,447,417,446,418,445,419,444,420,443,421,442,421,441,421,440,421,439,421,438,421,437,421,436,421,435,420,434,419,434,418,433,417,432,416,432,415,432
350,436,349,437,348,437,347,438,346,439,346,440,346,441,346,442,346,443,347,444,347,445,347,446,348,447,348,448,349,449,350,450,351,451,352,451,353,452,354,452,355,452,356,453,357,453,358,453,359,453,360,453,361,454,362,454,363,454,364,454,365,454,366,454,367,454,368,454,369,454,370,454,371,454,372,453,373,452,373,451,373,450,373,449,373,448,373,447,373,446,372,445,371,444,370,444,369,443,368,443,367,442,366,441,365,441,364,441,363,440,362,440,361,440,360,439,359,439,358,439,357,438,356,438,355,438,354,437,353,437,352,437,351,436
426,450,425,451,424,452,423,452,422,453,421,454,420,455,419,456,418,457,418,458,417,459,417,460,417,461,417,462,417,463,417,464,418,465,418,466,418,467,419,468,419,469,420,470,421,470,422,470,423,471,424,470,425,470,426,470,427,469,428,469,429,468,430,468,430,467,431,466,432,465,433,464,433,463,434,462,435,461,435,460,436,459,436,458,436,457,436,456,437,455,436,454,436,453,435,452,434,452,433,452,432,451,431,451,430,450,429,450,428,450,427,450
289,460,288,461,287,461,286,462,285,462,284,463,284,464,284,465,283,466,283,467,282,468,282,469,282,470,282,471,282,472,282,473,282,474,282,475,283,476,283,477,284,478,284,479,285,479,286,480,287,481,288,482,289,482,290,482,291,482,292,483,293,483,294,483,295,483,296,483,297,483,298,482,299,482,300,481,301,481,302,480,302,479,302,478,303,477,303,476,303,475,304,474,304,473,304,472,304,471,304,470,304,469,304,468,304,467,303,466,303,465,302,464,302,463,301,462,300,461,299,460,298,460,297,460,296,460,295,460,294,460,293,460,292,460,291,460,290,460
322,464,321,465,320,465,319,466,318,467,318,468,317,469,317,470,316,471,316,472,316,473,316,474,315,475,315,476,315,477,315,478,315,479,315,480,315,481,314,482,314,483,315,484,315,485,315,486,316,487,316,488,316,489,317,490,318,491,318,492,319,492,320,493,321,494,322,494,323,495,324,495,325,495,326,495,327,496,328,496,329,496,330,497,331,497,332,498,333,497,334,497,335,496,336,496,337,495,338,495,339,494,340,493,340,492,341,491,341,490,342,489,342,488,342,487,342,486,342,485,343,484,343,483,343,482,343,481,343,480,343,479,343,478,343,477,343,476,343,475,343,474,342,473,342,472,341,471,341,470,340,469,339,468,338,468,337,467,336,467,335,466,334,466,333,466,332,465,331,465,330,465,329,464,328,464,327,464,326,464,325,464,324,464,323,464
435,464,434,465,433,465,432,466,431,467,431,468,431,469,430,470,430,471,431,472,431,473,432,474,432,475,433,476,433,477,434,478,435,479,436,480,437,481,438,481,439,482,440,482,441,482,442,482,443,482,444,482,445,482,446,482,447,481,448,481,449,480,450,479,450,478,450,477,451,476,451,475,451,474,451,473,451,472,450,471,450,470,450,469,449,468,448,467,447,466,446,466,445,465,444,465,443,464,442,464,441,464,440,464,439,464,438,464,437,464,436,464
362,468,361,469,360,469,359,470,358,470,357,471,356,472,355,473,354,474,353,475,352,476,351,477,351,478,350,479,350,480,350,481,349,482,349,483,349,484,348,485,348,486,349,487,349,488,349,489,349,490,349,491,350,492,350,493,351,494,352,495,352,496,353,497,353,498,354,499,355,500,356,500,357,501,358,502,359,502,360,502,361,502,362,503,363,503,364,503,365,503,366,503,367,503,368,503,369,502,370,502,371,502,372,502,373,502,374,501,375,501,376,500,377,499,378,499,379,498,379,497,380,496,381,495,381,494,382,493,382,492,383,491,383,490,383,489,383,488,383,487,383,486,383,485,383,484,383,483,382,482,382,481,382,480,381,479,381,478,380,477,380,476,379,475,379,474,378,473,377,472,376,471,375,470,374,470,373,469,372,469,371,468,370,468,369,468,368,468,367,468,366,468,365,468,364,468,363,468
167,475,166,476,165,476,164,476,163,477,162,478,161,479,160,480,160,481,159,482,159,483,159,484,159,485,159,486,159,487,160,488,160,489,161,490,161,491,162,492,163,493,163,494,164,494,165,495,166,495,167,495,168,495,169,495,170,496,171,496,172,495,173,495,174,495,175,494,176,494,177,493,178,492,179,491,180,490,180,489,181,488,181,487,181,486,181,485,181,484,181,483,180,482,180,481,179,480,179,479,178,478,177,477,176,477,175,476,174,476,173,475,172,475,171,475,170,475,169,475,168,475
402,477,401,478,400,478,399,478,398,478,397,478,396,478,395,478,394,479,393,479,392,480,391,481,390,482,389,483,388,484,388,485,388,486,387,487,387,488,387,489,387,490,387,491,387,492,387,493,386,494,386,495,386,496,386,497,386,498,386,499,387,500,387,501,387,502,388,503,388,504,388,505,389,506,390,507,390,508,391,509,392,509,393,510,394,510,395,511,396,511,397,510,398,510,399,511,400,511,401,511,402,511,403,511,404,511,405,511,406,511,407,511,408,511,409,511,410,511,411,511,412,511,413,511,414,511,415,511,416,511,417,511,418,511,419,510,420,511,421,511,422,511,423,511,424,511,425,511,426,511,427,511,428,511,429,511,430,511,431,511,432,511,433,511,434,511,435,511,436,510,437,510,438,510,439,510,440,509,440,508,440,507,439,506,439,505,439,504,438,503,438,502,438,501,438,500,437,499,437,498,437,497,436,497,435,496,434,495,433,494,432,494,431,493,430,493,429,492,428,492,427,491,426,490,425,489,424,488,423,487,422,486,422,485,421,484,420,484,419,483,418,482,417,482,416,481,415,481,414,480,413,480,412,480,411,479,410,479,409,478,408,478,407,478,406,478,405,478,404,478,403,477
281,482,280,483,279,483,278,483,277,484,277,485,276,486,275,487,275,488,275,489,275,490,275,491,275,492,275,493,275,494,275,495,275,496,275,497,275,498,276,499,276,500,276,501,277,502,278,503,279,503,280,503,281,504,282,503,283,503,284,502,285,502,286,502,287,502,288,501,289,501,289,500,290,499,290,498,291,497,292,496,292,495,292,494,292,493,292,492,291,491,291,490,290,489,290,488,289,487,288,487,287,486,286,485,285,484,284,483,283,483,282,483
191,487,190,488,189,489,189,490,188,491,188,492,188,493,188,494,188,495,188,496,188,497,188,498,189,499,189,500,190,501,190,502,191,503,192,504,193,505,194,506,195,506,196,506,197,507,198,507,199,507,200,507,201,507,202,506,203,506,204,505,205,504,206,503,206,502,207,501,207,500,207,499,207,498,207,497,207,496,206,495,206,494,206,493,205,492,205,491,204,490,204,489,203,488,202,488,201,487,200,487,199,487,198,487,197,487,196,487,195,487,194,487,193,487,192,487
446,488,445,489,444,489,443,490,442,491,441,492,440,493,440,494,439,495,439,496,439,497,438,498,438,499,439,500,439,501,439,502,439,503,440,504,440,505,440,506,441,507,441,508,442,509,443,509,444,510,445,510,446,510,447,510,448,510,449,510,450,510,451,510,452,510,453,510,454,509,455,509,455,508,456,507,457,506,457,505,457,504,457,503,457,502,457,501,457,500,457,499,457,498,457,497,457,496,457,495,456,494,455,493,455,492,454,492,453,491,452,490,451,489,450,489,449,488,448,488,447,488
148,492,147,493,146,493,145,493,144,494,143,494,142,495,141,496,140,497,139,498,139,499,139,500,138,501,138,502,138,503,138,504,138,505,138,506,138,507,138,508,139,509,140,510,141,510,142,511,143,511,144,511,145,511,146,511,147,511,148,511,149,511,150,511,151,511,152,511,153,510,154,510,155,510,156,510,156,509,157,508,157,507,158,506,158,505,159,504,159,503,159,502,158,501,158,500,158,499,158,498,157,497,156,496,155,495,154,494,153,494,152,493,151,493,150,493,149,493
323,496,322,497,321,497,320,498,319,498,318,498,317,499,316,499,315,500,314,501,313,502,312,502,311,503,310,504,309,505,309,506,308,507,308,508,307,509,308,510,309,511,310,511,311,511,312,511,313,511,314,511,315,511,316,511,317,511,318,511,319,511,320,511,321,511,322,511,323,511,324,511,325,511,326,511,327,511,328,511,329,511,330,511,331,511,332,511,333,511,334,511,335,511,336,511,337,511,338,510,338,509,338,508,338,507,338,506,338,505,337,504,337,503,336,502,335,502,334,502,333,501,333,500,332,500,331,499,331,498,330,498,329,497,328,497,327,497,326,497,325,496,324,496
176,501,175,502,174,502,173,503,172,504,171,505,170,506,170,507,169,508,169,509,169,510,170,511,171,511,172,511,173,511,174,511,175,511,176,511,177,511,178,511,179,511,180,511,181,511,182,511,183,511,184,511,185,511,186,511,187,511,188,511,189,510,189,509,188,508,188,507,188,506,187,505,186,504,185,503,184,502,183,501,182,501,181,501,180,501,179,501,178,501,177,501
288,502,287,503,286,503,285,503,284,504,283,504,282,504,281,505,280,506,279,507,278,508,278,509,277,510,277,511,278,511,279,511,280,511,281,511,282,511,283,511,284,511,285,511,286,511,287,511,288,511,289,511,290,511,291,511,292,511,293,511,294,511,295,511,296,510,297,510,296,509,295,508,295,507,294,506,293,505,293,504,292,504,291,503,290,503,289,503
221,506,220,507,219,507,218,508,217,508,216,509,217,510,218,511,219,511,220,511,221,511,222,511,223,511,224,511,225,511,226,511,227,511,228,511,229,510,230,510,229,509,228,508,227,507,226,507,225,507,224,507,223,507,222,506
