64,31,63,32,62,32,61,33,60,34,60,35,59,36,59,37,59,38,59,39,59,40,60,41,60,42,60,43,61,44,62,44,63,44,64,44,65,44,66,44,67,44,68,44,69,43,70,43,71,42,72,42,72,41,73,40,74,39,74,38,75,37,74,36,74,35,73,34,72,33,71,32,70,32,69,31,68,31,67,31,66,31,65,31
69,55,68,56,67,56,66,56,65,57,64,57,63,57,62,58,61,59,61,60,61,61,61,62,62,63,62,64,63,65,64,65,65,66,66,66,67,67,68,67,69,67,70,68,71,68,72,69,73,69,74,70,75,70,76,71,77,70,78,70,79,70,80,69,81,68,82,67,83,66,83,65,83,64,83,63,83,62,83,61,83,60,82,59,82,58,81,57,80,57,79,56,78,55,77,55,76,55,75,55,74,55,73,55,72,55,71,55,70,55
41,58,40,59,39,59,38,60,37,60,36,61,36,62,35,63,35,64,35,65,34,66,34,67,35,68,35,69,36,70,37,71,38,71,39,71,40,71,41,71,42,70,43,70,44,69,45,68,46,68,47,67,47,66,48,65,48,64,48,63,48,62,48,61,47,60,46,59,45,58,44,58,43,58,42,58
63,71,62,72,61,73,60,73,59,74,58,75,58,76,58,77,58,78,59,78,60,79,61,79,62,80,63,80,64,81,65,82,66,83,67,84,68,84,69,85,70,86,71,86,72,86,73,87,74,87,75,87,76,87,77,87,78,87,79,87,80,87,81,87,82,87,83,87,84,86,85,86,85,85,86,84,87,83,87,82,87,81,86,80,86,79,86,78,85,77,85,76,84,75,83,74,82,73,81,73,80,73,79,72,78,72,77,72,76,72,75,72,74,72,73,72,72,72,71,72,70,72,69,72,68,72,67,71,66,71,65,71,64,72
57,79,57,80,56,81,55,82,55,83,54,84,54,85,53,86,53,87,52,88,52,89,53,90,53,91,53,92,54,93,55,94,56,95,57,96,58,97,59,98,60,99,61,100,61,101,62,102,63,103,64,104,65,105,66,105,67,105,68,105,69,106,70,106,71,106,72,106,73,106,74,106,75,106,76,106,77,106,78,106,79,106,80,105,81,105,82,104,83,103,84,102,85,101,86,100,86,99,87,98,88,97,88,96,88,95,89,94,89,93,90,92,90,91,91,90,91,89,92,88,92,87,93,86,94,86,94,85,93,84,93,83,94,82,94,81,94,80,94,79,94,80,93,81,92,80,93,81,92,82,91,82,90,81,89,82,88,82,88,83,87,84,86,85,86,86,85,87,84,87,83,88,82,88,81,88,80,88,79,88,78,88,77,88,76,88,75,88,74,88,73,88,72,87,71,87,70,87,69,86,68,85,67,85,66,84,65,83,64,82,63,81,62,81,61,80,60,80,59,79,58,79
180,108,179,109,178,109,178,110,177,111,177,112,176,113,176,114,176,115,176,116,177,117,178,118,179,119,180,120,181,120,182,120,183,120,184,120,185,120,186,120,187,119,188,119,189,118,190,117,191,117,192,116,192,115,192,114,192,113,192,112,192,111,191,110,190,109,189,108,188,108,187,108,186,108,185,108,184,108,183,108,182,108,181,108
73,123,72,124,71,124,70,124,69,125,68,126,68,127,68,128,68,129,68,130,68,131,68,132,69,133,69,134,70,135,70,136,71,137,72,137,73,138,74,138,75,139,76,139,77,140,78,140,79,140,80,139,81,138,82,137,83,136,84,135,84,134,85,133,85,132,85,131,85,130,85,129,84,128,84,127,83,126,82,125,81,125,80,124,79,123,78,123,77,123,76,123,75,123,74,123
93,147,92,148,91,148,91,149,90,150,89,151,89,152,88,153,87,154,86,155,86,156,86,157,85,158,85,159,85,160,85,161,85,162,86,163,86,164,87,165,87,166,88,167,89,168,90,169,91,169,92,170,93,170,94,170,95,170,96,170,97,169,98,169,99,169,100,168,101,167,102,166,103,165,104,164,104,163,104,162,104,161,104,160,104,159,104,158,104,157,103,156,103,155,103,154,102,153,102,152,101,151,100,150,99,149,98,148,97,148,96,148,95,147,94,147
206,159,205,160,204,160,203,160,202,161,201,162,200,163,199,164,199,165,198,166,198,167,198,168,198,169,197,170,197,171,197,172,197,173,198,174,198,175,198,176,199,177,200,178,200,179,201,180,202,181,203,182,204,183,205,184,206,184,207,185,208,186,209,186,210,187,211,187,212,187,213,187,214,187,215,188,216,188,217,188,218,188,219,188,220,188,221,189,222,189,223,189,224,188,225,187,225,186,226,185,227,185,228,184,229,183,228,182,229,181,229,180,229,179,229,178,229,177,228,176,227,175,226,174,226,173,225,172,224,171,224,170,223,169,222,168,221,167,220,167,219,166,218,165,217,164,216,163,215,162,214,162,213,161,212,160,211,160,210,160,209,159,208,159,207,160
181,175,180,176,179,176,178,176,177,177,176,178,175,179,174,180,173,181,172,182,172,183,171,184,171,185,170,186,170,187,170,188,169,189,169,190,169,191,169,192,170,193,170,194,169,195,170,196,171,197,172,197,173,198,174,199,175,200,176,201,177,202,178,202,179,202,180,202,181,203,182,203,183,204,184,204,185,204,186,204,187,204,188,203,189,202,190,201,190,200,191,199,192,198,193,197,193,196,194,195,195,194,195,193,195,192,195,191,195,190,195,189,195,188,195,187,195,186,195,185,195,184,195,183,195,182,194,181,194,180,194,179,193,178,192,177,191,176,190,176,189,175,188,175,187,175,186,175,185,175,184,175,183,175,182,175
143,177,142,178,141,178,140,178,139,179,138,179,138,180,137,181,136,182,135,182,135,183,134,184,134,185,134,186,133,187,133,188,133,189,133,190,133,191,133,192,133,193,134,194,134,195,134,196,135,197,136,198,137,199,138,200,139,201,140,202,141,202,142,203,143,203,144,203,145,203,146,203,147,203,148,203,149,204,150,203,151,202,152,201,153,200,154,199,155,199,155,198,156,197,156,196,156,195,157,194,157,193,157,192,158,191,158,190,158,189,158,188,158,187,158,186,158,185,157,184,157,183,157,182,156,181,155,181,154,180,153,179,152,179,151,178,150,178,149,178,148,178,147,177,146,177,145,177,144,177
206,188,205,189,204,189,203,190,202,190,201,191,200,191,199,192,198,193,197,193,196,194,195,195,194,196,194,197,193,198,192,199,191,200,191,201,190,202,189,203,188,204,189,205,190,205,191,206,192,206,193,207,194,207,195,208,196,208,197,209,198,209,199,210,200,210,201,211,202,211,203,212,204,212,205,213,206,213,207,214,208,215,209,215,210,215,211,215,212,215,213,216,214,217,215,216,216,215,217,214,218,213,219,212,220,211,221,210,222,209,223,208,224,207,225,206,226,206,227,205,227,204,227,203,227,202,227,201,227,200,227,199,227,198,227,197,227,196,227,195,226,194,225,193,224,192,224,191,223,190,222,190,221,190,220,189,219,189,218,189,217,189,216,189,215,189,214,188,213,188,212,188,211,188,210,188,209,188,208,188,207,188
163,196,162,197,161,197,160,197,159,197,158,198,157,198,156,198,156,199,155,200,154,200,153,201,152,202,151,203,150,204,150,205,150,206,150,207,150,208,150,209,150,210,150,211,150,212,150,213,150,214,150,215,150,216,150,217,150,218,150,219,150,220,150,221,149,222,149,223,148,224,148,225,147,226,147,227,147,228,147,229,147,230,147,231,147,232,147,233,148,234,148,235,148,236,149,237,150,238,151,239,152,239,153,240,154,241,155,242,156,243,157,243,158,244,159,244,160,245,161,246,162,247,163,246,164,245,165,244,166,243,167,243,168,242,169,242,170,242,171,241,172,240,173,240,174,240,175,240,174,239,174,238,174,237,175,236,176,235,177,234,178,233,179,233,179,232,180,231,181,230,181,229,181,228,180,227,180,226,180,225,180,224,179,223,179,222,179,221,179,220,178,219,178,218,178,217,178,216,177,215,177,214,177,213,177,212,177,211,177,210,177,209,177,208,177,207,177,206,177,205,177,204,176,203,176,202,175,201,174,200,173,199,172,198,171,198,170,197,169,196,168,196,167,196,166,196,165,196,164,196
248,196,247,197,246,198,245,198,244,199,243,200,242,200,241,200,240,201,239,201,238,202,237,203,236,204,235,205,235,206,236,207,236,208,237,209,237,210,237,211,237,212,237,213,238,214,237,215,237,216,237,217,237,218,237,219,237,220,237,221,237,222,237,223,237,224,236,225,237,225,238,226,238,227,238,228,239,229,239,230,240,231,240,232,240,233,240,234,241,235,241,236,241,237,242,238,241,239,241,240,241,241,242,241,243,242,244,243,245,243,246,244,247,244,248,245,249,245,250,245,251,246,252,246,253,247,254,248,253,247,254,246,255,246,256,245,257,245,258,245,259,244,260,243,261,243,262,242,262,241,263,240,263,239,264,238,265,237,266,236,267,235,268,234,268,233,268,232,269,231,269,230,270,229,270,228,270,227,270,226,271,225,271,224,271,223,271,222,271,221,271,220,271,219,271,218,271,217,270,216,271,215,271,214,271,213,270,212,270,211,270,210,270,209,270,208,269,207,269,206,269,205,268,204,268,203,268,202,267,201,266,200,265,199,264,198,264,197,263,197,262,197,261,196,260,196,259,196,258,196,257,196,256,196,255,196,255,197,254,198,253,198,252,198,251,198,250,198,249,197
178,204,178,205,178,206,178,207,178,208,178,209,178,210,178,211,178,212,178,213,178,214,178,215,179,216,179,217,179,218,179,219,180,220,180,221,180,222,180,223,181,224,181,225,181,226,181,227,182,228,183,228,184,228,185,228,186,228,187,228,188,228,189,228,190,228,191,228,192,228,193,229,194,229,195,229,196,229,197,229,198,230,199,230,200,230,201,229,202,228,203,228,204,227,205,227,205,226,206,225,206,224,207,223,207,222,208,221,208,220,207,219,207,218,208,217,208,216,207,215,206,214,205,214,204,213,203,213,202,212,201,212,200,211,199,211,198,210,197,210,196,209,195,209,194,208,193,208,192,207,191,207,190,206,189,206,188,205,187,205,186,205,185,205,184,205,183,205,182,204,181,204,180,205,179,205
228,205,227,206,226,207,225,207,224,208,223,209,222,210,221,211,220,212,219,213,218,214,217,215,216,216,215,217,216,218,216,219,216,220,216,221,216,222,216,223,217,224,217,225,216,226,217,227,218,228,219,229,219,230,220,231,221,231,222,231,223,232,224,233,225,233,226,232,227,232,228,231,229,231,230,230,231,229,232,229,232,228,233,227,234,226,235,226,235,225,236,224,236,223,236,222,236,221,236,220,236,219,236,218,236,217,236,216,236,215,237,214,236,213,236,212,236,211,236,210,236,209,235,208,235,207,234,206,233,206,232,206,231,205,230,205,229,205
212,226,211,227,210,227,209,228,208,228,207,228,206,228,205,228,204,228,204,229,204,230,203,231,202,231,201,232,200,231,199,231,200,232,199,233,198,233,197,234,196,234,195,235,194,235,193,236,192,236,191,236,190,237,189,238,188,238,187,239,186,239,186,240,186,241,186,242,186,243,186,244,186,245,186,246,187,247,187,248,188,249,189,250,190,251,191,251,192,252,193,252,194,252,195,253,196,253,197,253,198,252,199,252,200,251,201,251,202,250,203,250,204,249,205,249,206,248,207,247,208,247,209,246,210,245,211,244,212,243,213,242,214,241,215,240,216,239,217,238,217,237,218,236,218,235,218,234,219,233,219,232,218,231,218,230,218,229,217,228,216,227,215,226,214,226,213,227
57,230,56,231,55,231,55,232,54,233,53,234,53,235,52,236,52,237,52,238,52,239,52,240,53,241,53,242,54,242,55,243,56,244,57,244,58,244,59,243,60,243,61,242,62,242,63,241,64,241,65,240,65,239,65,238,66,237,66,236,65,235,65,234,64,233,64,232,63,231,62,231,61,231,60,230,59,230,58,230
277,235,276,236,275,236,274,237,273,238,272,239,271,240,270,241,270,242,269,243,269,244,269,245,268,246,269,247,269,248,270,249,270,250,271,250,272,251,272,252,273,253,274,253,275,254,275,255,275,256,276,256,277,255,278,256,279,255,280,255,281,255,282,255,283,254,284,253,285,253,286,253,287,252,288,251,289,250,289,249,289,248,289,247,289,246,289,245,289,244,289,243,289,242,289,241,288,240,288,239,288,238,287,237,286,237,285,236,284,236,283,235,282,235,281,235,280,235,279,235,278,235
223,240,222,241,221,242,220,242,219,242,218,243,217,244,216,245,215,246,214,247,213,248,213,249,212,250,212,251,211,252,211,253,212,254,213,255,213,256,214,257,215,258,216,259,217,260,218,261,219,262,220,263,221,264,222,264,223,265,224,264,225,264,226,263,227,263,228,262,229,262,230,262,231,262,232,261,233,260,234,259,235,259,236,258,237,258,238,257,239,257,239,256,239,255,239,254,238,253,238,252,238,251,238,250,238,249,238,248,238,247,237,246,237,245,237,244,237,243,236,243,235,243,234,243,233,242,232,241,231,241,230,240,229,240,228,240,227,240,226,240,225,240,224,240
210,252,209,253,208,253,207,253,206,253,205,253,204,253,203,254,202,255,201,255,200,255,199,255,198,255,197,255,196,255,195,255,195,256,194,257,193,257,192,258,191,258,190,259,189,260,188,261,187,261,186,262,185,262,184,263,183,264,182,265,182,266,181,267,181,268,181,269,181,270,181,271,181,272,181,273,182,274,182,275,183,276,183,277,184,278,185,279,186,280,186,281,187,281,188,282,189,283,190,283,191,284,192,285,193,285,194,285,195,286,196,286,197,286,198,286,199,286,200,286,201,286,202,286,203,286,204,286,205,286,206,286,207,286,208,286,209,286,210,285,211,285,211,284,212,283,213,283,214,283,215,282,216,282,217,281,218,280,219,279,220,278,221,277,221,276,222,275,223,274,223,273,223,272,223,271,222,270,223,269,222,268,222,267,223,266,222,265,221,265,220,264,219,263,218,262,217,261,216,260,215,259,214,258,213,257,212,256,212,255,211,254,210,253
175,418,174,419,173,420,172,420,171,421,170,422,169,422,168,423,168,424,167,425,166,426,166,427,165,428,165,429,164,430,164,431,164,432,164,433,164,434,164,435,164,436,164,437,164,438,164,439,164,440,163,441,164,441,165,441,166,442,166,443,167,443,168,443,169,444,170,444,171,445,172,444,173,444,174,444,175,444,176,444,177,443,178,443,179,443,180,443,181,443,182,442,183,442,184,441,185,441,186,441,187,440,188,439,189,439,190,438,191,437,192,436,193,435,194,434,194,433,195,432,195,431,195,430,195,429,195,428,195,427,195,426,194,425,193,424,192,423,191,422,190,422,189,421,188,421,187,420,186,420,185,420,184,419,183,419,182,419,181,418,180,418,179,418,178,418,177,418,176,418
144,424,143,425,142,425,141,426,140,426,139,427,138,427,137,428,136,429,136,430,135,431,134,432,134,433,134,434,134,435,134,436,134,437,134,438,134,439,135,440,135,441,135,442,135,443,135,444,134,445,135,446,136,447,137,448,138,449,139,450,140,451,141,452,142,452,143,451,144,450,145,449,146,449,147,448,148,448,149,447,150,447,151,446,152,445,153,445,154,444,155,444,155,443,156,442,157,442,158,441,159,441,159,440,159,439,159,438,160,437,160,436,159,435,159,434,159,433,159,432,158,431,158,430,157,429,157,428,156,427,155,427,154,426,153,425,152,425,151,424,150,424,149,424,148,424,147,424,146,424,145,424
211,426,210,427,209,427,208,427,207,427,206,428,205,428,204,428,203,429,202,430,201,431,200,432,200,433,200,434,200,435,200,436,200,437,200,438,200,439,200,440,200,441,201,442,201,443,202,444,202,445,203,446,204,447,205,448,206,449,207,449,208,449,209,450,210,450,211,450,212,450,213,450,214,450,215,449,216,448,217,448,218,447,219,446,220,445,221,444,222,443,222,442,223,441,223,440,224,439,224,438,224,437,224,436,223,435,223,434,223,433,223,432,222,431,221,430,220,429,219,429,218,428,217,428,216,427,215,427,214,427,213,426,212,426
364,441,363,442,362,442,361,443,360,443,359,444,358,445,357,446,356,447,356,448,355,449,355,450,354,451,354,452,354,453,354,454,354,455,354,456,355,457,355,458,355,459,356,460,356,461,357,462,358,463,359,463,360,463,361,464,362,464,363,465,364,465,365,465,366,464,367,464,368,464,369,464,370,464,371,464,372,463,373,463,374,463,375,462,376,461,376,460,377,459,377,458,378,457,378,456,378,455,378,454,378,453,378,452,378,451,377,450,377,449,377,448,377,447,376,446,375,445,374,444,373,443,372,442,371,442,370,441,369,441,368,441,367,441,366,441,365,441
118,444,117,445,116,445,115,445,114,446,113,446,112,447,111,447,110,448,109,449,108,450,107,451,106,452,105,453,105,454,104,455,104,456,104,457,103,458,103,459,103,460,102,461,102,462,102,463,102,464,102,465,102,466,102,467,102,468,102,469,102,470,103,471,104,472,104,473,105,474,106,475,107,476,108,476,109,477,110,478,111,479,112,479,113,479,114,480,115,480,116,480,117,480,118,480,119,480,120,480,121,480,122,479,123,479,124,479,125,479,126,479,127,478,128,478,129,478,130,478,131,477,132,477,132,476,133,475,134,474,135,473,136,472,137,471,138,470,138,469,139,468,139,467,140,466,141,465,141,464,142,463,142,462,142,461,142,460,143,459,143,458,142,457,142,456,142,455,141,454,141,453,140,452,139,451,138,450,137,449,136,448,135,447,134,446,133,446,132,446,131,445,130,445,129,445,128,445,127,445,126,445,125,445,124,445,123,444,122,444,121,444,120,444,119,444
333,446,332,447,331,447,330,448,329,448,328,449,327,450,326,450,325,451,325,452,324,453,323,454,323,455,323,456,323,457,322,458,322,459,323,460,323,461,323,462,323,463,324,464,325,465,325,466,326,467,327,467,328,468,329,469,330,469,331,469,332,469,333,469,334,470,335,470,336,470,337,470,338,470,339,470,340,470,341,469,342,468,343,467,344,466,344,465,345,464,345,463,346,462,346,461,346,460,346,459,346,458,346,457,345,456,345,455,345,454,344,453,343,452,343,451,342,450,341,449,341,448,340,448,339,447,338,447,337,446,336,446,335,446,334,446
201,456,200,457,199,457,198,457,197,457,196,457,195,457,194,458,193,458,192,459,191,459,190,460,189,460,188,461,187,462,186,462,185,463,185,464,184,465,184,466,183,467,182,468,182,469,181,470,181,471,181,472,180,473,180,474,180,475,180,476,180,477,180,478,180,479,180,480,180,481,180,482,180,483,180,484,180,485,181,486,181,487,181,488,182,489,182,490,183,491,183,492,184,493,184,494,185,495,186,495,187,496,188,497,189,498,190,498,191,499,192,499,193,500,194,500,195,500,196,501,197,501,198,501,199,502,200,502,201,502,202,502,203,502,204,502,205,502,206,501,207,501,208,501,209,501,210,501,211,501,212,501,213,500,214,500,215,500,216,499,217,498,218,498,219,497,220,496,221,495,222,494,223,493,224,492,225,491,225,490,226,489,226,488,227,487,227,486,227,485,227,484,227,483,227,482,227,481,228,480,228,479,228,478,228,477,228,476,227,475,227,474,227,473,226,472,226,471,226,470,225,469,225,468,224,467,224,466,223,465,222,464,221,464,220,463,219,462,218,461,217,461,216,460,215,459,214,459,213,458,212,458,211,457,210,457,209,456,208,456,207,456,206,456,205,456,204,456,203,456,202,456
381,465,380,466,379,466,378,466,377,467,376,467,375,468,374,468,373,469,372,470,371,470,370,471,369,472,369,473,368,474,368,475,367,476,366,477,366,478,366,479,365,480,365,481,365,482,365,483,366,484,366,485,366,486,366,487,367,488,368,489,368,490,369,491,370,492,371,493,372,494,373,494,374,495,375,495,376,495,377,496,378,497,379,497,380,497,381,497,382,497,383,497,384,497,385,497,386,497,387,496,388,496,389,496,390,495,391,496,392,495,393,494,394,493,394,492,395,491,395,490,395,489,395,488,395,487,395,486,396,485,396,484,396,483,396,482,396,481,397,480,397,479,396,478,396,477,396,476,396,475,396,474,395,473,395,472,395,471,395,470,394,469,393,468,392,467,391,468,390,467,389,466,388,466,387,466,386,466,385,466,384,466,383,466,382,466
94,471,93,472,92,472,91,473,90,473,89,474,88,475,88,476,87,477,86,478,86,479,85,480,85,481,84,482,84,483,84,484,84,485,83,486,83,487,83,488,83,489,83,490,83,491,82,492,82,493,82,494,82,495,82,496,82,497,81,498,81,499,81,500,81,501,81,502,81,503,82,504,82,505,83,506,83,507,83,508,84,509,85,510,86,510,87,511,88,511,89,511,90,511,91,511,92,511,93,511,94,511,95,511,96,511,97,511,98,511,99,511,100,511,101,511,102,511,103,511,104,511,105,510,106,510,107,510,108,510,109,510,110,510,110,509,110,508,110,507,110,506,110,505,109,504,109,503,109,502,109,501,108,500,108,499,108,498,107,497,107,496,106,495,105,494,105,493,104,492,104,491,103,490,103,489,102,488,102,487,101,486,101,485,101,484,101,483,101,482,101,481,101,480,101,479,101,478,101,477,101,476,101,475,101,474,100,473,99,472,98,471,97,471,96,471,95,471
153,472,152,473,151,473,150,473,149,473,148,474,147,474,146,474,145,474,144,475,143,475,142,475,141,476,140,476,139,477,138,478,137,478,137,479,137,480,136,481,136,482,136,483,136,484,136,485,135,486,135,487,135,488,135,489,135,490,135,491,135,492,135,493,135,494,135,495,136,496,136,497,136,498,136,499,136,500,136,501,137,502,137,503,137,504,137,505,138,504,139,505,140,505,141,504,142,504,143,504,144,504,145,504,146,504,147,504,148,505,149,505,150,505,151,505,152,505,153,505,154,505,155,505,156,504,157,504,158,504,159,503,160,503,161,502,162,502,163,501,164,500,165,500,166,499,167,498,168,497,169,496,169,495,170,494,171,493,171,492,171,491,171,490,172,489,172,488,172,487,172,486,172,485,171,484,171,483,171,482,171,481,170,480,170,479,169,478,169,477,168,476,167,475,166,474,165,474,164,473,163,473,162,473,161,472,160,472,159,472,158,472,157,472,156,472,155,472,154,472
316,472,315,473,314,473,313,474,312,475,311,475,311,476,311,477,311,478,311,479,311,480,311,481,311,482,312,483,312,484,313,484,314,485,315,486,316,486,317,486,318,486,319,486,320,486,321,485,322,485,323,484,324,484,324,483,325,482,326,481,326,480,326,479,327,478,326,477,326,476,325,475,324,474,323,473,322,473,321,473,320,472,319,472,318,472,317,472
348,479,347,480,346,480,345,480,344,481,343,481,342,481,341,482,340,482,339,483,338,483,337,484,336,484,335,485,334,486,333,487,333,488,332,489,332,490,331,491,331,492,331,493,330,494,330,495,330,496,330,497,330,498,331,499,331,500,331,501,331,502,332,503,332,504,333,505,333,506,334,507,335,507,336,508,337,509,338,509,339,510,340,510,341,510,342,510,343,511,344,511,345,510,346,510,347,511,348,511,349,511,350,511,351,511,352,511,353,511,354,511,355,510,356,510,357,510,358,510,359,509,360,509,361,508,362,508,363,507,363,506,364,505,364,504,364,503,364,502,365,501,365,500,365,499,365,498,365,497,365,496,365,495,365,494,365,493,365,492,365,491,364,490,364,489,363,488,362,487,362,486,361,485,360,484,359,484,358,483,357,482,356,482,355,481,354,481,353,480,352,480,351,479,350,479,349,479
228,502,227,503,226,503,225,504,224,504,223,504,222,504,221,504,220,505,219,505,218,505,217,505,216,506,215,507,214,508,214,509,214,510,214,511,215,511,216,511,217,511,218,511,219,511,220,511,221,511,222,511,223,511,224,511,225,511,226,511,227,511,228,511,229,511,230,511,231,511,232,511,233,511,234,511,235,511,236,511,237,511,238,511,239,511,240,511,241,511,242,511,243,510,244,510,245,510,244,509,243,509,242,508,241,507,240,507,239,506,238,506,237,505,236,505,235,504,234,503,233,503,232,502,231,502,230,502,229,502
