312,149,311,150,310,151,310,152,309,153,309,154,309,155,310,156,310,157,311,158,312,158,313,159,314,159,315,159,316,159,317,158,318,157,318,156,319,155,319,154,319,153,319,152,318,151,318,150,317,149,316,149,315,149,314,149,313,149
194,169,193,170,192,170,191,170,190,171,189,172,189,173,188,174,187,175,187,176,186,177,186,178,185,179,184,180,184,181,183,182,183,183,182,184,181,185,181,186,180,187,180,188,181,189,182,189,183,190,184,191,185,192,185,193,186,194,187,194,188,195,189,195,190,195,191,196,192,196,193,196,194,196,195,196,196,196,196,195,196,194,197,193,197,192,198,191,199,190,200,189,201,188,201,187,201,186,202,185,202,184,202,183,203,182,203,181,204,180,204,179,204,178,204,177,204,176,204,175,204,174,203,173,203,172,202,171,201,171,200,170,199,170,198,169,197,169,196,169,195,169
213,176,212,177,211,177,210,177,209,177,208,178,207,178,206,179,205,179,205,180,204,181,204,182,203,183,203,184,203,185,202,186,202,187,202,188,202,189,202,190,203,191,203,192,203,193,204,194,204,195,205,195,206,196,207,197,208,198,209,198,210,198,211,199,212,199,213,199,214,200,215,200,216,201,217,201,218,201,219,202,220,201,221,201,222,201,223,200,224,200,225,199,226,199,227,199,228,198,228,197,229,196,230,195,230,194,231,193,231,192,232,191,232,190,232,189,232,188,232,187,232,186,232,185,232,184,231,183,231,182,230,182,229,181,228,180,227,179,226,179,225,179,224,178,223,178,222,177,221,177,220,177,219,176,218,176,217,176,216,176,215,176,214,176
156,188,155,189,154,189,153,190,152,190,151,191,150,192,150,193,149,194,149,195,149,196,148,197,148,198,148,199,147,200,147,201,146,202,146,203,146,204,146,205,146,206,146,207,146,208,146,209,147,210,147,211,148,212,149,213,150,214,151,215,152,215,153,216,154,217,155,218,156,219,157,220,158,221,159,221,160,221,161,222,162,222,163,222,164,222,165,221,166,221,167,220,168,220,169,220,170,219,171,219,172,219,173,219,174,219,175,219,176,219,177,219,178,218,179,218,180,218,181,218,182,218,183,218,184,217,185,218,186,218,187,218,188,218,189,218,190,218,191,218,192,217,193,217,194,216,195,215,196,214,196,213,197,212,197,211,198,210,199,209,199,208,199,207,200,206,200,205,200,204,199,204,198,203,198,202,198,201,197,200,197,199,197,198,196,197,195,197,194,197,193,197,192,197,191,197,190,196,189,196,188,196,187,195,186,195,185,194,184,194,183,194,182,194,181,194,180,194,179,194,178,193,177,193,176,193,175,193,174,192,173,192,172,191,171,191,170,190,169,190,168,190,167,190,166,189,165,189,164,189,163,188,162,188,161,188,160,188,159,188,158,188,157,188
257,193,256,194,256,195,255,196,254,197,253,198,252,199,251,200,251,201,251,202,250,203,250,204,249,205,248,206,248,207,247,208,246,209,245,210,244,211,244,212,243,213,243,214,243,215,242,216,242,217,241,218,241,219,241,220,242,221,242,222,243,223,244,223,245,224,246,224,247,224,248,224,249,224,250,224,251,223,251,222,252,221,253,220,254,219,255,218,256,217,256,216,257,215,258,214,259,213,260,212,261,211,262,210,262,209,263,208,264,207,265,206,266,205,267,204,267,203,267,202,267,201,267,200,267,199,266,198,266,197,265,196,264,195,263,194,262,194,261,193,260,193,259,193,258,193
207,198,206,199,205,199,204,200,203,201,203,202,204,203,204,204,203,205,203,206,203,207,204,208,204,209,205,210,206,211,207,212,208,212,209,213,210,213,211,213,212,214,213,214,214,214,215,215,216,215,217,214,218,214,219,214,220,213,220,212,220,211,221,210,221,209,221,208,221,207,221,206,221,205,220,204,219,203,218,202,217,202,216,202,215,201,214,201,213,200,212,200,211,200,210,199,209,199,208,199
228,199,228,200,227,201,226,202,226,203,225,204,224,205,224,206,223,207,222,208,222,209,222,210,221,211,221,212,221,213,220,214,221,215,221,216,221,217,222,218,222,219,223,220,224,221,225,222,226,222,227,222,228,222,229,222,230,222,231,222,232,222,233,222,234,221,235,221,236,221,237,221,238,220,239,219,240,218,241,217,241,216,242,215,242,214,242,213,243,212,243,211,243,210,242,209,241,208,240,207,239,206,238,206,237,205,236,204,235,204,234,203,233,203,232,202,231,201,230,201,229,200
270,204,269,205,268,205,267,205,266,206,265,207,264,208,263,209,263,210,262,211,261,212,260,213,259,214,258,215,257,216,257,217,256,218,255,219,254,220,253,221,252,222,252,223,251,224,250,225,250,226,250,227,249,228,250,229,250,230,250,231,251,231,252,231,253,230,254,230,255,229,256,229,257,229,258,228,259,228,260,228,261,227,262,227,263,227,264,226,265,226,266,226,267,226,268,225,269,225,270,225,271,224,272,224,273,223,274,223,275,222,276,222,277,221,277,220,277,219,278,218,279,217,279,216,280,215,280,214,280,213,280,212,280,211,280,210,280,209,279,208,278,207,277,206,276,205,275,205,274,204,273,204,272,204,271,204
209,214,208,215,207,215,206,215,205,215,204,216,203,216,202,216,201,217,200,217,199,217,198,218,197,218,196,219,195,219,194,220,193,221,193,222,192,223,192,224,191,225,190,226,190,227,189,228,188,229,188,230,187,231,187,232,187,233,188,234,188,235,187,236,188,236,189,236,190,236,191,237,192,237,193,238,194,238,195,239,196,239,197,239,198,238,199,238,200,237,201,237,202,236,203,236,204,236,205,236,206,236,207,237,208,237,209,237,210,237,211,237,212,237,213,237,214,236,215,236,215,235,216,234,217,234,217,233,217,232,218,231,218,230,219,229,218,228,218,227,218,226,218,225,218,224,218,223,218,222,218,221,217,220,217,219,217,218,217,217,216,216,215,216,214,215,213,215,212,215,211,214,210,214
170,220,169,221,168,221,167,221,166,222,165,222,164,223,163,223,163,224,163,225,162,226,162,227,162,228,162,229,162,230,162,231,162,232,162,233,162,234,163,235,164,236,164,237,165,238,166,239,167,240,167,241,168,241,169,242,170,242,171,242,172,242,173,242,174,242,175,242,176,242,177,242,178,241,179,241,180,241,181,240,182,240,182,239,182,238,183,237,183,236,183,235,184,234,184,233,184,232,184,231,183,230,183,229,183,228,182,227,182,226,181,225,180,225,179,224,178,223,178,222,177,221,177,220,176,220,175,220,174,220,173,220,172,220,171,220
234,222,233,223,232,223,231,223,230,223,229,223,228,223,227,223,226,223,225,224,224,225,223,226,222,227,221,228,220,229,219,230,219,231,218,232,218,233,218,234,217,235,217,236,218,237,219,238,220,239,221,240,222,240,223,241,224,242,225,243,226,244,227,245,228,246,229,245,230,244,231,244,232,243,233,243,234,242,235,242,236,241,237,241,238,241,239,241,240,240,241,239,242,239,243,238,244,237,245,236,245,235,246,234,246,233,246,232,247,231,247,230,247,229,247,228,248,227,247,226,246,225,245,225,244,224,243,224,242,223,241,223,240,223,239,223,238,222,237,222,236,222,235,222
277,222,276,223,275,223,274,224,273,224,272,225,271,225,270,226,269,226,268,226,267,227,266,227,265,227,264,227,263,228,262,228,261,228,260,229,259,229,258,229,257,230,256,230,255,230,254,231,253,231,252,232,251,232,250,232,250,233,250,234,250,235,249,236,249,237,248,238,248,239,248,240,248,241,248,242,248,243,249,244,250,245,251,245,252,245,253,245,254,245,255,245,256,245,257,245,258,245,259,245,260,245,261,245,262,245,263,245,264,244,265,243,266,242,267,241,268,240,269,239,270,238,271,237,272,236,272,235,273,234,274,233,274,232,275,231,275,230,276,229,276,228,276,227,277,226,277,225,277,224,277,223
278,222,278,223,278,224,278,225,278,226,277,227,277,228,277,229,276,230,276,231,275,232,275,233,274,234,273,235,273,236,272,237,271,238,270,239,269,240,270,240,271,241,272,241,273,241,274,242,275,242,276,243,277,243,278,244,279,244,280,243,281,242,282,242,283,241,284,240,284,239,285,238,285,237,286,236,286,235,287,234,287,233,288,232,288,231,288,230,288,229,287,228,287,227,286,226,285,226,284,225,284,224,283,223,282,223,281,222,280,222,279,222
216,236,215,237,214,237,213,238,212,238,211,238,210,238,209,238,208,238,207,238,206,237,205,237,204,237,203,237,202,237,201,238,200,238,199,239,198,239,197,240,197,241,198,242,198,243,199,244,199,245,200,246,200,247,200,248,200,249,200,250,200,251,200,252,201,252,202,253,203,253,204,254,205,254,206,255,207,256,208,257,208,258,208,259,209,259,210,258,211,258,212,258,213,257,214,257,215,256,216,256,217,255,218,255,219,254,220,254,221,253,222,252,223,251,224,250,225,250,226,249,227,248,227,247,227,246,226,245,225,244,224,243,223,242,222,241,221,241,220,240,219,239,218,238,217,237
187,237,186,238,186,239,185,240,184,240,183,240,182,241,181,241,180,242,179,242,178,242,177,243,176,243,175,243,174,243,173,243,172,243,171,243,170,243,169,243,168,242,167,242,166,243,165,244,165,245,165,246,165,247,165,248,165,249,166,250,166,251,166,252,167,253,167,254,168,255,168,256,169,256,170,256,171,256,172,256,173,255,174,255,175,255,176,255,177,254,178,254,179,254,180,253,181,253,182,253,183,252,184,252,184,251,185,250,185,249,186,248,186,247,187,246,187,245,188,244,188,243,189,242,189,241,190,240,190,239,190,238,189,237,188,237
190,237,191,238,191,239,191,240,190,241,190,242,189,243,189,244,188,245,188,246,187,247,187,248,186,249,186,250,185,251,185,252,185,253,186,253,187,254,188,254,189,255,190,255,191,255,192,255,193,255,194,254,195,254,196,254,197,253,198,253,199,252,199,251,199,250,199,249,199,248,199,247,199,246,198,245,198,244,197,243,197,242,196,241,196,240,195,240,194,239,193,239,192,238,191,238
250,246,249,247,248,248,247,249,246,249,245,249,244,249,243,249,242,250,241,251,240,251,239,252,238,253,237,253,236,254,237,255,236,256,236,257,236,258,236,259,235,260,235,261,235,262,236,263,237,264,237,265,238,266,238,267,238,268,238,269,238,270,238,271,238,272,239,273,240,273,241,273,242,273,243,272,244,272,245,271,246,271,247,270,248,270,249,269,250,269,251,268,252,268,253,267,254,267,255,266,256,265,257,265,258,264,259,263,260,263,261,262,262,261,263,260,264,259,265,259,265,258,265,257,265,256,266,255,267,254,267,253,268,252,268,251,268,250,267,249,266,248,265,247,265,246,264,246,263,246,262,246,261,246,260,246,259,246,258,246,257,246,256,246,255,246,254,246,253,246,252,246,251,246
287,246,286,247,285,247,284,247,283,248,282,248,281,249,280,250,279,250,279,251,278,252,277,253,276,254,275,255,275,256,274,257,273,258,273,259,272,260,272,261,272,262,271,263,271,264,270,265,269,265,269,266,269,267,269,268,269,269,269,270,268,271,268,272,268,273,268,274,268,275,267,276,267,277,267,278,267,279,267,280,267,281,266,282,267,283,267,284,268,285,269,285,270,286,271,286,272,287,273,287,274,287,275,286,276,286,277,286,278,285,279,285,280,285,281,284,282,284,283,283,284,283,285,282,286,281,287,280,287,279,288,278,288,277,289,276,289,275,289,274,289,273,290,272,290,271,290,270,290,269,290,268,290,267,290,266,290,265,290,264,290,263,290,262,291,261,292,260,293,259,294,258,294,257,295,256,295,255,295,254,296,253,296,252,296,251,296,250,295,249,295,248,295,247,294,246,293,246,292,246,291,246,290,246,289,246,288,246
227,249,226,250,225,251,224,251,223,252,222,253,221,254,220,255,219,255,218,256,217,256,216,257,215,257,214,258,213,258,212,259,211,259,210,259,209,260,208,260,208,261,207,262,206,263,206,264,205,265,205,266,204,267,204,268,205,269,205,270,205,271,206,272,206,273,207,274,208,274,209,274,210,275,211,275,212,274,213,273,214,273,215,272,216,272,217,271,218,270,219,270,220,269,221,269,222,268,223,267,224,266,225,266,226,265,227,264,228,263,229,263,229,262,230,261,230,260,231,259,232,258,232,257,232,256,232,255,231,254,231,253,230,252,229,251,228,250,228,249
183,253,182,254,181,254,180,254,179,255,178,255,177,255,176,256,175,256,174,256,173,256,172,257,171,257,170,257,169,257,168,257,168,258,168,259,167,260,167,261,167,262,167,263,168,264,169,265,170,266,171,267,172,268,173,269,174,270,175,270,176,270,177,271,178,271,179,272,180,272,181,271,182,271,183,270,184,269,185,268,186,267,186,266,187,265,187,264,187,263,188,262,188,261,189,260,189,259,189,258,190,257,190,256,189,256,188,255,187,255,186,254,185,254,184,253
264,260,263,261,262,262,261,263,260,264,259,264,258,265,257,266,256,266,255,267,254,268,253,268,252,269,251,269,250,270,249,270,248,271,247,271,246,272,245,272,244,273,243,273,242,274,241,274,240,275,239,276,238,276,237,276,236,276,236,277,235,278,234,279,233,280,233,281,232,282,231,283,230,283,229,284,228,285,227,286,226,286,225,287,224,288,223,289,222,290,221,290,220,291,220,292,219,293,219,294,219,295,219,296,219,297,220,298,221,299,222,299,223,299,224,299,225,299,226,299,227,299,228,299,229,298,230,298,231,298,232,298,233,297,234,297,235,297,236,296,237,296,238,295,239,295,240,294,241,293,242,293,243,292,244,291,245,290,246,290,247,289,248,288,249,288,250,287,251,287,252,286,253,286,254,286,255,285,256,285,257,285,258,286,259,286,260,285,261,285,262,285,263,285,264,284,265,284,266,284,266,283,265,282,266,281,266,280,266,279,266,278,266,277,266,276,267,275,267,274,267,273,267,272,267,271,268,270,268,269,268,268,268,267,268,266,268,265,268,264,268,263,267,263,266,262,266,261,266,260,265,261
303,260,302,261,301,261,300,261,299,262,298,262,298,263,297,264,296,265,296,266,295,267,294,268,293,269,292,270,291,271,291,272,290,273,290,274,290,275,290,276,289,277,289,278,288,279,288,280,287,281,286,282,286,283,286,284,286,285,287,285,288,285,289,285,290,286,291,286,292,286,293,286,294,286,295,286,296,286,297,285,298,285,299,284,300,283,301,282,302,281,303,280,304,279,305,278,305,277,306,276,307,275,308,274,309,273,309,272,310,271,310,270,310,269,310,268,310,267,310,266,309,265,309,264,308,263,307,262,306,261,305,261,304,261
234,262,234,263,233,264,232,264,231,264,230,264,229,265,228,266,227,266,226,266,225,267,224,267,223,268,222,269,221,270,220,270,219,271,218,271,217,272,216,273,215,273,214,274,213,274,212,275,211,276,211,277,210,278,210,279,209,280,209,281,209,282,209,283,208,284,208,285,208,286,209,287,210,288,210,289,210,290,211,291,211,292,212,293,213,293,214,293,215,293,216,293,217,293,218,293,219,292,219,291,220,290,221,289,222,289,223,288,224,287,225,286,226,285,227,285,228,284,229,283,230,282,231,282,232,281,232,280,233,279,234,278,233,277,233,276,234,275,235,274,235,273,236,272,237,272,237,271,237,270,237,269,237,268,237,267,237,266,236,265,236,264,235,263
187,267,186,268,185,269,184,270,183,271,182,272,181,272,180,273,180,274,180,275,180,276,180,277,180,278,181,279,181,280,182,281,183,282,184,283,185,284,186,284,187,284,188,284,189,284,190,284,191,284,192,283,193,283,194,283,195,282,196,282,197,281,198,281,199,280,200,279,201,278,202,277,203,276,203,275,204,274,205,273,205,272,204,271,204,270,204,269,203,268,202,268,201,269,200,269,199,269,198,269,197,269,196,269,195,269,194,269,193,269,192,269,191,268,190,268,189,268,188,267
316,273,315,274,314,274,313,275,312,275,311,275,310,276,309,276,308,277,307,278,306,278,305,279,304,280,303,281,302,282,301,283,300,284,299,285,299,286,298,287,298,288,298,289,298,290,299,291,299,292,300,293,300,294,301,295,302,296,302,297,303,298,304,298,305,298,306,297,307,296,308,295,309,295,310,294,311,294,312,294,313,293,314,293,315,293,316,292,317,292,318,292,318,291,319,290,320,290,320,289,321,288,322,287,323,286,324,285,324,284,324,283,324,282,324,281,324,280,324,279,324,278,323,277,323,276,322,275,321,274,320,274,319,274,318,273,317,273
264,285,263,286,262,286,261,286,260,286,259,287,258,287,258,288,257,289,256,289,255,290,255,291,254,292,254,293,253,294,253,295,252,296,252,297,252,298,252,299,253,300,253,301,254,302,255,303,256,304,257,304,258,305,259,304,260,305,261,305,262,306,263,306,264,306,265,306,266,306,267,305,268,304,269,304,269,303,270,302,271,301,271,300,272,299,272,298,272,297,273,296,273,295,273,294,273,293,273,292,272,291,272,290,271,289,270,288,270,287,269,287,268,286,267,285,266,285,265,285
286,286,285,287,284,288,283,289,283,290,282,291,281,292,281,293,280,294,280,295,280,296,280,297,280,298,280,299,280,300,280,301,281,302,281,303,282,304,282,305,283,306,284,307,285,307,286,307,287,308,288,308,289,308,290,307,291,308,292,308,293,308,294,307,295,307,296,307,297,307,298,307,299,306,300,305,301,304,301,303,302,302,302,301,303,300,303,299,302,298,301,297,301,296,300,295,299,294,299,293,298,292,298,291,297,290,297,289,297,288,296,288,295,287,294,287,293,287,292,287,291,287,290,287,289,286,288,286,287,286
197,287,196,288,195,288,194,289,193,289,193,290,192,291,192,292,191,293,191,294,191,295,192,296,192,297,192,298,193,299,193,300,194,301,195,302,196,302,197,302,198,302,199,302,200,302,201,301,202,301,203,300,204,300,205,299,206,298,207,297,208,296,208,295,209,294,210,293,211,293,210,292,210,291,209,290,209,289,209,288,208,287,207,287,206,288,205,288,204,288,203,287,202,287,201,287,200,287,199,287,198,287
316,293,315,294,314,294,313,294,312,295,311,295,310,295,309,296,308,296,307,297,306,298,305,299,304,300,303,301,303,302,302,303,302,304,301,305,300,306,299,307,298,308,297,309,297,310,297,311,296,312,297,313,297,314,298,315,299,316,300,316,301,316,302,316,303,315,304,315,305,314,306,314,307,313,308,313,309,312,310,312,311,312,312,311,313,311,313,310,314,309,315,308,316,307,316,306,317,305,318,304,319,303,319,302,320,301,320,300,321,299,321,298,321,297,321,296,321,295,320,294,319,293,318,293,317,293
259,307,258,308,257,308,256,309,255,309,254,310,253,311,252,312,252,313,251,314,251,315,251,316,251,317,251,318,250,319,250,320,250,321,250,322,250,323,250,324,251,325,251,326,251,327,252,328,252,329,253,330,254,331,254,332,255,332,256,333,256,334,257,334,258,334,259,335,260,335,261,335,262,335,263,335,264,335,265,335,266,334,267,334,268,333,269,332,270,332,271,331,271,330,272,329,272,328,273,327,273,326,273,325,274,324,274,323,274,322,274,321,274,320,273,319,273,318,273,317,273,316,272,315,272,314,271,313,271,312,270,311,269,310,268,310,267,309,266,308,265,307,264,307,263,307,262,307,261,307,260,307
229,308,228,309,227,309,226,310,225,310,224,311,223,311,222,312,221,313,220,314,219,315,219,316,218,317,218,318,217,319,217,320,217,321,217,322,218,323,218,324,219,324,220,325,221,325,222,326,223,326,224,326,225,325,226,325,227,325,228,325,229,325,230,325,231,324,232,324,233,324,234,323,235,322,236,322,236,321,237,320,238,319,239,318,239,317,239,316,239,315,240,314,239,313,239,312,239,311,238,310,237,309,236,309,235,308,234,308,233,308,232,308,231,308,230,308
289,311,288,312,287,312,286,312,285,313,284,313,283,314,282,314,281,315,280,316,280,317,279,318,279,319,279,320,279,321,278,322,279,323,279,324,279,325,280,326,280,327,281,328,281,329,282,330,282,331,283,332,284,332,285,331,286,331,287,330,288,329,289,329,290,328,291,327,292,326,293,325,294,324,294,323,295,322,296,321,296,320,297,319,298,318,299,317,298,316,297,315,296,314,296,313,295,312,294,312,293,312,292,312,291,311,290,311
314,311,313,312,312,312,311,313,310,313,309,313,308,314,307,314,306,315,305,315,304,316,303,316,303,317,302,318,301,318,300,319,299,319,298,319,297,320,297,321,296,322,295,323,295,324,294,325,293,326,292,327,291,328,290,329,289,330,288,330,287,331,286,332,285,332,284,333,284,334,284,335,285,336,285,337,286,337,287,338,288,338,289,338,290,338,291,338,292,338,293,338,294,337,295,337,296,337,297,336,298,336,299,335,300,334,301,333,302,333,303,332,304,332,305,331,306,331,307,330,308,329,309,328,310,328,311,327,312,326,313,325,314,324,315,323,316,322,317,321,318,320,319,319,320,318,320,317,321,316,321,315,321,314,320,313,319,312,318,311,317,311,316,311,315,311
237,322,236,323,235,323,234,324,233,325,232,325,231,326,231,327,230,328,229,329,229,330,229,331,228,332,228,333,228,334,228,335,228,336,229,337,229,338,229,339,230,340,230,341,231,342,232,343,233,343,234,344,235,344,236,344,237,344,238,344,239,344,240,344,241,344,242,344,243,344,244,343,245,343,246,342,247,341,247,340,248,339,248,338,248,337,248,336,249,335,248,334,248,333,248,332,247,331,247,330,247,329,246,328,245,327,245,326,244,325,243,324,242,324,241,323,240,323,239,323,238,322
322,324,321,325,320,325,319,326,318,326,317,327,316,327,315,328,314,329,313,330,312,331,311,332,310,333,309,334,308,335,307,336,306,337,305,338,305,339,305,340,305,341,305,342,306,343,306,344,307,344,308,344,309,344,310,344,311,343,312,343,313,342,314,342,315,341,316,341,317,340,318,340,319,339,320,339,321,338,322,338,323,337,324,337,325,336,326,336,327,336,327,335,328,334,328,333,329,332,330,331,330,330,331,329,331,328,331,327,330,326,329,325,328,324,327,324,326,324,325,324,324,324,323,324
328,336,327,337,326,337,325,337,324,338,323,338,322,339,321,339,320,340,319,340,318,341,317,341,316,342,315,342,314,343,313,343,312,344,311,344,310,345,310,346,309,347,308,348,307,348,307,349,306,350,305,351,305,352,304,353,304,354,303,355,302,356,302,357,302,358,302,359,302,360,302,361,302,362,303,363,304,363,305,363,306,363,307,363,308,362,309,362,310,361,311,360,312,360,313,359,314,358,315,357,316,356,317,355,318,354,319,354,320,353,321,352,322,351,323,350,324,349,325,348,326,347,327,347,328,346,329,346,330,345,331,344,331,343,332,342,332,341,332,340,332,339,331,338,330,337,329,336
296,340,295,341,294,342,293,343,292,343,291,344,290,345,289,346,288,347,287,348,286,349,285,350,284,351,283,352,282,352,281,353,281,354,280,355,279,356,279,357,278,358,278,359,277,360,277,361,278,362,279,362,280,362,281,363,282,363,283,362,284,362,285,362,286,361,287,360,288,359,289,358,290,357,291,356,292,355,293,354,294,353,295,352,296,351,297,350,298,349,299,348,299,347,300,346,301,345,301,344,301,343,301,342,301,341,301,340,300,340,299,340,298,340,297,340
334,345,333,346,332,346,331,346,330,346,329,347,328,347,327,348,326,348,325,349,324,350,323,351,322,352,321,353,320,354,319,355,318,356,317,357,317,358,317,359,317,360,317,361,317,362,318,363,319,364,320,364,321,365,322,365,323,364,324,364,325,364,326,363,327,363,328,362,329,362,330,362,331,361,332,361,333,361,334,360,335,360,336,360,337,359,338,359,339,359,340,359,341,358,342,358,343,358,344,357,345,356,346,355,346,354,346,353,346,352,346,351,345,350,345,349,344,348,343,347,342,347,341,346,340,346,339,346,338,346,337,345,336,345,335,345
341,359,340,360,339,360,338,360,337,360,336,361,335,361,334,361,333,362,332,362,331,362,330,363,329,363,328,363,327,364,326,364,325,365,324,365,323,365,322,366,321,367,321,368,320,369,320,370,319,371,320,372,320,373,321,373,322,374,323,374,324,374,325,374,326,374,327,374,328,374,329,374,330,374,331,374,332,374,333,374,334,375,335,375,336,375,337,375,338,375,339,374,340,374,341,374,342,373,343,373,344,373,345,373,346,373,347,372,348,372,349,372,350,371,351,370,352,369,352,368,352,367,352,366,352,365,352,364,351,363,350,362,349,361,348,360,347,360,346,359,345,359,344,359,343,359,342,359
326,375,325,376,324,376,323,376,322,376,321,376,320,376,319,376,318,377,317,377,316,377,315,378,314,378,313,379,312,380,311,381,310,382,310,383,310,384,311,385,312,386,313,386,314,387,315,387,316,387,317,387,318,387,319,387,320,387,321,387,322,388,323,387,324,387,325,387,326,387,327,386,328,386,329,386,330,385,331,385,332,385,333,384,334,384,335,383,336,383,337,382,337,381,338,380,338,379,338,378,338,377,338,376,337,376,336,376,335,376,334,376,333,375,332,375,331,375,330,375,329,375,328,375,327,375
347,394,346,395,345,395,344,396,343,396,342,397,341,397,340,397,339,397,338,397,337,398,336,398,335,398,334,399,333,399,332,400,331,400,330,401,329,402,328,402,327,403,326,404,325,405,325,406,325,407,325,408,326,409,327,410,328,410,329,410,330,410,331,410,332,410,333,410,334,409,335,409,336,409,337,409,338,409,339,408,340,408,341,408,342,408,343,408,344,408,345,408,346,407,347,407,348,406,349,406,350,405,351,405,352,405,353,404,354,403,355,403,356,402,356,401,356,400,357,399,357,398,357,397,356,396,355,395,354,395,353,394,352,394,351,394,350,394,349,394,348,394
339,409,338,410,337,410,336,410,335,410,334,410,333,411,332,411,331,411,330,411,330,412,329,413,328,413,327,413,326,413,325,413,324,413,323,413,322,412,321,412,320,413,319,413,318,413,317,413,316,414,315,414,314,415,313,416,313,417,312,418,312,419,312,420,312,421,313,422,313,423,314,424,315,425,316,425,317,426,318,426,319,426,320,426,321,426,322,426,323,426,324,426,325,425,326,425,327,425,328,424,329,424,330,423,331,423,332,423,333,422,334,422,335,421,336,421,337,421,338,420,339,420,340,420,341,419,342,418,343,418,344,417,345,416,345,415,345,414,345,413,346,412,346,411,346,410,346,409,345,409,344,409,343,409,342,409,341,409,340,409
358,412,357,413,356,413,355,414,354,415,353,415,352,416,351,417,350,417,349,418,348,418,347,419,346,419,345,420,344,421,343,421,342,422,341,422,340,423,339,423,338,424,337,425,336,426,335,427,334,428,334,429,333,430,333,431,333,432,333,433,334,434,335,435,336,435,337,436,338,437,339,437,340,438,341,438,342,438,343,438,344,439,345,439,346,439,347,439,348,439,349,439,350,439,351,439,352,439,353,439,354,439,355,439,356,438,357,438,358,438,359,437,360,437,361,436,362,436,363,436,364,436,365,435,366,435,367,435,368,434,369,433,370,432,371,431,371,430,372,429,372,428,372,427,372,426,371,425,371,424,370,423,370,422,369,422,368,421,367,421,366,420,366,419,365,418,365,417,364,416,364,415,363,414,362,413,361,413,360,412,359,412
300,425,299,426,298,426,297,427,296,428,296,429,295,430,294,431,294,432,294,433,294,434,294,435,294,436,295,437,295,438,296,439,297,440,298,440,299,441,300,441,301,441,302,441,303,442,304,442,305,441,306,441,307,441,308,441,309,440,310,440,311,440,312,439,313,439,314,438,315,438,316,438,317,438,318,437,319,436,320,436,321,435,322,435,323,434,324,434,323,433,322,432,321,431,320,430,319,429,318,429,317,428,316,428,315,427,314,427,313,427,312,426,311,426,310,426,309,425,308,425,307,425,306,425,305,425,304,425,303,425,302,425,301,425
323,435,322,436,321,436,320,437,319,437,318,438,317,439,316,439,316,440,316,441,315,442,315,443,315,444,315,445,315,446,316,447,317,448,318,449,319,449,320,449,321,450,322,450,323,450,324,450,325,450,326,450,327,450,328,450,329,450,330,450,331,450,332,449,333,449,334,448,335,448,336,447,337,446,338,446,338,445,339,444,339,443,339,442,339,441,339,440,340,439,339,438,338,438,337,437,336,436,335,436,334,435,333,436,332,436,331,436,330,436,329,436,328,436,327,436,326,436,325,435,324,435
382,435,381,436,380,437,379,437,379,438,378,439,378,440,377,441,377,442,377,443,377,444,378,445,378,446,378,447,379,448,379,449,380,450,380,451,381,452,382,452,383,453,384,453,385,453,386,453,387,453,388,452,389,452,390,452,391,451,392,450,393,449,393,448,394,447,394,446,394,445,394,444,394,443,394,442,394,441,394,440,393,439,393,438,392,437,391,436,390,436,389,435,388,435,387,435,386,435,385,435,384,435,383,435
348,450,347,451,346,451,345,451,344,451,343,451,342,451,341,451,340,452,339,452,338,453,337,453,336,454,335,455,334,456,334,457,333,458,332,459,332,460,331,461,331,462,330,463,330,464,330,465,330,466,330,467,330,468,330,469,330,470,330,471,330,472,330,473,331,474,332,475,332,476,333,477,334,478,335,479,336,480,337,481,338,482,339,482,340,482,341,482,342,483,343,483,344,483,345,483,346,483,347,483,348,483,349,483,350,482,351,482,352,482,353,481,354,481,355,481,356,480,357,479,358,478,359,477,360,476,361,475,361,474,362,473,363,472,363,471,363,470,363,469,363,468,363,467,363,466,363,465,363,464,363,463,363,462,362,461,362,460,362,459,361,458,360,457,360,456,359,455,358,454,357,453,356,452,355,452,354,451,353,451,352,451,351,450,350,450,349,450
289,454,288,455,287,455,286,455,285,456,284,456,283,457,282,458,281,458,280,459,279,460,278,461,278,462,278,463,278,464,278,465,278,466,278,467,279,468,279,469,280,470,281,471,282,471,283,472,284,473,285,473,286,473,287,473,288,473,289,473,290,473,291,473,292,472,293,472,293,471,294,470,294,469,295,468,296,467,296,466,296,465,296,464,296,463,296,462,296,461,296,460,296,459,296,458,295,457,295,456,294,456,293,455,292,455,291,455,290,455
311,459,310,460,309,460,308,460,307,461,306,461,305,462,304,462,303,463,302,464,301,465,300,466,299,466,298,467,297,468,297,469,297,470,297,471,296,472,296,473,296,474,296,475,296,476,296,477,296,478,296,479,296,480,296,481,296,482,297,483,297,484,298,485,299,486,299,487,300,488,301,489,302,490,303,490,304,491,305,491,306,492,307,492,308,493,309,493,310,493,311,493,312,493,313,493,314,493,315,493,316,493,317,492,318,492,319,491,320,491,321,490,322,489,323,488,324,488,325,487,325,486,326,485,327,484,327,483,328,482,328,481,329,480,329,479,329,478,329,477,329,476,329,475,329,474,329,473,329,472,329,471,328,470,328,469,327,468,326,467,325,466,324,465,323,464,323,463,322,462,321,461,320,461,319,460,318,460,317,460,316,460,315,459,314,459,313,459,312,459
412,461,411,462,410,462,409,463,408,463,407,464,407,465,406,466,405,467,405,468,404,469,404,470,404,471,404,472,404,473,404,474,404,475,404,476,404,477,404,478,405,479,406,480,407,481,407,482,408,483,409,484,410,484,411,485,412,486,413,486,414,487,415,487,416,487,417,487,418,487,419,486,420,485,421,485,422,484,422,483,423,482,423,481,423,480,423,479,424,478,424,477,424,476,424,475,423,474,423,473,423,472,423,471,423,470,422,469,422,468,421,467,421,466,420,465,419,464,418,463,417,462,416,462,415,462,414,461,413,461
369,471,368,472,367,472,366,472,365,473,364,473,363,473,362,474,362,475,361,476,360,477,359,478,358,479,357,480,356,481,355,482,354,483,354,484,354,485,354,486,354,487,354,488,354,489,354,490,354,491,355,492,355,493,356,494,357,495,358,496,359,497,360,497,361,498,362,499,363,499,364,499,365,499,366,499,367,499,368,499,369,498,370,498,371,497,372,496,373,496,374,495,375,495,376,494,376,493,377,492,377,491,377,490,377,489,377,488,377,487,378,486,378,485,378,484,378,483,378,482,378,481,378,480,378,479,378,478,378,477,378,476,378,475,377,474,376,474,375,473,374,473,373,472,372,472,371,472,370,472
153,473,152,474,151,475,150,475,149,476,149,477,148,478,148,479,147,480,147,481,147,482,147,483,147,484,147,485,147,486,147,487,148,488,148,489,149,490,149,491,150,492,151,493,152,493,153,494,154,494,155,494,156,494,157,494,158,494,159,494,160,494,161,494,162,494,163,493,164,493,165,492,166,491,167,490,168,489,168,488,169,487,169,486,170,485,170,484,170,483,170,482,170,481,169,480,169,479,168,478,168,477,167,476,166,475,165,475,164,474,163,474,162,473,161,473,160,473,159,473,158,473,157,473,156,473,155,473,154,473
382,474,381,475,380,475,379,475,379,476,379,477,379,478,379,479,379,480,379,481,379,482,379,483,379,484,379,485,379,486,378,487,378,488,378,489,378,490,378,491,378,492,377,493,377,494,378,495,379,496,380,497,381,498,382,499,383,499,384,499,385,500,386,500,387,500,388,500,389,500,390,500,391,501,392,501,393,500,394,500,395,500,396,500,397,499,398,499,399,498,400,497,401,497,402,496,403,495,403,494,404,493,404,492,405,491,405,490,405,489,405,488,405,487,405,486,405,485,405,484,405,483,405,482,404,481,404,480,403,479,403,478,402,478,401,477,400,477,399,476,398,476,397,475,396,475,395,474,394,474,393,474,392,474,391,474,390,474,389,474,388,474,387,474,386,474,385,474,384,474,383,474
187,484,186,485,185,485,184,485,183,486,182,486,181,487,180,488,179,489,179,490,178,491,178,492,178,493,178,494,178,495,178,496,178,497,178,498,178,499,178,500,178,501,178,502,178,503,179,504,179,505,179,506,180,507,181,508,182,509,183,509,184,509,185,509,186,509,187,509,188,508,189,508,190,507,191,507,192,506,193,505,194,504,195,503,196,502,197,501,198,500,198,499,199,498,199,497,199,496,200,495,199,494,199,493,199,492,199,491,199,490,199,489,198,488,198,487,197,486,196,485,195,484,194,484,193,484,192,484,191,484,190,484,189,484,188,484
277,484,276,485,275,485,274,485,273,486,272,486,271,487,270,488,270,489,269,490,269,491,269,492,269,493,269,494,269,495,270,496,270,497,269,498,270,499,270,500,271,501,271,502,272,503,273,503,274,504,275,504,276,505,277,505,278,505,279,505,280,506,281,506,282,505,283,505,284,505,285,504,286,504,287,503,288,502,289,501,290,500,291,499,291,498,291,497,291,496,291,495,291,494,291,493,290,492,290,491,289,490,289,489,288,488,287,487,286,486,285,485,284,485,283,485,282,484,281,484,280,484,279,484,278,484
264,492,263,493,262,493,262,494,261,495,261,496,261,497,262,498,262,499,263,499,264,500,265,500,266,500,267,499,268,498,269,497,269,496,268,495,268,494,268,493,268,492,267,492,266,492,265,492
336,494,335,495,334,495,333,495,332,495,331,495,330,495,329,496,328,496,327,496,326,496,325,496,324,496,323,497,322,497,321,498,320,498,319,499,319,500,318,501,317,502,317,503,316,504,316,505,316,506,316,507,316,508,316,509,316,510,316,511,317,511,318,511,319,511,320,511,321,511,322,511,323,511,324,511,325,511,326,511,327,511,328,511,329,511,330,511,331,511,332,511,333,511,334,511,335,511,336,511,337,511,338,511,339,511,340,511,341,511,342,511,343,511,344,511,345,511,346,511,347,511,348,511,349,510,349,509,349,508,349,507,349,506,349,505,348,504,348,503,347,502,347,501,347,500,346,499,346,498,345,497,344,496,343,496,342,495,341,495,340,495,339,494,338,494,337,494
407,498,406,499,405,499,404,500,403,501,402,502,402,503,401,504,401,505,401,506,400,507,400,508,399,509,400,510,400,511,401,511,402,511,403,511,404,511,405,511,406,511,407,511,408,511,409,511,410,511,411,511,412,511,413,511,414,511,415,511,416,510,417,509,417,508,417,507,417,506,417,505,417,504,417,503,417,502,417,501,416,500,415,499,414,499,413,498,412,498,411,498,410,498,409,498,408,498
156,500,155,501,154,501,153,501,152,502,151,503,150,504,149,505,148,506,148,507,147,508,147,509,147,510,148,511,149,511,150,511,151,511,152,511,153,511,154,511,155,511,156,511,157,511,158,511,159,511,160,511,161,511,162,511,163,511,164,511,165,511,166,511,167,511,168,511,169,511,170,511,171,511,172,511,173,510,173,509,172,508,172,507,172,506,171,505,170,504,169,503,168,502,167,502,166,501,165,501,164,500,163,500,162,500,161,500,160,500,159,500,158,500,157,500
200,501,199,502,198,503,198,504,197,505,196,506,195,507,194,508,194,509,193,510,194,511,195,511,196,511,197,511,198,511,199,511,200,511,201,511,202,511,203,511,204,511,205,511,206,511,207,511,208,511,209,511,210,511,211,511,212,511,213,511,214,511,215,510,215,509,215,508,214,507,213,506,212,505,211,504,210,503,209,502,208,502,207,501,206,501,205,501,204,501,203,501,202,501,201,501
296,501,295,502,294,502,293,503,292,503,291,504,290,505,289,505,288,506,287,507,286,507,285,508,284,509,285,510,286,511,287,511,288,510,289,510,290,510,291,510,292,510,293,510,294,510,295,510,296,511,297,510,298,510,299,511,300,510,301,510,302,510,303,510,304,510,305,510,306,510,307,509,307,508,307,507,306,506,306,505,305,504,305,503,304,502,303,502,302,502,301,501,300,501,299,501,298,501,297,501
369,502,368,503,367,503,366,503,365,503,364,503,363,504,362,504,361,505,360,506,359,507,359,508,358,509,358,510,358,511,359,511,360,511,361,511,362,511,363,511,364,511,365,511,366,511,367,511,368,511,369,511,370,511,371,511,372,511,373,511,374,511,375,511,376,511,377,511,378,511,379,511,380,511,381,511,382,511,383,511,384,511,385,511,386,511,386,510,386,509,386,508,385,507,384,507,383,506,382,505,381,504,380,504,379,503,378,503,377,503,376,502,375,502,374,502,373,502,372,502,371,502,370,502
131,504,130,505,129,505,128,505,127,505,126,506,125,506,124,506,124,507,123,508,122,508,122,509,122,510,123,511,124,511,125,511,126,511,127,511,128,511,129,511,130,511,131,511,132,511,133,511,134,511,135,511,136,511,137,511,138,511,139,511,140,511,141,511,142,510,141,509,141,508,141,507,140,506,139,506,138,505,137,505,136,505,135,504,134,504,133,504,132,504
