110,136,109,137,108,137,107,138,106,138,105,139,104,140,103,141,103,142,102,143,102,144,103,145,102,146,102,147,102,148,102,149,102,150,102,151,102,152,102,153,102,154,103,155,103,156,104,157,105,157,106,158,107,158,108,158,109,158,110,158,111,158,112,158,113,158,114,157,115,157,116,156,117,155,118,154,118,153,119,152,119,151,120,150,120,149,120,148,120,147,120,146,120,145,120,144,120,143,120,142,119,141,119,140,118,139,117,138,116,137,115,137,114,136,113,136,112,136,111,136
151,151,150,152,149,152,148,153,147,154,147,155,146,156,145,157,145,158,144,159,144,160,144,161,144,162,144,163,144,164,144,165,144,166,144,167,145,168,145,169,146,170,147,171,147,172,148,173,149,173,150,173,151,173,152,173,153,173,154,173,155,173,156,172,157,172,158,172,159,171,160,170,161,170,162,169,163,168,163,167,164,166,165,165,165,164,165,163,165,162,166,161,166,160,166,159,166,158,165,157,165,156,165,155,164,154,163,153,162,152,161,152,160,151,159,151,158,151,157,151,156,151,155,151,154,151,153,151,152,151
178,157,177,158,176,158,175,158,174,159,173,160,172,161,171,162,170,163,169,164,169,165,168,166,168,167,168,168,168,169,167,170,168,171,168,172,168,173,168,174,168,175,168,176,169,177,169,178,170,179,170,180,170,181,171,182,171,183,172,184,172,185,172,186,173,187,173,188,174,189,175,190,176,191,177,191,178,192,179,192,180,192,181,192,182,192,183,191,184,191,185,191,186,191,187,191,188,191,189,191,190,190,191,190,192,190,193,190,194,190,194,189,195,188,196,187,197,186,198,185,199,185,199,184,200,183,201,182,202,181,202,180,202,179,202,178,202,177,202,176,202,175,202,174,202,173,201,172,201,171,200,170,199,169,199,168,198,168,197,167,196,167,195,166,194,166,193,165,192,164,191,163,190,162,189,161,188,160,187,159,186,158,185,158,184,157,183,157,182,157,181,157,180,157,179,157
217,162,216,163,215,163,214,164,213,164,212,165,211,166,210,167,209,168,208,169,207,170,207,171,207,172,207,173,207,174,207,175,208,176,208,177,209,178,209,179,210,180,211,180,212,180,213,181,214,181,215,181,216,182,217,182,218,182,219,183,220,183,221,183,222,183,223,184,224,184,225,184,226,185,227,185,228,185,229,184,230,183,231,182,231,181,231,180,232,179,232,178,232,177,232,176,233,175,233,174,233,173,233,172,234,171,234,170,233,169,232,168,231,167,230,166,229,165,228,164,227,164,226,163,225,163,224,162,223,162,222,162,221,162,220,162,219,162,218,162
236,169,235,170,235,171,234,172,234,173,234,174,234,175,233,176,233,177,233,178,233,179,232,180,232,181,232,182,232,183,233,184,234,185,235,186,236,187,237,188,238,188,239,189,240,189,241,190,242,190,243,191,244,191,245,192,246,193,247,194,248,194,249,195,250,196,251,197,252,198,253,198,254,198,255,198,256,197,257,196,258,195,259,194,260,193,261,192,260,191,261,190,261,189,261,188,261,187,261,186,260,185,260,184,260,183,259,182,259,181,258,180,257,179,256,178,255,177,254,177,253,176,252,175,251,174,250,174,249,173,248,173,247,172,246,171,245,171,244,170,243,170,242,170,241,170,240,169,239,169,238,169,237,169
205,180,205,181,204,182,203,183,203,184,203,185,202,186,201,187,201,188,201,189,201,190,201,191,201,192,202,193,202,194,202,195,203,196,203,197,204,198,204,199,205,200,206,201,207,202,208,203,209,203,210,204,211,204,212,204,213,204,214,204,215,204,216,203,217,202,218,202,219,201,220,200,221,199,222,198,223,197,224,196,225,195,225,194,226,193,226,192,227,191,227,190,227,189,227,188,227,187,227,186,226,186,225,185,224,185,223,185,222,184,221,184,220,184,219,184,218,183,217,183,216,183,215,182,214,182,213,182,212,181,211,181,210,181,209,180,208,180,207,180,206,181
142,187,141,188,140,188,139,189,138,190,137,191,137,192,137,193,137,194,136,195,136,196,136,197,136,198,135,199,135,200,135,201,136,202,136,203,136,204,136,205,137,206,137,207,138,208,138,209,139,210,139,211,140,212,141,213,141,214,142,214,143,215,144,215,145,215,146,215,147,215,148,215,149,215,150,215,151,214,152,214,153,213,153,212,154,211,155,210,156,209,157,208,157,207,158,206,159,205,160,204,161,203,162,202,163,201,164,200,165,199,165,198,166,197,167,196,166,195,165,194,164,193,164,192,163,191,162,191,161,190,160,190,159,189,158,189,157,188,156,188,155,187,154,187,153,187,152,188,151,189,150,189,149,189,148,188,147,187,146,187,145,187,144,187,143,187
236,189,235,190,234,190,233,191,232,192,231,192,230,193,229,194,229,195,228,196,228,197,227,198,227,199,226,200,226,201,226,202,226,203,226,204,226,205,227,205,228,206,229,206,230,207,231,207,232,208,233,209,234,210,235,211,236,212,237,213,238,212,239,212,240,212,241,212,242,212,243,212,244,212,245,212,246,212,247,211,248,210,248,209,249,208,249,207,250,206,250,205,250,204,251,203,251,202,251,201,251,200,251,199,251,198,250,197,249,196,248,195,247,195,246,194,245,193,244,192,243,192,242,191,241,191,240,190,239,190,238,189,237,189
192,191,191,192,190,192,189,192,188,193,187,193,186,194,185,194,184,194,183,195,182,195,181,196,180,197,179,197,178,198,177,197,177,198,177,199,176,200,176,201,175,202,175,203,174,204,174,205,174,206,174,207,173,208,173,209,174,210,174,211,175,212,176,213,177,214,178,214,179,214,180,215,181,215,182,215,183,215,184,215,185,215,186,215,187,214,188,214,189,214,190,213,191,212,192,211,193,210,194,209,194,208,195,207,195,206,195,205,195,204,195,203,195,202,196,201,196,200,196,199,196,198,197,197,197,196,197,195,197,194,197,193,197,192,196,191,195,191,194,191,193,191
262,192,261,193,260,194,259,195,258,196,257,197,256,198,255,199,255,200,255,201,255,202,254,203,254,204,254,205,253,206,253,207,253,208,252,209,251,210,251,211,250,212,249,213,248,214,247,215,246,216,245,216,244,217,244,218,244,219,244,220,245,221,246,222,247,222,248,222,249,222,250,223,251,222,252,221,253,221,254,220,255,219,256,218,256,217,257,216,258,215,259,214,260,213,261,212,261,211,262,210,263,209,264,208,265,207,265,206,266,205,267,204,268,203,268,202,269,201,269,200,269,199,269,198,269,197,269,196,268,195,268,194,267,194,266,193,265,193,264,193,263,193
169,196,168,197,167,197,166,198,166,199,165,200,164,201,163,202,162,203,161,204,160,205,159,206,158,207,158,208,157,209,156,210,155,211,154,212,154,213,153,214,152,215,151,215,150,216,149,216,148,216,147,216,146,216,145,216,146,216,147,217,148,218,149,218,150,219,151,220,152,220,153,221,154,221,155,222,156,222,157,222,158,222,159,222,160,222,161,222,162,221,163,221,164,221,165,220,166,220,167,220,168,219,167,218,168,217,169,216,170,215,170,214,171,213,171,212,172,211,173,210,172,209,172,208,173,207,173,206,173,205,173,204,174,203,174,202,175,201,175,200,176,199,176,198,176,197,175,197,174,197,173,196,172,196,171,196,170,196
274,201,273,202,272,202,271,202,270,203,269,203,268,204,267,205,266,206,266,207,265,208,264,209,263,210,262,211,262,212,261,213,260,214,259,215,258,216,257,217,257,218,256,219,255,220,254,221,255,222,256,223,257,224,258,225,259,225,260,225,261,225,262,225,263,224,264,224,265,224,266,224,267,223,268,223,269,223,270,223,271,222,272,222,273,222,274,222,275,222,276,221,277,221,278,221,279,221,280,221,281,221,282,221,282,220,283,219,284,218,285,217,285,216,285,215,285,214,285,213,285,212,285,211,284,210,284,209,284,208,283,207,283,206,282,205,282,204,281,203,280,202,279,201,278,201,277,201,276,201,275,201
141,215,141,216,141,217,141,218,141,219,141,220,141,221,142,222,142,223,142,224,142,225,142,226,143,227,143,228,143,229,144,230,144,231,144,232,145,233,145,234,145,235,146,236,146,237,146,238,146,239,147,240,147,241,148,242,148,243,148,244,149,245,149,246,150,247,150,248,151,249,152,250,152,251,153,252,154,253,155,254,156,255,157,256,158,255,159,254,160,254,161,253,162,252,163,251,164,251,165,250,166,250,167,249,168,249,169,248,170,248,171,247,172,246,173,246,174,245,175,245,176,245,177,244,178,243,179,242,179,241,179,240,178,239,178,238,178,237,178,236,177,235,177,234,177,233,176,232,176,231,175,230,175,229,175,228,174,227,174,226,173,225,172,224,172,223,171,222,170,222,169,221,169,220,168,220,167,221,166,221,165,221,164,222,163,222,162,222,161,223,160,223,159,223,158,223,157,223,156,223,155,223,154,222,153,222,152,221,151,221,150,220,149,219,148,219,147,218,146,217,145,217,144,216,143,216,142,216
204,218,203,219,202,219,201,219,200,219,199,219,198,219,197,220,196,220,195,220,194,221,193,221,192,221,191,222,190,223,189,223,188,223,187,224,186,225,185,225,184,226,183,227,182,228,181,228,180,229,179,230,179,231,178,232,178,233,178,234,178,235,179,236,179,237,180,238,181,239,182,240,183,240,184,240,185,241,186,241,187,242,188,242,189,243,190,244,191,244,192,244,193,244,194,243,195,243,196,243,197,242,198,242,199,241,200,240,201,239,202,238,203,237,204,237,205,236,206,235,207,234,207,233,207,232,207,231,207,230,207,229,207,228,206,227,206,226,206,225,206,224,205,223,205,222,205,221,204,220,204,219
288,219,288,220,287,221,286,221,285,222,284,222,283,222,282,222,281,222,280,222,279,222,278,222,277,222,276,222,275,223,274,223,273,223,272,223,271,223,270,224,269,224,268,224,267,224,266,225,265,225,264,225,263,225,262,226,261,226,260,226,259,226,259,227,258,228,257,229,256,230,255,231,254,231,253,232,252,232,251,232,250,232,249,233,250,234,251,235,252,236,253,237,254,238,255,239,256,239,257,240,258,241,259,241,260,242,261,243,262,243,263,244,264,244,265,245,266,245,267,245,268,246,269,246,269,245,270,244,271,243,272,243,273,243,274,242,275,242,276,242,277,241,278,241,279,240,280,240,281,240,282,239,283,238,284,239,283,238,283,237,284,236,285,235,286,235,287,234,287,233,288,232,289,232,290,231,291,231,292,231,293,231,294,231,295,231,295,230,296,229,296,228,296,227,296,226,296,225,295,224,295,223,294,222,294,221,293,220,292,220,291,219,290,219,289,219
232,221,231,222,230,223,229,224,229,225,229,226,229,227,230,228,230,229,230,230,231,231,231,232,231,233,231,234,232,235,232,236,232,237,233,238,234,238,235,239,236,239,237,240,238,240,239,240,240,240,241,239,242,239,243,238,244,237,244,236,245,235,246,234,246,233,246,232,246,231,247,230,247,229,247,228,247,227,248,226,248,225,247,224,247,223,246,223,245,222,244,221,243,221,242,221,241,221,240,221,239,221,238,221,237,221,236,221,235,221,234,221,233,221
225,225,224,226,223,226,222,227,221,227,220,228,220,229,220,230,220,231,219,232,219,233,220,234,219,235,219,236,220,236,221,237,222,237,223,238,224,238,225,238,226,239,227,239,228,240,229,240,230,240,231,240,232,239,232,238,231,237,231,236,231,235,230,234,230,233,230,232,230,231,229,230,229,229,229,228,228,227,228,226,228,225,227,225,226,225
214,237,213,238,212,239,211,239,210,239,209,240,208,240,207,240,206,241,206,242,205,243,205,244,205,245,205,246,205,247,205,248,205,249,205,250,206,251,206,252,207,253,207,254,208,255,208,256,209,257,210,258,211,259,212,260,213,261,214,261,215,262,216,262,217,261,218,261,219,261,220,260,221,260,222,260,223,260,224,259,225,259,226,258,227,258,228,257,229,257,230,256,230,255,231,254,231,253,231,252,231,251,232,250,232,249,232,248,232,247,231,246,231,245,231,244,231,243,231,242,231,241,230,241,229,241,228,241,227,240,226,240,225,239,224,239,223,239,222,238,221,238,220,237,219,237,218,237,217,237,216,237,215,237
178,244,177,245,176,246,175,246,174,246,173,247,172,247,171,248,170,249,169,249,168,250,167,250,166,251,165,251,164,252,163,252,162,253,161,254,160,255,159,255,158,256,158,257,159,258,159,259,160,260,160,261,161,262,162,263,162,264,163,265,163,266,164,267,165,268,166,269,167,268,168,267,169,267,170,266,171,266,172,265,173,265,174,264,175,264,176,263,177,262,178,262,179,261,180,261,181,260,182,260,183,259,184,259,184,258,184,257,183,256,183,255,183,254,182,253,182,252,181,251,180,250,180,249,179,248,178,247,178,246,178,245
190,245,189,246,189,247,188,248,187,249,186,250,185,251,184,252,184,253,184,254,184,255,184,256,185,257,185,258,186,259,186,260,187,261,188,261,189,261,190,262,191,263,191,264,192,264,193,265,194,265,195,266,196,266,197,267,198,267,199,268,200,268,201,268,202,268,203,268,204,268,205,268,206,267,207,266,208,265,209,264,209,263,209,262,209,261,209,260,209,259,208,258,208,257,207,256,207,255,206,255,205,254,204,253,204,252,203,251,202,250,202,249,201,248,200,247,199,246,198,246,197,246,196,245,195,245,194,245,193,245,192,245,191,245
277,258,276,259,275,259,274,260,273,261,272,262,271,263,271,264,270,265,270,266,270,267,269,268,269,269,270,270,271,271,272,272,273,273,274,274,275,275,276,276,277,277,278,278,279,279,280,280,281,281,282,282,282,281,282,280,283,279,283,278,284,277,285,276,286,275,286,274,287,273,288,272,288,271,289,270,290,269,290,268,290,267,290,266,290,265,289,264,289,263,288,262,287,261,286,260,285,259,284,259,283,259,282,258,281,258,280,258,279,258,278,258
185,259,184,260,183,260,182,261,181,262,180,263,180,264,180,265,180,266,180,267,180,268,180,269,180,270,180,271,180,272,180,273,180,274,180,275,179,276,179,277,179,278,179,279,179,280,179,281,179,282,180,282,181,283,182,283,183,284,184,284,185,284,186,285,187,285,188,285,189,285,190,284,191,284,192,284,193,284,194,283,195,283,196,283,197,283,197,282,198,281,199,281,200,280,201,279,202,278,203,277,203,276,203,275,203,274,203,273,203,272,202,271,201,270,200,269,199,269,198,268,197,268,196,267,195,267,194,266,193,266,192,265,191,265,190,265,189,264,188,263,187,262,186,261,185,260
181,261,180,262,179,262,178,263,177,263,176,264,175,265,174,265,173,266,172,266,171,267,170,267,169,268,168,268,167,269,167,270,167,271,167,272,167,273,167,274,167,275,168,276,168,277,168,278,169,279,169,280,170,281,171,282,172,282,173,283,174,283,175,284,176,283,177,283,178,283,179,283,178,282,178,281,178,280,178,279,178,278,178,277,178,276,179,275,179,274,179,273,179,272,179,271,179,270,179,269,179,268,179,267,179,266,179,265,179,264,179,263,180,262
250,265,250,266,249,267,248,268,247,268,247,269,246,270,245,271,244,272,244,273,243,274,242,275,242,276,241,277,240,278,239,279,238,280,237,281,236,281,235,282,234,282,233,283,232,284,231,285,230,286,229,287,228,288,227,289,227,290,226,291,225,292,225,293,226,293,227,293,228,294,229,295,230,294,231,294,232,294,233,294,234,294,235,294,236,294,237,293,238,293,239,293,240,293,241,293,242,293,243,293,244,293,245,293,246,292,247,291,248,290,249,289,250,288,251,287,252,286,253,285,254,284,255,283,256,282,257,281,257,280,258,279,258,278,259,277,259,276,260,275,260,274,261,273,261,272,261,271,262,270,262,269,261,268,260,268,259,267,258,267,257,267,256,267,255,267,254,266,253,266,252,266,251,266
293,267,292,268,291,268,291,269,290,270,289,271,289,272,288,273,287,274,287,275,286,276,285,277,284,278,284,279,283,280,283,281,283,282,282,283,282,284,282,285,282,286,283,287,284,287,285,287,286,287,287,287,288,287,289,287,290,287,291,287,292,287,293,287,294,286,295,286,296,286,296,285,297,284,298,284,298,283,299,282,300,281,300,280,301,279,301,278,302,277,302,276,302,275,302,274,302,273,301,272,301,271,300,270,299,269,298,268,297,268,296,268,295,268,294,268
268,270,267,271,266,272,265,273,264,274,264,275,264,276,264,277,263,278,263,279,264,280,264,281,264,282,265,283,266,284,267,285,268,286,269,286,270,286,271,287,272,286,273,286,274,286,275,286,276,286,277,286,278,286,279,286,280,286,281,286,281,285,281,284,281,283,281,282,280,281,279,280,278,279,277,278,276,277,275,276,274,275,273,274,272,273,271,272,270,271,269,270
317,274,316,275,315,275,314,275,313,275,312,276,311,276,310,277,309,278,308,279,307,280,307,281,306,282,306,283,306,284,306,285,305,286,305,287,305,288,306,289,306,290,307,291,307,292,307,293,307,294,308,295,308,296,308,297,308,298,309,298,310,298,311,298,312,298,313,297,314,297,315,297,316,296,317,296,318,296,319,295,320,295,320,294,320,293,320,292,321,291,322,290,322,289,323,288,324,287,324,286,325,285,326,284,326,283,326,282,326,281,326,280,326,279,326,278,325,277,325,276,324,275,323,275,322,274,321,274,320,274,319,274,318,274
194,284,193,285,192,285,191,285,190,285,189,286,188,286,187,286,187,287,186,288,185,288,185,289,184,290,183,291,183,292,183,293,183,294,182,295,183,296,183,297,183,298,184,299,184,300,185,301,186,302,186,303,187,303,188,304,189,305,190,305,191,305,192,305,193,305,194,305,195,305,196,306,197,305,198,305,199,305,200,305,201,304,202,303,203,302,204,301,205,300,205,299,205,298,205,297,206,296,206,295,206,294,207,293,207,292,206,291,205,290,204,289,204,288,203,287,202,287,201,286,200,286,199,285,198,284,197,284,196,284,195,284
261,287,260,288,259,289,258,289,257,290,256,291,255,292,254,293,254,294,253,295,252,296,252,297,251,298,251,299,251,300,251,301,252,302,252,303,253,304,254,305,255,306,256,307,257,308,258,309,259,309,260,309,261,309,262,309,263,309,264,310,265,310,266,310,267,310,268,309,269,308,270,307,271,307,271,306,272,305,273,304,274,303,274,302,274,301,275,300,275,299,275,298,275,297,275,296,275,295,274,294,274,293,273,292,272,291,271,290,270,289,269,288,268,288,267,287,266,287,265,287,264,287,263,287,262,287
294,287,293,288,292,288,291,288,290,288,289,288,288,288,287,288,286,288,285,288,284,289,283,290,282,290,281,291,280,292,279,293,279,294,279,295,279,296,278,297,278,298,278,299,278,300,279,301,279,302,280,303,281,304,282,305,283,306,284,307,285,308,286,308,287,308,288,308,289,308,290,308,291,308,292,308,293,308,294,308,295,308,296,307,297,307,298,307,299,307,300,307,301,306,302,306,303,305,304,304,304,303,305,302,306,301,306,300,306,299,306,298,306,297,306,296,306,295,306,294,306,293,305,292,305,291,304,290,303,289,302,288,301,288,300,287,299,287,298,287,297,287,296,287,295,287
237,294,236,295,235,295,234,295,233,295,232,295,231,295,230,295,230,296,229,297,228,297,227,298,226,298,225,299,224,299,223,300,222,301,221,301,220,302,219,303,218,303,217,304,216,305,216,306,215,307,215,308,215,309,215,310,215,311,216,312,216,313,217,313,218,313,219,314,220,314,221,313,222,313,223,312,224,312,225,312,226,311,227,311,228,311,229,310,230,310,231,310,232,309,233,309,234,309,235,308,236,308,237,307,238,306,239,305,240,305,241,304,242,303,243,302,244,301,244,300,245,299,246,298,246,297,246,296,246,295,245,294,244,294,243,294,242,294,241,294,240,294,239,294,238,294
235,309,234,310,233,310,232,310,231,311,230,311,229,311,228,312,227,312,226,312,225,313,224,313,223,313,222,314,221,314,220,315,220,316,219,317,218,317,217,318,216,319,215,320,214,320,214,321,213,322,213,323,213,324,213,325,213,326,213,327,214,328,215,329,216,330,217,330,218,330,219,331,220,331,221,330,222,330,223,330,224,330,225,330,226,330,227,329,228,329,229,328,230,328,231,327,232,327,233,326,234,326,235,326,236,325,236,324,237,323,238,322,239,321,239,320,239,319,240,318,240,317,240,316,240,315,240,314,240,313,240,312,239,311,239,310,238,309,237,309,236,309
256,309,255,310,254,310,253,310,252,310,251,311,250,311,249,311,248,311,247,312,246,312,245,312,244,313,243,314,242,315,241,316,241,317,241,318,240,319,240,320,240,321,239,322,239,323,239,324,239,325,239,326,240,327,241,328,241,329,242,330,243,331,244,332,245,333,245,334,246,334,247,334,248,335,249,335,250,335,251,335,252,335,253,335,254,335,255,335,256,335,257,335,258,335,259,335,260,335,261,335,262,335,263,335,264,334,265,334,266,334,267,333,268,332,269,332,270,331,270,330,271,329,271,328,272,327,272,326,272,325,272,324,272,323,272,322,272,321,272,320,272,319,272,318,271,317,271,316,270,315,270,314,269,313,268,313,267,312,267,311,266,311,265,311,264,311,263,310,262,310,261,310,260,310,259,310,258,310,257,309
290,310,289,311,288,311,287,311,286,311,285,312,284,312,283,313,282,313,281,314,280,315,279,316,279,317,279,318,279,319,278,320,278,321,278,322,278,323,278,324,278,325,278,326,278,327,278,328,278,329,278,330,279,331,279,332,280,333,280,334,281,335,282,336,283,336,284,336,285,336,286,336,287,336,288,336,289,336,290,335,291,335,292,334,293,333,294,332,295,332,296,331,297,331,298,331,298,330,298,329,299,328,299,327,300,326,300,325,301,324,301,323,302,322,302,321,303,320,303,319,304,318,304,317,303,316,303,315,302,314,301,313,300,312,299,311,298,311,297,311,296,311,295,311,294,311,293,310,292,310,291,310
318,310,317,311,316,311,315,311,314,312,313,312,312,313,311,314,310,314,309,315,308,316,307,316,306,317,305,317,305,318,304,319,304,320,303,321,303,322,302,323,302,324,301,325,301,326,300,327,300,328,299,329,299,330,299,331,298,332,299,333,300,333,301,333,302,333,303,333,304,333,305,333,306,333,307,333,308,332,309,332,310,331,311,331,312,330,313,329,314,329,315,328,316,327,317,327,318,326,319,325,319,324,320,323,321,322,321,321,322,320,323,319,323,318,324,317,324,316,324,315,324,314,324,313,324,312,323,311,322,311,321,310,320,310,319,310
323,324,322,325,321,325,320,326,319,326,318,327,317,328,316,328,315,329,314,330,313,330,312,331,311,332,310,332,309,333,308,333,307,334,307,335,307,336,307,337,307,338,307,339,307,340,307,341,308,342,308,343,309,343,310,344,311,344,312,344,313,344,314,343,315,343,316,343,317,342,318,342,319,341,320,340,321,340,322,339,323,339,324,338,325,338,326,337,327,336,327,335,327,334,328,333,329,332,330,331,330,330,330,329,330,328,330,327,330,326,329,325,328,325,327,324,326,324,325,324,324,324
237,325,236,326,235,327,235,328,234,329,233,329,232,330,231,331,230,331,229,332,228,333,227,334,227,335,227,336,226,337,226,338,226,339,225,340,225,341,225,342,225,343,226,344,226,345,227,345,228,346,229,346,230,347,231,347,232,347,233,348,234,348,235,348,236,348,237,348,238,348,239,348,240,348,241,347,242,347,243,347,244,346,245,345,246,344,247,343,247,342,247,341,247,340,247,339,247,338,247,337,246,336,246,335,245,335,244,334,244,333,243,332,242,331,241,330,240,329,240,328,239,327,238,326,238,325
326,338,325,339,324,339,323,340,322,340,321,341,320,341,319,342,318,343,317,343,316,344,315,344,314,344,313,345,312,345,311,345,312,346,312,347,312,348,312,349,312,350,312,351,313,352,313,353,313,354,314,355,314,356,315,357,315,358,316,358,317,358,318,357,319,357,320,357,321,357,322,356,323,355,324,354,325,354,326,353,327,352,328,351,329,351,330,350,331,349,332,348,333,347,334,346,334,345,334,344,335,343,335,342,334,341,334,340,333,339,332,339,331,338,330,338,329,338,328,338,327,338
299,339,298,340,297,340,296,341,295,342,294,342,293,343,292,344,291,345,290,346,289,347,288,347,287,348,286,348,285,349,285,350,284,351,283,352,282,353,281,354,280,354,279,355,278,356,278,357,277,358,277,359,276,360,275,361,275,362,274,363,274,364,274,365,274,366,275,367,276,368,277,369,278,369,279,369,280,368,281,368,282,367,282,366,283,365,284,364,285,363,286,362,287,361,288,360,289,359,290,359,291,358,292,357,293,356,294,355,295,354,295,353,296,352,297,351,298,350,299,349,300,349,301,348,302,347,303,346,303,345,304,344,304,343,304,342,304,341,304,340,303,339,302,339,301,339,300,339
308,344,307,345,307,346,306,347,305,348,304,348,303,348,302,349,301,350,300,351,299,352,298,352,297,353,296,354,295,355,294,356,293,357,292,358,291,359,291,360,290,361,290,362,290,363,291,364,291,365,292,366,293,366,294,366,295,366,296,365,297,365,298,364,299,364,300,364,301,364,302,364,303,364,304,363,305,363,306,363,307,363,308,363,309,363,310,362,311,362,312,361,313,360,314,359,314,358,314,357,313,356,313,355,312,354,312,353,312,352,311,351,311,350,311,349,311,348,311,347,311,346,310,345,309,345
254,345,253,346,252,346,251,346,250,346,249,346,248,347,247,347,246,348,245,348,244,349,243,350,242,351,241,352,241,353,241,354,241,355,241,356,242,357,242,358,243,359,244,360,245,361,246,362,247,362,248,362,249,363,250,363,251,363,252,362,253,362,254,362,255,362,256,361,257,360,258,359,259,358,260,357,260,356,261,355,261,354,262,353,262,352,263,351,263,350,263,349,262,348,261,347,260,346,259,346,258,346,257,345,256,345,255,345
339,346,338,347,337,347,336,348,335,348,334,348,333,348,332,349,331,350,330,351,329,352,328,352,327,353,326,354,325,355,324,355,323,356,322,357,321,358,320,358,320,359,321,360,321,361,321,362,321,363,321,364,322,364,323,364,324,364,325,363,326,363,327,363,328,363,329,362,330,362,331,362,332,362,333,362,334,362,335,362,336,362,337,361,338,361,339,361,340,360,341,360,342,359,343,359,344,359,345,358,345,357,346,356,346,355,347,354,347,353,347,352,348,351,348,350,347,349,346,348,345,348,344,347,343,347,342,346,341,346,340,346
272,352,271,353,270,353,269,354,268,354,267,355,266,355,265,356,264,356,263,356,263,357,262,358,262,359,261,360,261,361,261,362,261,363,262,364,263,365,264,365,265,365,266,366,267,365,268,365,269,365,270,364,271,364,272,364,273,363,274,362,274,361,275,360,276,359,276,358,277,357,277,356,278,355,279,354,279,353,278,353,277,352,276,352,275,352,274,352,273,352
345,359,344,360,343,360,342,360,341,361,340,361,339,362,338,362,337,362,336,363,335,363,335,364,335,365,335,366,335,367,335,368,335,369,335,370,334,371,334,372,335,372,336,372,337,372,338,372,339,372,340,372,341,372,342,372,343,373,344,373,345,373,346,373,347,373,348,373,349,373,350,373,351,372,352,371,353,371,353,370,354,369,355,368,355,367,355,366,354,365,354,364,353,363,352,362,351,361,350,361,349,361,348,361,347,360,346,360
321,374,320,375,319,375,318,375,317,375,317,376,316,377,315,377,314,377,313,378,312,378,311,379,310,379,309,380,308,381,307,382,306,383,306,384,306,385,306,386,307,387,308,387,309,388,310,388,311,388,312,388,313,388,314,388,315,388,316,388,317,388,318,387,319,387,320,387,321,386,322,386,323,386,324,386,325,385,326,385,327,384,328,384,329,384,330,383,331,383,332,382,333,382,334,381,335,381,336,380,337,380,337,379,337,378,338,377,338,376,337,375,336,374,335,374,334,374,333,374,332,374,331,375,330,374,329,374,328,374,327,374,326,374,325,374,324,374,323,374,322,374
350,378,349,379,348,379,347,379,346,380,345,380,344,381,343,381,342,381,341,382,340,382,339,382,338,383,337,383,336,384,335,384,334,384,333,384,332,383,331,384,330,384,329,385,328,385,327,385,326,386,325,386,324,387,323,387,322,387,321,387,320,388,319,388,318,388,317,389,316,389,315,390,315,391,315,392,316,393,317,394,318,394,319,394,320,395,321,394,322,394,323,394,324,394,325,394,326,394,327,394,328,394,329,394,330,393,331,393,332,393,333,393,334,393,335,393,336,393,337,393,338,393,339,393,340,393,341,393,342,393,343,392,344,392,345,392,346,393,347,393,348,393,349,392,350,392,351,392,352,392,353,392,354,391,355,390,356,390,357,389,357,388,358,387,358,386,358,385,358,384,358,383,358,382,358,381,357,380,356,379,355,378,354,378,353,378,352,378,351,378
349,393,348,394,347,394,346,394,345,394,344,395,343,395,342,396,341,396,340,396,339,397,338,397,337,397,336,397,335,397,334,398,333,398,332,398,331,399,330,399,329,400,328,399,328,400,327,401,326,402,326,403,325,404,325,405,324,406,325,407,325,408,326,409,327,410,327,411,328,411,329,411,330,411,331,411,332,411,333,411,334,411,335,411,336,410,337,410,338,409,339,409,340,408,341,408,342,408,343,408,344,407,345,407,346,407,347,407,348,406,349,406,350,406,351,406,352,405,353,405,354,405,355,404,356,404,357,403,358,403,359,402,359,401,360,400,360,399,360,398,360,397,360,396,359,396,358,395,357,394,356,394,355,394,354,394,353,393,352,393,351,393,350,393
313,397,312,398,311,398,310,398,309,399,308,400,307,400,306,401,306,402,306,403,306,404,306,405,307,406,308,406,309,407,310,407,311,407,312,407,313,407,314,406,315,406,316,406,317,406,318,406,319,405,320,405,321,404,322,404,323,404,324,403,325,403,325,402,326,401,327,400,327,399,328,398,327,397,326,397,325,397,324,397,323,397,322,397,321,397,320,397,319,397,318,397,317,397,316,397,315,397,314,397
296,406,295,407,294,408,293,409,293,410,292,411,292,412,293,413,293,414,294,415,295,416,296,417,297,417,298,417,299,417,300,417,301,417,302,417,303,417,304,417,305,417,306,417,307,416,308,416,309,415,310,415,310,414,311,413,310,412,310,411,309,410,308,409,307,409,306,408,305,408,304,408,303,407,302,407,301,407,300,406,299,406,298,406,297,406
362,409,361,410,360,410,359,410,358,410,357,411,356,412,355,412,354,413,353,413,352,414,351,414,350,414,349,415,348,415,347,415,346,415,345,415,344,416,343,417,342,418,341,419,340,420,339,421,338,422,338,423,338,424,337,425,337,426,337,427,338,428,338,429,339,430,340,431,341,432,342,433,343,434,344,435,345,434,346,433,347,433,348,432,349,431,350,430,351,430,352,429,353,429,354,428,355,428,356,427,357,427,358,426,359,426,360,425,361,425,362,424,363,424,364,423,365,422,366,422,367,421,368,421,369,420,370,419,371,418,371,417,370,416,370,415,370,414,369,413,368,412,367,411,366,411,365,410,364,410,363,409
340,411,339,412,338,412,337,412,336,413,335,412,334,412,333,412,332,412,331,412,330,412,329,412,328,412,327,413,326,413,325,413,324,413,323,413,322,413,321,413,320,413,319,413,318,412,317,412,316,413,315,413,314,413,313,414,312,414,311,414,311,415,311,416,311,417,310,418,310,419,310,420,310,421,310,422,310,423,310,424,311,424,312,425,313,426,314,426,315,427,316,427,317,427,318,428,319,428,320,428,321,428,322,427,323,427,324,427,325,427,326,427,327,427,328,426,329,426,330,425,331,425,332,424,333,424,334,424,335,423,336,422,337,422,338,421,339,420,340,419,341,418,342,417,343,416,344,415,345,414,346,414,346,413,346,412,345,411,344,411,343,411,342,411,341,411
302,423,301,424,300,424,299,425,298,426,297,427,296,428,296,429,295,430,295,431,295,432,295,433,294,434,294,435,294,436,295,437,295,438,296,439,297,439,298,440,299,440,300,441,301,441,302,442,303,442,304,443,305,443,306,444,307,443,308,443,309,443,310,443,311,442,312,442,313,442,314,441,315,441,316,441,317,440,318,441,319,440,320,439,321,438,322,438,323,437,324,437,325,436,326,435,327,435,328,434,327,433,326,432,325,431,324,431,323,431,322,430,321,430,320,429,319,429,318,429,317,428,316,428,315,428,314,427,313,427,312,426,311,425,310,425,309,425,308,424,307,424,306,424,305,424,304,423,303,423
396,425,395,426,394,426,393,426,392,427,391,428,391,429,391,430,391,431,390,432,390,433,390,434,391,435,391,436,392,437,393,438,393,439,394,439,395,440,396,440,397,441,398,441,399,441,400,441,401,441,402,441,403,441,404,440,405,440,406,439,406,438,407,437,407,436,407,435,407,434,407,433,407,432,406,431,406,430,405,429,404,428,403,427,402,427,401,426,400,426,399,425,398,425,397,425
286,435,285,436,284,436,283,437,283,438,282,439,282,440,282,441,281,442,282,443,282,444,282,445,283,446,284,447,285,448,285,449,286,450,286,451,287,451,288,452,289,452,290,452,291,453,292,453,293,454,294,454,295,454,296,454,297,453,298,453,299,453,300,452,301,452,302,451,303,450,304,449,304,448,305,447,305,446,305,445,305,444,304,444,303,443,302,443,301,442,300,442,299,441,298,441,297,440,296,440,295,439,294,438,293,438,292,437,291,437,290,436,289,436,288,436,287,435
328,435,327,436,326,436,325,437,324,438,323,438,322,439,321,439,320,440,319,441,319,442,319,443,319,444,320,445,321,446,322,447,323,447,324,448,325,448,326,449,327,449,328,449,329,449,330,449,331,449,332,449,333,448,334,448,335,447,336,447,337,447,338,446,338,445,338,444,339,443,339,442,339,441,339,440,339,439,339,438,338,437,337,436,336,435,335,435,334,435,333,435,332,435,331,435,330,435,329,435
274,444,273,445,272,446,271,447,271,448,270,449,270,450,269,451,269,452,269,453,269,454,270,455,270,456,270,457,271,458,272,459,272,460,273,461,274,462,275,463,276,463,277,463,278,463,279,463,280,463,281,462,282,461,283,460,284,459,285,458,285,457,286,456,286,455,286,454,286,453,285,452,285,451,285,450,284,449,284,448,283,447,282,446,281,446,280,445,279,444,278,444,277,444,276,444,275,444
371,445,370,446,369,446,368,446,367,447,366,447,365,448,364,449,363,450,362,451,362,452,361,453,360,454,360,455,360,456,360,457,360,458,360,459,360,460,360,461,361,462,361,463,361,464,361,465,362,466,362,467,362,468,363,469,364,469,365,470,366,471,367,471,368,472,369,472,370,472,371,473,372,473,373,473,374,473,375,473,376,473,377,473,378,473,379,472,380,471,381,471,382,470,383,469,384,468,384,467,385,466,386,465,386,464,386,463,387,462,387,461,387,460,387,459,387,458,387,457,387,456,387,455,387,454,387,453,386,452,386,451,385,450,384,449,384,448,383,447,382,447,381,446,380,446,379,446,378,445,377,445,376,445,375,445,374,445,373,445,372,445
411,445,410,446,410,447,410,448,410,449,410,450,410,451,410,452,410,453,410,454,410,455,410,456,410,457,410,458,411,459,411,460,412,461,413,461,414,461,415,461,416,461,417,461,418,462,418,461,419,460,420,459,420,458,421,457,421,456,421,455,421,454,421,453,420,452,420,451,419,450,419,449,419,448,418,447,417,446,416,446,415,445,414,445,413,445,412,445
341,448,340,449,339,449,338,450,337,451,336,452,335,453,334,454,334,455,333,456,333,457,333,458,333,459,333,460,333,461,333,462,333,463,333,464,333,465,333,466,333,467,333,468,334,469,334,470,334,471,334,472,335,473,335,474,336,475,337,476,337,477,338,478,339,479,340,479,341,479,342,479,343,480,344,480,345,480,346,479,347,479,348,479,349,479,350,479,351,479,352,478,353,478,354,477,355,476,356,476,357,475,358,474,359,473,360,472,361,471,362,470,362,469,361,468,361,467,361,466,360,465,360,464,360,463,360,462,359,461,359,460,359,459,359,458,359,457,359,456,359,455,359,454,358,454,357,453,357,452,356,452,355,451,354,450,353,450,352,449,351,449,350,449,349,448,348,448,347,448,346,448,345,448,344,448,343,448,342,448
153,452,152,453,151,453,150,454,149,455,149,456,148,457,147,458,147,459,147,460,146,461,146,462,146,463,147,464,147,465,148,466,148,467,149,468,150,468,151,469,152,469,153,470,154,470,155,470,156,469,157,469,158,469,159,468,160,468,161,467,162,466,163,465,163,464,164,463,164,462,165,461,165,460,164,459,164,458,164,457,163,456,163,455,162,454,161,453,160,453,159,452,158,452,157,452,156,452,155,452,154,452
178,457,177,458,176,458,175,459,174,459,173,460,173,461,172,462,171,463,171,464,171,465,170,466,170,467,170,468,170,469,170,470,170,471,170,472,170,473,171,474,172,475,173,475,174,476,175,477,176,477,177,478,178,478,179,479,180,479,181,479,182,479,183,479,184,479,185,479,186,479,187,478,188,477,189,476,190,475,190,474,191,473,192,472,192,471,192,470,192,469,192,468,192,467,192,466,192,465,192,464,192,463,191,462,190,461,189,460,188,460,187,459,186,459,185,459,184,458,183,458,182,457,181,457,180,457,179,457
210,462,209,463,208,463,207,464,206,464,205,465,204,466,204,467,203,468,203,469,203,470,203,471,203,472,204,473,204,474,205,475,206,475,207,476,208,476,209,476,210,476,211,476,212,476,213,477,214,476,215,476,216,475,217,475,218,475,219,475,219,474,220,473,221,473,221,472,222,471,222,470,222,469,221,468,221,467,221,466,220,465,219,464,218,464,217,463,216,463,215,463,214,463,213,462,212,462,211,462
412,462,411,463,411,464,410,465,410,466,409,467,409,468,408,469,408,470,408,471,408,472,409,473,409,474,409,475,410,476,410,477,410,478,411,479,411,480,412,481,412,482,413,483,414,484,414,485,415,486,416,486,417,486,418,486,419,486,420,486,421,485,422,485,423,484,424,483,424,482,424,481,424,480,424,479,424,478,424,477,424,476,424,475,423,474,423,473,423,472,423,471,423,470,422,469,422,468,422,467,421,466,420,465,419,464,418,463,417,462,416,462,415,462,414,462,413,462
308,463,307,464,306,464,305,464,304,465,303,465,302,466,301,467,301,468,301,469,300,470,300,471,299,472,299,473,299,474,299,475,299,476,299,477,299,478,299,479,299,480,300,481,300,482,301,483,301,484,302,485,302,486,303,487,304,488,305,489,306,490,307,491,308,491,309,492,310,492,311,492,312,492,313,492,314,492,315,492,316,492,317,491,318,491,319,490,320,489,321,489,321,488,322,487,323,486,323,485,323,484,324,483,324,482,324,481,324,480,324,479,324,478,324,477,324,476,324,475,324,474,324,473,323,472,323,471,322,470,321,469,320,468,319,467,318,466,317,465,316,464,315,464,314,464,313,463,312,463,311,463,310,463,309,463
133,468,132,469,131,469,130,470,129,470,129,471,128,472,127,473,127,474,126,475,126,476,125,477,125,478,125,479,125,480,125,481,125,482,125,483,125,484,125,485,126,486,126,487,127,488,127,489,128,489,129,490,130,490,131,490,132,491,133,491,134,491,135,491,136,492,137,492,138,492,139,492,140,492,141,492,142,491,143,490,144,490,144,489,145,488,146,487,146,486,146,485,147,484,147,483,147,482,147,481,147,480,147,479,147,478,147,477,147,476,146,475,145,474,145,473,144,472,143,471,142,470,141,470,140,469,139,469,138,469,137,469,136,468,135,468,134,468
389,469,388,470,387,470,386,470,385,471,384,471,383,472,382,472,381,473,380,474,379,474,378,475,378,476,377,477,376,478,376,479,375,480,375,481,375,482,374,483,374,484,374,485,374,486,374,487,374,488,374,489,374,490,374,491,374,492,374,493,375,494,376,495,376,496,377,497,378,498,379,499,380,499,381,500,382,500,383,501,384,502,385,502,386,502,387,502,388,503,389,503,390,503,391,502,392,502,393,502,394,502,395,502,396,502,397,501,398,501,399,501,400,500,401,500,402,499,403,498,404,497,405,496,405,495,406,494,406,493,407,492,407,491,407,490,407,489,407,488,407,487,407,486,407,485,407,484,407,483,407,482,406,481,406,480,406,479,405,478,405,477,404,476,404,475,403,474,402,473,401,472,400,472,399,471,398,470,397,470,396,470,395,469,394,469,393,469,392,469,391,469,390,469
158,471,157,472,156,472,155,472,154,472,153,473,152,473,151,473,150,474,149,475,148,476,148,477,148,478,148,479,148,480,148,481,148,482,148,483,148,484,147,485,147,486,148,487,148,488,149,489,150,490,151,491,151,492,152,492,153,492,154,492,155,493,156,493,157,493,158,493,159,493,160,493,161,493,162,492,163,491,164,491,165,490,166,490,167,489,167,488,168,487,168,486,169,485,169,484,169,483,169,482,169,481,169,480,169,479,168,478,168,477,167,476,167,475,166,474,165,473,164,473,163,472,162,472,161,472,160,471,159,471
273,476,272,477,271,478,270,479,270,480,269,481,269,482,269,483,268,484,268,485,268,486,268,487,267,488,267,489,267,490,267,491,267,492,267,493,267,494,267,495,268,496,268,497,268,498,268,499,269,500,269,501,270,502,271,503,271,504,272,505,273,506,274,507,275,507,276,508,277,508,278,509,279,509,280,509,281,510,282,510,283,509,284,509,285,509,286,509,287,508,288,508,289,508,290,508,291,507,292,506,292,505,292,504,292,503,292,502,292,501,291,500,291,499,291,498,291,497,291,496,291,495,291,494,291,493,291,492,291,491,290,490,290,489,289,488,289,487,289,486,288,485,287,484,286,483,285,482,284,481,283,480,282,479,281,479,280,478,279,477,278,477,277,476,276,476,275,476,274,476
214,477,213,478,212,478,211,479,210,479,209,480,208,481,207,482,207,483,206,484,206,485,206,486,206,487,206,488,206,489,206,490,206,491,207,492,207,493,208,494,209,494,210,495,211,495,212,495,213,495,214,495,215,495,216,494,217,494,218,493,219,492,220,492,221,491,222,490,222,489,223,488,223,487,223,486,223,485,223,484,223,483,223,482,223,481,223,480,222,479,221,478,220,478,219,478,218,478,217,477,216,477,215,477
187,483,186,484,185,484,184,485,183,485,182,486,181,486,180,487,179,488,178,489,178,490,178,491,177,492,177,493,177,494,177,495,178,496,179,497,179,498,180,499,180,500,180,501,181,502,181,503,181,504,182,505,183,506,184,506,185,507,186,507,187,507,188,506,189,506,190,505,191,505,192,504,193,503,194,503,195,502,195,501,196,500,197,499,197,498,198,497,198,496,198,495,198,494,198,493,198,492,198,491,198,490,198,489,197,488,196,487,196,486,195,485,194,484,193,484,192,483,191,483,190,483,189,483,188,483
222,494,221,495,220,495,219,496,219,497,218,498,218,499,217,500,216,501,215,502,215,503,214,504,213,505,213,506,213,507,213,508,213,509,213,510,214,511,215,511,216,511,217,511,218,511,219,511,220,511,221,511,222,511,223,511,224,511,225,511,226,511,227,511,228,511,229,511,230,511,231,511,232,511,233,510,234,510,234,509,235,508,236,507,236,506,236,505,236,504,236,503,236,502,236,501,235,500,234,499,233,498,232,497,231,496,230,495,229,495,228,495,227,495,226,494,225,494,224,494,223,494
329,495,328,496,327,496,326,496,325,496,324,496,323,496,322,496,321,496,320,496,319,497,318,498,317,498,317,499,316,500,316,501,316,502,316,503,316,504,315,505,315,506,315,507,316,508,316,509,317,510,318,510,319,511,320,511,321,511,322,511,323,511,324,511,325,511,326,511,327,511,328,511,329,511,330,511,331,511,332,511,333,511,334,511,335,511,336,511,337,511,338,511,339,511,340,511,341,511,342,511,343,511,344,511,345,511,346,510,347,510,346,509,347,508,347,507,346,506,346,505,346,504,345,503,345,502,344,501,344,500,343,499,342,498,341,497,340,497,339,496,338,496,337,496,336,496,335,495,334,495,333,495,332,495,331,495,330,495
410,499,409,500,408,500,407,501,406,502,405,503,404,504,403,505,402,506,402,507,401,508,401,509,401,510,402,511,403,511,404,511,405,511,406,511,407,511,408,511,409,511,410,511,411,511,412,511,413,511,414,511,415,511,416,511,417,511,418,511,419,511,420,510,420,509,420,508,420,507,420,506,420,505,420,504,420,503,419,502,418,502,417,501,417,500,416,499,415,499,414,499,413,499,412,499,411,500
146,500,145,501,144,501,143,502,142,502,141,503,141,504,140,505,140,506,140,507,140,508,140,509,140,510,140,511,141,511,142,511,143,510,144,510,145,511,146,511,147,511,148,511,149,511,150,511,151,511,152,511,153,511,154,511,155,511,156,511,157,511,158,511,159,511,160,511,161,511,162,511,163,511,164,511,165,511,166,511,167,511,168,510,169,510,170,510,170,509,170,508,170,507,170,506,169,505,169,504,168,503,167,502,166,502,165,501,164,501,163,501,162,501,161,500,160,500,159,500,158,500,157,500,156,500,155,500,154,500,153,500,152,500,151,500,150,500,149,500,148,500,147,500
201,500,200,501,199,501,199,502,198,503,197,504,196,504,195,505,195,506,194,507,194,508,194,509,194,510,195,510,196,510,197,511,198,511,199,511,200,511,201,511,202,511,203,511,204,511,205,511,206,511,207,511,208,511,209,511,210,511,211,511,212,510,212,509,212,508,212,507,212,506,212,505,211,504,210,503,209,503,208,502,207,501,206,501,205,501,204,500,203,500,202,500
365,501,364,502,363,502,362,502,361,503,360,504,359,505,358,505,357,506,356,507,355,508,354,509,354,510,354,511,355,511,356,511,357,511,358,511,359,511,360,511,361,511,362,511,363,511,364,511,365,511,366,511,367,511,368,511,369,511,370,511,371,511,372,511,373,511,374,511,375,511,376,511,377,511,378,511,379,511,380,511,381,511,382,511,383,511,384,511,385,511,386,511,387,510,387,509,386,508,385,507,384,506,383,505,382,504,381,504,380,503,379,503,378,502,377,502,376,502,375,501,374,501,373,501,372,501,371,501,370,501,369,501,368,501,367,501,366,501
128,503,127,504,126,504,125,504,124,505,123,506,122,506,121,507,120,508,120,509,120,510,121,511,122,511,123,511,124,511,125,511,126,511,127,511,128,511,129,511,130,511,131,511,132,511,133,511,134,511,135,511,136,511,137,511,138,511,139,511,139,510,139,509,139,508,139,507,139,506,138,506,137,505,136,504,135,504,134,504,133,503,132,503,131,503,130,503,129,503
