149,48,148,49,147,49,146,50,145,50,144,51,144,52,143,53,143,54,142,55,142,56,141,57,141,58,141,59,142,60,142,61,143,62,144,63,144,64,145,64,146,65,147,65,148,65,149,65,150,65,151,66,152,66,153,66,154,66,155,65,156,65,157,65,158,64,159,63,159,62,160,61,160,60,160,59,161,58,161,57,161,56,161,55,161,54,160,53,159,52,159,51,158,50,157,50,156,49,155,49,154,48,153,48,152,48,151,48,150,48
74,68,73,69,72,69,71,70,70,70,69,71,68,72,68,73,67,74,66,75,66,76,66,77,66,78,66,79,67,80,68,81,69,82,70,83,71,83,72,83,73,83,74,83,75,82,76,82,77,81,78,81,79,80,80,79,81,79,82,78,83,77,84,76,85,75,86,74,86,73,86,72,86,71,85,70,85,69,84,69,83,68,82,68,81,68,80,68,79,68,78,68,77,68,76,68,75,68
93,93,92,94,91,95,91,96,91,97,91,98,90,99,90,100,90,101,90,102,90,103,90,104,90,105,91,106,92,106,93,106,94,106,95,106,96,105,97,104,98,104,99,103,100,102,101,101,102,100,103,99,103,98,103,97,103,96,103,95,103,94,102,94,101,94,100,93,99,93,98,93,97,93,96,93,95,93,94,93
122,96,122,97,121,98,121,99,121,100,121,101,120,102,120,103,120,104,120,105,120,106,119,107,120,108,120,109,121,110,122,111,123,112,124,113,125,114,126,115,127,115,128,115,129,114,130,114,131,113,132,113,133,112,134,112,135,111,136,110,137,110,138,109,138,108,138,107,139,106,139,105,139,104,139,103,139,102,140,101,140,100,139,99,138,99,137,98,136,98,135,98,134,97,133,97,132,97,131,96,130,96,129,96,128,96,127,96,126,96,125,96,124,96,123,96
184,114,184,115,183,116,182,117,181,118,180,119,179,120,178,121,177,122,177,123,176,124,176,125,175,126,175,127,175,128,176,129,176,130,176,131,176,132,176,133,177,134,177,135,178,135,179,136,179,137,180,138,181,139,181,140,182,141,182,142,183,143,184,144,184,145,185,146,186,147,187,148,188,149,189,150,190,151,191,152,192,152,193,152,194,152,195,152,196,151,197,151,198,151,199,150,200,149,201,148,201,147,202,146,202,145,203,144,203,143,203,142,204,141,204,140,205,139,205,138,206,137,206,136,207,135,208,134,209,133,209,132,210,131,210,130,211,129,212,128,211,128,210,127,209,127,208,126,207,126,206,125,205,125,204,124,203,124,202,123,201,123,200,123,199,122,198,122,197,121,196,121,195,120,194,120,193,119,192,119,191,118,190,118,189,117,188,117,187,116,186,116,185,115
152,116,151,117,150,117,149,117,148,117,147,118,146,118,145,118,144,119,143,120,142,120,141,121,140,122,139,122,138,123,137,124,137,125,136,126,135,127,134,128,134,129,134,130,134,131,134,132,134,133,134,134,134,135,133,136,133,137,133,138,132,139,133,140,133,141,134,142,134,143,134,144,135,145,135,146,135,147,136,148,136,149,137,150,138,151,139,152,140,152,141,153,142,153,143,154,144,154,145,154,146,155,147,155,148,155,149,156,150,156,151,156,152,156,153,156,154,156,155,156,156,156,157,156,158,155,159,155,160,155,161,154,162,154,163,153,164,153,165,152,166,151,167,151,168,150,169,149,170,148,171,147,172,146,173,145,173,144,174,143,174,142,174,141,174,140,175,139,175,138,175,137,175,136,174,135,174,134,174,133,173,132,173,131,173,130,172,129,171,128,171,127,170,126,169,125,168,124,167,123,167,122,166,122,165,121,164,121,163,121,162,120,161,120,160,119,159,119,158,118,157,118,156,117,155,117,154,117,153,117
117,135,116,136,115,136,114,136,113,137,112,137,111,137,110,138,109,139,108,139,107,140,106,140,105,140,104,141,105,142,105,143,104,144,103,145,103,146,103,147,103,148,103,149,103,150,103,151,103,152,103,153,103,154,103,155,104,156,104,157,104,158,105,159,105,160,105,161,106,162,106,163,107,164,108,165,109,166,110,167,111,167,112,168,113,169,114,169,115,169,116,170,117,170,118,171,119,171,120,171,121,171,122,171,123,171,124,170,125,170,126,170,127,169,128,169,129,168,130,167,131,166,131,165,132,164,133,163,133,162,133,161,134,160,134,159,134,158,134,157,135,156,135,155,135,154,135,153,135,152,135,151,136,150,135,149,135,148,134,147,134,146,134,145,133,144,133,143,133,142,132,141,132,140,131,139,130,138,129,138,128,137,127,136,126,136,125,136,124,135,123,135,122,135,121,135,120,135,119,135,118,135
228,136,227,137,228,138,229,139,230,140,230,141,229,142,228,142,227,143,226,142,225,142,224,142,224,143,223,144,222,145,222,146,221,147,221,148,221,149,220,150,220,151,220,152,219,153,219,154,219,155,219,156,219,157,219,158,219,159,220,160,220,161,221,162,222,163,223,164,224,164,225,164,226,165,227,165,228,166,229,166,230,167,231,167,232,167,233,167,234,167,235,167,236,166,237,166,238,166,239,165,240,165,241,164,242,164,243,163,243,162,242,161,243,160,244,159,245,159,246,158,246,157,247,156,247,155,248,154,249,153,248,152,247,151,246,150,245,149,244,148,243,147,242,147,241,146,240,145,239,144,238,143,237,143,236,142,235,141,234,140,233,139,232,139,231,138,230,138,229,137
190,152,191,153,190,154,189,154,188,153,187,154,186,154,185,155,184,155,183,156,182,156,181,157,180,157,179,158,178,159,178,160,177,161,177,162,177,163,176,164,176,165,176,166,176,167,177,168,177,169,177,170,178,171,178,172,179,172,180,172,181,173,182,173,183,173,184,173,185,174,185,175,186,175,187,175,188,174,189,174,190,174,191,174,192,174,193,173,194,173,195,173,196,173,196,172,197,171,198,170,199,169,199,168,200,167,200,166,200,165,200,164,200,163,199,162,199,161,198,160,198,159,197,158,197,157,196,156,195,156,194,155,193,154,192,153,191,153
249,154,249,155,248,156,247,157,247,158,246,159,246,160,245,161,245,162,244,163,244,164,244,165,244,166,245,167,244,168,244,169,245,170,245,171,245,172,244,173,245,173,246,174,247,174,248,175,249,175,250,175,251,176,252,176,253,176,254,176,255,176,256,176,257,176,258,176,259,176,260,176,261,176,262,176,263,175,264,175,265,175,265,174,265,173,264,172,263,171,264,170,263,169,263,168,264,167,264,166,263,165,262,165,261,164,260,163,259,162,258,161,257,160,256,159,255,158,254,158,253,157,252,156,251,156,250,155
209,164,208,165,207,165,206,165,205,166,204,166,203,166,202,167,201,167,200,168,200,169,199,170,198,171,197,172,197,173,196,174,196,175,197,176,197,177,197,178,198,179,198,180,198,181,198,182,199,183,199,184,199,185,200,186,200,187,201,188,201,189,202,190,202,191,203,192,203,193,204,194,205,195,205,196,206,197,207,198,208,198,209,197,210,197,211,197,212,197,213,198,214,197,215,197,216,196,217,196,218,196,219,195,219,194,220,193,220,192,220,191,221,190,220,189,221,188,220,187,221,186,220,185,221,184,220,183,221,182,221,181,221,180,221,179,221,178,221,177,221,176,221,175,220,174,220,173,219,172,220,171,219,170,218,169,217,168,216,167,216,166,216,165,215,165,214,164,213,164,212,164,211,164,210,164
244,174,243,175,242,175,241,175,240,175,239,176,238,176,237,176,236,177,235,178,234,179,233,180,232,181,231,182,230,182,229,182,228,183,228,184,228,185,227,186,226,186,225,187,225,188,225,189,225,190,226,191,225,192,225,193,224,194,223,194,222,195,223,196,224,197,225,197,226,198,227,199,228,200,229,201,229,202,230,203,231,204,232,205,232,206,233,207,233,208,233,209,234,210,234,211,234,212,234,213,234,214,234,215,234,216,234,217,233,218,233,219,233,220,232,221,232,222,231,223,231,224,230,225,229,226,228,227,228,228,228,229,228,230,228,231,228,232,227,233,227,234,227,235,228,236,228,237,229,236,230,236,231,236,232,235,233,235,234,235,235,235,236,234,237,233,238,232,239,231,240,230,241,229,242,228,242,227,243,226,244,225,245,224,246,223,246,222,247,221,248,220,249,219,249,218,250,217,251,216,252,215,253,214,254,213,255,212,256,211,257,210,258,209,259,208,260,207,261,206,262,205,263,204,264,204,265,203,266,202,267,202,268,201,267,200,267,199,267,198,267,197,267,196,267,195,267,194,267,193,268,192,268,191,268,190,269,189,269,188,269,187,269,186,269,185,269,184,269,183,269,182,268,181,268,180,267,179,267,178,266,177,266,176,265,176,264,176,263,176,262,177,261,177,260,177,259,177,258,177,257,177,256,177,255,177,254,177,253,177,252,177,251,177,250,176,249,176,248,176,247,175,246,175,245,174
176,181,175,182,174,182,173,182,172,182,171,183,170,183,169,183,168,183,167,183,166,184,165,184,164,184,164,185,164,186,164,187,163,188,162,188,162,189,162,190,162,191,162,192,162,193,163,194,163,195,163,196,163,197,163,198,163,199,163,200,163,201,164,202,164,203,165,204,165,205,166,206,167,206,168,207,169,207,170,208,171,208,172,208,173,208,174,207,175,207,176,206,177,205,178,204,179,203,180,202,181,201,181,200,182,199,183,198,183,197,184,196,184,195,185,194,185,193,186,192,186,191,186,190,186,189,186,188,185,187,185,186,184,185,184,184,183,184,182,184,181,183,180,183,179,183,178,182,177,181
276,184,275,185,274,185,273,186,272,187,271,188,270,188,270,189,269,190,269,191,269,192,268,193,268,194,268,195,268,196,268,197,268,198,268,199,268,200,269,201,270,200,271,200,272,200,273,200,274,200,275,200,276,200,277,199,278,198,279,197,280,196,281,195,282,194,283,193,284,192,284,191,285,190,285,189,284,188,284,187,283,186,282,185,281,185,280,184,279,184,278,184,277,184
139,185,138,186,137,187,136,187,136,188,135,189,134,189,133,190,132,191,132,192,133,193,133,194,134,195,134,196,135,197,135,198,135,199,136,200,136,201,136,202,137,203,137,204,138,205,138,206,138,207,138,208,138,209,138,210,138,211,138,212,138,213,138,214,138,215,139,214,140,213,141,213,142,213,143,213,144,214,145,214,146,214,147,214,148,214,149,213,149,212,150,211,151,211,152,210,153,209,154,208,155,207,156,206,156,205,157,204,158,203,158,202,158,201,158,200,159,199,159,198,160,197,161,196,161,195,161,194,161,193,161,192,161,191,161,190,161,189,161,188,160,188,159,187,158,187,157,186,156,186,155,185,154,185,153,185,152,186,151,186,150,186,149,187,148,187,147,187,146,187,145,187,144,187,143,187,142,187,141,186,140,186
219,196,218,197,217,197,216,197,215,198,214,198,213,199,212,200,211,201,210,201,209,202,209,203,208,204,208,205,207,206,207,207,207,208,207,209,207,210,207,211,207,212,207,213,208,213,209,214,210,215,211,215,212,216,213,216,214,217,215,217,216,218,217,219,218,219,219,219,220,219,221,220,221,221,221,222,222,221,223,221,224,221,225,222,226,222,227,222,228,223,228,224,228,225,228,226,229,225,230,224,230,223,231,222,231,221,232,220,232,219,232,218,233,217,233,216,233,215,233,214,233,213,233,212,233,211,233,210,232,209,232,208,232,207,231,206,231,205,230,204,229,203,228,202,228,201,227,200,226,199,225,198,224,198,223,197,222,196,221,196,220,196
192,204,191,205,190,205,189,206,188,206,187,207,186,207,185,208,184,209,183,210,182,211,182,212,181,213,180,214,180,215,180,216,179,217,179,218,178,219,179,220,179,221,180,222,181,223,182,224,182,225,183,226,184,227,185,227,186,226,187,227,188,227,189,227,190,227,191,227,192,227,193,227,194,226,195,226,196,225,197,225,198,224,199,224,200,223,201,223,202,222,203,221,203,220,204,219,204,218,204,217,205,216,205,215,205,214,205,213,206,212,206,211,206,210,206,209,206,208,205,208,204,207,203,207,202,207,201,207,200,206,199,206,198,206,197,205,196,205,195,205,194,204,193,204
290,212,289,213,288,213,287,213,286,213,285,214,285,215,284,216,284,217,283,218,282,219,282,220,281,221,280,222,279,223,278,224,277,225,277,226,276,227,275,228,274,229,273,230,272,231,271,232,270,233,269,234,269,235,268,236,267,237,266,238,265,239,264,240,264,241,263,242,262,243,261,244,260,245,260,246,259,247,259,248,258,249,257,250,257,251,256,252,256,253,255,254,255,255,254,256,253,257,253,258,252,259,251,260,251,261,250,262,249,263,249,264,248,265,247,266,246,267,245,268,244,269,243,270,242,271,241,271,240,272,239,273,238,273,237,274,236,275,237,275,238,276,237,277,238,277,239,277,240,277,241,277,242,277,243,277,244,277,245,277,246,278,247,278,248,278,249,278,250,278,251,278,252,279,253,279,254,280,254,279,254,278,253,277,253,276,253,275,254,274,255,273,256,272,257,271,257,270,258,269,259,269,260,269,261,270,262,270,263,269,264,268,265,267,266,266,267,266,268,266,269,265,270,264,271,264,271,263,272,262,273,262,274,262,274,261,275,260,276,259,277,258,278,257,279,256,279,255,280,254,281,253,282,252,283,251,284,250,284,249,285,248,285,247,286,246,287,245,288,244,289,243,290,242,291,241,292,240,293,239,293,238,292,237,292,236,291,235,291,234,290,233,290,232,289,231,289,230,289,229,288,228,288,227,288,226,288,225,288,224,288,223,288,222,288,221,289,220,289,219,289,218,290,217,290,216,290,215,291,214,291,213
171,220,170,221,169,221,168,222,167,222,166,223,165,223,164,223,163,224,162,225,161,225,160,226,159,227,159,228,159,229,158,230,158,231,158,232,157,233,157,234,158,235,158,236,159,237,159,238,160,239,160,240,161,241,162,241,163,242,164,242,165,243,166,243,167,242,168,242,169,242,170,242,171,241,172,241,173,240,174,239,175,239,176,238,177,238,178,238,179,237,180,237,181,237,182,237,183,236,183,235,184,234,185,233,186,234,185,233,185,232,185,231,185,230,184,229,184,228,183,227,182,226,181,225,181,224,180,223,179,222,178,221,178,220,177,220,176,220,175,220,174,220,173,220,172,220
220,223,219,224,219,225,218,226,217,225,216,225,216,226,215,227,214,228,213,228,212,228,211,228,210,229,209,230,208,230,207,229,208,230,207,231,206,231,205,232,204,232,203,233,202,233,202,234,201,235,200,236,199,236,198,236,197,237,196,238,195,238,194,238,193,239,192,240,191,241,190,241,190,242,190,243,190,244,191,245,190,246,190,247,190,248,191,249,191,250,192,251,192,252,193,253,193,254,193,255,194,256,194,257,194,258,195,259,195,260,195,261,195,262,195,263,195,264,195,265,196,266,196,267,196,268,196,269,197,270,197,271,198,271,199,270,200,269,201,268,202,267,203,266,204,265,205,265,206,264,207,263,208,262,209,262,210,261,211,260,212,259,213,259,213,258,214,257,215,257,216,257,215,256,215,255,216,254,217,254,216,253,216,252,217,251,217,250,217,249,217,248,218,247,218,246,218,245,218,244,218,243,219,242,219,241,220,240,220,239,221,238,222,237,222,236,222,235,222,234,223,233,223,232,222,231,222,230,221,230,220,229,221,228,222,228,222,227,222,226,222,225,222,224,221,223
236,237,235,238,234,239,234,240,233,241,232,242,232,243,231,244,230,245,229,246,229,247,228,248,227,249,226,250,225,251,224,252,223,253,222,253,221,254,220,255,219,255,218,256,217,257,216,258,215,258,214,259,213,260,212,260,211,261,210,262,209,263,208,263,207,264,206,265,205,266,204,266,203,267,202,268,201,269,200,270,199,271,198,272,199,273,199,274,199,275,200,276,200,277,200,278,200,279,200,280,201,281,201,282,201,283,202,283,203,284,203,285,204,286,205,286,206,287,207,287,208,287,209,287,210,288,211,288,212,288,213,288,214,288,215,287,216,287,217,286,218,285,219,285,220,284,221,283,222,282,223,281,224,281,225,280,226,280,227,279,228,278,229,278,230,277,231,277,232,276,233,276,234,275,235,275,236,274,237,273,238,272,239,272,240,271,241,270,242,270,243,269,244,268,245,267,246,266,247,265,248,264,248,263,249,262,250,261,250,260,251,259,252,258,252,257,253,256,254,255,254,254,255,253,255,252,256,251,256,250,256,249,255,248,254,247,253,247,252,246,253,245,252,244,251,243,250,243,249,242,248,241,247,242,246,241,246,240,245,240,244,240,243,239,242,239,241,239,240,238,239,238,238,237,237,237
293,240,292,241,291,242,290,243,289,244,288,245,287,246,286,247,286,248,285,249,285,250,284,251,283,252,282,253,281,254,280,255,280,256,279,257,278,258,277,259,276,260,275,261,275,262,274,263,273,264,272,265,272,266,271,267,270,268,269,269,268,270,268,271,267,272,266,273,265,274,264,275,263,276,262,277,261,278,261,279,260,280,259,281,259,282,258,283,258,284,257,285,257,286,257,287,257,288,257,289,257,290,257,291,257,292,258,293,258,294,259,295,259,296,260,297,261,297,262,298,263,299,264,300,264,301,265,301,266,302,267,302,268,303,269,303,270,303,271,304,272,304,273,304,274,304,275,304,276,304,277,304,278,304,279,304,280,304,281,304,282,304,283,304,284,304,285,304,286,304,287,303,288,303,289,303,290,302,291,302,292,302,293,301,294,301,295,300,296,300,297,299,298,299,299,298,300,298,301,297,302,297,303,296,304,295,305,295,306,294,307,293,308,292,308,291,309,290,309,289,310,288,310,287,310,286,310,285,310,284,311,283,310,282,310,281,310,280,310,279,310,278,310,277,310,276,310,275,310,274,310,273,310,272,310,271,309,270,309,269,309,268,309,267,309,266,309,265,309,264,309,263,308,262,308,261,307,260,307,259,307,258,306,257,306,256,305,255,305,254,304,253,304,252,303,251,303,250,302,249,302,248,301,247,301,246,300,245,300,244,299,243,298,242,297,242,296,241,295,241,294,240
180,247,179,248,178,248,177,249,176,249,175,249,174,250,173,251,172,250,172,251,172,252,171,253,171,254,171,255,171,256,171,257,170,258,170,259,170,260,171,261,171,262,171,263,172,264,172,265,172,266,173,267,173,268,174,269,174,270,174,271,175,272,175,273,176,273,177,274,178,275,177,276,178,277,178,278,179,279,179,280,180,279,181,279,182,278,183,278,184,278,185,278,186,277,186,276,187,275,187,274,188,273,189,272,190,271,191,270,192,270,192,269,192,268,193,267,193,266,194,265,194,264,194,263,194,262,194,261,194,260,194,259,193,258,193,257,193,256,192,255,192,254,192,253,191,252,191,251,190,250,190,249,189,248,189,247,188,248,187,248,186,247,185,247,184,247,183,247,182,247,181,247
191,271,190,272,189,273,188,274,188,275,187,276,187,277,186,278,187,278,188,279,189,279,190,280,191,281,192,282,193,283,194,284,195,284,196,283,197,283,198,283,199,283,200,283,200,282,200,281,199,280,199,279,199,278,199,277,199,276,198,275,198,274,198,273,197,272,196,271,195,271,194,271,193,271,192,271
311,271,311,272,311,273,311,274,311,275,311,276,311,277,311,278,311,279,311,280,311,281,311,282,312,283,311,284,311,285,311,286,311,287,311,288,310,289,310,290,309,291,309,292,308,293,307,294,306,295,305,296,304,296,303,297,302,298,301,298,300,299,299,299,298,300,297,300,296,301,295,301,294,302,293,302,292,303,291,303,290,303,289,304,288,304,287,304,286,305,285,305,284,305,283,305,282,305,281,305,280,305,279,305,278,305,277,305,276,305,275,305,274,305,273,305,272,305,271,305,270,304,269,304,268,304,267,303,266,303,265,302,264,302,263,301,262,301,261,301,261,302,261,303,261,304,261,305,261,306,261,307,260,308,259,309,259,310,258,311,257,311,257,312,257,313,256,314,256,315,255,316,255,317,255,318,254,319,253,318,253,319,252,320,252,321,252,322,251,323,250,323,249,323,248,323,248,324,247,325,246,325,245,325,244,326,243,326,242,326,241,327,240,327,240,328,240,329,240,330,240,331,239,332,238,332,239,332,240,331,241,331,242,332,241,333,241,334,240,335,239,334,239,335,238,336,239,337,240,337,241,338,241,337,242,336,243,335,244,336,244,337,243,338,244,339,245,338,245,337,245,336,246,335,247,335,248,335,249,336,248,337,248,338,248,339,249,339,250,340,250,339,250,338,250,337,251,336,252,336,253,336,254,336,255,335,256,335,257,334,258,333,259,332,260,331,261,330,262,330,263,329,264,329,265,329,266,329,267,329,268,329,269,329,270,329,271,329,272,329,273,330,273,331,274,331,275,331,276,332,276,333,276,334,277,334,278,335,279,336,279,337,278,338,279,337,280,337,281,338,282,339,283,340,283,341,284,342,283,343,283,344,282,345,283,345,284,346,285,346,286,346,287,346,288,346,289,346,290,347,291,347,292,347,293,347,294,347,295,347,296,347,297,347,298,347,299,347,300,347,301,347,302,347,303,347,304,347,305,347,306,347,307,347,308,347,309,346,310,346,311,346,312,345,313,345,314,344,315,344,316,343,316,342,317,341,318,340,318,339,319,338,320,337,320,336,321,335,322,334,322,333,323,332,323,331,324,330,324,329,324,328,325,327,325,326,326,325,326,324,326,323,327,322,327,321,327,320,328,319,328,318,328,317,329,316,329,315,329,314,329,313,329,312,329,311,330,310,330,309,330,308,330,307,330,306,330,305,330,304,331,303,331,302,331,301,331,300,331,299,331,298,332,297,332,296,332,295,332,294,332,293,332,292,333,291,333,290,333,289,333,288,333,287,333,286,333,285,333,284,333,283,333,282,333,281,333,280,333,279,333,278,332,277,332,276,331,276,330,276,329,276,328,276,327,276,326,276,325,276,324,276,323,275,322,275,321,275,320,274,319,274,318,274,317,273,316,273,315,273,314,272,313,272,312,272
237,278,237,279,236,280,235,281,234,281,233,282,233,283,232,284,231,284,230,284,229,284,229,285,228,286,227,287,226,288,225,289,224,290,223,290,222,291,221,292,220,292,219,293,218,293,217,294,217,295,217,296,218,297,217,298,217,299,217,300,217,301,217,302,217,303,218,304,218,305,218,306,219,307,220,308,221,309,222,310,223,309,224,309,225,308,226,308,227,307,228,307,229,307,230,306,231,306,232,307,233,307,234,307,235,307,236,307,237,307,238,307,239,306,240,305,241,304,242,303,243,303,243,302,244,301,245,300,246,300,247,299,248,299,249,298,250,298,251,298,251,297,251,296,251,295,252,294,253,294,254,294,255,293,256,292,256,291,255,290,254,289,254,288,254,287,254,286,254,285,254,284,254,283,254,282,254,281,253,280,252,280,251,279,250,279,249,279,248,279,247,279,246,279,245,278,244,278,243,278,242,278,241,278,240,278,239,278,238,278
187,279,186,280,185,280,184,281,183,281,182,282,181,283,180,284,180,285,179,286,179,287,180,288,180,289,181,290,182,291,183,291,184,291,185,291,186,291,187,290,188,289,189,288,190,287,191,286,191,285,192,284,192,283,191,282,190,281,189,280,188,280
341,410,340,411,339,411,338,411,337,412,336,413,335,414,335,415,335,416,335,417,335,418,334,419,334,420,334,421,334,422,334,423,335,424,335,425,335,426,336,427,336,428,337,428,338,428,339,429,340,429,341,430,342,430,343,430,344,430,345,430,346,430,347,430,348,430,349,430,350,430,351,430,352,430,353,430,354,430,355,429,356,429,357,429,358,428,359,427,360,426,361,425,361,424,361,423,361,422,361,421,361,420,361,419,361,418,361,417,360,416,359,415,358,414,357,413,356,412,355,411,354,411,353,410,352,410,351,410,350,410,349,410,348,410,347,410,346,410,345,410,344,410,343,410,342,410
135,415,134,416,133,416,132,416,131,417,130,418,129,419,128,420,128,421,127,422,127,423,127,424,127,425,127,426,127,427,126,428,127,429,127,430,128,431,129,432,130,433,131,434,132,435,133,435,134,435,135,435,136,435,137,435,138,434,139,434,140,434,141,433,142,433,143,432,144,431,144,430,145,429,146,428,146,427,146,426,147,425,147,424,146,423,146,422,146,421,146,420,145,419,144,418,143,417,143,416,142,416,141,415,140,415,139,415,138,415,137,415,136,415
159,415,158,416,157,416,156,416,155,417,154,417,153,418,152,418,151,419,150,420,149,421,149,422,149,423,149,424,149,425,149,426,149,427,150,428,150,429,151,430,152,431,152,432,153,433,154,434,155,435,156,436,157,436,158,436,159,436,160,436,161,436,162,436,163,435,164,435,165,435,166,434,167,433,168,432,169,431,169,430,170,429,170,428,171,427,171,426,171,425,171,424,170,423,170,422,169,421,169,420,168,419,167,418,166,417,165,416,164,416,163,416,162,416,161,415,160,415
307,416,306,417,305,417,304,418,303,418,302,419,302,420,301,421,300,422,300,423,300,424,299,425,300,426,300,427,300,428,301,429,302,429,303,430,304,431,305,431,306,431,307,432,308,432,309,432,310,431,311,431,312,431,313,430,314,429,315,428,315,427,315,426,316,425,316,424,316,423,315,422,315,421,314,420,314,419,313,419,312,418,311,417,310,417,309,416,308,416
111,423,110,424,109,424,108,425,107,425,106,426,105,427,104,428,103,429,103,430,103,431,102,432,102,433,102,434,101,435,101,436,100,437,101,438,101,439,102,440,103,441,103,442,104,443,105,444,106,444,107,444,108,445,109,445,110,446,111,446,112,446,113,446,114,446,115,446,116,446,117,446,118,445,119,445,120,444,121,444,122,444,123,443,124,442,125,441,125,440,126,439,126,438,126,437,126,436,127,435,127,434,127,433,127,432,127,431,126,430,126,429,125,428,124,427,123,426,122,425,121,424,120,424,119,424,118,423,117,423,116,423,115,423,114,423,113,423,112,423
334,429,333,430,332,430,331,431,330,432,329,433,329,434,328,435,328,436,327,437,327,438,326,439,326,440,326,441,325,442,325,443,326,444,326,445,326,446,326,447,326,448,326,449,327,450,326,451,326,452,326,453,327,454,328,455,328,456,329,457,330,458,331,459,332,458,333,459,334,460,335,461,336,461,337,461,338,461,339,461,340,461,341,461,342,461,343,461,344,461,345,461,346,460,347,459,348,459,348,458,349,457,350,456,351,455,351,454,352,453,352,452,352,451,352,450,352,449,352,448,353,447,352,446,352,445,352,444,352,443,352,442,351,441,350,440,350,439,349,438,349,437,348,436,348,435,347,435,346,434,345,433,344,433,343,432,342,432,341,431,340,430,339,430,338,429,337,429,336,429,335,429
89,436,88,437,87,437,86,438,85,439,84,440,84,441,83,442,82,443,82,444,82,445,81,446,81,447,81,448,80,449,80,450,79,451,79,452,78,453,78,454,77,455,77,456,77,457,76,458,76,459,75,460,75,461,75,462,75,463,76,464,76,465,76,466,76,467,77,468,78,469,79,470,80,471,81,472,82,472,83,472,84,472,85,472,86,472,87,471,88,470,89,470,90,469,91,468,92,467,93,466,94,465,95,465,95,464,96,463,97,463,98,462,99,461,100,461,101,460,102,460,103,459,103,458,103,457,104,456,104,455,104,454,104,453,104,452,104,451,104,450,104,449,104,448,104,447,104,446,104,445,104,444,103,443,102,442,102,441,101,440,100,439,100,438,99,437,98,437,97,437,96,437,95,436,94,436,93,436,92,436,91,436,90,436
270,447,269,448,268,448,267,448,266,448,265,449,264,449,263,449,263,450,262,451,261,452,261,453,260,454,260,455,260,456,260,457,261,458,262,459,263,460,264,460,265,461,266,462,267,462,268,463,269,463,270,463,271,463,272,463,273,463,274,463,275,463,276,463,277,462,278,462,279,461,280,460,280,459,280,458,281,457,281,456,281,455,280,454,280,453,279,452,278,451,277,450,276,450,275,449,274,449,273,448,272,448,271,447
229,451,229,452,229,453,228,454,227,454,226,455,225,456,224,457,224,458,224,459,223,460,223,461,223,462,223,463,222,464,223,465,223,466,223,467,223,468,224,469,224,470,224,471,224,472,224,473,224,474,224,475,224,476,224,477,224,478,224,479,224,480,225,481,225,482,226,483,227,484,228,484,229,484,230,485,231,485,232,485,233,485,234,485,235,485,236,484,237,484,238,483,239,482,240,481,241,480,242,479,242,478,242,477,243,476,243,475,244,474,244,473,244,472,244,471,244,470,245,469,245,468,245,467,246,466,246,465,246,464,246,463,246,462,246,461,246,460,245,459,245,458,244,457,243,456,242,456,241,455,240,455,239,454,238,454,237,454,236,453,235,453,234,453,233,452,232,452,231,452,230,452
314,455,313,456,312,456,311,456,310,456,309,456,308,457,307,458,306,458,305,459,304,460,303,461,302,462,302,463,301,464,301,465,300,466,300,467,300,468,300,469,299,470,299,471,299,472,299,473,300,474,300,475,300,476,301,477,301,478,302,479,302,480,302,481,303,482,303,483,304,484,305,485,306,486,307,487,308,487,309,488,310,488,311,489,312,489,313,489,314,490,315,490,316,490,317,490,318,490,319,490,320,490,321,490,322,489,323,489,324,489,325,489,326,488,327,488,328,487,329,487,330,486,331,486,332,485,333,484,334,483,334,482,335,481,335,480,336,479,336,478,337,477,337,476,337,475,337,474,337,473,337,472,336,471,336,470,336,469,335,468,335,467,334,466,334,465,333,464,333,463,332,462,331,461,331,460,330,460,329,459,328,459,327,458,326,457,325,456,324,456,323,456,322,456,321,456,320,455,319,455,318,455,317,455,316,455,315,455
362,455,361,456,360,456,359,457,358,457,357,458,356,458,355,459,354,460,353,460,352,461,351,462,350,463,349,464,348,465,347,466,347,467,346,468,346,469,346,470,346,471,346,472,346,473,345,474,346,475,346,476,346,477,345,478,346,479,346,480,346,481,346,482,347,483,347,484,347,485,348,486,348,487,349,488,349,489,350,490,350,491,351,492,352,493,353,494,354,495,355,495,356,496,357,497,358,497,359,497,360,497,361,498,362,498,363,498,364,498,365,498,366,498,367,498,368,498,369,497,370,497,371,496,372,496,373,495,374,494,375,493,376,492,377,491,378,490,379,489,380,488,381,487,382,486,382,485,383,484,383,483,384,482,384,481,384,480,384,479,384,478,385,477,385,476,384,475,384,474,384,473,384,472,384,471,383,470,383,469,382,468,382,467,382,466,381,465,381,464,380,463,379,462,378,461,377,460,376,459,375,458,375,457,374,456,373,456,372,456,371,456,370,456,369,456,368,456,367,456,366,455,365,455,364,455,363,455
167,457,166,458,165,458,164,458,163,459,162,459,161,459,160,460,159,460,158,460,157,461,156,462,155,463,154,464,153,465,153,466,152,467,152,468,151,469,151,470,150,471,150,472,149,473,149,474,149,475,149,476,148,477,147,478,147,479,148,480,148,481,148,482,148,483,147,484,147,485,147,486,147,487,147,488,147,489,147,490,147,491,146,492,146,493,146,494,146,495,147,496,147,497,147,498,148,499,148,500,148,501,149,502,150,503,150,504,151,505,151,506,152,507,153,508,154,508,155,509,156,510,157,510,158,510,159,510,160,510,161,510,162,510,163,510,164,510,165,510,166,511,167,510,168,510,169,510,170,510,171,510,172,510,173,510,174,510,175,510,176,509,177,510,178,510,179,509,180,510,180,509,180,508,181,507,182,507,182,506,183,505,183,504,183,503,183,502,183,501,183,500,183,499,183,498,183,497,184,496,184,495,184,494,185,493,185,492,186,491,186,490,186,489,186,488,187,487,187,486,188,485,188,484,189,483,189,482,190,481,189,480,190,479,190,478,191,477,191,476,191,475,191,474,191,473,191,472,191,471,191,470,191,469,191,468,191,467,190,466,190,465,189,464,189,463,188,462,187,462,186,461,185,460,184,460,183,459,182,459,181,458,180,458,179,457,178,457,177,457,176,457,175,457,174,457,173,457,172,457,171,457,170,457,169,457,168,457
116,461,115,462,114,462,113,463,112,463,111,463,110,464,109,464,108,465,107,465,106,466,105,466,104,467,103,468,102,468,101,469,101,470,100,471,100,472,99,473,98,474,98,475,98,476,97,477,97,478,97,479,96,480,96,481,96,482,95,483,95,484,95,485,94,486,94,487,94,488,94,489,94,490,94,491,94,492,95,493,95,494,95,495,95,496,96,497,96,498,97,499,97,500,98,501,99,502,100,503,100,504,101,504,102,505,103,506,104,507,105,507,106,508,107,508,108,509,109,509,110,509,111,510,112,510,113,510,114,510,115,510,116,510,117,510,118,510,119,510,120,510,121,510,122,510,123,510,124,510,125,510,126,510,127,509,128,508,129,508,130,508,131,507,132,506,133,506,134,505,135,505,136,504,137,503,138,502,139,501,140,500,141,499,142,498,143,497,144,496,145,495,145,494,145,493,145,492,146,491,146,490,146,489,146,488,146,487,146,486,146,485,146,484,147,483,147,482,147,481,147,480,146,479,146,478,145,477,145,476,144,475,143,474,142,473,141,472,141,471,140,470,139,469,139,468,138,467,137,466,136,465,135,464,134,463,133,463,132,462,131,462,130,462,129,462,128,461,127,461,126,461,125,461,124,461,123,461,122,461,121,461,120,461,119,461,118,461,117,461
262,468,261,469,260,469,259,469,258,470,257,471,257,472,257,473,257,474,257,475,257,476,258,477,258,478,259,479,259,480,260,481,261,481,262,481,263,481,264,481,265,481,266,480,267,479,267,478,268,477,269,477,269,476,269,475,270,474,270,473,269,472,269,471,268,470,267,470,266,469,265,468,264,468,263,468
64,469,63,470,62,470,61,471,60,472,59,473,58,474,57,475,57,476,57,477,56,478,56,479,56,480,56,481,56,482,56,483,56,484,57,485,58,486,58,487,59,488,60,489,60,490,61,491,62,492,63,493,64,493,65,494,66,494,67,494,68,495,69,495,70,495,71,494,72,494,73,493,74,493,75,492,76,491,77,490,78,489,79,488,79,487,80,486,80,485,80,484,81,483,81,482,81,481,81,480,81,479,80,478,80,477,79,476,79,475,78,474,77,473,76,472,75,471,74,470,73,470,72,470,71,469,70,469,69,469,68,469,67,469,66,469,65,469
202,481,201,482,200,482,199,482,198,483,197,483,196,483,195,484,194,484,193,485,192,485,191,486,190,487,189,488,188,489,187,490,187,491,186,492,186,493,185,494,185,495,185,496,184,497,184,498,184,499,184,500,184,501,184,502,184,503,184,504,184,505,184,506,185,507,185,508,186,509,186,510,187,511,188,511,189,511,190,511,191,511,192,511,193,511,194,511,195,511,196,511,197,511,198,511,199,511,200,511,201,511,202,511,203,511,204,511,205,511,206,511,207,511,208,511,209,511,210,511,211,511,212,511,213,511,214,511,215,511,216,511,217,511,218,511,219,511,220,511,221,511,222,511,223,511,224,511,225,511,226,511,227,511,228,511,229,510,229,509,230,508,230,507,230,506,230,505,230,504,230,503,230,502,229,501,229,500,229,499,229,498,228,497,228,496,228,495,227,494,227,493,227,492,226,491,226,490,225,489,224,488,223,487,223,486,222,485,221,484,220,484,219,483,218,483,217,483,216,482,215,482,214,482,213,482,212,482,211,482,210,481,209,481,208,481,207,481,206,481,205,481,204,481,203,481
246,487,245,488,244,488,243,489,242,490,242,491,241,492,241,493,240,494,240,495,239,496,239,497,239,498,238,499,238,500,238,501,238,502,239,503,239,504,239,505,240,506,241,507,242,508,242,509,243,510,244,510,245,510,246,510,247,510,248,510,249,510,250,510,251,510,252,510,253,510,254,510,255,510,256,510,257,509,258,508,259,508,259,507,260,506,261,505,262,504,262,503,262,502,262,501,262,500,262,499,262,498,262,497,261,496,261,495,260,494,260,493,259,492,258,491,258,490,257,489,256,489,255,488,254,488,253,487,252,487,251,487,250,487,249,487,248,487,247,487
273,488,272,489,271,489,270,490,269,491,268,492,268,493,267,494,267,495,267,496,266,497,266,498,266,499,266,500,267,501,267,502,267,503,267,504,268,505,269,506,270,507,271,508,272,509,273,509,274,510,275,510,276,510,277,511,278,511,279,510,280,511,281,511,282,511,283,510,284,510,285,510,286,509,287,508,288,507,288,506,288,505,288,504,288,503,288,502,288,501,288,500,288,499,288,498,288,497,287,496,287,495,286,494,285,493,285,492,284,491,283,490,282,489,281,489,280,488,279,488,278,488,277,488,276,488,275,488,274,488
328,492,327,493,326,493,325,493,324,493,323,493,322,494,321,494,320,495,319,495,318,496,317,497,316,497,315,498,315,499,314,500,313,501,312,502,311,503,311,504,310,505,310,506,310,507,310,508,310,509,310,510,311,511,312,511,313,511,314,511,315,511,316,511,317,511,318,511,319,511,320,511,321,511,322,511,323,511,324,511,325,511,326,511,327,511,328,511,329,511,330,511,331,511,332,511,333,511,334,511,335,511,336,511,337,511,338,511,339,511,340,511,341,511,342,511,343,511,344,511,345,511,346,511,347,511,348,510,348,509,348,508,347,507,347,506,346,505,346,504,346,503,345,502,344,501,343,500,342,499,342,498,341,497,340,496,339,495,338,495,337,494,336,494,335,494,334,493,333,493,332,493,331,493,330,493,329,492
404,494,403,495,402,495,401,495,400,496,399,497,398,498,397,499,396,500,395,501,395,502,394,503,394,504,393,505,393,506,393,507,392,508,393,509,393,510,394,511,395,511,396,511,397,511,398,511,399,511,400,511,401,511,402,511,403,511,404,511,405,511,406,511,407,511,408,511,409,511,410,511,411,511,412,510,413,510,414,509,414,508,414,507,415,506,415,505,415,504,415,503,415,502,414,501,414,500,413,499,413,498,412,497,411,496,411,495,410,495,409,495,408,494,407,494,406,494,405,494
52,500,51,501,50,501,49,502,48,503,47,504,46,504,46,505,47,506,47,507,48,508,49,509,49,510,50,510,51,510,52,511,53,511,54,511,55,511,56,511,57,511,58,511,59,511,60,511,61,511,62,511,63,511,64,510,65,510,66,509,67,508,66,507,66,506,65,505,64,504,63,503,62,502,61,501,60,501,59,500,58,500,57,500,56,500,55,500,54,500,53,500
