57,11,56,12,55,12,54,12,53,13,52,13,51,13,50,14,50,15,49,16,49,17,49,18,49,19,50,20,50,21,51,22,51,23,52,22,53,23,54,23,55,22,56,22,57,23,58,22,59,22,60,22,61,22,61,21,62,20,63,19,63,18,63,17,63,16,62,15,62,14,61,13,60,13,59,12,58,11
61,34,60,35,59,35,58,35,57,36,56,36,55,37,55,38,54,39,54,40,54,41,54,42,54,43,55,44,55,45,56,46,57,47,58,48,59,48,60,48,61,49,62,49,63,49,64,49,65,49,66,49,67,49,68,49,69,48,70,47,71,46,72,45,72,44,73,43,73,42,73,41,73,40,73,39,73,38,72,37,71,36,70,35,69,35,68,35,67,35,66,34,65,34,64,34,63,34,62,34
34,37,33,38,32,38,31,38,30,39,29,40,28,41,27,42,27,43,26,44,26,45,26,46,26,47,26,48,26,49,27,50,28,51,29,51,30,51,31,51,32,51,33,50,34,50,35,50,36,49,37,49,38,48,39,47,40,46,40,45,41,44,41,43,41,42,41,41,41,40,40,39,39,39,38,38,37,38,36,38,35,37
65,50,64,51,63,52,62,52,61,53,60,53,60,54,59,55,59,56,59,57,59,58,59,59,59,60,59,61,59,62,59,63,60,64,61,64,62,65,63,65,64,65,65,66,66,66,67,66,68,66,69,66,70,66,71,66,72,66,73,66,72,65,73,64,74,64,75,63,76,62,76,61,76,60,76,59,76,58,76,57,76,56,76,55,75,54,74,53,73,53,72,52,71,52,70,51,69,50,68,50,67,50,66,50
145,51,144,52,144,53,143,54,142,55,141,56,141,57,140,58,140,59,140,60,140,61,139,62,140,63,140,64,139,65,140,66,140,67,140,68,141,69,142,69,143,70,144,70,145,70,146,70,147,70,148,70,149,70,150,69,151,69,152,69,153,68,154,68,155,67,156,67,157,66,158,65,159,65,160,64,161,63,161,62,161,61,161,60,161,59,161,58,161,57,161,56,160,55,159,54,158,53,157,52,156,52,155,51,154,51,153,51,152,51,151,51,150,51,149,51,148,51,147,51,146,51
58,63,57,64,56,65,55,65,55,66,54,67,54,68,54,69,54,70,54,71,55,72,55,73,56,74,56,75,57,76,58,77,58,78,59,79,60,80,61,81,61,82,62,83,62,84,63,85,64,85,65,86,66,87,67,87,68,87,69,87,70,87,71,87,72,87,73,86,74,86,75,86,76,85,77,84,78,84,79,83,80,83,81,82,81,81,82,80,83,79,84,79,85,78,86,77,87,76,88,76,89,75,89,74,89,73,89,72,88,71,87,70,86,70,85,69,84,69,83,68,82,68,81,67,80,67,79,67,78,67,77,67,76,67,75,67,74,67,73,67,72,67,71,67,70,67,69,67,68,67,67,67,66,67,65,67,64,66,63,66,62,66,61,65,60,65,59,64
89,76,88,77,87,77,86,78,85,79,84,80,83,80,82,81,82,82,81,83,80,84,80,85,80,86,79,87,79,88,79,89,79,90,79,91,80,92,80,93,81,94,81,95,82,96,83,97,84,98,85,98,86,99,87,99,88,99,89,99,90,98,91,98,92,97,93,97,94,96,95,95,95,94,95,93,96,92,97,91,97,90,98,89,98,88,98,87,98,86,98,85,98,84,98,83,97,82,97,81,96,80,95,80,94,79,93,78,92,78,91,77,90,76
124,97,123,98,122,98,121,98,120,98,119,99,118,99,119,100,118,101,117,102,116,103,115,103,114,103,114,104,114,105,113,106,113,107,112,108,112,109,112,110,111,111,110,111,109,112,108,112,107,113,108,113,109,113,110,113,111,114,112,114,113,115,114,115,115,116,116,116,117,116,118,117,119,117,120,118,121,118,122,119,123,119,124,119,125,120,126,120,127,120,128,120,129,120,130,120,131,120,132,120,133,120,133,119,134,118,134,117,135,116,135,115,136,114,136,113,136,112,136,111,136,110,136,109,136,108,136,107,135,106,135,105,135,104,134,103,133,102,132,101,131,101,130,100,129,99,128,99,127,98,126,98,125,97
167,109,166,110,165,110,164,110,163,111,162,111,161,112,160,112,159,113,158,114,157,114,156,115,155,116,154,117,153,118,152,119,151,119,150,120,149,121,148,122,147,123,146,124,145,125,145,126,144,127,144,128,143,129,143,130,142,131,142,132,141,133,141,134,141,135,141,136,141,137,141,138,142,139,142,140,142,141,142,142,142,143,143,144,143,145,143,146,144,147,144,148,144,149,144,150,145,151,146,152,147,153,148,154,149,155,150,156,151,157,152,158,153,159,154,160,155,160,156,161,157,161,158,161,159,162,160,163,161,163,162,162,163,162,164,161,164,160,165,159,166,158,166,157,166,156,166,155,166,154,167,153,167,152,167,151,167,150,168,149,168,148,169,147,169,146,170,145,170,144,171,143,172,142,173,141,173,140,174,139,175,138,176,137,177,136,178,135,178,134,179,133,180,132,181,131,182,130,183,129,183,128,184,127,185,126,186,125,186,124,186,123,186,122,186,121,186,120,186,119,186,118,185,117,184,116,184,115,183,114,182,113,181,113,180,112,179,111,178,111,177,111,176,110,175,110,174,110,173,110,172,109,171,109,170,109,169,109,168,109
70,113,69,114,68,114,67,115,66,116,66,117,66,118,66,119,66,120,66,121,67,122,68,123,69,124,70,124,71,125,72,125,73,125,74,126,75,126,76,126,77,126,78,125,79,125,80,124,80,123,81,122,81,121,81,120,81,119,81,118,80,117,79,116,78,115,77,114,76,113,75,113,74,113,73,113,72,113,71,113
105,114,104,115,103,116,102,116,101,116,101,117,101,118,101,119,102,120,102,121,102,122,102,123,102,124,102,125,103,126,103,127,103,128,103,129,104,130,104,131,105,132,105,133,106,134,106,135,107,136,108,137,108,138,109,139,109,140,109,141,109,142,109,143,108,144,108,145,108,146,108,147,108,148,108,149,107,150,107,151,107,152,107,153,107,154,106,155,107,156,107,157,107,158,107,159,107,160,107,161,108,162,109,163,110,164,110,165,111,166,112,167,113,167,114,168,115,169,116,169,117,170,118,170,119,171,120,171,121,171,122,171,123,171,124,171,125,170,126,170,127,169,128,169,129,168,130,167,131,166,132,167,132,166,132,165,132,164,133,163,134,162,135,161,136,160,137,159,138,158,138,157,139,156,140,155,140,154,141,153,142,152,142,151,143,150,143,149,143,148,143,147,142,146,142,145,142,144,141,143,141,142,141,141,141,140,141,139,140,138,140,137,140,136,140,135,140,134,140,133,139,132,139,131,138,130,138,129,138,128,137,127,137,126,136,125,136,124,135,123,134,122,134,121,133,121,132,121,131,121,130,121,129,121,128,121,127,121,126,121,125,121,124,120,123,120,122,120,121,119,120,119,119,118,118,118,117,117,116,117,115,117,114,116,113,116,112,115,111,115,110,114,109,114,108,114,107,114,106,114
216,139,215,140,214,140,213,141,213,142,212,143,212,144,211,145,211,146,210,147,210,148,210,149,210,150,210,151,210,152,210,153,210,154,210,155,210,156,210,157,210,158,210,159,211,160,211,161,212,161,213,162,214,163,215,163,216,163,217,164,218,164,219,164,220,164,221,164,222,165,223,165,224,166,225,166,226,166,227,167,228,166,229,166,230,165,231,164,232,163,233,162,234,161,234,160,233,159,233,158,232,157,233,156,234,156,234,155,234,154,234,153,234,152,234,151,234,150,234,149,233,148,233,147,233,146,232,145,231,144,231,143,230,142,229,141,228,141,227,140,226,140,225,139,224,139,223,139,222,139,221,139,220,139,219,139,218,139,217,139
177,140,176,141,175,141,174,141,173,142,172,143,171,144,171,145,170,146,170,147,169,148,169,149,168,150,168,151,168,152,168,153,167,154,167,155,167,156,167,157,168,158,168,159,169,160,169,161,169,162,170,163,170,164,171,165,172,166,173,167,174,168,174,169,174,170,175,170,176,171,177,172,178,173,179,174,180,175,180,176,181,177,182,178,182,179,183,180,184,180,185,180,186,180,187,180,188,180,189,180,190,180,191,179,191,178,192,177,193,176,193,175,194,174,195,173,196,172,197,171,198,171,199,170,200,169,201,168,202,168,202,167,203,166,202,165,202,164,202,163,203,162,203,161,203,160,203,159,203,158,202,157,202,156,201,155,201,154,200,153,200,152,199,151,198,150,197,149,196,148,195,147,194,146,193,145,192,144,191,144,190,143,189,142,188,141,187,141,186,141,185,140,184,140,183,140,182,140,181,140,180,140,179,140,178,140
86,148,85,149,84,149,83,149,82,150,81,150,81,151,80,152,79,153,79,154,78,155,78,156,77,157,77,158,77,159,78,160,78,161,79,162,80,163,81,163,82,164,83,164,84,164,85,164,86,165,87,164,88,164,89,164,90,164,91,163,92,163,93,162,94,161,95,160,95,159,96,158,96,157,96,156,96,155,95,154,95,153,94,152,93,151,92,150,91,149,90,148,89,148,88,148,87,148
147,160,146,161,145,161,144,161,143,161,142,162,141,162,140,163,139,163,138,164,137,164,136,165,135,166,134,166,133,167,132,168,132,169,132,170,132,171,132,172,132,173,131,174,131,175,131,176,131,177,131,178,131,179,131,180,131,181,132,182,132,183,133,184,134,185,135,186,135,187,136,188,137,188,138,189,139,189,140,190,141,190,142,190,143,190,144,190,145,190,146,190,147,190,148,190,149,190,150,190,151,190,151,189,152,188,153,187,154,187,155,186,156,186,157,185,158,184,158,183,159,182,160,181,161,180,161,179,161,178,161,177,161,176,162,175,162,174,162,173,162,172,162,171,162,170,162,169,161,168,161,167,161,166,161,165,161,164,160,164,159,163,158,162,157,162,156,162,155,161,154,161,153,160,152,160,151,160,150,160,149,160,148,160
248,160,247,161,246,161,245,161,244,161,243,161,242,161,241,161,240,161,239,162,238,162,237,162,236,162,235,162,234,162,233,163,232,164,231,165,230,166,229,167,229,168,229,169,228,170,228,171,228,172,227,173,227,174,226,175,226,176,226,177,227,178,227,179,228,180,228,181,228,182,229,183,229,184,230,185,231,185,232,185,233,186,234,186,235,187,236,187,237,187,238,188,239,188,240,189,241,190,242,190,243,191,244,192,245,191,246,190,247,189,248,189,249,188,250,187,251,186,251,185,252,184,253,183,254,182,255,181,255,180,256,179,257,178,257,177,256,176,256,175,256,174,257,173,257,172,257,171,257,170,257,169,257,168,258,167,257,166,257,165,257,164,257,163,256,162,256,161,255,161,254,161,253,160,252,160,251,160,250,160,249,160
201,169,200,170,199,171,198,172,197,172,196,173,195,174,194,175,194,176,193,177,192,178,192,179,191,180,190,181,190,182,190,183,191,184,192,185,193,186,194,187,194,188,195,189,195,190,196,191,197,192,197,193,198,194,199,195,200,196,201,197,202,197,203,197,204,197,205,197,206,197,207,197,208,197,209,197,210,197,211,196,212,196,213,196,214,196,215,195,216,194,217,193,218,193,219,192,219,191,220,190,221,189,222,188,223,187,223,186,223,185,223,184,223,183,223,182,223,181,223,180,224,179,224,178,223,177,223,176,222,175,222,174,221,173,220,172,219,172,218,171,217,170,216,170,215,170,214,170,213,170,212,170,211,170,210,170,209,171,208,171,207,170,206,170,205,170,204,170,203,169,202,169
171,171,170,172,169,172,168,172,167,173,167,174,166,175,166,176,166,177,166,178,165,179,165,180,165,181,165,182,165,183,165,184,166,184,167,184,168,184,169,184,170,183,171,183,172,183,173,183,174,182,175,182,176,182,177,181,178,181,179,181,180,180,181,180,182,180,181,179,181,178,180,177,179,176,179,175,178,174,177,173,176,172,175,171,174,171,173,171,172,171
260,178,259,179,258,179,257,179,256,180,256,181,255,182,254,183,253,184,252,185,252,186,251,187,250,188,249,189,248,190,247,190,246,191,245,192,244,193,245,193,246,194,247,195,248,196,249,197,250,198,251,199,252,200,253,201,253,202,254,203,254,204,255,205,255,206,256,207,256,208,257,209,257,210,258,211,258,212,259,213,259,214,260,215,260,216,261,217,262,217,263,216,264,216,265,216,266,216,267,216,268,215,269,215,270,215,271,215,272,215,273,214,274,213,275,213,276,212,277,211,278,210,279,209,280,209,281,208,282,207,283,206,283,205,283,204,284,203,284,202,285,201,285,200,286,199,286,198,286,197,286,196,286,195,285,194,285,193,285,192,284,191,284,190,284,189,283,189,282,188,281,187,281,186,280,186,279,185,278,184,277,183,276,182,275,182,274,181,273,181,272,180,271,180,270,180,269,179,268,179,267,179,266,179,265,179,264,179,263,179,262,179,261,178
180,181,179,182,178,182,177,182,176,183,175,183,174,183,173,184,172,184,171,184,170,184,169,185,168,185,167,185,166,185,165,185,165,186,165,187,164,188,164,189,164,190,164,191,164,192,163,193,162,193,162,194,163,195,163,196,163,197,164,198,164,199,164,200,164,201,165,202,165,203,166,204,166,205,167,206,168,207,169,208,170,209,171,210,172,210,173,210,174,210,175,210,176,210,177,210,178,209,179,208,180,208,181,207,182,206,183,205,184,205,185,204,186,204,187,203,188,204,189,203,190,202,191,201,192,201,193,200,194,200,195,199,196,199,197,198,198,198,199,198,200,197,199,196,198,195,197,194,196,193,196,192,195,191,194,190,194,189,193,188,193,187,192,186,191,185,190,184,189,183,188,184,187,184,186,183,185,182,184,181,183,181,182,181,181,181
139,191,138,192,137,193,136,193,135,193,134,194,133,195,132,196,131,197,130,198,129,199,129,200,128,201,128,202,128,203,128,204,128,205,128,206,128,207,128,208,128,209,128,210,128,211,128,212,128,213,128,214,128,215,129,216,129,217,130,218,130,219,130,220,131,221,131,222,132,223,133,224,133,225,134,226,135,227,135,228,136,229,137,230,138,231,139,231,140,232,141,232,142,233,143,233,144,233,145,233,146,233,147,233,148,233,149,233,150,233,151,233,152,233,153,233,154,233,155,233,156,233,157,233,158,233,159,233,160,233,161,233,162,233,163,232,164,233,165,233,166,232,167,232,168,231,169,231,170,230,171,230,171,229,172,228,172,227,172,226,172,225,171,224,172,223,172,222,172,221,173,220,174,220,173,219,173,218,173,217,172,216,172,215,172,214,172,213,171,212,171,211,170,210,169,209,168,208,167,207,166,206,165,205,165,204,164,203,164,202,163,201,163,200,163,199,163,198,162,197,162,196,162,195,161,194,161,193,161,192,160,192,159,192,158,192,157,192,156,191,155,192,154,192,153,192,152,191,151,191,150,192,149,192,148,191,147,191,146,191,145,191,144,191,143,191,142,191,141,191,140,191
244,194,243,195,243,196,243,197,242,198,242,199,241,200,240,201,240,202,239,203,238,204,237,205,236,206,236,207,235,208,234,209,233,210,232,210,231,211,230,212,229,212,228,213,227,213,226,214,225,214,224,215,223,216,223,217,223,218,222,219,222,220,222,221,221,222,222,223,221,224,222,225,223,226,223,227,224,228,225,229,225,230,226,231,226,232,227,233,227,234,228,235,229,235,230,235,231,236,232,236,233,236,234,236,235,236,236,236,237,236,238,236,239,236,240,235,241,235,242,234,243,233,244,233,245,232,246,232,247,231,248,230,249,230,250,229,251,228,252,227,253,226,254,225,255,224,256,223,256,222,257,221,258,220,259,219,260,219,260,218,260,217,259,216,259,215,258,214,258,213,257,212,257,211,256,210,256,209,255,208,255,207,254,206,254,205,253,204,253,203,252,202,252,201,251,200,250,199,249,198,248,197,247,196,246,195,245,194
200,198,199,199,198,199,197,199,196,200,195,200,194,201,193,201,192,202,191,202,190,203,189,204,188,205,188,206,187,207,186,208,185,209,184,210,183,211,182,211,181,212,180,213,179,214,178,215,177,216,177,217,176,218,176,219,176,220,176,221,176,222,176,223,176,224,176,225,176,226,176,227,175,228,175,229,174,230,174,231,173,232,172,231,171,231,170,231,169,232,168,232,167,233,166,233,165,234,165,235,165,236,165,237,164,238,164,239,164,240,165,241,165,242,166,241,167,242,168,243,169,244,170,244,171,245,172,245,173,245,174,246,175,246,176,246,177,246,178,246,179,246,180,246,181,245,182,246,183,245,184,245,185,244,186,243,187,242,188,241,189,241,190,240,191,239,192,238,193,238,194,237,195,236,196,235,196,234,196,233,197,232,197,231,196,230,196,229,197,228,197,227,197,226,198,225,198,224,199,223,199,222,200,221,201,220,202,219,203,218,204,217,203,216,203,215,203,214,203,213,203,212,203,211,203,210,203,209,203,208,203,207,203,206,203,205,202,204,202,203,202,202,202,201,202,200,201,199,201,198
283,207,282,208,281,209,280,210,279,210,278,211,277,212,276,213,275,214,274,214,273,215,272,216,271,216,270,216,269,216,268,216,267,217,266,218,265,217,264,218,263,218,262,218,261,218,261,219,262,220,261,221,260,222,260,223,259,224,258,224,257,224,256,224,255,225,254,226,253,227,252,228,251,229,250,230,249,231,248,231,247,232,246,233,245,233,244,234,243,234,242,235,241,236,240,236,239,237,238,237,238,238,237,239,237,240,237,241,237,242,237,243,237,244,238,245,238,246,239,247,240,248,241,249,242,250,242,251,243,252,244,253,245,254,245,255,246,256,246,257,246,258,246,259,246,260,245,261,245,262,245,263,245,264,245,265,246,266,247,266,248,265,249,265,250,265,251,265,252,265,253,264,254,264,255,264,256,263,257,263,258,262,259,262,260,261,261,261,262,260,263,260,264,260,265,259,266,259,267,259,268,259,269,259,269,258,270,257,271,257,272,256,273,255,274,254,275,254,276,253,277,252,278,251,279,250,280,249,281,248,281,247,282,246,282,245,283,244,283,243,284,242,284,241,284,240,284,239,284,238,285,237,286,236,286,235,287,234,288,233,289,233,290,232,291,231,292,230,293,229,293,228,294,227,294,226,294,225,294,224,295,223,295,222,296,221,296,220,296,219,296,218,296,217,297,216,296,215,297,214,296,213,295,212,295,211,295,210,294,209,293,209,292,209,291,209,290,208,289,208,288,208,287,208,286,208,285,208,284,208
208,222,207,223,206,223,205,224,204,224,203,225,202,226,201,226,200,227,200,228,199,229,199,230,199,231,198,232,197,233,197,234,197,235,198,236,199,236,200,237,201,238,202,239,203,240,204,241,205,242,206,242,207,243,208,244,209,244,210,245,211,246,212,245,213,245,214,245,215,244,216,244,217,244,218,243,219,243,220,243,221,242,222,241,223,240,224,239,225,238,226,237,227,237,227,236,227,235,226,234,226,233,225,232,225,231,224,230,224,229,223,228,222,227,222,226,221,225,220,224,219,224,218,224,217,224,216,223,215,223,214,223,213,222,212,222,211,222,210,222,209,222
66,230,65,231,64,232,63,233,63,234,62,235,62,236,62,237,62,238,62,239,63,240,64,241,65,242,66,243,67,243,68,243,69,243,70,243,71,243,72,243,73,242,74,242,75,241,76,240,76,239,76,238,76,237,76,236,76,235,76,234,76,233,75,232,74,231,73,230,72,230,71,230,70,230,69,230,68,230,67,230
196,236,195,237,194,238,193,239,192,239,191,240,190,241,189,242,188,242,187,243,186,244,185,245,184,246,183,246,182,247,182,248,182,249,181,250,180,250,181,251,182,252,182,253,183,254,183,255,183,256,184,257,184,258,184,259,185,260,186,260,187,261,188,262,189,262,190,263,191,263,192,263,193,264,194,264,195,264,196,264,197,264,198,264,199,263,200,263,201,263,202,263,203,262,204,262,205,261,206,261,207,261,208,260,209,259,210,258,210,257,210,256,211,255,210,254,211,253,211,252,211,251,211,250,211,249,211,248,211,247,210,246,209,245,208,245,207,244,206,243,205,243,204,242,203,241,202,240,201,239,200,238,199,237,198,237,197,236
301,244,300,245,299,245,298,245,297,246,296,246,295,247,294,248,293,249,292,250,291,251,291,252,290,253,290,254,289,255,289,256,288,257,287,258,287,259,286,260,285,261,284,262,284,263,283,264,283,265,282,266,282,267,281,268,281,269,280,270,279,271,279,272,279,273,278,274,278,275,278,276,278,277,278,278,278,279,279,280,279,281,280,281,281,282,282,283,283,284,284,284,285,284,286,284,287,284,288,284,289,284,290,283,291,283,292,283,293,282,294,281,295,281,296,280,297,279,298,278,299,277,300,276,301,275,302,274,303,273,304,273,305,272,306,271,307,270,308,270,309,269,310,268,311,267,312,266,313,266,314,265,315,265,315,264,316,263,317,262,318,261,318,260,318,259,318,258,318,257,318,256,318,255,317,254,316,253,315,252,315,251,314,250,313,249,312,248,311,247,310,246,309,246,308,245,307,245,306,245,305,244,304,244,303,244,302,244
229,245,228,246,227,246,226,247,225,247,224,248,223,249,222,249,221,250,220,251,219,251,218,252,217,253,216,254,215,255,214,256,214,257,213,258,213,259,213,260,213,261,213,262,213,263,213,264,213,265,213,266,213,267,214,268,214,269,215,270,216,271,217,271,218,271,219,272,220,272,221,272,222,272,223,272,224,272,225,273,226,273,227,273,228,273,229,273,230,273,231,273,232,273,233,273,234,272,235,272,236,272,237,271,238,271,239,270,240,270,241,269,242,268,243,267,244,267,245,266,244,265,244,264,244,263,244,262,244,261,245,260,245,259,245,258,245,257,245,256,244,255,244,254,243,253,242,252,241,251,241,250,240,249,239,248,238,247,237,246,236,246,235,246,234,246,233,245,232,245,231,245,230,245
175,251,174,252,173,252,172,253,171,254,170,255,169,255,169,256,169,257,169,258,169,259,169,260,169,261,170,262,171,263,172,263,173,263,174,263,175,263,176,263,177,263,178,263,179,263,180,263,181,263,182,263,182,262,183,261,184,260,183,259,183,258,183,257,182,256,182,255,182,254,181,253,181,252,180,251,179,251,178,251,177,251,176,251
265,260,264,261,263,261,262,261,261,262,260,262,259,263,258,263,257,264,256,264,255,265,254,265,253,265,252,266,251,266,250,266,249,266,248,266,247,267,246,267,245,267,244,268,243,268,242,269,241,270,240,271,239,271,238,272,237,272,236,273,235,273,234,273,233,274,232,275,231,275,230,274,230,275,229,276,228,276,227,277,226,277,225,277,224,276,223,277,222,278,221,278,220,278,219,278,218,278,217,278,216,278,215,278,214,277,213,278,212,278,211,278,210,278,209,278,208,277,208,276,208,277,207,278,206,279,206,280,205,281,204,282,203,283,203,284,202,285,201,286,200,287,199,287,198,288,198,289,197,290,196,290,195,291,194,292,195,293,195,294,194,295,195,296,195,297,195,298,196,298,197,299,198,300,199,300,200,300,201,300,202,300,203,300,204,300,205,300,206,300,207,299,208,299,209,299,210,298,211,298,212,298,213,298,214,298,215,299,216,299,217,300,218,300,219,300,220,300,221,301,222,301,223,302,224,302,225,303,226,304,227,304,228,304,229,305,230,305,231,304,232,305,233,304,234,304,235,303,236,303,237,302,238,302,239,301,240,300,241,300,242,299,243,298,244,297,245,296,244,295,244,294,244,293,244,292,244,291,245,290,245,289,245,288,245,287,246,286,247,285,247,284,248,283,248,282,249,281,250,280,251,279,251,278,252,277,253,276,254,275,255,275,256,274,257,273,258,272,259,271,260,270,261,270,262,269,263,268,264,268,265,268,266,267,266,266,267,265,268,264,268,263,268,262,269,261,268,260,267,260,266,260
169,263,170,264,169,265,169,266,169,267,169,268,169,269,168,270,169,271,168,272,169,273,169,274,170,275,170,276,170,277,171,278,172,278,173,278,174,279,175,280,176,280,177,280,178,280,179,280,180,280,181,280,182,280,183,279,184,279,185,279,185,278,186,277,187,277,187,276,188,275,188,274,188,273,188,272,188,271,188,270,188,269,188,268,188,267,187,266,186,266,185,265,184,265,183,264,182,264,181,264,180,264,179,264,178,264,177,264,176,264,175,264,174,264,173,264,172,264,171,264,170,263
263,269,262,270,261,271,260,271,259,272,258,273,257,274,256,275,255,276,254,276,253,277,252,278,252,279,251,280,250,281,249,282,249,283,248,284,248,285,247,286,246,287,246,288,246,289,246,290,245,291,245,292,245,293,245,294,245,295,246,296,247,296,248,296,249,297,250,297,251,297,252,297,253,297,254,297,255,296,256,296,257,296,258,296,259,296,260,296,261,295,262,295,263,295,264,294,265,294,266,294,267,293,268,293,269,292,270,291,271,291,272,290,273,289,273,288,274,287,274,286,275,285,275,284,276,283,275,282,276,281,276,280,276,279,276,278,275,277,275,276,275,275,274,274,274,273,273,272,272,271,271,271,270,270,269,270,268,269,267,269,266,269,265,269,264,269
306,279,305,280,304,280,303,281,302,281,302,282,301,283,300,284,299,285,299,286,299,287,298,288,298,289,298,290,298,291,298,292,298,293,298,294,298,295,298,296,299,297,300,298,300,299,301,300,302,301,303,301,304,302,305,302,306,303,307,303,308,303,309,302,310,302,311,302,312,301,313,301,314,301,315,300,316,299,317,299,318,299,319,298,320,297,321,296,321,295,321,294,321,293,321,292,321,291,321,290,320,289,320,288,320,287,320,286,320,285,319,284,319,283,318,282,317,281,316,281,315,280,314,280,313,279,312,279,311,279,310,279,309,279,308,279,307,279
279,303,278,304,277,305,276,305,275,306,275,307,274,308,273,309,272,310,272,311,272,312,271,313,271,314,271,315,271,316,270,317,270,318,270,319,270,320,270,321,270,322,270,323,271,324,272,325,272,326,273,326,274,326,275,327,276,327,277,327,278,327,279,327,280,327,281,327,282,327,283,327,284,327,285,327,286,326,287,326,288,326,289,325,290,325,291,324,292,324,292,323,293,322,294,321,294,320,294,319,294,318,294,317,294,316,294,315,294,314,294,313,293,312,293,311,292,310,291,309,291,308,290,307,289,306,288,305,287,304,286,303,285,303,284,303,283,303,282,303,281,303,280,303
141,409,140,410,139,410,138,410,137,411,136,412,135,413,134,414,134,415,133,416,133,417,133,418,133,419,133,420,133,421,134,422,134,423,134,424,135,425,136,426,137,427,138,428,139,429,140,429,141,430,142,430,143,431,144,431,145,431,146,431,147,431,148,431,149,430,150,430,151,430,152,430,153,430,154,431,155,431,156,431,157,431,158,431,159,431,160,431,161,431,162,431,163,431,164,431,165,431,166,431,167,430,168,430,169,429,170,429,171,428,171,427,171,426,172,425,172,424,172,423,172,422,173,421,172,420,172,419,172,418,171,417,171,416,170,415,170,414,169,414,168,413,167,413,166,413,165,413,164,412,163,412,162,412,161,412,160,412,159,412,158,412,157,412,156,412,155,412,154,411,153,411,152,411,151,411,150,410,149,410,148,410,147,410,146,410,145,409,144,409,143,409,142,409
184,413,183,414,182,414,181,415,180,415,179,415,178,416,177,417,176,417,176,418,175,419,175,420,174,421,173,422,173,423,173,424,173,425,172,426,172,427,172,428,171,429,172,430,173,431,174,432,174,433,175,434,176,435,177,436,178,437,179,437,180,438,181,438,182,438,183,438,184,439,185,439,186,438,187,438,188,438,189,438,190,438,191,438,192,438,193,438,194,437,195,436,195,435,196,434,197,433,198,432,198,431,199,430,200,429,200,428,200,427,200,426,200,425,200,424,200,423,199,422,199,421,198,420,197,419,196,418,195,417,194,416,193,416,192,415,191,415,190,414,189,414,188,413,187,413,186,413,185,413
328,420,327,421,326,421,325,422,324,423,323,424,322,425,321,426,321,427,320,428,320,429,320,430,320,431,320,432,320,433,320,434,320,435,320,436,321,437,322,438,323,439,324,439,325,440,326,440,327,441,328,441,329,442,330,442,331,442,332,443,333,443,334,443,335,444,336,444,337,444,338,444,339,443,340,443,341,442,342,441,343,440,344,439,344,438,345,437,345,436,345,435,345,434,345,433,345,432,345,431,344,430,344,429,344,428,343,427,343,426,342,425,341,424,340,423,339,422,338,421,337,421,336,421,335,420,334,420,333,420,332,420,331,420,330,420,329,420
103,424,102,425,102,426,101,427,102,428,101,429,101,430,102,431,101,432,102,433,102,434,102,435,102,436,102,437,102,438,102,439,103,439,104,440,104,441,105,441,106,441,107,441,108,442,109,442,110,441,110,440,111,439,112,439,113,440,113,441,114,442,115,443,115,444,116,445,117,445,118,446,119,446,120,447,121,447,122,447,123,447,124,447,125,447,126,447,127,447,128,447,129,447,130,447,131,447,132,446,133,446,134,445,135,444,135,443,135,442,135,441,135,440,135,439,135,438,135,437,135,436,135,435,135,434,135,433,134,432,134,431,133,430,132,429,131,428,130,428,129,428,128,427,127,427,126,427,125,427,124,426,123,426,122,426,121,427,120,427,119,427,118,427,117,427,116,428,115,427,114,426,113,425,112,426,111,426,110,426,111,427,110,428,109,428,108,427,108,426,107,425,106,425,105,425,104,425
362,426,361,427,360,427,359,428,358,429,357,430,356,430,356,431,355,432,355,433,354,434,354,435,354,436,354,437,354,438,354,439,355,440,355,441,356,442,356,443,357,444,358,445,359,446,360,446,361,447,362,448,363,448,364,449,365,449,366,449,367,449,368,449,369,449,370,449,371,449,372,449,373,449,374,449,375,448,376,448,377,447,378,447,379,446,380,445,380,444,381,443,381,442,381,441,382,440,382,439,382,438,382,437,382,436,381,435,381,434,381,433,380,432,379,431,378,430,377,429,376,429,375,428,374,428,373,427,372,427,371,427,370,427,369,426,368,426,367,426,366,426,365,426,364,426,363,426
205,427,204,428,203,428,202,429,201,428,201,429,200,430,199,431,199,432,198,433,197,434,196,435,196,436,195,437,194,438,194,439,195,440,195,441,196,442,196,443,197,444,198,445,199,446,200,447,201,447,202,448,203,448,204,448,205,449,206,449,207,448,208,448,209,448,210,447,211,447,212,446,213,445,214,445,215,445,215,444,216,443,216,442,217,441,218,440,218,439,218,438,218,437,218,436,218,435,218,434,218,433,217,432,217,431,216,430,215,429,214,428,213,428,212,428,211,428,210,428,209,427,208,427,207,427,206,427
310,430,309,431,308,431,307,432,306,432,305,433,304,433,303,434,303,435,302,436,302,437,302,438,301,439,301,440,301,441,301,442,301,443,301,444,301,445,301,446,301,447,301,448,302,449,302,450,302,451,302,452,303,453,303,454,304,454,305,455,306,456,307,456,308,456,309,457,310,457,311,457,312,457,313,456,314,456,315,455,316,455,317,455,318,454,318,453,319,452,320,451,320,450,320,449,321,448,321,447,321,446,321,445,321,444,321,443,321,442,321,441,321,440,320,439,320,438,320,437,319,436,318,435,317,434,316,433,315,433,314,432,313,431,312,431,311,430
223,445,222,446,221,446,220,446,219,446,218,447,217,447,216,448,215,449,215,450,214,451,214,452,214,453,214,454,214,455,214,456,214,457,214,458,214,459,215,460,216,461,216,462,217,463,218,463,219,464,220,464,221,464,222,464,223,464,224,464,225,464,226,463,227,463,228,462,229,462,230,461,231,460,232,459,233,458,233,457,234,456,234,455,234,454,235,453,235,452,235,451,234,450,233,449,233,448,232,447,231,446,230,446,229,446,228,445,227,445,226,445,225,445,224,445
283,446,282,447,281,447,280,447,279,448,278,449,277,450,276,451,276,452,276,453,276,454,276,455,276,456,277,457,277,458,278,459,279,460,280,461,281,461,282,462,283,462,284,462,285,462,286,462,287,462,288,463,289,463,290,463,291,463,292,463,293,463,294,463,295,463,296,463,297,462,297,461,297,460,298,459,298,458,298,457,298,456,298,455,297,454,297,453,296,452,295,451,295,450,294,449,293,448,292,448,291,447,290,447,289,447,288,447,287,446,286,446,285,446,284,446
97,449,96,450,95,450,94,451,93,451,92,452,91,453,90,454,90,455,90,456,90,457,90,458,90,459,90,460,91,461,91,462,92,463,92,464,92,465,93,466,94,466,95,467,96,467,97,468,98,468,99,468,100,469,101,469,102,468,103,468,104,467,105,467,106,466,107,465,108,464,109,463,109,462,109,461,109,460,109,459,109,458,108,457,108,456,107,455,107,454,106,453,106,452,105,451,105,450,104,450,103,449,102,449,101,449,100,449,99,449,98,449
171,449,170,450,169,450,168,450,167,450,166,450,165,451,164,451,163,452,162,452,161,452,160,453,159,454,158,455,157,455,156,456,155,457,154,458,153,459,152,460,151,461,150,462,150,463,149,464,149,465,149,466,148,467,148,468,148,469,147,470,147,471,147,472,147,473,147,474,147,475,147,476,147,477,147,478,147,479,147,480,147,481,148,482,148,483,148,484,148,485,149,486,150,487,150,488,151,489,152,490,153,491,154,492,155,492,156,493,157,494,158,494,159,494,160,495,161,495,162,496,163,496,164,497,165,497,166,497,167,497,168,497,169,497,170,497,171,497,172,497,173,497,174,496,175,496,176,496,177,496,178,496,179,495,180,495,181,495,182,495,183,494,184,493,185,492,186,491,187,491,188,490,189,489,190,488,191,487,192,486,193,485,193,484,193,483,193,482,194,481,194,480,194,479,194,478,194,477,194,476,195,475,195,474,195,473,195,472,195,471,195,470,195,469,195,468,195,467,195,466,194,465,194,464,193,463,193,462,192,461,192,460,191,459,190,458,189,457,189,456,188,455,187,454,186,453,185,452,184,452,183,451,182,451,181,450,180,450,179,450,178,449,177,449,176,449,175,449,174,449,173,449,172,449
118,459,117,460,116,460,115,460,114,461,113,461,112,462,111,463,110,463,109,464,108,465,107,466,106,467,105,468,104,468,103,469,102,469,102,470,101,471,101,472,100,473,99,473,98,474,98,475,97,476,96,477,96,478,95,479,95,480,95,481,94,482,94,483,94,484,94,485,94,486,94,487,94,488,94,489,95,490,95,491,95,492,95,493,96,494,96,495,97,496,97,497,97,498,98,499,98,500,98,501,99,502,100,503,101,504,101,505,102,506,103,506,104,507,105,507,106,508,107,509,108,509,109,510,110,510,111,510,112,510,113,510,114,510,115,510,116,510,117,510,118,510,119,510,120,510,121,510,122,510,123,510,124,510,125,510,126,510,127,510,128,510,129,509,130,509,131,508,132,508,133,507,134,507,135,507,136,506,137,506,138,505,138,504,139,503,139,502,139,501,140,500,141,499,141,498,142,497,142,496,143,495,143,494,144,493,144,492,144,491,144,490,144,489,144,488,144,487,143,486,143,485,143,484,143,483,143,482,143,481,143,480,143,479,143,478,143,477,143,476,142,475,142,474,142,473,141,472,141,471,141,470,140,469,140,468,139,467,139,466,138,465,137,464,136,463,135,462,134,461,133,461,132,460,131,460,130,460,129,460,128,460,127,460,126,460,125,460,124,460,123,460,122,460,121,459,120,460,119,459
388,459,387,460,386,460,385,461,384,461,383,462,382,463,381,464,380,465,379,466,378,467,378,468,378,469,377,470,377,471,377,472,376,473,377,474,377,475,377,476,378,477,378,478,378,479,379,480,379,481,380,482,381,483,382,484,382,485,383,486,384,487,385,487,386,487,387,488,388,488,389,488,390,489,391,489,392,489,393,489,394,489,395,489,396,489,397,489,398,489,399,488,400,488,401,487,402,486,402,485,402,484,402,483,403,482,403,481,403,480,404,479,404,478,404,477,404,476,404,475,404,474,404,473,404,472,404,471,404,470,403,469,403,468,402,467,402,466,401,465,400,464,400,463,399,462,398,461,397,460,396,460,395,459,394,459,393,459,392,459,391,459,390,459,389,459
315,461,314,462,313,462,312,462,311,462,310,463,309,464,308,464,307,465,306,465,306,466,305,467,304,468,303,469,303,470,303,471,303,472,302,473,302,474,302,475,303,476,303,477,303,478,303,479,303,480,304,481,304,482,304,483,305,484,305,485,306,486,307,487,307,488,307,489,308,489,309,490,310,491,311,490,312,491,313,491,314,492,315,492,316,493,317,494,318,494,319,494,320,494,321,493,322,493,323,492,324,492,325,491,326,491,327,490,327,489,328,488,329,487,330,486,330,485,330,484,331,483,331,482,331,481,332,480,332,479,332,478,332,477,332,476,332,475,332,474,332,473,331,472,332,471,331,470,330,469,330,468,329,467,329,466,328,465,328,464,327,465,326,464,325,464,324,463,323,463,322,463,321,462,320,462,319,462,318,462,317,461,316,461
281,467,280,468,279,468,278,469,277,470,276,471,275,472,274,473,274,474,274,475,274,476,274,477,274,478,275,479,275,480,275,481,276,482,276,483,277,484,278,485,279,486,279,487,280,487,281,488,282,488,283,489,284,489,285,489,286,489,287,490,288,490,289,490,290,489,291,489,292,488,293,488,294,487,295,486,296,485,296,484,296,483,296,482,297,481,296,480,296,479,296,478,296,477,296,476,296,475,296,474,295,473,295,472,294,471,293,470,292,469,291,469,290,469,289,468,288,468,287,467,286,467,285,467,284,467,283,467,282,467
72,470,71,471,70,471,69,471,68,472,67,472,66,473,65,473,64,474,64,475,63,476,62,477,61,478,61,479,61,480,61,481,60,482,60,483,60,484,60,485,61,486,61,487,61,488,62,489,62,490,62,491,63,492,63,493,64,494,65,495,66,496,67,496,68,497,69,497,70,497,71,497,72,497,73,497,74,497,75,497,76,497,77,496,78,496,79,495,80,495,81,494,82,494,83,493,84,492,85,492,86,491,86,490,87,489,88,488,88,487,88,486,89,485,89,484,89,483,89,482,89,481,89,480,89,479,88,478,88,477,87,476,86,475,85,474,84,473,83,472,82,472,81,471,80,471,79,470,78,470,77,470,76,470,75,470,74,470,73,470
372,473,371,474,370,474,369,475,368,475,367,475,366,476,365,477,364,477,363,478,362,478,361,479,360,480,359,480,358,481,357,482,356,483,355,484,354,484,353,485,352,486,351,487,350,488,350,489,351,490,352,491,353,492,353,493,354,494,354,495,354,496,355,497,355,498,356,499,356,500,357,501,358,502,358,503,359,504,359,505,360,506,361,507,362,508,363,508,364,509,365,510,366,510,367,510,368,510,369,510,370,510,371,510,372,510,373,510,374,510,375,509,376,509,377,508,378,508,379,507,380,506,381,506,382,505,382,504,383,503,383,502,384,501,384,500,384,499,385,498,384,497,384,496,384,495,384,494,384,493,384,492,384,491,384,490,384,489,384,488,383,487,382,486,381,485,381,484,380,483,379,482,378,481,378,480,377,479,377,478,377,477,376,476,376,475,376,474,375,473,374,473,373,473
206,482,205,483,204,483,203,483,202,483,201,483,200,484,199,484,198,485,197,485,196,486,195,486,194,486,193,486,192,487,191,488,190,489,189,490,188,491,187,492,186,492,185,493,184,494,183,495,182,496,182,497,182,498,181,499,181,500,181,501,181,502,181,503,181,504,181,505,181,506,181,507,181,508,182,509,183,510,184,510,185,510,186,511,187,511,188,511,189,511,190,511,191,511,192,511,193,510,194,510,195,511,196,511,197,511,198,511,199,511,200,511,201,511,202,511,203,511,204,511,205,511,206,511,207,511,208,511,209,511,210,511,211,511,212,511,213,511,214,511,215,511,216,511,217,511,218,511,219,511,220,511,221,511,222,511,223,510,224,510,225,510,226,510,227,509,228,508,229,507,229,506,229,505,229,504,229,503,229,502,228,501,229,500,228,499,228,498,227,497,227,496,227,495,226,494,226,493,225,492,224,491,224,490,223,489,222,488,221,487,220,486,219,485,218,484,217,484,216,483,215,483,214,483,213,483,212,483,211,482,210,482,209,482,208,482,207,482
301,489,300,490,299,490,298,490,297,490,296,490,295,491,294,491,293,492,292,492,291,493,290,494,289,494,289,495,288,496,288,497,287,498,287,499,287,500,287,501,287,502,287,503,287,504,287,505,288,506,288,507,289,508,289,509,290,510,291,511,292,511,293,511,294,511,295,511,296,511,297,511,298,511,299,511,300,511,301,511,302,511,303,511,304,511,305,511,306,511,307,511,308,511,309,511,310,511,311,510,312,510,313,510,314,510,315,509,316,508,316,507,316,506,316,505,316,504,315,503,315,502,315,501,315,500,315,499,314,498,313,497,313,496,312,495,311,494,311,493,310,492,309,491,308,490,307,490,306,490,305,489,304,489,303,489,302,489
247,498,246,499,245,499,244,499,243,499,242,500,241,501,240,501,239,502,238,503,238,504,238,505,237,506,237,507,236,508,237,508,238,509,239,510,240,510,241,510,242,511,243,511,244,511,245,511,246,511,247,511,248,511,249,510,250,510,251,511,252,511,253,511,254,510,255,510,256,510,257,510,258,510,259,510,260,509,261,508,262,507,261,506,262,505,261,504,261,503,260,502,260,501,259,501,258,500,257,499,256,499,255,499,254,498,253,498,252,498,251,498,250,498,249,498,248,498
53,500,52,501,51,501,50,502,49,503,48,504,48,505,47,506,47,507,46,508,46,509,46,510,47,510,48,511,49,511,50,511,51,511,52,511,53,511,54,511,55,511,56,511,57,511,58,511,59,511,60,511,61,511,62,511,63,511,64,511,65,511,66,511,67,510,68,510,68,509,67,508,67,507,66,506,65,505,64,504,63,503,62,503,61,502,60,501,59,500,58,500,57,500,56,500,55,500,54,500
