57,9,56,10,55,10,54,10,53,11,52,12,51,13,51,14,50,15,50,16,50,17,50,18,50,19,50,20,50,21,51,22,52,22,53,22,54,23,55,23,56,23,57,22,58,22,59,21,60,20,61,20,62,19,62,18,63,17,63,16,63,15,63,14,63,13,63,12,62,11,61,10,60,9,59,9,58,9
59,34,58,35,57,35,56,36,55,36,54,37,53,38,52,39,52,40,52,41,52,42,53,43,54,44,55,44,56,45,57,46,58,46,59,47,60,48,61,48,62,49,63,49,64,49,65,49,66,49,67,49,68,49,69,49,70,48,71,47,72,46,72,45,73,44,73,43,73,42,73,41,73,40,73,39,72,38,72,37,71,36,70,35,69,35,68,35,67,34,66,34,65,34,64,34,63,34,62,34,61,34,60,34
32,37,31,38,30,38,29,39,28,40,27,40,27,41,26,42,25,43,25,44,25,45,25,46,26,47,26,48,26,49,27,50,28,51,29,51,30,51,31,52,32,52,33,52,34,52,35,52,36,52,37,51,38,51,39,50,40,49,40,48,41,47,41,46,41,45,41,44,41,43,40,42,40,41,39,40,38,39,37,38,36,38,35,37,34,37,33,37
58,51,57,52,56,52,55,53,54,54,53,55,53,56,53,57,52,58,52,59,53,60,54,60,55,61,56,62,57,63,58,64,59,64,60,65,61,66,62,66,63,66,64,66,65,67,66,67,67,67,68,67,69,67,70,67,71,67,72,67,73,67,74,66,74,65,75,64,76,63,77,62,77,61,77,60,77,59,78,58,77,57,77,56,77,55,77,54,76,53,75,53,74,52,73,52,72,52,71,52,70,52,69,52,68,52,67,52,66,52,65,52,64,51,63,51,62,51,61,51,60,51,59,51
51,59,51,60,50,61,49,61,49,62,48,63,48,64,48,65,47,66,47,67,47,68,47,69,47,70,47,71,47,72,48,73,48,74,49,75,50,76,51,77,52,78,53,79,54,80,55,81,56,82,57,82,58,83,59,84,60,84,61,84,62,85,63,85,64,85,65,86,66,86,67,87,68,87,69,87,70,86,71,86,72,86,73,85,74,84,75,84,76,83,77,82,78,81,78,80,79,79,79,78,79,77,79,76,80,75,79,74,79,73,79,72,78,71,78,70,77,69,76,69,75,69,74,69,73,68,72,68,71,68,70,68,69,68,68,68,67,68,66,68,65,68,64,67,63,67,62,67,61,67,60,66,59,65,58,65,57,64,56,63,55,62,54,61,53,61,52,60
72,110,71,111,70,111,69,111,68,112,67,112,66,112,65,113,64,114,63,115,62,116,62,117,61,118,61,119,61,120,61,121,62,122,62,123,63,124,64,125,65,126,66,127,67,128,68,128,69,129,70,129,71,129,72,130,73,130,74,130,75,129,76,129,77,129,78,129,79,129,80,128,81,128,82,128,82,127,83,126,84,125,84,124,85,123,85,122,85,121,85,120,85,119,85,118,85,117,84,116,84,115,83,114,82,113,81,112,80,112,79,111,78,111,77,111,76,110,75,110,74,110,73,110
163,115,162,116,161,117,160,117,159,118,158,118,157,118,156,118,155,119,154,120,153,121,152,122,151,123,151,124,150,125,150,126,149,127,149,128,149,129,149,130,148,131,148,132,148,133,147,134,147,135,147,136,147,137,146,138,146,139,145,140,145,141,146,141,147,142,148,143,149,144,150,145,151,145,152,145,153,145,154,145,155,145,156,145,157,145,158,145,159,145,160,146,161,146,162,146,163,147,164,147,165,148,166,148,167,148,168,147,169,146,170,145,171,145,172,144,173,143,174,142,175,142,176,141,177,141,178,140,179,140,180,139,181,139,180,138,180,137,180,136,180,135,181,134,181,133,181,132,181,131,180,130,180,129,180,128,180,127,179,126,179,125,179,124,179,123,179,122,178,121,178,120,177,119,176,118,175,117,174,117,173,116,172,116,171,116,170,115,169,115,168,115,167,115,166,115,165,115,164,115
85,143,84,144,83,144,82,144,81,145,80,146,79,147,79,148,78,149,77,150,77,151,76,152,76,153,76,154,76,155,75,156,75,157,76,158,76,159,77,160,78,161,79,162,80,163,81,163,82,163,83,164,84,164,85,164,86,164,87,164,88,164,89,164,90,164,91,163,92,163,93,162,94,162,95,161,96,160,97,159,97,158,97,157,97,156,97,155,97,154,97,153,97,152,97,151,96,150,96,149,95,148,95,147,95,146,94,146,93,145,92,144,91,144,90,143,89,143,88,143,87,143,86,143
216,143,215,144,214,144,213,144,212,144,211,145,210,145,209,145,208,146,207,147,206,147,205,148,204,149,203,150,203,151,202,152,202,153,201,154,201,155,201,156,201,157,202,158,201,159,202,160,201,161,202,162,203,162,204,163,205,164,205,165,206,166,207,166,208,166,209,166,210,166,211,166,212,167,213,167,214,167,215,167,216,168,217,168,218,169,219,169,220,170,221,171,222,172,223,173,224,173,225,172,226,172,227,172,228,171,229,171,230,170,231,170,232,169,233,168,234,167,235,166,236,165,237,164,238,163,239,162,238,161,238,160,238,159,238,158,237,157,237,156,237,155,236,154,235,153,235,152,234,151,233,150,232,149,232,148,231,148,230,147,229,146,228,146,227,145,226,145,225,144,224,144,223,144,222,144,221,143,220,143,219,143,218,143,217,143
149,146,148,147,148,148,147,149,146,150,145,151,144,152,144,153,143,154,143,155,142,156,142,157,141,158,140,159,139,160,138,161,137,162,136,163,135,164,134,165,133,166,133,167,132,168,132,169,131,170,131,171,131,172,131,173,131,174,131,175,131,176,131,177,132,178,132,179,132,180,132,181,133,182,134,183,134,184,135,185,136,185,137,186,138,187,139,188,140,188,141,188,142,188,143,188,144,188,145,188,146,188,147,188,148,187,149,187,150,187,151,187,152,187,153,187,154,187,154,186,155,185,156,184,156,183,157,182,158,182,159,181,159,180,160,179,161,178,162,177,162,176,163,175,163,174,164,173,164,172,165,171,165,170,166,169,166,168,166,167,167,166,168,165,168,164,168,163,169,162,169,161,168,160,168,159,168,158,168,157,168,156,168,155,168,154,167,153,167,152,167,151,166,150,166,149,165,149,164,148,163,148,162,147,161,147,160,147,159,146,158,146,157,146,156,146,155,146,154,146,153,146,152,146,151,146,150,146
205,167,204,168,203,168,202,169,201,169,200,169,200,170,199,171,199,172,198,173,198,174,198,175,197,176,197,177,196,178,197,179,197,180,197,181,197,182,197,183,197,184,197,185,197,186,197,187,198,188,198,189,198,190,198,191,199,192,199,193,200,193,201,193,202,193,203,193,204,193,205,193,206,193,207,193,208,193,209,193,210,193,211,193,212,193,213,193,214,193,215,192,216,192,217,191,218,190,219,189,220,188,221,187,222,187,223,186,223,185,223,184,223,183,223,182,223,181,223,180,223,179,223,178,223,177,223,176,223,175,223,174,222,173,221,172,220,171,219,170,218,170,217,169,216,169,215,168,214,168,213,168,212,168,211,167,210,167,209,167,208,167,207,167,206,167
228,212,227,213,226,213,225,213,224,213,223,213,222,214,221,215,220,215,219,216,218,217,217,218,216,218,215,219,214,220,213,221,212,221,213,222,213,223,214,224,214,225,214,226,213,227,213,228,214,229,214,230,215,231,215,232,216,233,216,234,217,235,217,236,218,237,219,238,220,238,221,238,222,238,223,237,224,237,225,236,226,236,227,236,228,235,229,235,230,234,231,234,232,233,233,233,234,232,235,231,236,231,237,230,238,229,239,229,240,229,240,228,241,227,241,226,240,225,240,224,240,223,240,222,239,221,239,220,238,219,238,218,237,217,236,216,235,215,234,214,233,213,232,212,231,212,230,212,229,212
268,218,267,219,266,219,265,219,264,219,263,219,262,219,261,219,260,220,259,220,258,221,257,222,256,223,255,224,254,225,253,226,252,227,251,228,250,229,249,229,248,230,247,231,246,231,245,232,244,232,244,233,243,234,243,235,242,236,242,237,241,238,240,239,240,240,239,241,239,242,239,243,238,244,238,245,237,246,237,247,237,248,237,249,237,250,236,251,235,252,235,253,236,253,237,254,236,255,237,256,238,256,239,256,240,257,240,258,239,259,238,259,239,259,240,260,240,261,240,262,241,263,241,264,242,265,243,266,244,266,245,266,246,266,247,265,248,264,249,264,250,263,251,262,252,262,253,261,254,261,255,260,256,259,257,259,258,259,259,258,260,258,261,258,262,258,263,257,264,257,265,257,266,257,267,257,268,257,269,256,270,256,271,255,271,254,272,253,273,252,273,251,274,250,275,250,276,249,277,248,277,247,278,246,279,245,280,244,280,243,281,242,281,241,282,240,282,239,283,238,284,237,284,236,285,235,286,234,286,233,285,232,286,231,286,230,285,229,285,228,285,227,285,226,284,225,283,224,282,224,281,223,280,222,279,221,278,221,277,221,276,221,275,221,274,221,273,221,272,220,271,219,270,218,269,218
70,227,69,228,68,228,67,228,66,228,65,229,64,229,63,230,62,231,61,232,60,233,60,234,59,235,59,236,60,237,60,238,60,239,61,240,62,241,63,242,64,243,65,244,66,244,67,244,68,245,69,245,70,245,71,245,72,245,73,244,74,244,75,243,76,242,77,242,77,241,78,240,79,239,79,238,79,237,79,236,79,235,79,234,78,233,77,232,76,231,76,230,75,229,74,228,73,228,72,228,71,227
265,272,264,273,263,273,262,274,261,274,260,275,259,275,258,276,257,277,256,277,255,278,254,279,253,280,252,281,251,282,250,283,249,284,248,285,247,286,247,287,246,288,246,289,245,290,246,291,247,292,248,293,249,293,250,294,251,294,252,295,253,295,254,295,255,295,256,295,257,294,258,294,259,293,260,293,261,293,262,292,263,292,264,291,265,290,266,290,266,289,267,288,268,287,269,286,269,285,270,284,270,283,270,282,270,281,270,280,270,279,270,278,270,277,270,276,269,275,268,274,267,273,266,272
140,408,139,409,138,409,137,409,136,410,135,411,135,412,134,413,134,414,134,415,134,416,133,417,133,418,133,419,134,420,134,421,134,422,134,423,135,424,135,425,136,426,136,427,137,428,138,429,139,429,140,430,141,430,142,431,143,431,144,431,145,431,146,432,147,433,148,434,149,434,150,435,150,436,151,437,152,437,153,437,154,438,155,438,156,438,157,438,158,438,159,438,160,438,161,438,162,438,163,438,164,437,165,437,166,436,166,435,167,434,167,433,167,432,167,431,167,430,167,429,167,428,167,427,168,426,168,425,168,424,168,423,168,422,168,421,168,420,168,419,168,418,167,417,167,416,167,415,166,415,165,414,164,413,163,413,162,413,161,412,160,412,159,412,158,411,157,411,156,411,155,411,154,410,153,410,152,409,151,409,150,409,149,408,148,408,147,409,146,409,145,408,144,408,143,408,142,408,141,408
177,417,176,418,175,418,174,418,173,419,172,420,171,421,170,422,169,423,169,424,169,425,169,426,168,427,168,428,168,429,168,430,168,431,168,432,168,433,169,434,170,435,171,436,172,437,172,438,173,438,174,439,175,439,176,440,177,440,178,441,179,441,180,441,181,441,182,441,183,441,184,440,185,440,186,440,187,439,188,438,189,437,190,437,191,436,192,435,192,434,192,433,193,432,193,431,193,430,193,429,193,428,193,427,193,426,192,425,191,424,191,423,190,422,189,421,188,420,187,419,186,419,185,418,184,417,183,417,182,417,181,417,180,417,179,417,178,417
108,424,107,425,106,425,105,425,104,426,103,426,102,427,101,427,100,428,100,429,99,430,98,431,98,432,97,433,97,434,97,435,97,436,97,437,97,438,97,439,97,440,97,441,98,442,98,443,98,444,98,445,98,446,99,447,99,448,100,448,101,449,102,450,103,450,104,451,105,451,106,451,107,452,108,451,109,451,110,451,111,451,112,451,113,451,114,451,115,450,116,450,117,450,118,450,119,449,120,449,121,449,122,448,123,448,124,447,125,448,126,448,127,447,128,447,129,447,130,447,131,446,132,446,133,445,134,444,134,443,135,442,135,441,135,440,135,439,135,438,136,437,136,436,136,435,136,434,135,433,135,432,134,431,133,430,132,429,131,428,130,428,129,427,128,427,127,427,126,427,125,427,124,427,123,427,122,426,121,426,120,426,119,426,118,426,117,425,116,425,115,425,114,425,113,425,112,425,111,424,110,424,109,424
200,427,199,428,198,428,197,429,196,430,195,431,194,432,193,433,193,434,193,435,192,436,193,437,192,438,192,439,192,440,192,441,192,442,193,443,193,444,194,445,194,446,195,447,196,448,197,449,198,449,199,449,200,450,201,450,202,450,203,450,204,450,205,450,206,450,207,450,208,450,209,449,210,449,211,449,212,448,213,447,214,446,215,445,216,444,216,443,217,442,217,441,217,440,217,439,217,438,217,437,218,436,218,435,217,434,217,433,216,432,215,431,214,430,214,429,213,429,212,428,211,428,210,427,209,427,208,427,207,427,206,427,205,427,204,427,203,427,202,427,201,427
86,448,85,449,84,449,83,450,82,450,81,451,80,452,79,453,78,453,78,454,77,455,77,456,77,457,76,458,76,459,76,460,76,461,75,462,75,463,75,464,76,465,76,466,76,467,76,468,76,469,76,470,76,471,77,472,78,473,79,474,80,474,81,475,82,475,83,476,84,477,85,477,86,477,87,478,88,478,89,479,90,479,91,479,92,479,93,480,94,479,95,478,96,477,97,476,98,475,99,474,99,473,100,472,101,471,102,470,103,469,103,468,104,467,105,466,106,465,107,464,107,463,107,462,108,461,108,460,108,459,107,458,107,457,107,456,107,455,107,454,106,453,105,452,104,452,103,451,102,451,101,450,100,449,99,449,98,448,97,448,96,448,95,448,94,448,93,448,92,448,91,448,90,448,89,448,88,448,87,448
336,448,335,449,334,449,333,450,332,450,331,451,331,452,330,453,329,454,329,455,329,456,328,457,328,458,328,459,328,460,329,461,329,462,329,463,330,464,330,465,330,466,331,467,332,468,332,469,333,470,334,471,335,472,336,473,337,474,338,475,339,476,340,476,341,477,342,477,343,477,344,477,345,477,346,476,347,476,348,476,349,475,350,475,351,474,352,473,353,472,353,471,354,470,354,469,355,468,355,467,355,466,356,465,356,464,356,463,356,462,356,461,357,460,357,459,357,458,356,457,356,456,355,455,355,454,354,453,353,452,352,451,351,450,350,450,349,449,348,449,347,449,346,448,345,448,344,448,343,448,342,448,341,448,340,448,339,448,338,448,337,448
165,449,164,450,163,450,162,450,161,451,160,452,159,452,158,452,157,453,156,453,155,454,154,455,153,456,152,457,151,458,150,458,149,459,148,460,147,461,146,462,146,463,145,464,145,465,145,466,145,467,145,468,145,469,145,470,145,471,146,472,145,473,146,474,146,475,146,476,146,477,147,478,147,479,147,480,148,481,148,482,148,483,149,484,149,485,150,486,150,487,151,488,152,489,153,490,154,490,155,491,156,491,157,492,158,492,159,493,160,493,161,493,162,493,163,493,164,494,165,494,166,494,167,494,168,494,169,494,170,494,171,493,172,493,173,493,174,492,175,492,176,492,177,491,178,491,179,491,180,490,181,490,182,489,183,489,184,488,185,488,186,487,187,486,188,486,189,485,190,484,191,483,192,482,193,482,194,481,195,480,195,479,196,478,196,477,196,476,196,475,196,474,196,473,196,472,196,471,196,470,196,469,196,468,196,467,195,466,195,465,194,464,194,463,193,462,192,461,192,460,191,459,190,458,189,457,189,456,188,456,187,455,187,454,186,453,185,453,184,452,183,451,182,451,181,450,180,450,179,450,178,449,177,449,176,449,175,449,174,449,173,449,172,449,171,449,170,449,169,449,168,449,167,449,166,449
233,462,232,463,231,463,230,464,229,464,228,464,228,465,227,466,226,466,225,467,224,468,224,469,224,470,223,471,223,472,223,473,223,474,222,475,222,476,223,477,223,478,223,479,223,480,224,481,224,482,224,483,225,484,226,485,227,485,228,485,229,485,230,485,231,486,232,486,233,486,234,485,235,486,236,486,237,486,238,485,239,485,240,484,241,484,242,483,242,482,243,481,244,480,245,479,245,478,246,477,246,476,246,475,246,474,246,473,246,472,246,471,245,470,245,469,244,468,243,467,242,466,241,465,240,464,239,464,238,463,237,463,236,463,235,462,234,462
123,467,122,468,121,468,120,468,119,469,118,469,117,469,116,470,115,471,114,471,113,471,112,472,111,473,111,474,110,475,109,476,108,477,108,478,108,479,107,480,107,481,106,482,106,483,106,484,106,485,105,486,106,487,105,488,106,489,106,490,106,491,106,492,106,493,106,494,106,495,106,496,106,497,107,498,108,499,108,500,109,501,109,502,110,503,110,504,111,504,112,505,113,506,114,506,115,507,116,508,117,509,118,509,119,510,120,510,121,510,122,510,123,510,124,510,125,510,126,510,127,510,128,510,129,510,130,509,131,509,132,509,133,508,134,508,135,507,136,507,137,506,138,505,139,504,140,503,141,503,141,502,142,501,142,500,143,499,143,498,143,497,143,496,144,495,144,494,143,493,143,492,143,491,143,490,143,489,143,488,143,487,142,486,142,485,142,484,141,483,141,482,140,481,140,480,140,479,139,478,138,477,138,476,137,475,136,474,136,473,135,472,134,471,133,470,132,470,131,469,130,468,129,468,128,468,127,467,126,467,125,467,124,467
313,469,312,470,311,471,310,471,309,472,308,473,307,473,306,474,306,475,305,476,305,477,305,478,305,479,305,480,306,481,306,482,306,483,307,484,307,485,308,486,309,487,310,488,311,489,312,490,313,491,314,492,315,493,316,494,317,495,318,495,319,495,320,495,321,495,322,495,323,495,324,495,325,494,326,494,327,493,328,493,329,492,330,491,331,490,331,489,332,488,332,487,332,486,333,485,333,484,333,483,333,482,333,481,333,480,332,479,332,478,331,477,331,476,331,475,331,474,330,473,330,472,329,472,328,471,327,471,326,470,325,470,324,470,323,470,322,469,321,469,320,469,319,469,318,469,317,469,316,469,315,469,314,469
61,470,60,471,59,471,58,472,57,472,56,472,55,473,55,474,54,475,53,476,53,477,52,478,52,479,52,480,51,481,51,482,51,483,50,484,50,485,49,486,49,487,49,488,48,489,48,490,48,491,48,492,47,493,47,494,47,495,46,496,46,497,46,498,46,499,46,500,46,501,46,502,46,503,45,504,44,505,44,506,45,507,45,508,45,509,46,510,47,510,48,510,49,510,50,510,51,511,52,511,53,510,54,510,55,510,56,510,57,510,58,510,59,510,60,510,61,510,62,511,63,511,64,511,65,511,66,511,67,511,68,511,69,511,70,511,71,511,72,511,73,511,74,511,75,511,76,510,77,510,78,510,79,510,80,509,81,509,82,508,83,508,84,508,85,508,86,508,87,507,88,507,88,506,89,505,90,505,91,504,92,503,93,502,94,501,94,500,95,499,96,498,97,497,97,496,97,495,98,494,98,493,98,492,98,491,98,490,98,489,98,488,97,487,97,486,96,485,96,484,95,483,94,483,93,482,93,481,92,480,91,480,90,480,89,480,88,479,87,479,86,478,85,478,84,478,83,477,82,476,81,476,80,475,79,475,78,474,77,473,76,472,75,472,74,472,73,472,72,472,71,472,70,471,69,471,68,471,67,471,66,470,65,470,64,470,63,470,62,470
366,479,365,480,364,480,363,480,362,481,361,482,360,482,359,483,358,484,357,484,357,485,356,486,355,487,355,488,355,489,354,490,354,491,354,492,354,493,354,494,354,495,354,496,354,497,355,498,355,499,355,500,355,501,356,502,356,503,357,504,358,505,359,505,360,506,360,507,361,507,362,508,363,509,364,510,365,510,366,510,367,510,368,510,369,510,370,510,371,510,372,510,373,510,374,509,375,509,376,508,377,508,378,507,379,507,379,506,380,505,381,505,382,504,383,503,383,502,384,501,384,500,384,499,384,498,385,497,385,496,385,495,385,494,385,493,385,492,385,491,384,490,384,489,384,488,384,487,383,486,383,485,382,484,381,483,380,482,379,481,378,480,377,480,376,480,375,480,374,479,373,479,372,479,371,479,370,479,369,479,368,479,367,479
294,490,293,491,292,491,291,491,290,491,289,492,288,493,287,494,286,495,286,496,286,497,285,498,285,499,285,500,285,501,285,502,285,503,285,504,285,505,286,506,286,507,287,508,288,509,289,510,290,510,291,511,292,511,293,511,294,510,295,510,296,510,297,510,298,511,299,511,300,511,301,511,302,511,303,511,304,510,305,510,306,510,307,510,308,510,309,509,310,508,311,508,312,507,312,506,312,505,312,504,312,503,311,502,311,501,311,500,311,499,311,498,311,497,310,496,310,495,309,495,308,494,307,493,306,493,305,492,304,492,303,491,302,491,301,491,300,491,299,490,298,490,297,490,296,490,295,490
