87,84,86,85,85,85,84,86,83,87,83,88,82,89,82,90,82,91,82,92,83,93,83,94,84,95,85,96,86,96,87,96,88,96,89,96,90,96,91,95,92,95,93,95,94,94,95,93,95,92,96,91,96,90,96,89,96,88,96,87,95,86,94,85,93,85,92,84,91,84,90,84,89,84,88,84
119,110,118,111,117,111,116,112,115,113,114,114,113,115,113,116,112,117,112,118,111,119,111,120,111,121,110,122,110,123,110,124,110,125,110,126,110,127,110,128,110,129,110,130,110,131,111,132,111,133,112,134,112,135,113,136,114,137,115,138,116,139,117,139,118,139,119,139,120,139,121,138,122,138,123,137,124,137,125,136,126,135,127,134,127,133,128,132,128,131,129,130,129,129,130,128,130,127,130,126,130,125,131,124,131,123,131,122,131,121,131,120,131,119,131,118,130,117,130,116,130,115,129,114,128,113,127,112,126,112,125,111,124,111,123,110,122,110,121,110,120,110
186,146,185,147,184,147,183,148,182,148,181,149,180,150,179,150,179,151,178,152,178,153,178,154,178,155,177,156,177,157,177,158,177,159,177,160,177,161,177,162,177,163,177,164,177,165,177,166,177,167,178,168,179,169,180,169,181,170,182,171,183,171,184,170,185,170,186,170,187,169,188,169,189,169,190,168,191,168,192,167,193,166,194,165,194,164,195,163,196,162,197,161,198,161,199,160,200,159,201,159,202,158,202,157,203,156,203,155,204,154,203,153,203,152,202,151,202,150,201,149,200,149,199,148,198,148,197,147,196,147,195,147,194,146,193,146,192,146,191,146,190,146,189,146,188,146,187,146
211,150,210,151,209,151,208,152,207,152,206,153,205,154,205,155,205,156,205,157,205,158,205,159,205,160,206,161,207,162,208,163,209,164,209,165,210,166,211,167,212,168,213,169,213,170,214,170,215,171,216,171,217,172,218,172,219,172,220,172,221,172,222,172,223,171,223,170,224,169,225,168,225,167,225,166,226,165,226,164,225,163,225,162,224,161,224,160,224,159,223,158,223,157,222,156,221,155,220,155,219,154,218,153,217,152,216,151,215,151,214,151,213,150,212,150
143,156,142,157,141,157,140,158,139,159,139,160,138,161,138,162,137,163,137,164,137,165,137,166,137,167,137,168,137,169,138,170,138,171,139,172,140,173,141,173,142,174,143,175,144,174,145,174,146,173,147,173,148,172,149,171,150,171,151,170,151,169,151,168,151,167,151,166,151,165,151,164,151,163,151,162,151,161,150,160,150,159,149,158,148,157,147,156,146,156,145,156,144,156
233,159,232,160,231,160,230,161,229,162,228,163,227,164,227,165,226,166,226,167,226,168,225,169,224,170,224,171,223,172,223,173,224,174,225,174,226,175,227,176,228,176,229,177,230,178,231,179,232,180,233,181,234,182,235,183,236,184,236,185,237,184,238,183,239,182,240,181,241,181,242,180,243,179,244,178,245,177,246,176,247,175,248,174,247,173,247,172,246,172,245,171,245,170,244,169,243,168,242,167,242,166,241,165,241,164,240,163,240,162,239,161,238,161,237,160,236,160,235,159,234,159
200,160,199,161,198,162,197,162,196,163,195,164,195,165,194,166,193,167,193,168,193,169,193,170,194,171,194,172,194,173,194,174,194,175,195,176,195,177,196,178,196,179,197,179,198,180,199,181,200,182,201,183,202,184,203,184,204,184,205,184,206,184,207,184,208,184,209,183,210,182,211,182,212,181,213,180,213,179,214,178,214,177,214,176,213,175,213,174,213,173,213,172,213,171,212,170,212,169,211,168,210,167,209,166,208,165,208,164,207,163,206,162,205,161,204,161,203,161,202,160,201,160
176,167,175,168,174,168,173,168,172,168,171,168,170,168,169,168,168,168,167,168,166,168,165,168,164,168,163,169,162,169,161,169,160,170,159,170,158,171,157,172,156,173,155,173,155,174,155,175,155,176,155,177,155,178,155,179,155,180,155,181,155,182,155,183,155,184,155,185,155,186,155,187,154,188,154,189,155,189,156,189,157,190,158,190,159,191,160,191,161,191,162,192,163,192,164,193,165,194,166,194,167,195,168,195,169,195,170,194,170,193,170,192,170,191,170,190,170,189,170,188,170,187,170,186,170,185,170,184,171,183,171,182,172,181,172,180,173,179,173,178,174,177,175,176,176,175,177,174,178,174,179,173,180,172,181,172,182,172,181,171,180,170,179,170,178,169,177,168
152,170,151,171,150,172,149,172,148,173,147,174,146,174,145,175,144,175,144,176,143,177,142,178,142,179,142,180,141,181,140,182,140,183,139,184,139,185,139,186,139,187,138,188,138,189,138,190,138,191,138,192,138,193,138,194,138,195,139,196,139,197,140,197,141,198,142,198,143,198,144,197,145,197,146,197,147,196,148,196,149,195,149,194,150,193,151,192,152,191,153,190,153,189,153,188,154,187,154,186,154,185,154,184,154,183,154,182,154,181,154,180,154,179,154,178,154,177,154,176,154,175,154,174,154,173,153,172,153,171
183,172,182,173,181,173,180,173,179,174,178,175,177,175,176,176,175,177,174,178,174,179,173,180,173,181,172,182,172,183,171,184,171,185,171,186,171,187,171,188,171,189,171,190,171,191,171,192,171,193,171,194,170,195,171,195,172,195,173,195,174,195,175,195,176,195,177,195,178,196,179,196,180,196,181,196,182,196,183,196,184,195,185,195,186,194,187,194,188,194,189,194,190,193,191,192,192,191,193,190,194,189,195,188,195,187,195,186,195,185,195,184,195,183,195,182,196,181,196,180,195,179,195,178,194,177,194,176,193,176,192,175,191,175,190,175,189,175,188,174,187,174,186,174,185,174,184,173
221,174,220,175,219,176,218,176,217,177,216,178,215,178,214,179,214,180,213,181,212,182,212,183,211,184,211,185,211,186,210,187,210,188,210,189,210,190,211,191,211,192,212,193,213,194,213,195,213,196,214,197,214,198,215,199,216,200,217,200,218,200,219,200,220,200,221,200,222,200,223,199,224,199,225,198,226,198,227,197,228,196,229,195,230,194,231,194,232,193,233,193,234,193,235,192,235,191,235,190,236,189,236,188,236,187,235,186,235,185,235,184,234,183,233,182,232,181,231,180,230,179,229,178,228,177,227,177,226,176,225,175,224,175,223,174,222,174
249,174,248,175,247,176,246,177,245,178,244,179,243,180,242,181,241,182,240,182,239,183,238,184,237,185,236,186,237,187,237,188,237,189,236,190,236,191,236,192,236,193,236,194,236,195,236,196,235,197,234,198,233,199,233,200,232,201,232,202,232,203,233,204,233,205,233,206,234,207,234,208,235,209,236,210,237,211,238,212,239,211,240,211,241,210,242,210,242,209,243,208,244,207,245,206,246,205,247,204,248,203,249,202,250,201,251,200,252,199,253,198,254,197,255,196,255,195,256,194,256,193,257,192,257,191,257,190,257,189,257,188,257,187,257,186,257,185,257,184,257,183,257,182,257,181,256,180,256,179,255,178,254,177,253,177,252,176,251,175,250,175
154,190,153,191,152,192,151,193,150,194,150,195,149,196,148,197,149,198,149,199,148,200,148,201,148,202,148,203,149,204,149,205,149,206,149,207,149,208,150,209,151,210,152,211,153,211,154,212,155,212,156,212,157,212,158,212,159,212,160,212,161,211,162,211,163,211,164,210,165,209,166,208,167,207,167,206,167,205,167,204,167,203,167,202,168,201,168,200,168,199,168,198,168,197,168,196,167,196,166,195,165,195,164,194,163,193,162,193,161,192,160,192,159,192,158,191,157,191,156,190,155,190
169,196,169,197,169,198,169,199,169,200,169,201,168,202,168,203,168,204,168,205,168,206,168,207,169,207,170,208,171,209,172,210,173,210,174,211,175,211,176,212,177,212,178,213,179,214,180,215,181,215,182,216,183,216,184,217,185,217,186,218,187,218,188,219,189,219,190,219,191,218,192,217,193,217,194,216,195,216,196,215,197,214,198,213,199,212,200,211,200,210,200,209,200,208,201,207,201,206,202,205,202,204,202,203,203,202,203,201,203,200,202,199,201,198,200,198,199,198,198,197,197,197,196,197,195,197,194,197,193,197,192,198,191,198,190,198,189,198,188,198,187,198,186,198,185,198,184,198,183,197,182,197,181,197,180,197,179,197,178,197,177,196,176,196,175,196,174,196,173,196,172,196,171,196,170,196
280,196,279,197,278,197,277,198,276,199,275,200,275,201,274,202,274,203,273,204,274,205,274,206,274,207,275,208,276,208,277,209,278,209,279,209,280,209,281,209,282,209,283,208,284,208,285,207,286,207,287,206,288,205,288,204,288,203,289,202,288,201,288,200,288,199,287,198,287,197,286,197,285,196,284,196,283,196,282,196,281,196
204,201,204,202,203,203,203,204,203,205,202,206,202,207,201,208,201,209,201,210,201,211,200,212,201,213,201,214,200,215,200,216,200,217,200,218,200,219,200,220,200,221,200,222,200,223,201,224,201,225,202,226,202,227,203,227,204,228,205,228,206,229,207,229,208,230,209,230,210,230,211,230,212,230,213,230,214,230,215,230,216,230,217,229,218,228,219,228,220,227,221,226,222,225,222,224,222,223,222,222,222,221,222,220,222,219,222,218,221,217,221,216,221,215,221,214,221,213,221,212,221,211,221,210,221,209,220,208,219,208,218,207,217,207,216,207,215,207,214,207,213,206,212,206,211,206,210,205,209,205,208,204,207,203,206,203,205,202
255,202,254,203,253,203,252,204,251,205,250,206,249,207,249,208,249,209,249,210,249,211,250,211,251,211,252,211,253,211,254,211,255,211,256,211,257,210,258,210,259,209,260,208,260,207,260,206,260,205,260,204,260,203,259,203,258,202,257,202,256,202
228,207,227,208,226,209,225,209,224,210,223,210,222,209,222,210,222,211,222,212,222,213,222,214,222,215,222,216,222,217,223,218,223,219,223,220,223,221,223,222,223,223,223,224,224,224,225,225,226,226,227,226,228,227,229,228,230,227,231,226,232,225,233,224,234,223,235,222,236,221,236,220,237,219,237,218,237,217,237,216,237,215,237,214,238,213,237,212,236,211,235,210,234,209,233,208,232,208,231,208,230,208,229,207
290,210,289,211,288,211,287,212,286,212,285,212,284,213,283,214,282,215,281,216,280,216,279,217,278,218,277,219,276,220,275,221,275,222,274,223,274,224,273,225,273,226,273,227,273,228,272,229,273,229,274,230,275,230,276,230,277,230,278,230,279,230,280,231,281,231,282,231,283,231,284,231,285,231,286,232,287,232,288,232,289,233,290,233,291,234,292,234,293,234,294,233,294,232,295,231,295,230,295,229,295,228,296,227,296,226,297,225,297,224,297,223,298,222,298,221,299,220,299,219,299,218,299,217,299,216,299,215,299,214,298,213,297,212,296,211,295,210,294,210,293,210,292,210,291,210
162,215,161,216,160,216,159,216,158,217,157,217,156,218,156,219,155,220,155,221,154,222,154,223,154,224,155,225,156,226,156,227,157,228,157,229,158,230,158,231,159,232,159,233,159,234,160,234,161,234,162,234,163,234,164,233,165,233,166,233,167,233,168,233,169,233,170,232,171,232,172,232,173,232,174,231,175,230,176,230,177,229,178,228,178,227,179,226,180,225,181,224,181,223,182,222,181,221,180,220,180,219,179,218,178,217,177,217,176,216,175,216,174,215,173,215,172,215,171,215,170,215,169,215,168,215,167,215,166,215,165,215,164,215,163,215
249,215,248,216,247,216,246,216,245,216,244,216,243,216,242,217,241,217,240,218,239,218,238,218,238,219,237,220,237,221,236,222,235,223,234,224,233,225,232,226,231,227,230,228,229,229,229,230,229,231,229,232,228,233,228,234,229,234,230,235,231,235,232,236,233,237,234,237,235,238,236,238,237,239,238,240,239,239,240,238,241,238,242,238,243,238,244,238,245,238,246,238,247,239,248,239,249,238,250,238,251,237,252,236,253,236,254,235,255,235,256,234,257,234,258,233,259,233,260,232,261,231,262,230,262,229,263,228,263,227,263,226,263,225,263,224,262,223,262,222,261,221,260,220,259,219,258,218,257,218,256,217,255,217,254,217,253,216,252,215,251,215,250,215
191,219,190,220,189,220,188,220,187,221,186,221,185,222,184,222,183,222,182,223,182,224,181,225,180,226,179,227,179,228,178,229,177,230,176,231,175,231,174,232,173,233,172,233,171,233,170,233,169,234,168,234,167,234,166,234,165,234,164,234,163,235,162,235,161,235,160,235,159,235,158,236,157,237,157,238,157,239,158,239,159,239,160,239,161,240,162,240,163,241,164,242,165,243,166,244,167,244,168,244,169,244,170,244,171,243,172,243,173,242,174,242,175,242,176,241,177,241,178,241,179,241,180,241,181,241,182,241,182,240,182,239,183,238,184,237,184,236,185,235,185,234,186,233,187,232,188,231,189,230,190,229,191,228,192,227,193,226,194,226,195,225,196,224,196,223,197,222,196,221,195,220,194,219,193,219,192,219
147,223,146,224,146,225,145,226,145,227,145,228,145,229,145,230,145,231,145,232,146,233,147,234,147,235,148,235,149,236,150,237,151,237,152,237,153,237,154,237,155,237,156,238,156,237,157,236,158,235,158,234,158,233,158,232,157,231,157,230,156,229,156,228,155,227,155,226,154,225,153,224,153,223,152,223,151,223,150,223,149,223,148,223
195,226,194,227,193,227,192,228,191,229,190,230,189,231,188,232,187,233,186,234,186,235,185,236,185,237,184,238,183,239,183,240,183,241,183,242,184,243,184,244,185,245,185,246,186,247,187,247,188,248,189,248,190,248,191,248,192,249,193,249,194,249,195,249,196,249,197,249,198,249,199,248,200,248,201,248,202,247,203,247,204,246,205,246,206,245,207,245,207,244,207,243,208,242,207,241,207,240,207,239,207,238,207,237,207,236,206,235,206,234,205,233,205,232,204,231,203,230,202,230,201,229,200,229,199,229,198,228,197,228,196,228,195,227
301,238,300,239,299,239,298,239,297,240,296,240,295,241,294,242,294,243,294,244,294,245,295,246,296,247,297,248,298,248,299,249,300,250,301,251,302,250,302,249,303,248,304,247,304,246,305,245,305,244,306,243,307,242,306,241,306,240,305,239,304,239,303,238,302,238
176,242,175,243,174,243,173,243,172,244,171,244,170,245,169,245,169,246,169,247,168,248,168,249,168,250,167,251,167,252,167,253,167,254,168,255,169,256,170,257,171,257,172,258,173,258,174,257,175,257,176,256,177,256,178,255,179,254,180,254,181,253,182,252,183,251,184,250,185,249,185,248,185,247,184,246,184,245,183,244,183,243,182,242,181,242,180,242,179,242,178,242,177,242
308,242,307,243,306,244,306,245,305,246,305,247,304,248,303,249,303,250,302,251,303,252,304,253,305,253,306,254,307,254,308,255,309,255,310,255,311,254,312,254,313,254,314,253,315,252,315,251,315,250,315,249,315,248,315,247,315,246,315,245,314,244,313,243,312,243,311,243,310,243,309,242
206,246,205,247,204,247,203,248,202,248,201,249,200,249,199,249,198,250,197,250,196,250,195,250,194,250,193,250,192,250,191,251,190,251,189,250,188,250,187,250,186,250,185,250,184,251,183,252,182,253,181,254,180,255,179,255,178,256,177,257,176,257,175,258,174,258,173,259,173,260,173,261,173,262,174,263,174,264,175,265,176,265,177,266,178,266,179,266,180,266,181,266,182,267,183,267,184,267,185,267,186,267,187,266,188,266,189,266,190,265,191,264,192,264,193,264,194,263,195,263,196,262,197,262,198,261,199,261,200,260,201,260,202,260,203,259,204,258,205,257,206,256,207,255,208,254,209,253,210,252,210,251,210,250,210,249,210,248,209,247,209,246,208,246,207,246
248,246,247,247,246,247,245,248,244,248,243,248,242,249,241,249,240,250,239,251,239,252,238,253,238,254,237,255,237,256,236,257,236,258,236,259,236,260,236,261,237,261,238,262,239,262,240,263,241,263,242,264,243,264,244,264,245,264,246,265,247,265,248,265,249,265,250,265,251,264,252,263,252,262,253,261,253,260,254,259,254,258,254,257,254,256,254,255,254,254,254,253,253,252,253,251,253,250,252,249,251,248,250,247,249,247
233,250,232,251,231,251,230,251,229,251,228,251,227,251,226,252,225,252,224,252,223,252,222,253,221,253,220,253,219,254,218,254,217,254,216,255,216,256,216,257,216,258,216,259,216,260,216,261,216,262,216,263,216,264,216,265,216,266,216,267,217,268,217,269,218,269,219,269,220,270,221,269,222,269,223,268,224,268,225,267,226,267,227,266,228,266,229,265,230,264,231,264,232,263,233,262,234,261,235,260,235,259,235,258,235,257,236,256,236,255,237,254,237,253,238,252,238,251,239,250,238,250,237,250,236,250,235,250,234,250
211,252,210,253,209,254,208,255,207,256,206,257,205,258,204,259,203,260,204,261,203,262,203,263,203,264,203,265,203,266,203,267,203,268,203,269,203,270,202,271,203,272,204,273,205,273,206,273,207,274,208,274,209,274,210,274,211,274,212,273,213,273,213,272,214,271,215,271,216,270,216,269,216,268,215,267,215,266,215,265,215,264,215,263,215,262,215,261,215,260,215,259,215,258,215,257,215,256,215,255,215,254,214,254,213,253,212,253
235,261,234,262,233,263,232,264,231,265,230,265,229,266,228,267,227,267,226,268,225,268,224,269,223,269,222,270,221,270,220,271,220,272,220,273,219,274,219,275,220,276,221,277,222,278,223,279,223,280,224,281,224,282,225,283,225,284,226,285,226,286,226,287,227,288,227,289,227,290,228,291,229,292,230,292,231,292,232,293,233,293,234,293,235,292,236,292,237,291,238,290,239,290,240,289,241,288,242,287,243,286,244,285,244,284,245,283,246,282,246,281,246,280,247,279,247,278,248,277,248,276,249,275,249,274,249,273,249,272,249,271,249,270,250,269,250,268,250,267,250,266,249,266,248,266,247,266,246,266,245,265,244,265,243,265,242,265,241,264,240,264,239,263,238,263,237,262,236,262
264,261,263,262,262,262,261,263,260,264,259,265,259,266,258,267,257,268,257,269,257,270,256,271,256,272,256,273,256,274,257,275,257,276,258,277,258,278,259,278,260,278,261,279,262,279,263,279,264,280,265,280,266,279,267,279,268,279,269,278,270,278,270,277,271,276,272,275,273,274,274,273,274,272,274,271,274,270,274,269,274,268,274,267,274,266,273,265,272,264,271,263,270,262,269,262,268,262,267,262,266,262,265,261
175,266,175,267,174,268,174,269,174,270,174,271,174,272,174,273,174,274,175,275,176,276,177,277,178,277,179,277,180,278,181,277,182,276,182,275,183,274,183,273,183,272,183,271,183,270,183,269,183,268,182,268,181,267,180,267,179,267,178,267,177,267,176,266
300,266,299,267,298,267,297,268,296,268,295,269,294,270,293,271,292,272,292,273,291,274,291,275,290,276,290,277,290,278,290,279,290,280,290,281,291,282,291,283,291,284,292,285,292,286,293,287,293,288,294,289,295,290,296,291,297,291,298,291,299,291,300,291,301,291,302,291,303,290,304,290,305,290,306,289,307,288,307,287,308,286,309,285,310,284,311,283,311,282,312,281,313,280,313,279,314,278,314,277,314,276,314,275,314,274,314,273,314,272,313,271,313,270,312,269,311,268,310,267,309,267,308,266,307,266,306,266,305,266,304,266,303,266,302,266,301,266
187,267,186,268,185,268,184,268,184,269,184,270,184,271,184,272,184,273,184,274,183,275,183,276,182,277,181,278,181,279,181,280,181,281,181,282,181,283,182,284,183,285,183,286,184,287,185,287,186,288,187,289,188,289,189,289,190,289,191,289,192,289,193,289,194,290,195,290,196,291,197,291,198,291,199,290,200,290,201,289,201,288,201,287,201,286,201,285,201,284,201,283,201,282,201,281,201,280,201,279,202,278,202,277,202,276,202,275,203,274,203,273,202,272,201,271,200,271,199,270,198,270,197,269,196,269,195,268,194,268,193,267,192,267,191,267,190,267,189,267,188,267
218,275,217,276,216,277,215,276,214,276,213,277,212,277,211,277,210,278,209,279,209,280,209,281,209,282,209,283,209,284,209,285,209,286,209,287,209,288,209,289,209,290,210,291,211,292,212,293,213,294,214,295,215,295,216,295,217,295,218,295,219,295,220,295,221,294,222,294,223,293,224,292,225,291,226,291,226,290,226,289,226,288,225,287,225,286,225,285,224,284,224,283,223,282,223,281,222,280,222,279,221,278,220,277,219,276
320,276,319,277,318,278,317,278,317,279,316,280,316,281,316,282,316,283,316,284,316,285,316,286,317,287,317,288,317,289,318,290,319,291,320,292,321,293,322,294,323,294,324,294,325,294,326,294,327,293,328,293,329,292,330,291,330,290,331,289,331,288,331,287,331,286,331,285,331,284,331,283,331,282,330,281,330,280,330,279,329,278,328,277,327,277,326,276,325,276,324,276,323,276,322,276,321,276
257,278,256,279,255,279,254,279,253,280,252,280,251,280,250,281,249,282,248,282,248,283,247,284,246,285,246,286,246,287,245,288,245,289,245,290,245,291,245,292,244,293,244,294,245,295,245,296,245,297,245,298,246,299,246,300,246,301,247,302,248,303,249,303,250,304,251,304,252,305,253,305,254,305,255,305,256,305,257,305,258,305,259,305,260,304,261,304,262,304,263,304,264,303,265,302,265,301,266,300,267,299,267,298,268,297,268,296,268,295,268,294,268,293,268,292,268,291,268,290,269,289,269,288,268,287,268,286,268,285,267,284,267,283,266,282,265,281,264,281,263,280,262,280,261,280,260,279,259,279,258,279
272,295,271,296,270,296,269,296,269,297,268,298,268,299,267,300,266,301,266,302,265,303,264,304,264,305,264,306,263,307,263,308,263,309,263,310,263,311,264,312,265,313,265,314,266,315,267,315,268,314,269,314,270,314,271,314,272,314,273,314,274,314,275,313,276,313,277,313,278,312,279,312,280,311,281,311,281,310,281,309,280,308,280,307,281,306,281,305,281,304,281,303,281,302,281,301,280,300,280,299,280,298,279,297,278,296,277,295,276,295,275,295,274,295,273,295
238,303,237,304,236,305,235,306,234,307,233,308,232,309,231,310,230,311,229,312,229,313,228,314,228,315,227,316,227,317,227,318,226,319,226,320,226,321,226,322,226,323,227,324,227,325,227,326,228,327,229,328,230,328,231,329,232,329,233,330,234,330,235,330,236,330,237,330,238,330,239,329,240,329,241,329,242,328,243,328,244,327,245,327,246,326,247,325,248,324,249,323,250,322,251,321,251,320,252,319,252,318,253,317,253,316,253,315,253,314,252,313,252,312,252,311,252,310,251,309,250,308,250,307,249,306,248,305,247,304,246,304,245,303,244,303,243,303,242,303,241,303,240,303,239,303
306,307,305,308,304,308,303,308,302,309,301,309,300,309,299,310,298,310,297,310,296,310,295,310,294,311,293,312,292,312,291,313,290,314,289,314,288,315,288,316,287,317,286,318,285,319,285,320,284,321,283,322,282,323,281,324,281,325,280,326,280,327,280,328,280,329,280,330,280,331,281,332,282,332,283,333,284,332,285,332,286,332,287,332,288,332,289,331,290,331,291,330,292,329,293,329,294,328,295,328,296,327,297,327,298,326,299,326,300,325,301,325,302,324,303,324,304,323,305,322,306,321,307,321,308,320,309,319,310,318,311,317,312,316,312,315,312,314,312,313,312,312,312,311,311,310,310,309,309,308,308,308,307,307
282,311,281,312,280,312,279,313,278,313,277,314,276,314,275,314,274,315,273,315,272,315,271,315,270,315,269,315,268,315,267,316,266,316,265,317,264,318,263,319,262,319,262,320,261,321,260,322,260,323,260,324,259,325,259,326,258,327,258,328,257,329,257,330,257,331,256,332,256,333,256,334,256,335,257,336,257,337,258,338,259,339,260,340,261,340,262,340,263,340,264,340,265,339,266,339,267,338,268,338,269,337,270,337,271,336,272,335,272,334,273,333,273,332,274,331,274,330,274,329,275,328,275,327,275,326,275,325,276,324,276,323,276,322,277,321,278,320,279,319,280,318,281,318,282,317,283,316,283,315,284,314,283,313,283,312
324,327,323,328,322,328,321,328,320,329,319,329,318,330,317,330,316,331,315,332,314,333,313,333,312,334,311,335,310,335,309,335,308,336,307,337,306,338,305,339,305,340,305,341,304,342,304,343,304,344,304,345,305,346,305,347,306,348,307,349,308,349,309,349,310,350,310,351,311,352,311,353,311,354,311,355,312,355,313,355,314,356,315,355,316,355,317,355,318,354,319,354,320,353,321,353,322,352,323,351,324,350,325,349,325,348,326,347,327,346,328,345,329,344,330,344,331,343,332,343,332,342,333,341,334,340,334,339,335,338,335,337,335,336,335,335,335,334,335,333,334,332,334,331,333,330,333,329,332,328,331,327,330,327,329,327,328,327,327,327,326,327,325,327
289,333,288,334,287,335,286,336,285,337,284,338,283,339,282,340,281,341,280,342,280,343,280,344,280,345,279,346,279,347,279,348,279,349,279,350,280,351,280,352,281,353,282,354,282,355,283,356,284,356,285,356,286,356,287,356,288,356,289,355,290,355,291,355,292,354,293,353,294,353,295,352,296,351,296,350,297,349,298,348,298,347,299,346,300,345,300,344,301,343,302,342,302,341,301,340,301,339,301,338,300,337,300,336,299,335,298,334,297,334,296,334,295,333,294,333,293,333,292,333,291,333,290,333
271,337,270,338,269,338,268,339,267,339,266,340,265,340,264,341,263,341,263,342,263,343,263,344,263,345,263,346,263,347,264,348,264,349,265,350,265,351,266,352,267,353,268,354,269,355,270,355,271,355,272,354,273,354,274,354,275,353,276,353,277,352,277,351,278,350,278,349,278,348,278,347,278,346,279,345,279,344,279,343,278,342,277,341,277,340,276,339,275,338,274,338,273,338,272,338
335,351,334,352,333,352,332,352,331,352,330,353,329,354,328,354,327,354,326,355,325,355,324,356,323,356,322,356,321,357,320,357,319,357,318,358,317,358,316,359,315,359,314,360,313,361,312,362,311,363,310,364,310,365,309,366,309,367,310,368,310,369,311,370,312,370,313,370,314,371,315,371,316,370,317,370,318,370,319,369,320,369,321,369,322,368,323,368,324,368,325,367,326,367,327,366,328,366,329,366,330,365,331,364,332,364,333,363,334,363,335,362,336,361,337,360,338,359,339,358,340,357,341,356,341,355,340,354,339,353,338,352,337,352,336,351
342,361,341,362,340,362,339,363,338,363,337,363,336,363,335,364,334,364,333,365,332,365,331,366,330,367,329,367,328,368,327,369,327,370,326,371,327,372,328,373,329,373,330,373,331,373,332,373,333,372,334,372,335,372,336,372,337,372,338,372,339,372,340,372,341,372,342,372,343,372,344,371,345,371,346,371,347,370,348,370,349,369,350,368,351,367,351,366,351,365,351,364,351,363,350,362,349,362,348,361,347,361,346,361,345,361,344,361,343,361
342,375,341,376,340,376,339,376,338,376,337,377,336,377,335,377,334,377,333,377,332,378,331,378,330,378,329,378,328,378,327,378,326,379,325,379,324,379,323,379,322,380,321,380,320,380,319,381,318,382,317,383,317,384,317,385,317,386,317,387,318,388,319,389,320,389,321,389,322,389,323,389,324,389,325,389,326,389,327,389,328,389,329,389,330,388,331,388,332,388,333,388,334,387,335,387,336,387,337,387,338,386,339,386,340,386,341,385,342,385,343,384,344,384,345,383,346,382,347,381,348,380,348,379,348,378,348,377,347,376,346,376,345,375,344,375,343,375
352,407,351,408,350,408,349,408,348,409,347,409,346,409,345,409,344,410,343,410,342,411,341,412,340,412,339,413,338,413,337,413,336,414,335,414,334,415,333,416,332,417,331,418,331,419,331,420,331,421,331,422,331,423,331,424,332,425,333,426,334,426,335,426,336,427,337,427,338,427,339,427,340,427,341,427,342,427,343,426,344,426,345,426,346,426,347,426,348,426,349,425,350,425,351,424,352,424,353,423,354,422,355,421,356,421,357,420,358,419,359,418,360,417,361,416,362,415,363,414,363,413,363,412,363,411,363,410,362,409,361,409,360,408,359,408,358,407,357,407,356,407,355,407,354,407,353,407
371,416,370,417,369,417,368,418,367,418,366,419,365,420,364,420,364,421,363,422,362,422,361,423,360,423,359,424,358,425,357,425,356,426,355,427,354,428,353,429,353,430,352,431,352,432,351,433,351,434,351,435,352,436,352,437,353,438,354,439,355,440,356,440,357,441,358,441,359,441,360,441,361,441,362,441,363,441,364,441,365,440,366,440,367,439,368,438,369,437,370,436,371,435,372,434,373,433,373,432,373,431,374,430,374,429,374,428,374,427,375,426,375,425,375,424,375,423,376,422,376,421,376,420,375,419,375,418,374,417,373,416,372,416
292,425,291,426,290,426,289,427,288,427,287,428,286,429,286,430,285,431,284,432,284,433,283,434,283,435,283,436,282,437,282,438,282,439,282,440,281,441,281,442,281,443,281,444,281,445,281,446,281,447,281,448,282,449,282,450,282,451,283,452,283,453,284,453,285,453,286,454,286,455,287,455,288,455,289,454,290,453,291,454,292,453,293,452,294,451,295,450,295,449,296,448,297,447,298,446,299,445,300,444,301,443,302,442,303,442,304,441,305,440,306,439,307,438,307,437,307,436,307,435,307,434,306,433,306,432,306,431,305,430,304,429,303,428,302,428,301,427,300,426,299,426,298,425,297,425,296,425,295,425,294,425,293,425
388,425,387,426,386,426,385,427,384,427,383,427,382,428,381,428,380,429,380,430,379,431,378,431,377,432,376,433,376,434,376,435,375,436,375,437,375,438,374,439,374,440,373,441,373,442,372,443,372,444,372,445,373,446,373,447,374,448,374,449,375,450,375,451,376,451,377,452,378,452,379,452,380,452,381,452,382,452,383,452,384,452,385,452,386,453,387,453,388,453,389,453,390,453,391,452,392,452,393,452,394,451,395,450,396,450,396,449,397,448,397,447,398,446,398,445,399,444,399,443,399,442,399,441,399,440,399,439,400,438,401,437,401,436,401,435,401,434,401,433,401,432,401,431,400,430,399,429,399,428,398,427,397,427,396,426,395,426,394,425,393,425,392,425,391,425,390,425,389,425
328,441,327,442,326,442,325,442,324,443,323,443,322,444,321,444,320,445,320,446,319,447,319,448,318,449,318,450,318,451,318,452,318,453,318,454,318,455,318,456,318,457,319,458,319,459,319,460,319,461,320,462,320,463,320,464,321,465,321,466,322,467,323,468,324,468,325,469,326,470,327,471,328,472,329,473,330,472,331,473,332,473,333,473,334,473,335,473,336,473,337,473,338,473,339,472,340,471,341,470,342,470,343,469,344,468,345,467,346,466,346,465,346,464,346,463,347,462,347,461,347,460,347,459,347,458,347,457,347,456,347,455,347,454,347,453,346,452,346,451,346,450,345,449,344,448,344,447,343,446,342,445,341,445,340,444,339,443,338,443,337,442,336,442,335,442,334,442,333,442,332,441,331,441,330,441,329,441
406,446,405,447,404,447,403,447,402,447,401,448,400,448,399,449,398,450,397,450,396,451,395,452,395,453,395,454,394,455,393,456,393,457,392,458,392,459,392,460,392,461,392,462,393,463,393,464,394,465,395,466,396,467,397,467,398,468,399,468,400,468,401,468,402,468,403,468,404,468,405,468,406,468,407,468,408,467,409,467,410,466,411,466,412,465,413,464,413,463,414,462,414,461,414,460,414,459,414,458,414,457,414,456,414,455,413,454,413,453,413,452,413,451,413,450,412,449,412,448,411,447,410,447,409,446,408,446,407,446
270,454,269,455,268,455,267,455,266,456,265,457,265,458,264,459,263,460,263,461,262,462,262,463,261,464,261,465,262,466,262,467,262,468,263,469,263,470,264,470,265,471,266,471,267,472,268,472,269,473,270,473,271,473,272,474,273,475,274,475,275,474,276,474,277,474,278,474,279,474,280,474,281,473,281,472,281,471,282,470,282,469,283,468,283,467,282,466,282,465,282,464,282,463,281,462,281,461,280,460,280,459,279,458,278,457,277,456,276,456,275,455,274,455,273,455,272,454,271,454
167,459,166,460,165,461,164,462,163,463,163,464,162,465,162,466,162,467,162,468,161,469,161,470,162,471,162,472,163,473,163,474,164,475,165,476,166,477,166,478,167,478,168,479,169,479,170,479,171,479,172,479,173,478,174,478,175,477,176,477,177,476,178,475,179,475,179,474,180,473,180,472,181,471,181,470,181,469,181,468,180,467,180,466,180,465,180,464,180,463,179,462,178,461,177,460,176,460,175,459,174,459,173,459,172,459,171,459,170,459,169,459,168,459
146,460,145,461,144,461,143,462,142,463,141,464,141,465,140,466,140,467,139,468,139,469,139,470,139,471,138,472,139,473,139,474,139,475,139,476,139,477,140,478,141,479,141,480,142,481,143,482,144,483,145,484,146,484,147,485,148,485,149,485,150,485,151,485,152,485,153,484,154,484,155,483,156,483,157,482,158,481,159,480,159,479,160,478,160,477,160,476,160,475,160,474,160,473,160,472,161,471,160,470,160,469,160,468,159,467,159,466,158,465,157,464,156,463,155,462,154,461,153,461,152,460,151,460,150,460,149,460,148,460,147,460
306,463,305,464,304,464,303,464,302,465,301,465,300,466,299,467,298,467,297,468,296,469,295,470,295,471,294,472,294,473,293,474,293,475,293,476,293,477,292,478,292,479,292,480,292,481,292,482,292,483,293,484,293,485,293,486,293,487,294,488,294,489,295,490,296,491,296,492,297,493,298,494,299,495,300,496,301,496,302,496,303,497,304,497,305,498,306,498,307,499,308,499,309,499,310,500,311,500,312,500,313,500,314,500,315,500,316,500,317,499,318,499,319,499,320,499,321,498,322,498,323,497,324,497,325,496,326,495,326,494,327,493,328,492,328,491,328,490,329,489,329,488,329,487,330,486,330,485,330,484,330,483,330,482,330,481,330,480,330,479,329,478,329,477,329,476,329,475,328,474,328,473,327,472,326,471,325,470,324,469,323,469,322,468,321,467,320,466,319,466,318,466,317,465,316,465,315,464,314,464,313,464,312,464,311,464,310,463,309,463,308,463,307,463
346,467,345,468,344,469,343,470,342,471,341,471,340,472,339,473,338,474,338,475,338,476,338,477,338,478,337,479,337,480,337,481,337,482,337,483,337,484,336,485,337,486,337,487,337,488,337,489,338,490,338,491,338,492,339,493,340,493,341,494,342,495,343,495,344,496,345,496,346,497,347,497,348,497,349,497,350,497,351,497,352,496,353,495,354,495,355,494,356,494,357,493,358,493,358,492,359,491,359,490,360,489,361,488,362,487,363,486,363,485,364,484,364,483,364,482,364,481,364,480,364,479,363,478,363,477,362,476,362,475,361,474,361,473,360,473,359,472,358,471,357,470,356,469,355,469,354,468,353,468,352,468,351,467,350,467,349,467,348,468,347,468
127,472,126,473,125,473,124,473,123,474,122,474,121,474,120,475,119,475,118,476,117,477,117,478,116,479,116,480,116,481,116,482,116,483,116,484,116,485,116,486,117,487,117,488,117,489,118,490,118,491,119,492,119,493,120,494,121,494,122,495,123,495,124,495,125,495,126,495,127,496,128,495,129,495,130,495,131,495,132,495,133,495,134,494,135,494,136,493,137,492,138,491,138,490,139,489,140,488,140,487,140,486,140,485,140,484,140,483,140,482,139,481,139,480,139,479,139,478,138,477,138,476,137,475,136,474,135,473,134,472,133,472,132,472,131,472,130,472,129,472,128,472
406,472,405,473,404,473,403,474,402,474,401,475,401,476,401,477,401,478,400,479,400,480,400,481,400,482,400,483,400,484,399,485,399,486,400,487,400,488,400,489,401,490,401,491,402,492,403,493,404,493,405,494,406,495,407,495,408,495,409,495,410,495,411,495,412,495,413,494,414,494,415,494,416,493,417,492,418,491,418,490,419,489,419,488,419,487,420,486,420,485,420,484,420,483,420,482,419,481,419,480,418,479,418,478,418,477,417,476,416,476,415,475,414,474,413,473,412,473,411,472,410,472,409,472,408,472,407,472
103,475,102,476,101,476,100,477,99,477,98,478,97,479,96,480,96,481,96,482,95,483,95,484,95,485,95,486,95,487,95,488,95,489,96,490,96,491,97,491,98,492,99,493,100,494,101,495,102,495,103,496,104,496,105,496,106,496,107,496,108,496,109,495,110,495,111,494,112,493,113,492,113,491,114,490,114,489,115,488,116,487,115,486,115,485,115,484,115,483,115,482,115,481,114,481,113,480,112,479,111,478,110,477,109,476,108,476,107,476,106,476,105,476,104,475
267,476,266,477,265,477,264,478,263,478,262,479,261,480,261,481,261,482,260,483,260,484,259,485,259,486,259,487,259,488,260,489,260,490,261,491,261,492,262,493,263,494,264,494,265,495,266,495,267,495,268,495,269,495,270,495,271,495,272,495,273,495,274,495,275,494,276,493,277,492,278,491,279,490,279,489,279,488,280,487,280,486,280,485,280,484,279,483,279,482,278,481,278,480,277,479,276,478,275,478,274,477,273,477,272,477,271,476,270,476,269,476,268,476
380,478,379,479,378,479,377,479,376,479,375,480,374,480,373,481,372,482,371,482,370,483,369,484,368,485,367,486,367,487,366,488,366,489,365,490,365,491,364,492,364,493,364,494,364,495,364,496,364,497,364,498,364,499,364,500,365,501,366,502,366,503,367,504,367,505,368,505,369,506,370,507,370,508,371,509,372,510,373,510,374,510,375,510,376,510,377,511,378,511,379,511,380,511,381,511,382,511,383,511,384,511,385,511,386,510,387,510,388,510,389,510,390,510,391,510,391,509,392,508,392,507,393,506,393,505,393,504,394,503,394,502,395,501,396,500,396,499,397,498,397,497,398,496,398,495,397,494,397,493,397,492,397,491,397,490,397,489,396,488,396,487,396,486,395,485,394,484,393,483,392,482,391,482,390,481,389,480,388,480,387,480,386,479,385,479,384,479,383,479,382,478,381,478
164,483,163,484,162,484,161,485,160,485,159,486,159,487,158,488,157,489,157,490,156,491,156,492,156,493,156,494,156,495,155,496,155,497,155,498,155,499,155,500,155,501,156,502,156,503,156,504,157,505,158,505,159,506,160,507,161,508,162,508,163,509,164,508,165,509,166,509,167,509,168,509,169,509,170,508,171,508,171,507,172,506,173,506,174,505,174,504,175,503,176,502,176,501,177,500,177,499,177,498,178,497,178,496,178,495,178,494,178,493,177,492,177,491,176,490,176,489,175,488,174,487,173,487,172,486,171,485,170,485,169,485,168,484,167,484,166,483,165,483
193,490,192,491,191,491,190,492,189,493,188,494,187,495,186,496,185,496,185,497,184,498,183,499,182,500,182,501,182,502,183,503,183,504,184,505,185,506,185,507,185,508,186,509,186,510,187,511,188,511,189,511,190,511,191,511,192,511,193,511,194,511,195,511,196,511,197,511,198,511,199,511,200,511,201,510,202,510,203,509,204,509,205,508,205,507,206,506,206,505,206,504,207,503,207,502,207,501,207,500,206,499,206,498,206,497,206,496,205,495,204,494,203,493,202,492,201,492,200,491,199,490,198,490,197,490,196,490,195,490,194,490
144,491,143,492,142,493,141,493,140,493,139,494,138,495,137,495,136,496,136,497,135,498,134,499,134,500,133,501,133,502,133,503,133,504,133,505,133,506,133,507,134,508,134,509,135,509,136,510,137,510,138,511,139,511,140,510,141,511,142,511,143,510,144,510,145,510,146,510,147,510,148,510,149,510,150,510,151,510,152,510,153,510,154,510,155,509,155,508,155,507,155,506,156,505,155,504,155,503,155,502,154,501,154,500,154,499,154,498,154,497,154,496,153,496,152,495,151,494,150,494,149,493,149,492,148,492,147,491,146,491,145,491
399,496,398,497,398,498,397,499,397,500,396,501,395,502,395,503,394,504,394,505,394,506,393,507,393,508,392,509,392,510,393,511,394,511,395,511,396,511,397,511,398,511,399,511,400,511,401,511,402,511,403,511,404,511,405,511,406,511,407,510,408,510,409,509,409,508,408,507,408,506,408,505,407,504,407,503,406,502,406,501,405,500,404,499,403,498,402,497,401,497,400,497
277,497,276,498,275,498,274,499,273,499,272,500,272,501,272,502,271,503,271,504,270,505,270,506,269,507,270,508,270,509,271,510,272,510,273,510,274,511,275,511,276,511,277,511,278,511,279,511,280,511,281,511,282,511,283,511,284,511,285,511,286,511,287,511,288,511,289,511,290,511,291,510,292,509,292,508,292,507,291,506,291,505,291,504,290,503,289,502,289,501,288,500,287,499,286,499,285,498,284,498,283,497,282,497,281,497,280,497,279,497,278,497
102,498,101,499,100,499,99,499,98,499,97,500,96,500,95,500,94,501,93,501,92,501,91,502,90,502,89,502,88,502,87,503,86,503,85,503,84,503,83,503,82,503,81,504,80,505,79,506,78,506,78,507,77,508,77,509,76,510,77,510,78,511,79,511,80,511,81,511,82,511,83,511,84,511,85,511,86,511,87,511,88,511,89,511,90,511,91,511,92,511,93,511,94,511,95,511,96,511,97,511,98,511,99,511,100,511,101,511,102,511,103,511,104,511,105,511,106,511,107,511,108,511,109,511,110,511,111,511,112,511,113,511,114,511,115,511,116,511,117,511,118,510,119,510,118,509,118,508,118,507,118,506,117,505,116,504,116,503,115,503,114,502,113,502,112,501,111,501,110,500,109,500,108,500,107,499,106,499,105,499,104,498,103,498
357,505,356,506,355,506,354,506,353,506,352,507,351,507,350,507,349,508,348,509,349,510,349,511,350,511,351,511,352,511,353,511,354,511,355,511,356,511,357,511,358,511,359,511,360,511,361,511,362,511,363,511,364,511,365,511,366,511,367,511,368,511,369,511,370,511,371,511,371,510,370,509,369,508,368,508,367,508,366,507,365,507,364,506,363,506,362,506,361,506,360,505,359,505,358,505
