89,78,88,79,87,79,86,79,85,79,84,79,83,80,82,81,81,82,80,82,79,83,79,84,78,85,78,86,77,87,77,88,77,89,77,90,77,91,77,92,77,93,77,94,78,95,78,96,79,97,79,98,80,99,81,100,82,100,83,101,84,101,85,101,86,101,87,101,88,101,89,101,90,101,91,100,92,100,93,99,94,98,95,97,96,96,97,95,97,94,97,93,98,92,98,91,98,90,98,89,98,88,98,87,98,86,97,85,97,84,96,83,96,82,95,81,94,80,93,79,92,79,91,79,90,79
155,111,154,112,153,112,152,112,151,113,150,113,149,114,149,115,148,116,147,117,147,118,147,119,147,120,148,121,149,122,150,123,150,124,151,125,152,126,153,127,154,127,155,127,156,127,157,127,158,127,159,127,160,127,161,127,162,127,163,127,164,127,165,126,166,126,167,125,168,125,169,124,170,123,171,122,171,121,171,120,171,119,171,118,170,117,170,116,169,115,169,114,168,114,167,113,166,113,165,112,164,112,163,112,162,111,161,111,160,111,159,111,158,111,157,111,156,111
60,116,59,117,58,118,57,119,56,120,56,121,55,122,55,123,55,124,55,125,55,126,56,127,57,128,58,129,59,129,60,129,61,130,62,130,63,129,64,129,65,129,66,128,67,128,68,127,69,126,69,125,69,124,69,123,70,122,69,121,69,120,69,119,68,118,67,117,66,116,65,116,64,116,63,116,62,116,61,116
142,119,141,120,140,120,139,120,138,120,137,121,136,121,135,121,134,122,133,122,132,122,131,123,130,124,129,124,128,124,127,125,126,126,125,127,124,128,124,129,123,130,123,131,123,132,122,133,122,134,122,135,122,136,122,137,122,138,122,139,122,140,123,141,123,142,124,143,125,144,126,145,127,146,128,146,129,147,130,147,131,147,132,148,133,148,134,148,135,149,136,149,137,149,138,149,139,150,140,150,141,150,142,150,143,150,144,149,145,149,146,148,147,148,147,147,148,146,148,145,149,144,149,143,150,142,150,141,151,140,151,139,152,138,152,137,152,136,152,135,153,134,153,133,153,132,153,131,153,130,153,129,153,128,152,127,151,126,150,125,149,124,149,123,148,122,147,121,146,120,146,119,145,120,144,120,143,119
191,126,190,127,189,127,188,127,187,127,186,127,185,127,184,127,183,127,182,127,181,127,180,128,179,128,178,128,177,129,176,130,175,131,175,132,175,133,175,134,174,135,174,136,174,137,174,138,175,139,175,140,175,141,175,142,176,143,177,144,178,145,179,146,180,147,181,147,182,148,183,148,184,148,185,149,186,149,187,149,188,150,189,150,190,150,191,151,192,151,193,151,194,151,195,151,196,150,197,150,198,150,199,150,200,149,201,148,202,147,202,146,203,145,204,144,204,143,205,142,205,141,205,140,206,139,206,138,206,137,206,136,205,135,205,134,205,133,205,132,204,131,203,130,202,129,201,128,200,128,199,127,198,127,197,127,196,127,195,127,194,126,193,126,192,126
157,136,156,137,155,137,154,138,153,138,152,139,152,140,151,141,151,142,150,143,150,144,149,145,149,146,148,147,148,148,148,149,148,150,149,151,149,152,149,153,149,154,149,155,150,156,150,157,150,158,150,159,151,160,151,161,151,162,152,163,152,164,153,165,153,166,154,167,155,168,155,169,156,170,157,170,158,171,159,172,160,172,161,173,162,173,163,174,164,174,165,174,166,174,167,174,168,174,169,174,170,173,171,172,172,172,173,171,173,170,174,169,175,168,175,167,175,166,175,165,175,164,175,163,176,162,176,161,176,160,175,159,175,158,175,157,175,156,175,155,174,154,174,153,174,152,174,151,174,150,173,149,173,148,173,147,173,146,172,145,172,144,172,143,171,142,171,141,170,140,170,139,169,139,168,138,167,138,166,137,165,137,164,137,163,136,162,136,161,136,160,136,159,136,158,136
214,138,213,139,212,140,211,140,211,141,210,142,210,143,209,144,209,145,209,146,208,147,208,148,207,149,207,150,207,151,207,152,206,153,206,154,206,155,206,156,206,157,207,158,207,159,207,160,208,161,208,162,209,163,210,164,211,164,212,165,213,165,214,165,215,165,216,165,217,165,218,166,219,166,220,165,221,164,222,163,223,162,224,161,225,160,226,159,227,158,228,157,229,156,230,155,231,154,231,153,232,152,232,151,232,150,233,149,233,148,233,147,234,146,233,145,232,144,231,143,230,142,229,141,228,140,227,140,226,140,225,139,224,139,223,139,222,138,221,138,220,138,219,138,218,138,217,138,216,138,215,138
235,146,234,147,234,148,234,149,233,150,233,151,233,152,232,153,232,154,231,155,230,156,229,157,228,158,227,159,226,160,225,161,224,162,223,163,222,164,221,165,220,166,219,167,219,168,220,169,220,170,220,171,221,172,222,173,223,174,223,175,224,176,225,177,225,178,226,179,226,180,227,181,228,181,229,181,230,182,231,182,232,183,233,183,234,184,235,185,236,184,237,184,238,183,239,182,240,182,241,181,242,181,243,180,244,180,245,180,246,180,247,180,248,180,249,181,250,181,251,182,252,182,253,182,254,182,255,183,256,183,257,183,258,182,259,181,260,180,260,179,261,178,261,177,261,176,261,175,261,174,261,173,261,172,260,171,260,170,260,169,260,168,259,167,259,166,259,165,258,164,258,163,257,162,257,161,256,160,255,159,255,158,254,157,253,156,252,155,251,154,250,154,249,153,248,152,247,152,246,151,245,150,244,149,243,149,242,148,241,148,240,148,239,147,238,147,237,146,236,146
126,152,125,153,124,153,123,153,122,154,121,154,120,155,119,156,118,156,117,157,116,158,115,159,115,160,114,161,114,162,114,163,114,164,114,165,114,166,114,167,115,168,115,169,116,170,117,171,118,172,119,172,120,173,121,173,122,173,123,173,124,173,125,173,126,173,127,173,128,172,129,172,130,172,131,172,132,172,133,172,134,172,135,171,136,171,137,171,138,171,139,170,140,170,141,170,142,169,143,168,143,167,144,166,145,166,146,165,146,164,146,163,145,162,146,161,146,160,145,159,145,158,145,157,144,156,143,156,142,155,141,155,140,154,139,154,138,153,137,153,136,153,135,153,134,153,133,152,132,152,131,152,130,152,129,152,128,152,127,152
212,170,211,171,210,171,209,171,208,172,207,173,206,173,206,174,205,175,204,176,204,177,204,178,203,179,203,180,203,181,204,182,204,183,205,184,205,185,206,186,207,187,208,188,209,188,210,188,211,189,212,189,213,189,214,189,215,189,216,188,217,188,218,188,219,187,220,187,221,186,222,186,223,185,224,184,225,183,225,182,226,181,225,180,225,179,224,178,224,177,223,176,222,175,222,174,221,173,220,172,219,171,218,171,217,170,216,170,215,170,214,170,213,170
187,174,186,175,185,176,184,176,184,177,183,178,182,179,181,180,181,181,180,182,180,183,180,184,179,185,179,186,179,187,178,188,178,189,178,190,178,191,178,192,178,193,179,194,179,195,179,196,180,197,180,198,181,199,181,200,182,201,183,202,184,203,185,204,186,205,187,206,188,207,189,208,190,209,191,209,192,209,193,209,194,209,195,209,196,209,197,209,198,209,199,208,200,207,201,206,202,206,202,205,203,204,203,203,203,202,203,201,203,200,203,199,203,198,202,197,202,196,202,195,201,194,200,193,200,192,199,191,199,190,199,189,198,188,198,187,198,186,198,185,197,184,197,183,196,182,196,181,196,180,195,179,194,178,193,177,193,176,192,176,191,175,190,175,189,175,188,175
164,179,163,180,162,180,161,180,160,180,159,181,158,182,157,182,156,182,155,183,154,183,153,183,152,183,151,184,150,185,150,186,150,187,150,188,149,189,149,190,149,191,149,192,149,193,149,194,149,195,148,196,148,197,147,198,146,199,146,200,145,201,145,202,145,203,145,204,146,205,146,206,147,207,147,208,147,209,147,210,148,211,148,212,148,213,148,214,149,214,150,213,151,212,152,212,153,211,154,210,155,209,156,209,157,208,158,208,159,208,160,208,161,207,162,207,163,207,164,206,165,205,166,204,167,204,168,203,169,202,170,201,170,200,171,199,172,198,173,197,174,196,175,195,175,194,176,193,176,192,177,191,177,190,177,189,177,188,177,187,176,186,175,185,175,184,174,183,173,183,172,182,171,181,170,181,169,180,168,180,167,180,166,179,165,179
243,181,242,182,241,182,240,183,239,183,238,184,237,185,236,185,236,186,236,187,236,188,237,189,236,190,237,191,238,192,238,193,239,194,239,195,240,196,241,197,242,197,243,197,244,198,245,198,246,198,247,198,248,199,249,199,250,199,251,200,252,200,253,200,254,199,255,198,256,197,257,197,257,196,258,195,259,194,259,193,260,192,260,191,260,190,259,189,259,188,258,187,258,186,257,185,257,184,256,184,255,184,254,183,253,183,252,183,251,183,250,182,249,182,248,181,247,181,246,181,245,181,244,181
279,185,278,186,277,186,276,187,275,187,274,188,273,188,272,189,271,189,270,190,269,191,269,192,268,193,267,194,266,195,265,196,264,197,264,198,263,199,263,200,264,201,264,202,265,202,266,203,267,204,268,204,269,204,270,204,271,205,272,205,273,206,274,206,275,206,276,207,277,208,278,209,279,210,280,211,281,212,282,213,283,212,284,211,285,211,286,210,287,210,288,209,289,209,290,208,291,207,292,206,292,205,293,204,294,203,294,202,295,201,295,200,296,199,296,198,296,197,297,196,296,195,295,194,295,193,294,192,293,191,292,191,291,190,290,190,289,189,289,188,288,187,287,186,286,186,285,185,284,185,283,185,282,185,281,185,280,185
230,189,229,190,228,190,227,190,226,190,225,191,224,192,223,193,223,194,222,195,221,196,220,197,220,198,219,199,218,200,218,201,218,202,218,203,218,204,218,205,218,206,219,207,220,208,221,209,222,210,223,211,224,210,225,210,226,210,227,210,228,210,229,210,230,209,231,208,232,208,233,208,234,207,235,206,235,205,236,204,237,203,238,202,238,201,239,200,239,199,240,198,240,197,239,196,238,195,238,194,237,193,237,192,236,191,235,190,234,190,233,190,232,189,231,189
133,196,132,197,131,198,130,199,129,200,128,201,127,201,126,202,126,203,125,204,125,205,125,206,125,207,125,208,125,209,125,210,125,211,125,212,126,213,126,214,127,215,127,216,128,217,129,218,130,219,131,219,132,220,133,220,134,220,135,221,136,220,137,220,138,219,139,218,140,218,141,217,142,217,143,216,144,216,145,215,146,215,147,214,147,213,147,212,147,211,146,210,146,209,146,208,146,207,145,206,145,205,144,204,143,203,143,202,142,202,141,201,140,200,139,199,138,198,137,197,136,197,135,196,134,196
264,205,263,206,262,206,261,206,260,206,259,207,258,207,257,207,257,208,256,209,256,210,255,211,255,212,255,213,255,214,256,215,257,215,258,216,259,217,259,218,260,219,261,220,262,221,262,222,263,223,264,223,265,224,266,224,267,225,268,225,269,226,270,226,271,226,272,227,273,227,274,227,275,227,276,226,277,226,278,225,278,224,278,223,279,222,278,221,279,220,279,219,279,218,280,217,280,216,281,215,281,214,281,213,280,212,279,211,278,210,277,209,276,208,275,207,274,207,273,207,272,206,271,206,270,205,269,205,268,205,267,205,266,205,265,205
300,205,299,206,298,206,297,207,296,208,295,209,294,210,293,211,292,212,291,213,290,213,289,214,289,215,288,216,288,217,287,218,287,219,286,220,286,221,286,222,286,223,286,224,286,225,286,226,287,227,288,228,289,229,290,229,291,229,292,229,293,229,294,228,295,228,296,227,297,227,298,226,299,226,300,225,301,224,302,223,303,222,304,221,305,220,305,219,306,218,306,217,307,216,307,215,307,214,308,213,308,212,308,211,308,210,308,209,307,208,307,207,306,206,305,205,304,205,303,205,302,205,301,205
174,208,173,209,172,209,171,209,170,209,169,209,168,210,167,210,166,211,165,212,164,213,164,214,163,215,163,216,163,217,163,218,163,219,164,220,163,221,164,222,164,223,165,224,166,225,167,226,168,227,169,228,170,229,171,230,172,230,173,230,174,230,175,230,176,229,177,229,178,230,179,229,180,229,181,228,182,228,183,227,184,226,185,226,186,225,187,224,187,223,187,222,187,221,187,220,188,219,188,218,188,217,188,216,188,215,188,214,188,213,187,212,186,211,185,210,184,209,183,209,182,208,181,208,180,208,179,208,178,208,177,208,176,208,175,208
224,211,224,212,223,213,222,214,222,215,221,216,220,217,221,218,221,219,221,220,221,221,222,222,222,223,223,224,223,225,224,225,225,226,226,226,227,226,228,227,229,226,230,226,231,226,232,225,233,224,233,223,234,222,235,221,235,220,235,219,235,218,236,217,235,216,234,215,233,214,232,213,232,212,231,211,230,211,229,211,228,211,227,211,226,211,225,211
197,213,196,214,195,214,194,214,193,215,193,216,193,217,193,218,194,219,195,220,196,221,196,222,196,223,196,224,196,225,197,226,198,226,199,226,200,226,201,227,201,228,202,229,201,230,200,230,201,231,201,232,201,233,201,234,202,235,202,236,202,237,203,238,204,239,205,240,206,241,207,241,208,242,209,242,210,243,211,243,212,242,213,242,214,242,215,241,216,240,217,239,218,238,219,237,220,236,220,235,221,234,221,233,221,232,222,231,222,230,222,229,222,228,222,227,222,226,222,225,222,224,221,223,221,222,220,221,220,220,220,219,220,218,219,217,218,217,217,217,216,217,215,217,214,216,213,216,212,215,211,215,210,215,209,214,208,214,207,214,206,214,205,213,204,213,203,213,202,213,201,213,200,213,199,213,198,213
254,214,253,215,252,215,251,216,250,217,250,218,249,219,248,219,247,219,246,220,245,220,244,221,243,222,242,223,242,224,241,225,241,226,241,227,240,228,240,229,241,229,242,230,243,230,244,230,245,231,246,232,247,232,248,233,249,234,250,234,251,235,252,235,253,235,254,235,255,235,256,234,257,234,257,233,257,232,257,231,258,230,259,229,260,228,261,227,261,226,262,225,262,224,262,223,261,222,261,221,260,220,259,219,258,218,258,217,257,216,256,216,255,215
145,216,144,217,143,217,142,218,141,218,140,219,139,219,138,220,137,221,136,221,136,222,136,223,136,224,136,225,136,226,136,227,136,228,136,229,137,230,137,231,137,232,137,233,137,234,137,235,138,236,138,237,138,238,138,239,139,240,140,241,141,242,142,243,143,244,143,245,144,246,145,247,145,248,146,249,147,249,148,249,149,248,150,248,151,247,152,247,153,246,154,246,155,245,156,245,157,244,158,244,159,244,160,243,161,243,162,243,163,243,164,242,165,242,166,241,167,241,168,241,169,240,170,239,170,238,170,237,170,236,170,235,170,234,171,233,171,232,171,231,170,230,169,229,168,228,167,227,166,226,165,225,164,224,163,223,163,222,162,221,161,222,160,221,159,220,158,220,157,219,156,218,155,219,154,219,153,218,152,218,151,218,150,218,149,218,148,218,147,217,146,217
188,224,187,225,186,226,185,227,184,227,183,228,182,229,181,229,180,230,179,231,178,232,177,233,176,234,175,235,174,236,173,237,172,238,171,239,170,240,169,241,168,242,168,243,168,244,169,245,170,246,170,247,171,248,172,249,173,250,173,251,174,252,175,253,176,254,176,255,177,256,178,257,179,258,180,259,180,260,181,261,182,261,183,260,184,260,185,260,186,260,187,260,188,260,189,259,190,259,191,258,192,258,192,257,193,256,194,255,195,255,196,254,197,253,197,252,197,251,198,250,198,249,199,248,199,247,199,246,200,245,200,244,201,243,201,242,202,241,202,240,202,239,202,238,201,237,201,236,201,235,200,234,200,233,200,232,200,231,199,230,198,229,197,228,197,227,196,226,195,225,194,225,193,225,192,225,191,225,190,225,189,225
240,230,241,231,241,232,241,233,242,234,241,235,241,236,241,237,240,238,240,239,241,240,241,241,241,242,241,243,241,244,242,245,242,246,241,247,241,248,242,249,242,250,243,251,244,252,245,252,246,253,247,253,248,253,249,252,250,252,251,252,252,252,253,251,254,251,255,250,256,249,256,248,257,247,258,246,258,245,259,244,259,243,259,242,259,241,259,240,259,239,259,238,258,237,258,236,257,235,256,235,255,236,254,236,253,236,252,236,251,236,250,235,249,235,248,234,247,233,246,233,245,232,244,232,243,231,242,231,241,231
279,230,278,231,277,231,276,232,275,233,274,234,273,235,272,236,271,237,270,238,270,239,269,240,268,241,268,242,267,243,267,244,267,245,266,246,266,247,266,248,266,249,266,250,266,251,266,252,266,253,266,254,267,255,267,256,268,257,269,258,270,258,271,259,272,259,273,259,274,259,275,259,276,259,277,259,278,259,279,258,280,258,281,257,282,257,283,256,284,256,285,255,286,254,286,253,287,252,288,251,289,250,289,249,290,248,291,247,291,246,291,245,291,244,291,243,291,242,291,241,291,240,291,239,291,238,291,237,291,236,290,235,290,234,289,233,288,232,287,231,286,231,285,230,284,230,283,230,282,230,281,230,280,230
227,235,226,236,225,236,224,237,224,238,223,239,222,240,221,241,220,242,220,243,220,244,220,245,220,246,220,247,220,248,221,249,222,250,222,251,223,252,224,253,224,254,225,254,226,255,227,255,228,256,229,257,230,257,231,257,232,257,233,257,234,256,235,255,236,254,237,253,238,252,239,251,239,250,240,249,240,248,240,247,241,246,241,245,240,244,240,243,240,242,240,241,240,240,239,239,238,238,237,238,236,237,235,236,234,236,233,236,232,236,231,235,230,235,229,235,228,235
166,242,165,243,164,243,163,244,162,244,161,244,160,244,159,245,158,245,157,245,156,246,155,246,154,247,153,247,152,248,151,248,150,249,149,249,148,250,147,250,147,251,148,252,148,253,148,254,149,255,150,256,150,257,151,258,152,259,153,259,154,260,155,261,156,262,157,263,158,263,159,264,159,265,160,266,161,267,161,268,161,269,162,270,163,271,164,272,165,272,166,272,167,272,168,273,169,272,170,272,171,272,172,271,172,270,173,269,173,268,174,267,175,267,176,266,177,266,178,265,179,264,180,263,181,263,181,262,180,261,179,260,179,259,178,258,177,257,176,256,175,255,175,254,174,253,173,252,172,251,172,250,171,249,170,248,169,247,169,246,168,245,167,244,167,243,167,242
293,246,292,247,291,248,290,249,290,250,289,251,288,252,287,253,287,254,286,255,285,256,285,257,285,258,284,259,284,260,284,261,284,262,284,263,284,264,285,265,285,266,286,267,287,268,288,269,289,269,290,269,291,269,292,269,293,269,294,268,295,268,296,268,297,268,298,268,299,268,299,267,300,266,301,265,302,264,302,263,303,262,304,262,305,261,306,260,307,259,308,258,308,257,309,256,310,255,310,254,311,253,310,252,310,251,309,250,308,249,307,248,306,248,305,248,304,247,303,247,302,247,301,246,300,246,299,246,298,246,297,246,296,246,295,246,294,246
213,249,212,250,211,250,210,250,209,251,208,252,207,253,206,253,206,254,205,255,204,256,203,257,202,258,202,259,201,260,201,261,200,262,200,263,200,264,200,265,199,266,198,266,199,266,200,267,201,268,202,269,203,269,204,270,205,270,206,270,207,271,208,271,209,272,210,272,211,271,212,270,213,270,214,269,215,269,216,269,217,268,218,268,219,268,220,267,221,266,222,265,223,264,223,263,224,262,224,261,224,260,224,259,224,258,224,257,223,256,223,255,223,254,223,253,222,252,221,251,221,250,220,249,219,249,218,249,217,249,216,249,215,249,214,249
265,260,264,261,263,261,262,261,261,262,260,262,259,263,258,264,258,265,257,266,256,267,255,268,255,269,254,270,254,271,253,272,253,273,253,274,253,275,252,276,253,277,253,278,253,279,253,280,253,281,254,282,254,283,255,284,255,285,256,285,257,286,258,287,259,287,260,287,261,288,262,287,263,287,264,286,265,285,266,285,267,285,268,284,269,283,270,283,271,282,272,281,273,280,274,279,274,278,275,277,276,276,276,275,276,274,276,273,276,272,276,271,276,270,276,269,276,268,275,267,275,266,274,265,273,264,272,263,271,262,270,262,269,261,268,261,267,261,266,260
328,263,327,264,326,265,325,266,324,267,323,268,323,269,322,270,321,270,320,271,319,272,318,273,317,273,316,274,316,275,315,276,315,277,314,278,314,279,314,280,314,281,314,282,314,283,315,284,316,284,317,285,318,285,319,285,320,285,321,285,322,285,323,285,324,285,325,284,326,284,327,284,328,284,329,283,330,283,331,283,331,282,332,281,333,281,334,280,335,279,336,279,336,278,337,277,338,276,338,275,339,274,339,273,339,272,339,271,338,270,338,269,338,268,338,267,337,266,337,265,336,264,335,264,334,263,333,263,332,263,331,263,330,263,329,263
178,266,177,267,176,267,175,268,174,268,174,269,173,270,173,271,172,272,171,273,172,274,172,275,172,276,172,277,172,278,172,279,172,280,172,281,172,282,172,283,172,284,172,285,173,286,173,287,173,288,174,289,174,290,175,291,175,292,176,293,177,293,178,294,179,295,180,295,181,295,182,295,183,295,184,295,185,295,186,295,187,295,188,295,189,295,190,294,191,293,192,293,193,292,194,292,195,291,196,290,197,290,198,289,199,289,200,288,201,288,202,287,203,287,204,286,205,286,206,285,207,284,208,283,209,282,209,281,209,280,209,279,209,278,209,277,209,276,209,275,209,274,210,273,209,273,208,272,207,272,206,271,205,271,204,271,203,270,202,270,201,269,200,268,199,267,198,267,197,268,196,268,195,268,194,269,193,269,192,269,191,269,190,269,189,269,188,269,187,269,186,268,185,268,184,267,184,266,183,266,182,266,181,267,180,266,179,267
287,269,286,270,285,270,284,270,283,270,282,271,281,272,280,272,280,273,279,274,279,275,278,276,278,277,278,278,278,279,279,280,279,281,280,282,280,283,281,284,281,285,282,286,283,287,284,287,285,287,286,288,287,288,288,288,289,288,290,289,291,289,292,289,293,289,294,289,295,289,296,289,297,289,298,289,299,288,300,288,301,288,302,287,303,287,304,286,305,285,306,284,307,283,307,282,307,281,308,280,308,279,308,278,308,277,308,276,308,275,307,274,306,273,306,272,305,271,304,271,303,270,302,270,301,270,300,270,299,269,298,269,297,269,296,269,295,269,294,269,293,270,292,270,291,270,290,270,289,270,288,270
329,284,328,285,327,285,326,285,325,285,324,286,323,286,322,286,321,287,320,288,319,289,318,289,317,290,317,291,317,292,316,293,316,294,316,295,316,296,316,297,317,298,317,299,318,300,319,300,320,301,321,301,322,301,323,301,324,301,325,301,326,301,327,301,328,301,329,301,330,301,331,301,332,301,333,301,334,300,335,300,336,299,337,299,338,298,338,297,339,296,339,295,339,294,339,293,339,292,339,291,338,290,338,289,338,288,337,287,337,286,336,286,335,285,334,285,333,284,332,284,331,284,330,284
269,289,268,290,267,290,266,291,265,291,264,291,263,291,262,291,263,292,262,293,262,294,261,295,261,296,261,297,261,298,261,299,261,300,261,301,261,302,261,303,261,304,261,305,262,306,262,307,262,308,262,309,262,310,262,311,263,312,263,313,263,314,263,315,264,316,265,317,266,318,267,319,268,318,269,318,270,318,271,318,272,318,273,318,274,317,275,317,276,317,277,316,278,316,279,316,280,315,281,314,282,314,282,313,283,312,283,311,284,310,284,309,285,308,285,307,285,306,285,305,285,304,285,303,285,302,285,301,284,300,284,299,284,298,283,297,283,296,282,295,281,294,280,293,279,292,279,291,278,291,277,290,276,290,275,289,274,289,273,289,272,289,271,289,270,289
245,295,244,296,243,296,242,296,241,296,240,297,239,297,238,298,237,299,236,299,235,300,234,301,233,302,233,303,232,304,232,305,231,306,231,307,230,308,230,309,230,310,229,311,229,312,229,313,230,314,230,315,230,316,230,317,231,318,231,319,232,320,233,321,234,321,235,322,236,322,237,323,238,323,239,323,240,323,241,323,242,323,243,323,244,323,245,323,246,322,247,321,248,320,249,319,249,318,250,317,251,316,252,315,252,314,252,313,253,312,253,311,253,310,253,309,254,308,254,307,255,306,255,305,255,304,255,303,255,302,254,301,254,300,253,299,252,298,251,298,250,297,249,297,248,296,247,296,246,296
210,301,209,302,208,302,207,303,206,304,205,305,204,306,204,307,203,308,203,309,203,310,203,311,203,312,203,313,203,314,203,315,204,316,204,317,204,318,205,319,205,320,206,321,207,321,208,322,209,322,210,322,211,322,212,321,213,321,214,320,215,319,216,319,217,318,218,318,219,317,220,316,221,316,222,315,223,314,223,313,224,312,224,311,224,310,225,309,225,308,224,307,224,306,223,305,222,304,221,303,220,303,219,302,218,302,217,302,216,302,215,302,214,302,213,302,212,302,211,301
323,304,322,305,321,305,320,305,319,306,318,306,317,307,316,307,315,308,315,309,314,310,314,311,313,312,313,313,313,314,314,315,314,316,315,317,316,318,317,319,318,319,319,319,320,320,321,320,322,320,323,320,324,320,325,320,326,320,327,320,328,320,329,320,330,320,331,320,332,319,333,319,334,319,335,318,336,317,337,316,338,315,339,314,339,313,339,312,339,311,339,310,338,309,337,308,336,307,335,306,334,306,333,306,332,305,331,305,330,305,329,304,328,304,327,304,326,305,325,305,324,304
256,314,255,315,254,315,253,315,252,316,251,317,250,318,250,319,249,320,248,321,247,322,246,323,246,324,246,325,246,326,247,327,247,328,248,329,249,329,250,330,251,331,252,332,253,332,254,333,255,333,256,333,257,333,258,333,259,332,260,332,261,332,262,331,263,330,264,330,265,329,266,328,266,327,267,326,267,325,267,324,267,323,267,322,267,321,267,320,266,319,265,318,264,317,263,316,262,316,261,315,260,315,259,315,258,314,257,314
280,318,279,319,278,319,277,319,276,320,275,321,274,321,273,322,272,323,271,323,271,324,270,325,269,326,268,327,268,328,267,329,267,330,267,331,267,332,268,333,268,334,268,335,269,336,269,337,270,338,271,339,272,339,273,339,274,339,275,339,276,339,277,338,278,338,279,337,280,336,281,336,282,335,283,334,284,334,285,333,286,332,287,331,287,330,288,329,288,328,288,327,288,326,288,325,288,324,288,323,288,322,287,321,287,320,286,319,285,318,284,318,283,318,282,318,281,318
317,323,316,324,315,324,314,324,313,324,312,324,311,325,311,326,310,327,310,328,310,329,309,330,309,331,309,332,309,333,309,334,309,335,309,336,310,337,311,337,312,337,313,337,314,338,315,338,316,337,317,337,318,337,319,337,320,336,321,335,322,334,323,333,323,332,323,331,323,330,323,329,322,328,322,327,321,326,321,325,320,324,319,323,318,323
303,327,302,328,301,328,300,328,299,329,298,330,297,331,297,332,297,333,296,334,295,335,295,336,294,337,294,338,294,339,294,340,295,341,295,342,296,343,297,344,298,345,299,346,300,346,301,346,302,345,303,345,304,344,304,343,305,342,305,341,306,340,307,339,307,338,308,337,308,336,308,335,308,334,308,333,308,332,308,331,307,330,306,329,305,328,304,328
230,328,229,329,228,329,227,330,226,330,225,331,225,332,224,333,223,334,223,335,223,336,223,337,223,338,224,339,224,340,225,341,225,342,226,342,227,342,228,343,229,343,230,344,231,344,232,344,233,345,234,345,235,345,236,344,237,344,238,343,239,342,240,341,240,340,241,339,241,338,241,337,241,336,241,335,241,334,240,333,240,332,239,331,238,330,237,330,236,329,235,329,234,328,233,328,232,328,231,328
255,334,254,335,253,335,252,335,251,335,250,335,249,335,248,335,247,335,246,335,245,336,244,337,243,338,242,339,241,340,241,341,240,342,240,343,240,344,240,345,240,346,240,347,241,348,241,349,242,350,242,351,243,352,244,353,245,353,246,353,247,354,248,354,249,353,250,353,251,352,252,352,253,352,254,351,255,350,256,350,257,349,258,349,259,348,260,347,261,346,262,345,262,344,263,343,263,342,263,341,263,340,263,339,263,338,262,337,261,336,260,335,259,335,258,334,257,334,256,334
324,339,323,340,322,340,321,340,320,341,319,341,318,342,317,342,316,343,315,343,314,344,313,344,312,345,311,346,310,346,309,347,308,348,307,348,306,349,305,350,305,351,304,352,303,353,303,354,303,355,303,356,303,357,304,358,304,359,305,359,306,360,307,361,308,362,308,363,309,364,309,365,310,366,311,367,312,367,313,367,314,368,315,369,316,369,317,369,318,369,319,369,320,368,321,368,322,367,323,368,324,367,325,366,326,365,327,365,328,364,329,364,330,363,331,363,332,363,333,362,334,362,335,361,336,360,337,359,338,358,339,357,340,356,340,355,340,354,340,353,339,352,339,351,338,350,338,349,337,348,337,347,336,346,336,345,335,344,335,343,334,342,333,341,332,340,331,340,330,340,329,339,328,339,327,339,326,339,325,339
272,340,271,341,270,341,269,342,268,343,268,344,267,345,267,346,266,347,266,348,265,349,265,350,265,351,265,352,266,353,266,354,266,355,267,356,268,357,269,358,270,358,271,358,272,358,273,358,274,358,275,357,276,357,277,357,278,356,279,355,280,355,281,355,281,354,281,353,281,352,281,351,281,350,281,349,281,348,281,347,282,346,282,345,282,344,281,343,280,342,279,342,278,341,277,340,276,340,275,340,274,340,273,340
292,340,291,341,290,341,289,341,288,342,287,342,286,343,285,344,284,344,283,344,283,345,283,346,282,347,282,348,282,349,282,350,282,351,282,352,282,353,282,354,282,355,283,356,283,357,284,357,285,358,286,358,287,358,288,358,289,357,290,357,291,356,292,356,293,355,294,355,295,354,296,353,297,352,298,352,299,351,299,350,300,349,300,348,300,347,299,347,298,346,297,345,296,344,295,343,294,342,294,341,293,341
346,358,345,359,344,359,343,359,342,360,341,360,340,360,339,361,338,361,337,362,336,362,335,362,334,363,333,363,332,364,331,364,330,365,329,365,328,366,327,366,326,367,325,368,324,368,323,369,322,369,322,370,322,371,321,372,321,373,322,374,323,375,324,375,325,375,326,375,327,375,328,375,329,375,330,375,331,375,332,375,333,374,334,374,335,374,336,374,337,373,338,374,339,373,340,373,341,373,342,373,343,373,344,373,345,373,346,373,347,373,348,373,349,372,350,371,351,371,352,370,353,369,354,368,355,367,355,366,355,365,355,364,355,363,354,362,354,361,353,360,352,359,351,358,350,358,349,358,348,358,347,358
339,374,338,375,337,375,336,375,335,375,334,376,333,376,332,376,331,377,330,377,329,377,328,378,327,378,326,378,325,379,324,379,323,379,322,380,321,381,320,381,319,382,318,382,318,383,317,384,317,385,317,386,318,387,318,388,319,388,320,388,321,388,322,388,323,388,324,388,325,388,326,388,327,388,328,387,329,387,330,387,331,386,332,386,333,386,334,386,335,385,336,385,337,384,338,384,339,384,340,384,341,384,342,383,343,383,344,383,345,383,346,383,347,382,348,382,349,381,350,380,350,379,351,378,350,377,350,376,350,375,349,374,348,374,347,374,346,374,345,374,344,374,343,374,342,374,341,374,340,374
333,388,332,389,331,389,330,389,329,390,328,390,327,390,326,390,325,390,324,390,323,391,322,391,321,391,320,391,319,392,318,392,317,393,316,393,315,393,314,394,313,394,312,395,311,396,310,397,309,398,309,399,308,400,308,401,308,402,309,403,309,404,310,405,311,405,312,405,313,406,314,406,315,405,316,405,317,405,318,404,319,404,320,404,321,404,322,403,323,403,324,403,325,402,326,401,327,401,328,400,329,400,330,399,331,399,332,398,333,398,334,398,335,398,336,397,337,396,338,395,339,395,340,394,340,393,340,392,340,391,340,390,339,389,338,389,337,389,336,389,335,388,334,388
349,390,348,391,347,391,346,392,345,392,344,393,343,393,342,394,341,395,340,395,339,396,338,396,337,397,336,398,335,399,334,400,333,401,332,402,332,403,332,404,332,405,333,405,334,406,335,406,336,407,337,407,338,407,339,408,340,408,341,408,342,408,343,408,344,409,345,409,346,409,347,408,348,408,349,408,350,407,351,407,352,407,353,407,354,406,355,406,356,406,357,406,358,405,359,405,360,405,361,404,361,403,361,402,361,401,361,400,361,399,361,398,361,397,361,396,361,395,360,394,360,393,359,392,358,391,357,390,356,390,355,390,354,390,353,390,352,390,351,390,350,390
317,407,316,408,315,409,314,409,313,410,312,410,311,411,311,412,311,413,311,414,311,415,311,416,312,416,313,417,314,417,315,418,316,418,317,419,318,419,319,420,320,420,321,421,322,421,323,421,324,422,325,422,326,422,327,422,328,423,329,423,330,423,331,423,332,423,333,422,334,422,335,421,335,420,336,419,336,418,336,417,336,416,336,415,336,414,336,413,335,412,334,411,333,410,332,410,331,409,330,409,329,409,328,408,327,408,326,408,325,408,324,407,323,407,322,407,321,407,320,407,319,407,318,407
370,409,369,410,368,410,367,410,366,410,365,411,365,412,365,413,364,414,364,415,363,416,363,417,362,418,362,419,362,420,361,421,360,422,360,423,359,424,358,424,357,425,357,426,357,427,356,428,356,429,356,430,356,431,356,432,356,433,357,434,358,434,359,434,360,434,361,434,362,435,363,435,364,434,365,434,366,434,367,433,368,432,369,432,370,432,371,431,371,430,372,429,373,428,374,427,374,426,375,425,375,424,376,423,377,422,377,421,378,420,378,419,379,418,379,417,379,416,379,415,379,414,378,413,378,412,378,411,377,410,376,410,375,409,374,409,373,409,372,409,371,409
302,416,301,417,300,418,300,419,299,420,299,421,299,422,298,423,298,424,298,425,299,426,299,427,300,428,301,429,302,429,303,430,304,430,305,431,306,431,307,432,308,432,309,432,310,432,311,432,312,432,313,432,314,432,315,432,316,432,317,432,318,431,319,431,320,431,321,430,322,429,323,428,323,427,324,426,324,425,323,424,323,423,322,422,321,422,320,421,319,421,318,420,317,420,316,419,315,419,314,418,313,418,312,417,311,417,310,417,309,417,308,416,307,416,306,416,305,416,304,416,303,416
284,425,283,426,282,426,281,427,280,428,279,429,279,430,279,431,278,432,278,433,278,434,278,435,278,436,278,437,278,438,278,439,279,440,279,441,280,442,281,442,282,443,283,443,284,444,285,444,286,444,287,444,288,444,289,444,290,444,291,444,292,443,293,442,294,441,295,441,296,440,296,439,296,438,297,437,297,436,297,435,297,434,297,433,297,432,296,431,296,430,295,429,295,428,294,427,293,427,292,426,291,426,290,425,289,425,288,425,287,425,286,425,285,425
381,425,380,426,379,426,378,426,377,426,376,426,375,426,375,427,374,428,373,429,372,430,372,431,371,432,371,433,372,434,372,435,373,435,374,436,374,437,375,437,376,438,377,439,378,439,379,440,380,440,381,441,382,441,383,441,384,441,385,441,386,441,387,441,388,441,389,441,390,441,391,441,392,441,393,441,394,441,395,441,396,440,397,440,398,439,399,438,399,437,399,436,399,435,399,434,399,433,399,432,398,431,398,430,397,429,396,428,395,428,394,427,393,427,392,426,391,426,390,426,389,425,388,425,387,426,386,425,385,425,384,425,383,425,382,425
174,437,173,438,172,439,171,440,170,441,169,442,168,443,168,444,168,445,167,446,167,447,167,448,167,449,167,450,168,451,168,452,168,453,169,454,169,455,170,456,171,457,172,458,173,459,174,460,175,460,176,460,177,460,178,460,179,460,180,460,181,460,182,459,183,459,184,459,185,458,186,457,187,456,188,455,188,454,189,453,189,452,190,451,190,450,190,449,191,448,190,447,190,446,190,445,189,444,189,443,188,442,188,441,187,440,186,440,185,439,184,439,183,438,182,438,181,438,180,437,179,437,178,437,177,437,176,437,175,437
152,439,151,440,150,440,149,441,148,442,147,443,146,444,146,445,146,446,146,447,145,448,145,449,146,450,146,451,146,452,147,453,147,454,147,455,148,456,149,457,150,458,151,459,152,460,153,460,154,461,155,461,156,461,157,461,158,461,159,460,160,460,161,459,162,459,163,458,163,457,164,456,164,455,164,454,165,453,165,452,165,451,165,450,165,449,165,448,165,447,165,446,164,445,164,444,164,443,163,442,162,441,161,440,160,440,159,440,158,439,157,439,156,439,155,439,154,439,153,439
327,439,326,440,325,440,324,440,323,440,322,441,321,441,320,441,319,442,318,443,317,444,316,445,315,446,314,447,314,448,313,449,313,450,313,451,314,452,314,453,314,454,314,455,314,456,314,457,315,458,315,459,316,460,316,461,316,462,316,463,316,464,316,465,317,465,318,466,318,467,318,468,319,469,320,470,320,471,321,472,322,473,323,473,324,474,325,474,326,474,327,474,328,474,329,475,330,475,331,475,332,475,333,475,334,474,335,474,336,474,337,473,338,473,339,472,340,471,341,471,341,470,342,469,342,468,343,467,344,466,344,465,344,464,345,463,345,462,345,461,345,460,345,459,345,458,345,457,345,456,345,455,345,454,345,453,345,452,344,451,344,450,344,449,343,448,342,447,341,446,340,445,339,444,338,444,337,443,336,442,335,442,334,441,333,441,332,440,331,440,330,440,329,439,328,439
129,447,128,448,127,448,126,449,126,450,125,451,125,452,124,453,124,454,125,455,125,456,126,457,126,458,127,459,127,460,128,461,129,462,130,462,131,463,132,463,133,464,134,464,135,464,136,464,137,464,138,464,139,463,140,463,141,462,142,461,142,460,143,459,143,458,143,457,143,456,143,455,143,454,143,453,142,452,141,451,141,450,140,450,139,449,138,448,137,448,136,447,135,447,134,447,133,447,132,447,131,447,130,447
110,449,109,450,108,450,107,450,106,450,106,451,105,452,104,453,104,454,104,455,103,456,103,457,103,458,103,459,103,460,103,461,103,462,103,463,103,464,103,465,103,466,104,467,105,468,105,469,106,470,107,470,108,471,109,471,110,472,111,472,112,472,113,472,114,472,115,472,116,471,117,471,118,470,119,470,120,469,121,468,122,468,122,467,123,466,123,465,124,464,124,463,124,462,124,461,124,460,124,459,124,458,123,457,123,456,122,455,121,454,120,453,119,452,118,451,117,450,116,450,115,450,114,449,113,449,112,449,111,449
411,450,410,451,409,451,408,451,407,451,406,452,405,453,404,454,403,455,403,456,403,457,403,458,402,459,402,460,402,461,402,462,403,463,403,464,403,465,404,466,404,467,404,468,405,469,406,470,407,471,408,472,409,472,410,472,411,473,412,473,413,473,414,473,415,473,416,473,417,473,418,473,419,472,420,472,421,471,422,470,423,469,424,468,424,467,424,466,425,465,425,464,424,463,424,462,424,461,424,460,424,459,424,458,423,457,423,456,422,455,422,454,421,453,420,452,419,452,418,451,417,451,416,451,415,451,414,451,413,451,412,450
195,451,194,452,193,453,192,454,191,455,190,456,190,457,189,458,188,459,188,460,187,461,186,462,185,463,184,464,183,465,182,466,181,466,181,467,180,468,179,469,179,470,179,471,179,472,179,473,179,474,179,475,179,476,179,477,179,478,179,479,179,480,180,481,180,482,181,483,182,484,183,484,184,484,185,484,186,484,187,484,188,484,189,483,190,483,191,482,192,481,193,480,194,479,195,478,195,477,196,476,196,475,196,474,196,473,196,472,197,471,197,470,197,469,198,468,198,467,199,466,200,465,200,464,201,463,202,462,203,461,203,460,204,459,204,458,204,457,203,456,203,455,203,454,202,453,201,452,200,451,199,451,198,451,197,451,196,451
267,451,266,452,265,452,264,452,263,453,262,454,261,454,260,455,259,455,259,456,258,457,258,458,257,459,257,460,257,461,257,462,256,463,257,464,257,465,257,466,258,467,258,468,259,469,259,470,260,471,261,472,262,472,263,472,264,473,265,473,266,473,267,473,268,473,269,473,270,473,271,473,272,473,273,472,274,471,275,471,276,470,277,469,278,468,279,467,280,466,281,465,281,464,281,463,281,462,281,461,281,460,281,459,281,458,281,457,280,456,279,455,278,454,277,453,276,453,275,452,274,452,273,452,272,452,271,452,270,451,269,452,268,452
362,451,361,452,360,452,359,452,358,453,357,453,356,454,355,455,354,456,353,456,353,457,352,458,351,459,350,460,350,461,349,462,349,463,349,464,349,465,348,466,348,467,348,468,348,469,348,470,348,471,348,472,348,473,348,474,348,475,348,476,349,477,349,478,350,479,351,480,351,481,352,482,353,482,354,483,355,484,356,484,357,484,358,485,359,485,360,485,361,486,362,486,363,486,364,486,365,486,366,486,367,487,368,487,369,487,370,486,371,485,372,484,373,484,374,483,375,482,376,481,377,480,377,479,378,478,379,477,380,476,381,475,380,474,380,473,380,472,380,471,380,470,380,469,380,468,380,467,380,466,380,465,380,464,380,463,380,462,379,461,379,460,378,459,378,458,377,457,376,456,375,455,375,454,374,453,373,453,372,452,371,452,370,451,369,451,368,451,367,451,366,451,365,451,364,451,363,451
90,464,89,465,88,465,87,465,86,465,85,465,84,466,83,467,82,467,82,468,81,469,80,470,79,471,79,472,79,473,79,474,79,475,79,476,80,477,80,478,80,479,81,480,81,481,82,482,83,483,84,483,85,484,86,485,87,485,88,486,89,486,90,486,91,487,92,487,93,487,94,486,95,486,96,485,97,485,98,484,99,483,100,482,101,481,102,480,102,479,102,478,103,477,102,476,102,475,102,474,102,473,102,472,102,471,101,470,101,469,101,468,100,467,99,467,98,466,97,466,96,465,95,465,94,465,93,465,92,465,91,465
396,469,395,470,394,470,393,471,392,471,391,471,390,471,389,472,388,472,387,473,386,473,385,474,384,475,383,476,382,476,381,476,380,477,379,478,378,479,378,480,377,481,376,482,375,483,374,484,373,485,372,485,371,486,370,487,369,488,368,488,369,489,368,490,368,491,368,492,368,493,368,494,367,495,367,496,367,497,367,498,367,499,367,500,367,501,367,502,368,503,368,504,367,505,368,506,369,507,370,508,371,509,371,510,372,511,373,511,374,511,375,511,376,511,377,511,378,510,379,510,380,510,381,510,382,510,383,510,384,510,385,509,386,509,387,508,388,508,389,508,390,508,391,507,392,507,393,507,394,506,395,506,396,505,397,505,397,504,398,503,398,502,399,501,400,500,400,499,401,498,402,497,402,496,403,495,404,494,404,493,405,492,405,491,406,490,406,489,406,488,406,487,407,486,407,485,406,484,406,483,406,482,406,481,406,480,405,479,405,478,404,477,404,476,404,475,403,474,402,473,401,472,400,471,399,471,398,470,397,470
208,471,207,472,206,472,205,472,204,472,203,473,202,473,201,474,200,474,199,474,198,475,197,476,196,477,196,478,195,479,195,480,195,481,195,482,195,483,195,484,195,485,195,486,196,487,196,488,197,489,197,490,198,491,199,492,200,493,201,493,202,494,203,494,204,494,205,494,206,494,207,493,208,493,209,493,210,492,210,491,211,490,212,489,213,488,213,487,214,486,215,485,215,484,215,483,215,482,216,481,216,480,216,479,217,478,216,477,216,476,216,475,215,474,214,473,213,472,212,472,211,472,210,472,209,471
159,473,158,474,158,475,157,476,156,477,155,477,154,478,153,479,152,480,151,481,150,482,150,483,149,484,149,485,148,486,148,487,147,488,147,489,147,490,147,491,147,492,147,493,147,494,147,495,147,496,147,497,147,498,147,499,147,500,148,501,148,502,148,503,149,504,150,505,151,506,152,507,152,508,153,508,154,509,155,510,156,510,157,510,158,510,159,510,160,510,161,510,162,510,163,510,164,510,165,510,166,510,167,510,168,510,169,510,170,511,171,510,172,510,173,509,174,508,175,507,176,507,177,506,178,506,178,505,179,504,179,503,180,502,180,501,180,500,180,499,180,498,179,497,179,496,179,495,178,494,177,493,177,492,177,491,177,490,176,489,176,488,175,487,175,486,175,485,174,484,173,483,172,483,171,482,170,482,169,481,168,480,167,479,166,479,165,478,165,477,164,477,163,476,162,476,161,476,160,475,160,474
313,475,312,476,311,476,310,476,309,476,308,476,307,476,306,477,305,477,304,477,303,478,302,478,301,478,300,479,299,479,298,480,297,480,296,480,295,481,294,482,293,483,292,484,291,485,290,486,290,487,290,488,289,489,289,490,288,491,288,492,288,493,288,494,287,495,287,496,287,497,287,498,288,499,288,500,288,501,289,502,289,503,290,504,290,505,291,506,292,507,293,507,294,508,295,509,296,510,297,510,298,510,299,510,300,510,301,510,302,510,303,510,304,510,305,510,306,510,307,509,308,509,309,508,310,508,311,507,312,506,313,505,314,504,314,503,315,502,315,501,315,500,316,499,317,498,317,497,318,496,318,495,319,494,320,493,320,492,321,491,321,490,322,489,323,488,323,487,324,486,324,485,324,484,324,483,324,482,324,481,323,480,322,479,321,478,320,477,319,476,318,476,317,476,316,476,315,476,314,476
224,485,223,486,222,486,221,486,220,486,219,486,218,486,217,486,216,486,215,486,214,487,214,488,213,489,212,490,211,491,211,492,210,493,210,494,210,495,211,496,211,497,211,498,212,499,212,500,213,501,214,502,215,502,216,502,217,503,218,503,219,503,220,503,221,503,222,503,223,503,224,503,225,503,226,502,227,502,228,501,229,501,230,500,231,499,232,498,232,497,232,496,233,495,233,494,233,493,233,492,232,491,232,490,232,489,231,488,230,487,229,486,228,486,227,485,226,485,225,485
416,488,415,489,414,489,413,490,412,490,411,491,411,492,410,493,410,494,410,495,410,496,410,497,409,498,409,499,409,500,409,501,409,502,409,503,409,504,409,505,409,506,410,507,410,508,411,509,411,510,412,511,413,511,414,511,415,511,416,511,417,511,418,511,419,511,420,511,421,511,422,510,423,510,424,509,425,508,425,507,426,506,426,505,426,504,427,503,427,502,427,501,427,500,427,499,427,498,427,497,427,496,427,495,426,494,426,493,425,492,424,491,423,490,422,489,421,489,420,488,419,488,418,488,417,488
72,489,71,490,70,490,69,490,68,490,67,491,66,491,65,492,64,492,63,493,62,494,62,495,61,496,61,497,60,498,60,499,60,500,60,501,59,502,59,503,59,504,59,505,60,506,60,507,61,508,61,509,62,510,63,510,64,511,65,511,66,511,67,511,68,511,69,511,70,511,71,511,72,511,73,511,74,511,75,511,76,511,77,511,78,511,79,511,80,511,81,510,82,510,83,510,84,510,85,510,86,510,86,509,86,508,86,507,86,506,85,505,85,504,84,503,84,502,84,501,84,500,83,499,83,498,82,497,82,496,81,495,81,494,80,493,79,492,78,491,77,491,76,490,75,490,74,490,73,489
263,489,262,490,261,490,260,491,259,492,259,493,258,494,258,495,258,496,257,497,257,498,257,499,258,500,258,501,258,502,258,503,258,504,259,505,260,506,261,506,262,507,263,507,264,507,265,507,266,507,267,506,268,506,269,505,270,505,271,505,272,504,273,503,274,503,275,502,276,501,276,500,276,499,276,498,276,497,275,496,275,495,274,494,273,493,272,492,271,492,270,491,269,491,268,490,267,490,266,490,265,490,264,489
113,494,112,495,111,495,110,495,109,495,108,495,107,495,106,495,105,496,104,496,103,497,102,497,101,498,100,499,99,500,98,500,97,501,96,502,95,503,95,504,94,505,93,506,92,507,92,508,91,509,90,509,89,509,89,510,90,511,91,511,92,511,93,511,94,511,95,511,96,511,97,511,98,511,99,511,100,511,101,511,102,511,103,511,104,511,105,511,106,511,107,511,108,511,109,511,110,511,111,511,112,511,113,511,114,511,115,511,116,511,117,511,118,511,119,511,120,511,121,511,122,511,123,511,124,511,125,511,126,511,127,511,128,511,129,511,130,511,131,511,132,510,132,509,132,508,132,507,131,506,131,505,130,504,129,503,128,502,127,501,126,500,125,499,124,498,123,497,122,497,121,496,120,496,119,495,118,495,117,495,116,495,115,495,114,495
210,503,209,504,208,504,207,505,206,506,205,507,204,508,204,509,204,510,205,511,206,511,207,511,208,511,209,511,210,511,211,511,212,511,213,511,214,511,215,511,216,511,217,511,218,511,219,511,220,511,221,511,222,511,223,511,224,511,225,511,226,511,227,511,228,511,229,511,229,510,229,509,228,508,227,508,226,507,225,506,224,505,223,504,222,504,221,504,220,504,219,504,218,504,217,504,216,503,215,503,214,503,213,503,212,503,211,503
353,503,352,504,351,504,350,504,349,505,348,505,347,506,346,507,345,508,345,509,345,510,346,510,347,510,348,510,349,510,350,510,351,511,352,511,353,511,354,511,355,511,356,511,357,511,358,511,359,511,360,511,361,511,362,511,363,511,364,511,365,511,366,511,367,511,368,511,369,511,370,511,371,511,370,510,370,509,369,508,368,507,367,506,366,505,365,505,364,504,363,504,362,504,361,503,360,503,359,503,358,503,357,504,356,504,355,504,354,503
273,505,272,506,271,506,270,506,269,506,268,507,267,507,266,508,265,508,265,509,265,510,265,511,266,511,267,511,268,511,269,511,270,511,271,511,272,511,273,511,274,511,275,511,276,511,277,511,278,511,279,511,280,511,281,511,282,511,283,511,284,510,283,509,282,508,281,508,280,507,279,507,278,506,277,506,276,506,275,506,274,505
