272,0,271,1,270,2,270,3,270,4,270,5,271,5,272,6,273,6,274,6,275,7,276,7,277,7,278,7,279,6,280,6,281,6,282,5,283,5,284,4,285,3,285,2,285,1,284,0,283,0,282,0,281,0,280,0,279,0,278,0,277,0,276,0,275,0,274,0,273,0
240,218,239,219,238,219,237,219,236,219,235,219,234,219,233,219,232,220,231,220,230,220,229,221,228,221,227,222,226,223,225,224,224,225,223,226,222,226,222,227,221,228,220,228,219,228,218,229,217,230,216,231,215,232,214,233,214,234,214,235,214,236,214,237,214,238,214,239,214,240,214,241,214,242,214,243,214,244,214,245,214,246,214,247,215,248,215,249,216,249,217,250,217,251,218,252,219,253,220,252,221,251,222,250,223,249,224,249,225,248,226,247,227,246,228,245,229,245,230,244,231,243,232,243,233,242,234,242,235,241,236,240,237,240,238,239,239,239,240,238,241,237,242,237,243,236,244,236,245,236,246,235,245,234,246,233,246,232,246,231,246,230,246,229,246,228,246,227,246,226,246,225,246,224,245,223,244,222,243,221,243,220,242,219,241,219
246,236,245,237,244,237,243,237,242,238,241,238,240,239,239,240,238,240,237,241,236,241,235,242,234,243,233,243,232,244,231,244,230,245,229,246,228,246,227,247,226,248,225,249,224,250,223,250,222,251,221,252,220,253,220,254,220,255,220,256,221,257,221,258,221,259,222,260,223,261,224,261,225,262,226,262,227,262,228,262,229,262,230,261,231,261,232,260,233,260,234,259,235,259,236,258,237,258,238,257,239,256,240,256,241,255,242,254,243,253,244,252,245,251,246,250,247,249,247,248,248,247,249,246,249,245,249,244,249,243,249,242,249,241,248,240,248,239,248,238,247,237
277,237,276,238,275,238,274,239,273,240,272,241,271,241,270,242,270,243,269,244,269,245,268,246,268,247,268,248,267,249,267,250,267,251,267,252,267,253,268,254,268,255,269,256,270,257,271,257,272,257,273,257,274,257,275,258,276,257,277,257,278,257,279,257,280,257,281,257,282,256,283,255,284,254,285,253,286,252,287,251,288,250,289,249,290,249,291,248,291,247,291,246,291,245,291,244,291,243,291,242,290,241,290,240,289,239,288,238,287,238,286,237,285,237,284,237,283,237,282,237,281,237,280,237,279,237,278,237
295,247,294,248,293,248,292,248,291,249,290,250,289,250,288,251,287,252,286,253,285,254,284,255,283,256,282,257,281,258,281,259,281,260,281,261,281,262,281,263,281,264,281,265,282,266,283,267,284,268,285,269,286,269,287,269,288,269,289,269,290,269,291,269,292,268,293,268,294,267,295,267,296,266,297,265,298,264,299,263,300,262,301,262,301,261,302,260,302,259,303,258,303,257,303,256,303,255,303,254,303,253,303,252,303,251,303,250,302,249,301,248,300,248,299,247,298,247,297,247,296,247
192,326,191,327,190,327,189,327,188,328,187,329,186,329,185,330,184,331,184,332,183,333,182,334,182,335,182,336,182,337,181,338,181,339,181,340,181,341,181,342,182,343,182,344,183,345,183,346,184,347,185,348,186,349,187,349,188,349,189,349,190,349,191,349,192,349,193,349,194,349,195,349,196,348,197,348,198,348,199,347,200,347,201,346,202,345,203,345,204,344,204,343,205,342,206,341,206,340,207,339,207,338,207,337,207,336,207,335,207,334,207,333,206,332,206,331,205,330,204,329,203,328,202,328,201,327,200,327,199,327,198,326,197,326,196,326,195,326,194,326,193,326
232,345,231,346,230,346,229,346,228,346,227,346,226,346,225,347,224,347,223,347,222,348,221,348,220,349,219,349,218,350,217,350,216,351,215,351,214,352,213,353,212,354,211,355,210,356,209,357,208,358,207,358,207,359,206,360,205,361,206,362,207,363,208,364,209,365,210,366,211,367,212,368,213,369,214,370,215,371,215,372,216,373,216,374,217,375,218,376,218,377,219,378,220,379,221,380,221,381,222,382,223,383,223,384,224,385,225,386,225,387,226,386,227,385,228,384,229,383,230,383,231,382,232,381,233,381,234,380,235,380,236,379,237,379,238,378,239,378,240,377,241,376,242,376,243,375,244,374,245,373,246,372,247,371,248,370,249,369,249,368,250,367,250,366,250,365,250,364,251,363,251,362,251,361,251,360,251,359,251,358,251,357,251,356,251,355,251,354,250,353,250,352,249,351,249,350,248,349,247,349,246,348,245,347,244,347,243,347,242,346,241,346,240,346,239,346,238,345,237,345,236,345,235,345,234,345,233,345
204,362,203,363,202,364,201,365,200,366,199,366,198,367,197,368,196,369,195,370,194,370,193,371,193,372,192,373,191,374,190,375,189,376,188,377,187,378,186,379,186,380,185,381,185,382,184,383,184,384,184,385,184,386,184,387,184,388,184,389,184,390,184,391,185,392,185,393,186,394,187,395,187,396,188,397,189,398,190,399,191,400,192,400,193,401,194,401,195,402,196,402,197,401,198,402,199,401,200,401,201,401,202,402,203,402,204,401,205,401,206,401,207,401,208,400,209,400,210,399,211,399,212,398,213,398,214,397,215,397,216,396,217,396,218,395,219,394,220,393,221,392,222,391,223,390,224,389,225,388,224,387,224,386,223,385,222,384,222,383,221,382,220,381,220,380,219,379,218,378,217,377,217,376,216,375,215,374,215,373,214,372,214,371,213,370,212,369,211,368,210,367,209,366,208,365,207,364,206,363,205,362
93,364,92,365,91,365,90,365,89,365,88,365,87,366,86,366,85,367,84,368,83,369,82,370,81,371,81,372,80,373,80,374,79,375,79,376,78,377,78,378,78,379,77,380,77,381,77,382,77,383,77,384,77,385,77,386,78,387,78,388,78,389,79,390,80,391,81,392,82,393,83,393,84,394,85,394,86,395,87,395,88,395,89,395,90,395,91,396,92,396,93,396,94,395,95,395,96,395,97,395,98,394,99,394,100,393,101,393,102,393,103,392,104,391,105,390,106,389,106,388,107,387,107,386,108,385,108,384,108,383,109,382,109,381,109,380,109,379,109,378,109,377,108,376,108,375,108,374,108,373,107,372,106,371,106,370,105,369,104,368,103,367,102,367,101,366,100,366,99,365,98,365,97,365,96,365,95,365,94,365
57,374,56,375,55,375,54,375,53,376,52,376,51,376,50,377,49,377,49,378,48,379,47,380,46,381,46,382,46,383,46,384,46,385,46,386,46,387,46,388,47,389,47,390,48,391,49,392,49,393,50,393,51,394,52,395,53,396,54,397,55,397,56,398,57,398,58,398,59,398,60,398,61,397,62,397,63,396,64,396,65,395,66,394,67,393,68,392,68,391,69,390,70,389,70,388,71,387,71,386,71,385,71,384,71,383,71,382,71,381,71,380,70,379,70,378,69,377,68,377,67,376,66,376,65,375,64,375,63,374,62,374,61,374,60,374,59,374,58,374
324,434,323,435,322,435,321,435,320,435,319,435,318,436,317,437,316,438,316,439,315,440,314,441,314,442,314,443,314,444,314,445,314,446,314,447,314,448,315,449,315,450,316,450,317,450,318,451,319,451,320,452,321,452,322,452,323,452,324,452,325,452,326,452,327,451,328,451,329,451,330,450,331,449,332,449,333,448,334,448,335,447,336,446,337,446,337,445,337,444,337,443,337,442,337,441,336,440,336,439,335,438,334,438,333,437,332,437,331,436,330,436,329,435,328,435,327,435,326,435,325,434
352,440,351,441,350,442,349,442,348,443,348,444,347,445,346,446,345,447,344,448,343,449,342,450,341,451,340,452,339,453,339,454,339,455,338,456,338,457,337,458,337,459,337,460,337,461,337,462,337,463,338,464,338,465,338,466,339,467,340,468,341,469,342,469,343,469,344,470,345,470,346,471,347,471,348,472,349,472,350,471,351,471,352,471,353,470,354,469,355,469,356,468,357,467,358,466,358,465,359,464,360,463,360,462,361,461,361,460,362,459,362,458,363,457,363,456,364,455,365,454,365,453,366,452,366,451,366,450,366,449,367,448,366,447,366,446,366,445,365,444,364,443,363,442,362,441,361,441,360,440,359,440,358,440,357,440,356,440,355,440,354,440,353,440
405,452,404,453,403,453,402,453,401,453,400,454,399,455,398,456,397,456,396,457,395,458,395,459,395,460,395,461,396,462,396,463,397,464,397,465,398,466,399,467,399,468,400,468,401,469,402,469,403,469,404,469,405,470,406,470,407,470,408,469,409,469,410,469,411,469,412,468,413,468,413,467,414,466,415,465,415,464,415,463,415,462,415,461,415,460,415,459,415,458,415,457,414,456,413,455,413,454,412,454,411,453,410,453,409,452,408,452,407,452,406,452
316,453,315,454,314,454,313,454,312,454,311,454,310,455,309,455,308,456,307,457,306,458,305,459,305,460,304,461,304,462,304,463,303,464,303,465,303,466,303,467,303,468,303,469,304,470,304,471,305,472,306,472,307,473,308,473,309,474,310,474,311,475,312,475,313,475,314,476,315,476,316,477,317,477,318,477,319,477,320,478,320,477,321,476,322,475,323,475,324,475,325,474,326,474,327,474,328,473,329,472,330,471,330,470,331,469,331,468,331,467,331,466,331,465,331,464,331,463,331,462,330,461,330,460,329,459,328,458,328,457,327,456,326,456,325,455,324,454,323,454,322,454,321,453,320,453,319,453,318,453,317,453
372,454,371,455,370,455,369,456,369,457,368,458,367,459,367,460,367,461,366,462,366,463,366,464,366,465,366,466,366,467,366,468,367,469,367,470,368,470,369,471,370,472,371,472,372,472,373,473,374,473,375,473,376,474,377,474,378,474,379,474,380,474,381,474,382,473,383,473,384,473,385,472,386,472,387,471,388,470,389,469,389,468,389,467,390,466,390,465,390,464,389,463,389,462,389,461,388,460,387,459,386,458,385,457,385,456,384,456,383,455,382,455,381,454,380,454,379,454,378,454,377,454,376,454,375,454,374,454,373,454
359,471,358,472,357,472,356,473,355,473,354,473,353,473,352,473,351,472,350,472,349,473,348,473,347,473,346,474,345,474,344,474,343,475,342,475,341,475,340,476,339,476,338,476,337,477,336,478,335,478,334,479,333,480,332,481,331,482,331,483,330,484,330,485,330,486,330,487,329,488,330,489,330,490,330,491,330,492,330,493,331,494,332,495,331,496,332,497,333,498,333,499,334,499,335,499,336,499,337,500,337,501,338,501,339,501,340,501,341,502,342,503,343,503,344,503,345,503,346,504,346,505,347,506,347,507,348,508,349,508,350,509,351,510,352,510,353,510,354,510,355,511,356,510,357,510,358,510,359,511,360,511,361,511,362,511,363,511,364,511,365,510,366,510,367,510,368,510,369,510,370,510,371,510,372,510,372,509,372,508,372,507,372,506,372,505,371,504,371,503,371,502,371,501,371,500,370,499,371,498,370,497,370,496,370,495,371,494,371,493,371,492,371,491,371,490,372,489,372,488,372,487,372,486,372,485,372,484,371,483,372,482,372,481,372,480,371,479,371,478,371,477,370,476,370,475,369,474,368,473,369,472,368,473,367,473,366,472,365,472,364,471,363,471,362,472,361,471,360,471
303,472,302,473,301,474,300,475,299,476,299,477,298,478,298,479,298,480,298,481,298,482,298,483,298,484,298,485,298,486,299,487,299,488,300,489,300,490,301,491,302,491,303,492,304,492,305,493,306,492,307,492,308,493,309,493,310,493,311,494,312,494,313,494,314,493,315,493,316,493,317,492,318,492,319,492,320,491,320,490,321,489,322,488,322,487,322,486,322,485,322,484,322,483,321,482,321,481,321,480,321,479,320,479,319,478,318,478,317,478,316,478,315,477,314,477,313,476,312,476,311,476,310,475,309,475,308,474,307,474,306,473,305,473,304,472
49,477,48,478,47,479,46,480,46,481,46,482,46,483,46,484,47,485,48,486,49,486,50,487,51,487,52,487,53,487,54,487,55,487,56,487,56,486,57,485,58,485,58,484,58,483,59,482,58,481,58,480,57,479,56,478,55,478,54,477,53,477,52,477,51,477,50,477
405,487,404,488,403,488,402,489,401,490,400,491,399,491,399,492,398,493,398,494,398,495,397,496,397,497,397,498,397,499,397,500,398,501,398,502,397,503,398,504,399,505,399,506,400,507,401,508,401,509,401,510,402,510,403,510,404,510,405,510,406,510,407,511,408,511,409,511,410,510,411,511,412,511,413,511,414,511,415,510,416,510,417,510,418,509,418,508,419,507,419,506,420,505,420,504,421,503,421,502,421,501,421,500,421,499,421,498,421,497,421,496,421,495,421,494,420,493,420,492,419,491,418,491,417,490,416,489,415,489,414,488,413,488,412,488,411,487,410,487,409,487,408,487,407,487,406,487
317,493,316,494,315,494,314,494,313,495,312,495,311,496,310,497,309,498,308,499,307,500,306,499,307,500,307,501,307,502,308,503,308,504,309,505,309,506,309,507,310,508,310,509,310,510,310,511,311,511,312,511,313,511,314,511,315,511,316,511,317,511,318,511,319,511,320,511,321,511,322,511,323,511,324,511,325,511,326,511,327,511,328,511,329,511,330,510,331,509,332,508,332,507,333,506,333,505,334,504,334,503,333,502,333,501,333,500,332,499,332,498,331,497,330,497,329,496,328,495,327,495,326,494,325,494,324,494,323,493,322,493,321,493,320,493,319,493,318,493
