269,0,268,1,268,2,268,3,268,4,269,5,270,6,271,6,272,7,273,7,274,8,275,8,276,8,277,8,278,8,279,8,280,8,281,8,282,7,283,6,284,6,285,5,286,4,286,3,286,2,286,1,286,0,285,0,284,0,283,0,282,0,281,0,280,0,279,0,278,0,277,0,276,0,275,0,274,0,273,0,272,0,271,0,270,0
123,99,122,100,121,100,120,100,119,100,118,101,117,101,116,102,115,103,115,104,114,105,114,106,114,107,113,108,113,109,113,110,112,111,112,112,112,113,113,114,113,115,113,116,113,117,114,118,114,119,115,120,116,121,117,122,118,123,119,124,120,124,121,124,122,124,123,124,124,124,125,124,126,124,127,124,128,123,129,122,130,121,130,120,131,119,131,118,132,117,132,116,133,115,133,114,133,113,133,112,133,111,133,110,133,109,133,108,133,107,133,106,133,105,132,104,131,103,130,102,129,101,128,101,127,100,126,100,125,100,124,100
206,139,205,140,204,140,203,141,202,142,202,143,201,144,200,145,200,146,199,147,199,148,199,149,199,150,199,151,199,152,200,153,200,154,200,155,201,156,202,157,203,158,204,159,205,159,206,160,207,160,208,160,209,160,210,159,211,160,212,159,213,158,214,158,215,157,215,156,216,155,216,154,217,153,217,152,217,151,217,150,217,149,217,148,217,147,217,146,217,145,216,144,216,143,215,142,214,141,213,140,212,140,211,139,210,139,209,139,208,139,207,139
216,157,215,158,214,159,213,159,212,160,211,161,211,162,210,163,210,164,209,165,209,166,209,167,208,168,207,168,208,169,208,170,208,171,208,172,209,173,209,174,209,175,209,176,209,177,210,178,210,179,210,180,210,181,211,182,211,183,211,184,211,185,212,186,212,187,213,187,214,187,215,188,216,188,217,189,218,189,219,188,220,188,221,188,222,188,223,187,224,187,225,186,226,185,227,184,228,184,229,183,230,182,231,182,232,181,233,180,234,180,235,179,236,179,237,178,238,178,237,178,236,177,236,176,236,175,236,174,235,173,235,172,235,171,235,170,235,169,236,168,237,168,236,167,235,166,234,165,233,164,232,163,231,162,230,161,229,160,228,159,228,158,227,158,226,158,225,158,224,157,223,157,222,157,221,157,220,157,219,157,218,157,217,157
248,163,247,164,246,165,245,166,244,167,243,167,242,168,241,169,242,170,242,171,241,172,242,173,242,174,242,175,243,176,243,177,244,178,245,178,246,178,247,178,248,178,249,178,250,179,251,179,252,179,253,179,254,178,255,177,256,177,257,176,258,175,258,174,259,173,259,172,259,171,259,170,259,169,259,168,258,167,257,166,256,165,255,165,254,164,253,164,252,164,251,163,250,163,249,163
200,166,199,167,198,167,197,167,196,167,195,168,194,168,193,169,192,169,191,170,190,171,190,172,189,173,188,174,188,175,188,176,187,177,187,178,187,179,187,180,187,181,187,182,187,183,187,184,187,185,188,186,188,187,188,188,189,189,189,190,190,191,190,192,191,193,191,194,192,194,193,194,194,194,195,194,196,193,197,193,198,193,199,193,200,193,201,194,202,194,203,194,204,195,205,196,206,196,207,197,208,197,209,196,210,195,211,194,211,193,211,192,211,191,211,190,211,189,211,188,211,187,211,186,210,185,210,184,210,183,210,182,209,181,209,180,209,179,209,178,208,177,208,176,208,175,208,174,208,173,207,172,207,171,207,170,207,169,206,168,205,167,204,167,203,166,202,166,201,166
239,178,238,179,237,179,236,180,235,180,234,181,233,181,232,182,231,183,230,183,229,184,228,185,227,185,226,186,225,187,224,188,223,188,222,189,222,190,221,191,221,192,220,193,219,194,219,195,219,196,220,197,221,197,222,198,223,199,224,199,225,200,226,201,227,202,228,203,229,204,230,204,231,204,232,204,233,204,234,204,235,204,236,203,237,203,238,202,239,202,240,201,241,200,242,200,243,199,244,198,245,197,246,196,247,196,248,195,249,194,250,193,251,192,252,191,253,190,253,189,254,188,254,187,254,186,254,185,254,184,254,183,254,182,254,181,253,180,252,180,251,180,250,180,249,179,248,179,247,179,246,179,245,179,244,179,243,178,242,178,241,179,240,179
267,185,266,186,265,186,264,187,263,188,262,189,261,190,260,190,259,190,258,190,257,191,256,191,255,192,254,193,253,194,252,195,252,196,251,197,250,198,249,199,248,200,247,201,246,202,246,203,245,204,245,205,244,206,244,207,244,208,244,209,245,210,245,211,246,212,247,213,248,214,249,214,250,215,251,215,252,215,253,214,254,214,255,213,256,212,257,211,258,211,259,210,260,209,261,208,262,208,263,207,264,207,265,206,266,206,267,205,268,205,269,204,270,204,271,204,272,203,272,202,273,201,274,200,275,199,276,198,276,197,277,196,277,195,277,194,277,193,277,192,277,191,276,190,276,189,275,188,274,187,273,186,272,186,271,186,270,186,269,185,268,185
196,194,195,195,194,195,193,195,192,195,191,195,190,195,189,196,188,197,187,198,186,199,185,199,185,200,184,201,183,202,182,203,182,204,182,205,181,206,181,207,181,208,181,209,180,210,181,211,181,212,181,213,182,214,182,215,183,215,184,215,185,216,186,216,187,216,188,217,189,217,190,217,191,217,192,217,193,217,194,217,195,218,196,218,197,218,198,218,199,218,200,218,200,217,201,216,202,215,203,214,203,213,204,212,204,211,204,210,205,209,205,208,206,207,206,206,207,205,207,204,207,203,207,202,207,201,207,200,207,199,207,198,206,197,205,197,204,196,203,195,202,195,201,195,200,194,199,194,198,194,197,194
218,197,217,198,216,198,215,198,214,199,213,200,212,200,211,201,211,202,210,203,210,204,209,205,209,206,209,207,209,208,208,209,208,210,208,211,208,212,208,213,208,214,208,215,208,216,208,217,208,218,209,219,209,220,210,221,211,222,212,222,213,223,214,223,215,223,216,223,217,223,218,223,219,223,220,223,221,223,222,222,223,222,224,222,225,221,225,220,226,219,227,218,227,217,228,216,228,215,229,214,229,213,229,212,229,211,229,210,229,209,229,208,229,207,229,206,229,205,228,204,227,203,226,202,225,201,224,200,223,200,222,199,221,198,220,198,219,197
294,204,293,205,292,205,291,205,290,206,289,206,288,206,287,207,286,208,285,209,284,210,283,210,282,211,281,212,280,212,279,213,279,214,278,215,277,216,277,217,276,218,275,219,275,220,275,221,275,222,275,223,275,224,275,225,276,226,276,227,277,228,278,229,279,229,280,230,281,230,282,230,283,229,284,229,285,229,286,228,287,228,288,227,288,226,289,225,289,224,290,223,290,222,291,221,291,220,292,219,293,218,293,217,294,216,295,215,295,214,296,213,297,212,298,211,299,210,300,209,301,209,301,208,300,207,300,206,299,205,298,204,297,204,296,204,295,204
269,205,268,206,267,206,266,207,265,207,264,208,263,208,262,209,261,209,260,210,259,211,258,212,257,212,256,213,255,214,254,215,253,215,252,216,251,216,250,217,249,217,248,217,247,217,246,218,245,218,244,219,243,219,242,219,242,220,243,221,243,222,244,223,244,224,245,225,245,226,245,227,245,228,246,229,246,230,247,231,248,231,249,231,250,231,251,231,252,231,253,231,254,231,255,231,256,230,257,230,258,229,259,228,260,227,261,227,262,226,263,225,264,224,265,224,266,223,267,222,268,221,269,221,270,220,271,219,272,218,273,217,273,216,274,215,275,214,275,213,276,212,276,211,276,210,276,209,275,208,275,207,274,206,273,206,272,205,271,205,270,205
300,210,299,211,298,212,297,213,296,214,296,215,295,216,294,217,294,218,293,219,292,220,292,221,291,222,291,223,290,224,290,225,289,226,289,227,288,228,289,229,289,230,289,231,289,232,290,233,290,234,291,235,292,236,293,236,294,237,295,237,296,237,297,237,298,237,299,237,300,237,301,236,302,236,303,235,304,235,305,234,306,233,307,233,308,232,309,231,309,230,310,229,311,228,312,227,312,226,313,225,313,224,313,223,313,222,314,221,313,220,313,219,313,218,313,217,312,216,312,215,311,214,310,213,309,213,308,212,307,212,306,211,305,211,304,211,303,211,302,210,301,210
234,219,233,220,232,220,231,220,230,221,229,221,228,221,227,222,226,222,225,223,224,224,223,225,222,225,221,226,220,227,219,227,218,228,217,229,216,229,215,229,214,230,213,230,212,230,211,231,211,232,210,233,210,234,209,235,209,236,208,237,207,237,206,238,205,239,204,240,203,241,202,242,201,242,201,243,201,244,201,245,201,246,201,247,202,248,202,249,202,250,203,251,204,252,205,253,205,254,205,255,205,256,205,257,206,257,207,257,208,257,209,257,210,257,211,257,211,256,212,255,213,255,213,254,214,253,215,252,216,252,217,251,218,251,219,251,220,251,221,251,222,250,223,249,224,249,225,248,226,247,227,246,228,245,229,245,230,244,231,243,232,243,233,242,234,241,235,241,236,240,237,239,238,239,239,238,240,238,241,237,242,236,243,236,243,235,244,234,244,233,244,232,245,231,245,230,245,229,244,228,244,227,244,226,244,225,243,224,243,223,242,222,242,221,241,220,240,220,239,219,238,219,237,219,236,219,235,219
198,220,198,221,197,222,196,222,195,223,194,223,193,224,192,225,191,226,190,227,189,228,188,229,188,230,187,231,187,232,186,233,186,234,186,235,185,236,185,237,185,238,186,239,186,240,186,241,187,242,188,242,189,243,190,243,191,243,192,243,193,243,194,243,195,243,196,242,197,242,198,242,199,242,200,242,201,241,202,241,203,240,204,239,205,238,206,237,207,236,208,236,208,235,209,234,209,233,210,232,210,231,211,230,210,229,210,228,210,227,210,226,209,225,209,224,209,223,208,222,207,221,206,221,205,221,204,221,203,221,202,221,201,220,200,220,199,220
313,233,312,234,311,235,310,236,309,237,309,238,309,239,309,240,309,241,308,242,308,243,308,244,309,245,309,246,309,247,310,248,310,249,311,250,312,251,313,251,314,251,315,251,316,251,317,251,318,251,319,250,320,250,321,249,322,248,323,247,323,246,324,245,324,244,324,243,324,242,324,241,324,240,325,239,324,238,324,237,323,236,323,235,322,234,321,234,320,234,319,233,318,233,317,233,316,233,315,233,314,233
288,236,287,237,286,237,285,237,284,237,283,237,282,237,281,237,280,238,279,238,278,238,277,238,276,238,275,239,274,240,273,240,272,241,271,242,270,243,269,243,268,244,267,245,266,246,266,247,265,248,265,249,265,250,265,251,265,252,265,253,266,254,267,255,267,256,268,257,269,257,270,257,271,258,272,258,273,258,274,258,275,258,276,259,277,259,278,258,279,258,280,258,281,258,281,257,282,256,283,255,284,254,285,253,285,252,286,251,287,250,288,249,288,248,289,247,290,246,290,245,291,244,291,243,291,242,291,241,291,240,291,239,290,238,289,237
242,237,241,238,240,239,239,239,238,240,237,240,236,241,235,242,234,242,233,243,232,244,231,244,230,245,229,246,228,246,227,247,226,248,225,249,224,250,223,250,222,251,222,252,221,253,221,254,220,255,219,256,219,257,218,258,218,259,218,260,218,261,218,262,218,263,218,264,219,265,220,266,221,266,222,266,223,266,224,266,225,265,226,264,227,263,228,262,229,262,230,261,231,260,232,259,233,259,234,258,235,257,236,256,237,255,238,254,239,253,240,253,241,252,242,251,243,250,244,249,244,248,245,247,245,246,246,245,247,244,247,243,248,242,248,241,248,240,247,239,246,238,245,238,244,237,243,237
256,239,255,240,254,240,253,241,252,241,251,242,250,242,249,243,248,243,248,244,247,245,246,246,246,247,245,248,245,249,244,250,244,251,243,252,243,253,243,254,243,255,244,256,244,257,245,258,246,259,247,260,248,260,249,260,250,260,251,260,252,259,253,259,254,258,255,258,256,257,257,256,258,255,259,255,259,254,260,253,260,252,261,251,261,250,262,249,262,248,262,247,262,246,262,245,262,244,262,243,262,242,261,241,261,240,260,240,259,239,258,239,257,239
297,245,296,246,295,246,294,246,293,246,292,247,291,247,290,247,289,248,289,249,288,250,287,251,286,252,286,253,285,254,284,255,283,256,282,257,282,258,281,259,281,260,281,261,281,262,281,263,281,264,282,265,283,266,283,267,284,267,285,268,286,268,287,268,288,269,289,269,290,269,291,269,292,268,293,268,294,268,295,267,296,266,297,266,298,265,299,265,300,264,301,263,302,262,303,261,303,260,304,259,304,258,305,257,305,256,305,255,305,254,305,253,305,252,305,251,304,250,304,249,303,248,302,247,301,247,300,246,299,246,298,246
307,263,306,264,305,264,304,264,303,264,302,265,301,266,300,266,299,267,298,268,297,269,296,270,296,271,295,272,295,273,294,274,294,275,294,276,294,277,295,278,295,279,295,280,296,281,296,282,297,283,298,284,299,285,300,286,301,286,302,287,303,287,304,287,305,287,306,287,307,287,308,286,309,285,310,284,311,283,312,282,313,282,314,281,314,280,315,279,316,278,316,277,316,276,316,275,316,274,316,273,316,272,316,271,316,270,316,269,316,268,315,267,315,266,314,265,313,265,312,264,311,264,310,263,309,263,308,263
244,267,243,268,242,268,241,269,240,269,239,270,238,271,237,272,236,273,236,274,236,275,236,276,235,277,235,278,235,279,236,280,236,281,236,282,237,283,238,284,239,284,240,285,241,284,242,284,243,283,244,282,245,281,245,280,246,279,247,278,248,277,249,276,250,275,250,274,251,273,252,272,252,271,252,270,251,269,250,268,249,268,248,268,247,268,246,267,245,267
260,270,259,271,258,271,257,271,256,271,255,272,254,272,253,272,252,273,251,274,251,275,250,276,249,277,248,278,247,279,246,280,246,281,245,282,244,283,243,284,242,285,241,285,241,286,240,287,240,288,240,289,240,290,240,291,240,292,240,293,240,294,240,295,241,296,242,297,243,297,244,297,245,297,246,297,247,296,248,296,249,295,250,295,251,294,252,294,253,293,254,292,255,292,256,291,257,290,258,289,259,289,260,288,261,287,262,286,263,285,264,284,265,283,266,282,267,281,267,280,267,279,267,278,267,277,267,276,267,275,266,274,265,273,264,272,263,271,262,271,261,271
279,280,278,281,277,281,276,281,275,282,274,283,273,283,272,283,271,284,270,285,269,285,268,286,267,287,267,288,266,289,266,290,265,291,264,292,264,293,264,294,263,295,263,296,263,297,263,298,263,299,263,300,263,301,263,302,263,303,263,304,264,305,264,306,265,307,266,308,266,309,267,310,268,310,269,310,270,311,271,311,272,311,273,311,274,310,275,310,276,310,277,309,278,309,279,308,280,308,281,307,282,306,283,305,284,304,284,303,285,302,285,301,286,300,287,299,287,298,288,297,288,296,289,295,289,294,289,293,289,292,289,291,289,290,289,289,289,288,289,287,289,286,288,285,287,284,287,283,286,282,285,281,284,281,283,281,282,280,281,280,280,280
320,281,319,282,318,282,317,283,316,283,315,283,314,284,313,284,312,285,311,286,310,286,309,286,308,287,307,288,306,289,305,290,304,291,304,292,303,293,303,294,303,295,303,296,303,297,303,298,303,299,303,300,304,301,304,302,305,303,306,304,307,304,308,305,309,305,310,304,311,304,312,304,313,303,314,303,315,302,316,301,317,300,318,300,319,299,320,298,321,297,322,296,323,295,324,294,324,293,324,292,325,291,325,290,325,289,325,288,325,287,325,286,325,285,325,284,325,283,324,282,323,282,322,281,321,281
392,429,391,430,390,431,389,432,390,433,390,434,391,435,392,436,393,436,394,436,395,436,396,435,397,434,397,433,397,432,397,431,396,430,395,429,394,429,393,429
323,434,322,435,321,435,320,435,319,435,318,436,317,436,316,437,315,438,314,439,313,440,313,441,312,442,312,443,312,444,312,445,312,446,312,447,313,448,314,449,315,450,315,451,316,452,317,453,318,454,319,454,320,455,321,456,322,456,323,456,324,456,325,456,326,456,327,456,328,456,329,456,330,455,331,455,332,455,333,454,334,454,335,453,336,452,336,451,336,450,336,449,336,448,337,447,337,446,336,445,336,444,336,443,336,442,336,441,335,440,335,439,334,438,333,437,332,436,331,436,330,435,329,434,328,434,327,434,326,434,325,434,324,434
353,436,352,437,351,437,350,437,349,438,348,439,347,439,346,440,346,441,345,442,345,443,345,444,344,445,344,446,344,447,344,448,344,449,343,450,344,451,344,452,344,453,345,454,345,455,346,455,347,456,348,457,349,457,350,458,351,458,352,459,353,459,354,459,355,459,356,459,357,459,358,459,359,459,360,458,361,458,362,458,363,458,364,458,365,457,366,457,367,456,368,455,369,454,370,453,370,452,370,451,370,450,370,449,370,448,370,447,369,446,369,445,368,444,368,443,367,442,366,441,365,441,364,440,363,439,362,439,361,438,360,437,359,437,358,437,357,437,356,436,355,436,354,436
401,447,400,448,399,448,398,449,397,450,396,450,395,451,395,452,394,453,394,454,393,455,393,456,392,457,392,458,392,459,392,460,393,461,393,462,394,463,394,464,395,465,396,466,396,467,397,468,398,469,399,469,400,470,401,470,402,470,403,471,404,471,405,471,406,471,407,471,408,471,409,471,410,471,411,470,412,470,413,469,414,469,415,468,416,467,416,466,417,465,417,464,417,463,418,462,418,461,418,460,418,459,418,458,418,457,418,456,417,455,417,454,416,453,416,452,415,451,414,450,413,449,412,449,411,448,410,448,409,448,408,447,407,447,406,447,405,447,404,447,403,447,402,447
314,458,313,459,312,459,311,459,310,460,309,461,308,462,307,463,307,464,307,465,307,466,307,467,307,468,307,469,308,470,309,471,309,472,310,472,311,472,312,472,313,472,314,472,315,472,316,472,317,472,318,471,319,471,320,471,321,470,322,470,323,469,324,469,325,468,326,467,326,466,326,465,327,464,327,463,326,462,326,461,325,461,324,460,323,459,322,459,321,458,320,458,319,458,318,458,317,458,316,458,315,458
352,463,351,464,350,464,349,464,348,464,347,465,346,465,345,466,344,466,343,467,342,468,342,469,341,470,340,471,340,472,339,473,339,474,338,475,338,476,338,477,338,478,338,479,338,480,338,481,338,482,338,483,338,484,338,485,338,486,338,487,339,488,339,489,340,490,340,491,340,492,341,493,341,494,342,495,343,496,344,497,345,497,346,498,347,499,348,499,349,500,350,500,351,500,352,501,353,501,354,501,355,501,356,501,357,501,358,501,359,501,360,501,361,500,362,500,363,500,364,499,365,498,366,498,367,497,368,496,369,495,369,494,369,493,370,492,371,491,371,490,372,489,372,488,372,487,373,486,373,485,373,484,373,483,373,482,373,481,373,480,373,479,373,478,372,477,372,476,372,475,371,474,371,473,370,472,370,471,369,470,368,469,367,468,366,468,365,467,364,466,363,466,362,465,361,465,360,464,359,464,358,464,357,463,356,463,355,463,354,463,353,463
426,465,425,466,424,466,423,466,422,466,421,467,420,467,419,468,419,469,418,470,417,471,417,472,417,473,417,474,417,475,417,476,418,477,419,478,419,479,420,479,421,480,422,480,423,481,424,481,425,481,426,480,427,480,428,480,429,479,430,479,431,478,432,477,433,476,433,475,433,474,433,473,433,472,433,471,433,470,432,469,431,468,430,467,429,467,428,466,427,466
387,469,386,470,385,470,384,470,383,471,382,471,381,472,380,473,379,474,378,475,378,476,377,477,377,478,377,479,377,480,377,481,377,482,376,483,376,484,376,485,376,486,376,487,376,488,377,489,377,490,377,491,377,492,378,493,378,494,379,495,380,496,381,497,382,498,383,498,384,499,385,499,386,500,387,500,388,500,389,500,390,500,391,500,392,500,393,500,394,499,395,499,396,499,397,499,398,499,399,499,400,498,401,498,402,497,403,496,404,496,404,495,405,494,406,493,406,492,407,491,407,490,407,489,407,488,407,487,407,486,407,485,407,484,407,483,407,482,406,481,406,480,406,479,405,478,405,477,404,476,403,475,402,474,401,474,400,473,399,473,398,472,397,472,396,471,395,471,394,470,393,470,392,470,391,469,390,469,389,469,388,469
289,482,288,483,287,483,286,484,286,485,285,486,285,487,285,488,284,489,284,490,284,491,284,492,284,493,284,494,284,495,285,496,285,497,286,498,286,499,287,500,288,500,289,501,290,501,291,502,292,502,293,503,294,503,295,504,296,504,297,504,298,504,299,504,300,504,301,503,302,503,303,503,304,503,304,502,305,501,305,500,305,499,305,498,305,497,305,496,305,495,305,494,305,493,305,492,304,491,304,490,303,489,302,488,301,487,300,486,299,485,298,484,297,484,296,483,295,483,294,483,293,482,292,482,291,482,290,482
301,504,300,505,299,505,298,506,297,506,297,507,296,508,296,509,295,510,295,511,296,511,297,511,298,511,299,511,300,511,301,511,302,511,303,511,304,511,305,511,306,511,307,511,308,511,309,511,310,511,311,511,312,511,313,511,314,510,315,510,314,509,314,508,313,507,312,506,311,506,310,505,309,505,308,504,307,504,306,504,305,504,304,504,303,504,302,504
