195,183,194,184,193,184,192,185,191,185,190,186,190,187,189,188,188,189,188,190,188,191,188,192,188,193,188,194,187,195,188,196,189,197,190,198,191,199,192,200,193,201,194,202,195,201,196,202,197,202,198,202,199,202,200,202,201,201,202,201,203,200,204,200,205,199,205,198,205,197,205,196,205,195,206,194,206,193,206,192,206,191,205,190,205,189,204,188,204,187,203,186,202,185,201,185,200,184,199,184,198,183,197,183,196,183
185,196,184,197,183,197,182,197,181,198,180,198,180,199,179,200,178,201,178,202,178,203,177,204,177,205,178,206,178,207,178,208,178,209,179,210,179,211,180,212,181,213,181,214,182,215,183,216,184,217,185,217,186,218,187,218,188,217,189,217,189,216,190,215,191,214,192,214,192,213,193,212,193,211,194,210,194,209,194,208,194,207,194,206,194,205,194,204,194,203,193,202,192,201,191,200,190,199,189,198,188,197,187,196,186,196
172,233,171,234,170,235,169,236,169,237,168,238,167,239,167,240,167,241,166,242,166,243,166,244,167,245,167,246,168,247,169,248,170,248,171,248,172,248,173,248,174,248,175,248,176,247,177,247,178,247,179,247,180,247,181,247,181,246,182,245,183,244,183,243,183,242,183,241,183,240,183,239,183,238,183,237,183,236,182,235,181,234,180,234,179,233,178,233,177,233,176,233,175,233,174,233,173,233
174,273,173,274,172,274,172,275,171,276,170,277,169,278,169,279,169,280,169,281,169,282,170,283,171,284,171,285,172,285,173,286,174,286,175,287,176,287,177,287,178,286,179,286,180,285,181,284,181,283,181,282,182,281,182,280,182,279,182,278,181,277,180,276,179,275,178,275,177,274,176,274,175,273
143,290,142,291,141,292,141,293,141,294,141,295,142,296,143,297,144,297,145,298,146,298,147,298,148,298,149,298,150,297,151,296,151,295,151,294,151,293,150,292,149,292,148,291,147,290,146,290,145,290,144,290
314,325,313,326,312,326,311,326,310,327,309,328,308,329,307,330,307,331,307,332,307,333,307,334,306,335,305,335,306,336,306,337,307,338,308,338,309,339,310,339,311,339,312,339,313,339,314,340,315,340,316,340,317,340,318,340,319,340,320,340,321,340,322,340,323,340,324,339,325,339,325,338,326,337,327,336,327,335,327,334,327,333,327,332,327,331,326,330,326,329,325,328,324,327,323,326,322,326,321,325,320,325,319,325,318,325,317,325,316,325,315,325
182,328,181,329,180,329,179,329,178,330,177,330,176,331,175,332,175,333,174,334,174,335,173,336,173,337,173,338,172,339,172,340,173,341,173,342,173,343,173,344,173,345,173,346,174,347,175,348,175,349,176,350,177,351,178,351,179,352,180,353,181,353,182,353,183,353,184,354,185,354,186,354,187,353,188,353,189,353,190,352,191,351,192,351,193,350,194,349,195,349,195,348,196,347,196,346,197,345,197,344,197,343,197,342,197,341,197,340,197,339,196,338,196,337,196,336,196,335,195,334,195,333,195,332,194,331,193,330,192,329,191,329,190,328,189,328,188,328,187,328,186,328,185,328,184,328,183,328
160,339,159,340,158,340,157,340,156,341,155,342,154,343,153,344,152,345,152,346,151,347,151,348,151,349,151,350,151,351,151,352,152,353,153,354,154,354,155,354,156,354,157,354,158,354,159,354,160,353,161,353,162,352,163,351,163,350,164,349,164,348,165,347,165,346,165,345,165,344,165,343,164,342,164,341,163,340,162,340,161,339
226,353,225,354,224,354,223,355,222,355,221,356,220,357,219,357,218,358,217,359,216,360,215,361,214,362,213,362,213,363,212,364,212,365,211,366,211,367,211,368,211,369,212,370,213,371,214,372,215,373,216,374,217,375,218,376,219,377,220,378,221,378,222,379,223,379,224,379,225,379,226,380,227,380,228,380,229,380,230,380,231,380,232,380,233,380,234,379,235,379,236,378,237,378,238,377,239,376,240,375,241,374,242,373,242,372,243,371,243,370,244,369,244,368,244,367,244,366,244,365,244,364,244,363,244,362,243,361,242,360,242,359,241,358,240,358,239,357,238,356,237,356,236,356,235,355,234,355,233,354,232,354,231,354,230,353,229,353,228,353,227,353
91,370,90,371,89,371,88,371,87,372,86,372,85,373,85,374,85,375,84,376,84,377,83,378,83,379,83,380,83,381,83,382,83,383,83,384,83,385,83,386,83,387,83,388,83,389,84,389,85,390,86,390,87,391,88,391,89,392,90,392,91,392,92,392,93,392,94,392,95,391,96,391,97,391,98,390,99,390,100,389,101,388,102,388,103,387,103,386,104,385,104,384,105,383,105,382,105,381,105,380,105,379,105,378,105,377,104,376,103,375,103,374,102,374,101,373,100,373,99,372,98,371,97,371,96,370,95,370,94,370,93,370,92,370
208,370,207,371,206,371,205,371,204,371,203,371,202,372,201,372,200,373,199,373,198,374,197,375,196,376,195,377,194,378,194,379,193,380,193,381,193,382,193,383,192,384,192,385,193,386,193,387,193,388,193,389,194,390,194,391,195,392,196,393,197,394,198,394,199,395,200,396,201,396,202,396,203,396,204,397,205,397,206,397,207,397,208,397,209,397,210,396,211,396,212,396,213,395,214,395,215,394,216,393,217,393,217,392,218,391,218,390,219,389,220,388,220,387,220,386,220,385,220,384,220,383,220,382,220,381,220,380,220,379,219,378,218,377,217,376,216,375,215,374,214,373,213,372,212,371,211,370,210,370,209,370
53,377,52,378,51,378,50,379,49,379,48,380,47,381,46,382,45,383,45,384,44,385,44,386,44,387,43,388,44,389,44,390,44,391,45,392,46,393,46,394,47,394,48,395,49,396,50,396,51,396,52,396,53,396,54,396,55,397,56,396,57,396,58,396,59,396,60,396,61,396,62,395,63,395,64,394,65,393,66,393,67,392,67,391,68,390,68,389,68,388,69,387,69,386,69,385,68,384,68,383,67,382,67,381,66,380,65,379,64,379,63,378,62,378,61,377,60,377,59,377,58,377,57,377,56,377,55,377,54,377
173,382,172,383,171,384,171,385,170,386,169,386,169,387,169,388,169,389,170,390,170,391,171,392,171,393,172,393,173,394,174,394,175,394,176,394,177,394,178,394,179,393,180,393,181,393,182,392,182,391,183,390,183,389,183,388,183,387,183,386,182,385,181,384,180,383,179,383,178,382,177,382,176,382,175,382,174,382
184,466,183,467,182,467,181,468,180,468,180,469,179,470,179,471,178,472,178,473,178,474,178,475,179,476,179,477,180,478,181,479,182,480,183,481,184,481,185,481,186,481,187,482,188,482,189,481,190,481,191,481,192,480,192,479,192,478,193,477,193,476,193,475,193,474,193,473,193,472,193,471,193,470,192,469,191,468,190,467,189,467,188,467,187,466,186,466,185,466
338,467,337,468,336,469,335,469,334,469,333,470,333,471,332,472,331,473,331,474,331,475,330,476,330,477,331,478,331,479,331,480,331,481,331,482,331,483,332,484,332,485,333,486,334,487,335,488,336,489,337,490,338,490,339,490,340,491,341,491,342,491,343,491,344,491,345,491,346,491,347,491,348,490,349,489,350,489,351,489,352,488,353,487,354,487,355,486,356,485,356,484,357,483,357,482,358,481,358,480,358,479,358,478,357,477,356,476,356,475,355,474,354,473,353,472,352,471,351,470,350,469,349,468,348,468,347,467,346,467,345,467,344,467,343,467,342,467,341,467,340,467,339,467
393,475,392,476,391,476,390,476,389,477,388,477,387,477,386,478,385,478,384,479,383,479,382,479,381,480,380,481,379,482,378,483,378,484,378,485,378,486,377,487,377,488,377,489,377,490,378,491,378,492,378,493,378,494,379,495,379,496,380,497,381,498,382,499,382,500,383,501,384,501,385,502,386,502,387,502,388,503,389,503,390,503,391,503,392,503,393,502,394,502,395,502,396,502,397,502,398,502,399,501,400,500,401,500,402,499,403,498,403,497,404,496,404,495,404,494,405,493,406,492,406,491,406,490,406,489,407,488,407,487,407,486,407,485,407,484,407,483,407,482,406,481,406,480,405,479,404,478,403,477,402,477,401,476,400,476,399,476,398,475,397,475,396,475,395,475,394,475
321,492,320,493,319,494,318,495,317,496,316,497,315,498,315,499,314,500,314,501,313,502,313,503,312,504,312,505,311,506,311,507,311,508,312,509,312,510,313,511,314,511,315,511,316,511,317,511,318,511,319,511,320,511,321,511,322,511,323,511,324,511,325,511,326,511,327,511,328,510,329,511,330,511,331,510,332,510,332,509,333,508,334,508,334,507,334,506,334,505,334,504,334,503,334,502,335,501,334,500,334,499,334,498,333,497,332,496,332,495,331,494,330,494,329,493,328,492,327,492,326,492,325,492,324,492,323,492,322,492
353,493,352,494,351,494,350,495,349,496,348,496,347,497,346,498,346,499,345,500,344,500,343,501,342,502,342,503,341,504,341,505,340,506,340,507,339,508,338,508,337,509,336,509,336,510,337,510,338,510,339,510,340,510,341,510,342,510,343,510,344,511,345,511,346,511,347,511,348,511,349,511,350,511,351,511,352,511,353,511,354,511,355,511,356,511,357,511,358,511,359,511,360,511,361,511,362,511,363,511,364,511,365,511,366,511,367,511,368,510,368,509,368,508,368,507,368,506,367,505,367,504,367,503,366,502,366,501,366,500,365,499,365,498,364,497,363,496,362,495,361,494,360,493,359,493,358,493,357,493,356,493,355,493,354,493
