97,70,96,71,95,71,94,71,93,72,92,72,91,73,91,74,90,75,90,76,90,77,89,78,89,79,89,80,89,81,89,82,90,83,90,84,90,85,91,86,92,86,93,86,94,87,95,87,96,87,97,87,98,87,99,86,100,86,101,85,102,84,103,83,103,82,104,81,104,80,104,79,105,78,105,77,105,76,105,75,105,74,104,73,103,72,102,71,101,71,100,70,99,70,98,70
152,113,151,114,150,114,149,115,148,115,147,116,146,117,145,117,144,118,143,119,143,120,142,121,141,122,141,123,140,124,141,125,142,125,143,126,144,127,145,128,146,128,147,128,148,128,149,129,150,129,151,129,152,129,153,129,154,129,155,129,156,129,157,130,158,129,159,129,160,128,161,127,162,127,163,127,163,126,164,125,164,124,163,123,163,122,164,121,165,120,165,119,165,118,164,117,163,116,163,115,162,115,161,114,160,113,159,113,158,113,157,113,156,113,155,113,154,113,153,113
197,122,196,123,195,123,194,123,193,123,192,123,191,124,190,124,189,125,188,126,187,127,186,128,186,129,185,130,185,131,185,132,185,133,185,134,185,135,185,136,185,137,186,138,187,139,188,140,189,140,190,141,191,141,192,142,193,142,194,143,195,143,196,143,197,143,198,143,199,143,200,143,201,143,202,143,203,142,204,142,205,141,206,141,207,140,208,140,209,139,210,138,211,137,211,136,212,135,212,134,212,133,212,132,212,131,212,130,211,129,211,128,210,127,209,126,208,126,207,125,206,125,205,124,204,124,203,124,202,123,201,123,200,123,199,123,198,123
218,123,217,124,216,125,215,126,215,127,214,128,214,129,214,130,213,131,213,132,213,133,213,134,213,135,213,136,213,137,214,138,215,139,216,139,217,139,218,140,219,141,220,141,221,142,222,143,223,144,224,145,224,146,225,145,226,146,227,147,228,147,229,147,230,147,231,147,232,147,233,148,234,148,235,148,236,148,237,148,238,149,239,149,240,149,241,150,242,150,243,151,244,152,244,153,245,154,245,155,245,156,245,157,246,158,246,159,247,159,248,159,249,159,250,158,251,158,252,158,253,158,254,157,255,157,256,156,257,155,256,154,256,153,256,152,255,151,255,150,255,149,255,148,254,147,254,146,254,145,254,144,253,143,253,142,253,141,252,140,251,139,250,138,249,137,248,137,247,136,246,136,245,135,244,135,243,135,242,134,241,134,240,134,239,133,238,133,237,132,236,132,235,131,234,131,233,130,232,129,231,129,230,128,229,127,228,127,227,126,226,126,225,125,224,125,223,124,222,124,221,124,220,123,219,123
142,126,143,127,143,128,143,129,143,130,143,131,142,132,142,133,142,134,142,135,142,136,141,137,141,138,141,139,140,140,140,141,140,142,139,143,139,144,139,145,140,146,141,147,141,148,141,149,142,150,143,151,144,151,145,152,146,152,147,153,148,153,149,153,150,153,151,153,152,152,153,152,154,151,155,151,155,150,156,149,157,148,157,147,157,146,157,145,157,144,157,143,158,142,158,141,158,140,158,139,158,138,158,137,158,136,158,135,158,134,157,133,157,132,157,131,156,130,155,130,154,130,153,130,152,130,151,130,150,130,149,130,148,129,147,129,146,129,145,129,144,128,143,127
169,133,168,134,167,134,166,134,165,135,164,135,163,136,162,137,161,138,160,139,159,140,159,141,159,142,158,143,158,144,158,145,158,146,158,147,158,148,158,149,159,150,159,151,160,152,161,153,162,154,163,155,164,156,165,156,166,156,167,157,168,157,169,157,170,158,171,158,172,158,173,158,174,157,175,157,176,156,177,155,178,154,178,153,179,152,179,151,180,150,180,149,181,148,181,147,181,146,181,145,181,144,182,143,182,142,182,141,182,140,182,139,182,138,182,137,181,136,180,135,179,135,178,134,177,134,176,134,175,133,174,133,173,133,172,133,171,133,170,133
214,139,213,140,212,140,211,140,210,141,209,141,208,142,207,143,207,144,206,145,205,146,204,147,204,148,203,149,203,150,203,151,203,152,203,153,203,154,203,155,204,156,204,157,204,158,205,159,206,159,207,159,208,160,209,160,210,160,211,159,212,159,213,159,214,158,215,158,216,157,217,156,218,155,219,154,220,153,221,152,222,151,223,150,223,149,223,148,223,147,223,146,223,145,222,144,221,143,220,142,219,142,218,141,217,140,216,140,215,140
227,148,226,149,225,150,224,150,224,151,224,152,224,153,223,154,223,155,223,156,223,157,223,158,223,159,223,160,224,161,225,162,226,163,227,163,228,164,229,164,230,164,231,165,232,166,233,166,234,166,235,166,236,166,237,166,238,166,239,165,240,164,241,163,242,163,243,163,243,162,244,161,245,160,245,159,245,158,244,157,244,156,244,155,244,154,243,153,243,152,242,151,241,151,240,150,239,150,238,150,237,149,236,149,235,149,234,149,233,149,232,148,231,148,230,148,229,148,228,148
188,155,187,156,186,156,185,156,184,157,183,158,182,159,182,160,181,161,181,162,181,163,180,164,180,165,180,166,180,167,180,168,181,169,181,170,182,171,183,171,184,172,185,172,186,172,187,172,188,172,189,172,189,171,190,170,191,169,191,168,192,167,192,166,193,165,193,164,194,163,195,162,195,161,196,160,196,159,195,158,194,157,193,156,192,156,191,155,190,155,189,155
265,159,264,160,264,161,264,162,263,163,263,164,263,165,263,166,263,167,263,168,263,169,262,170,262,171,262,172,261,173,261,174,260,175,260,176,260,177,259,178,259,179,258,180,257,181,256,182,257,183,258,184,258,185,259,186,259,187,260,188,260,189,260,190,260,191,260,192,261,192,262,192,263,192,264,192,265,192,266,192,267,192,268,192,269,191,270,191,271,190,272,190,273,189,274,189,275,188,276,187,277,186,278,185,279,184,280,183,280,182,281,181,281,180,281,179,281,178,282,177,282,176,282,175,281,174,281,173,281,172,281,171,280,170,280,169,279,168,279,167,278,166,278,165,277,164,276,163,275,163,274,162,273,161,272,161,271,160,270,160,269,160,268,159,267,159,266,159
197,160,196,161,196,162,195,163,194,164,194,165,193,166,193,167,192,168,192,169,191,170,190,171,190,172,189,173,190,174,190,175,190,176,191,177,191,178,192,178,193,179,194,180,195,180,196,180,197,181,198,181,199,182,200,182,201,182,202,182,203,183,204,183,205,183,206,182,207,182,208,181,208,180,209,179,210,178,211,177,211,176,211,175,211,174,212,173,212,172,213,171,213,170,213,169,213,168,212,167,212,166,212,165,211,164,211,163,210,163,209,162,208,161,207,161,206,161,205,161,204,161,203,160,202,160,201,160,200,160,199,160,198,160
159,161,158,162,157,162,156,162,155,162,154,162,153,163,152,164,151,165,150,166,150,167,150,168,150,169,149,170,149,171,149,172,149,173,149,174,149,175,149,176,149,177,149,178,150,179,150,180,151,181,151,182,152,182,153,183,154,183,155,184,156,184,157,184,158,184,159,185,160,185,161,185,162,185,163,185,164,185,165,184,166,184,167,183,168,183,169,182,170,183,171,183,172,184,173,185,173,184,173,183,173,182,173,181,172,180,172,179,172,178,173,177,173,176,174,175,174,174,175,173,175,172,175,171,175,170,175,169,175,168,175,167,174,166,173,165,173,164,172,164,171,163,170,163,169,163,168,162,167,162,166,162,165,162,164,162,163,161,162,161,161,161,160,161
231,167,230,168,229,168,228,169,227,170,226,171,226,172,226,173,225,174,225,175,224,176,224,177,225,178,224,179,225,179,226,180,227,180,228,181,229,181,230,182,231,181,232,181,233,181,234,180,235,180,236,179,237,179,238,178,239,177,240,176,241,175,241,174,241,173,242,172,242,171,241,170,241,169,240,168,239,167,238,167,237,167,236,167,235,167,234,167,233,167,232,167
186,179,185,180,184,180,183,181,182,182,181,183,180,184,180,185,179,186,179,187,178,188,178,189,178,190,178,191,178,192,179,193,179,194,180,195,181,196,182,196,183,196,184,196,185,195,186,195,187,194,188,194,189,193,190,192,191,192,192,191,193,191,194,190,193,189,193,188,194,187,194,186,194,185,194,184,194,183,193,182,193,181,193,180,192,179,191,179,190,179,189,179,188,179,187,179
290,179,290,180,290,181,289,182,288,182,287,183,286,184,285,184,284,185,283,186,283,187,284,187,285,188,286,189,287,190,288,191,289,192,289,193,290,194,290,195,291,196,291,197,291,198,291,199,292,200,292,201,292,202,292,203,293,204,293,205,294,206,294,207,295,208,296,208,297,208,298,208,299,208,300,207,301,206,302,205,302,204,302,203,303,202,303,201,304,200,304,199,304,198,305,197,305,196,305,195,305,194,305,193,305,192,305,191,304,190,304,189,303,188,302,187,302,186,301,185,300,184,300,183,299,182,298,182,297,181,297,180,296,180,295,179,294,179,293,179,292,179,291,179
224,180,223,181,222,182,221,183,221,184,220,185,220,186,219,187,219,188,219,189,218,190,218,191,218,192,218,193,218,194,218,195,218,196,218,197,218,198,218,199,219,200,219,201,220,202,221,203,221,204,222,205,223,206,224,207,225,208,226,209,226,210,227,211,228,211,229,211,230,212,231,212,232,212,233,211,234,210,234,209,235,208,235,207,235,206,234,205,234,204,234,203,234,202,233,201,233,200,232,199,232,198,233,197,232,196,232,195,231,194,231,193,231,192,231,191,231,190,230,189,231,188,230,187,230,186,230,185,230,184,229,183,229,182,228,182,227,181,226,181,225,180
250,181,249,182,248,183,247,184,246,184,245,184,244,185,243,186,242,187,241,187,240,188,239,189,238,190,237,191,236,192,235,193,234,194,234,195,233,196,234,197,234,198,235,199,236,200,236,201,236,202,237,203,238,203,239,203,240,204,241,204,242,204,243,203,244,203,245,203,246,203,247,202,248,202,249,201,250,201,251,200,252,199,253,199,254,198,255,197,256,196,257,195,258,195,258,194,259,193,259,192,259,191,259,190,259,189,259,188,258,187,258,186,257,185,257,184,256,183,255,183,254,182,253,181,252,181,251,181
149,186,148,187,147,187,146,187,145,188,144,188,143,189,142,190,141,191,141,192,141,193,140,194,140,195,140,196,140,197,140,198,140,199,141,200,141,201,141,202,142,203,142,204,143,205,144,206,145,207,146,207,147,208,148,208,149,208,150,208,151,208,152,208,153,208,154,207,155,206,156,206,157,205,157,204,158,203,159,202,160,201,160,200,160,199,161,198,161,197,161,196,161,195,161,194,161,193,161,192,161,191,160,190,159,189,158,188,157,188,156,187,155,187,154,187,153,187,152,186,151,186,150,186
172,188,171,189,170,189,169,189,168,190,167,190,166,190,165,191,164,192,163,193,162,193,162,194,162,195,162,196,162,197,162,198,162,199,163,200,164,201,164,202,165,203,165,204,165,205,166,205,167,205,168,205,169,205,170,205,171,206,172,206,173,206,174,206,175,206,176,206,177,206,178,206,179,206,179,205,179,204,179,203,179,202,179,201,179,200,179,199,180,198,180,197,180,196,179,195,178,194,178,193,177,192,177,191,176,191,175,190,174,189,173,189
278,188,277,189,276,189,275,190,274,190,273,191,272,191,271,191,270,192,269,192,269,193,269,194,269,195,268,196,268,197,268,198,268,199,267,200,268,201,269,202,269,203,270,204,271,205,271,206,272,207,273,208,274,209,275,210,276,211,277,212,278,212,279,213,280,213,281,213,282,213,283,213,284,213,285,213,286,212,287,212,288,211,289,210,289,209,290,208,290,207,290,206,291,205,291,204,291,203,291,202,291,201,291,200,290,199,290,198,290,197,290,196,289,195,289,194,288,193,288,192,287,191,286,190,285,189,284,188,283,188,282,188,281,188,280,188,279,188
194,191,193,192,192,192,191,193,190,193,189,194,188,195,187,195,186,196,185,196,184,197,184,198,184,199,184,200,184,201,184,202,184,203,185,204,185,205,186,206,187,207,188,207,189,207,190,208,191,208,192,209,193,210,194,211,195,211,196,211,197,211,198,210,199,210,200,209,201,209,202,208,203,207,204,206,205,205,205,204,206,203,206,202,207,201,207,200,207,199,207,198,207,197,207,196,207,195,206,194,205,193,204,193,203,192,202,192,201,191,200,191,199,191,198,191,197,191,196,192,195,191
261,203,260,204,259,204,258,205,257,206,256,206,255,207,254,208,253,209,253,210,253,211,252,212,252,213,252,214,252,215,252,216,252,217,252,218,251,219,252,220,252,221,252,222,252,223,253,224,254,225,255,226,256,227,257,227,258,227,259,227,260,227,261,227,262,227,263,227,264,227,265,227,266,227,267,227,268,226,269,226,269,225,269,224,270,223,270,222,270,221,271,220,271,219,271,218,272,217,272,216,272,215,272,214,272,213,272,212,272,211,272,210,272,209,271,208,271,207,270,206,270,205,269,204,268,203,267,203,266,203,265,203,264,203,263,203,262,203
166,206,165,207,164,207,163,207,162,208,161,208,160,208,159,208,158,208,157,209,156,209,155,210,154,210,153,210,152,211,151,211,150,212,149,213,149,214,149,215,148,216,148,217,148,218,148,219,149,220,149,221,149,222,150,223,150,224,151,225,152,226,153,227,154,227,155,228,156,228,157,228,158,228,159,228,160,227,161,227,162,227,163,227,164,226,165,226,166,226,167,226,168,225,169,225,170,225,171,225,172,225,173,225,174,224,175,223,176,222,177,221,178,220,179,219,179,218,179,217,180,216,180,215,180,214,180,213,180,212,181,211,181,210,181,209,180,209,179,208,179,207,178,207,177,207,176,207,175,207,174,207,173,207,172,207,171,207,170,206,169,206,168,206,167,206
186,207,185,208,184,209,183,210,182,210,182,211,181,212,181,213,181,214,181,215,181,216,180,217,180,218,180,219,179,220,178,221,177,222,176,223,175,224,175,225,174,226,175,227,176,228,177,229,177,230,178,231,179,232,180,233,181,233,182,234,183,233,184,232,185,232,185,231,185,230,185,229,186,228,186,227,186,226,186,225,186,224,186,223,186,222,187,221,187,220,188,219,189,218,190,217,191,216,192,215,193,215,193,214,193,213,194,212,193,211,192,210,191,209,190,209,189,208,188,208,187,208
211,207,210,208,209,208,208,209,207,209,206,210,205,211,205,212,205,213,204,214,204,215,204,216,204,217,205,218,206,219,207,220,208,221,208,222,209,223,210,224,210,225,211,226,211,227,212,228,212,229,213,229,214,229,215,230,216,230,217,230,218,231,219,231,220,231,221,231,222,231,223,232,224,232,225,231,226,231,227,231,228,230,229,229,230,228,231,227,231,226,232,225,232,224,232,223,232,222,231,221,231,220,231,219,230,218,230,217,229,216,229,215,228,214,228,213,227,212,226,211,225,211,224,210,223,210,222,209,221,208,220,208,219,208,218,208,217,207,216,207,215,207,214,207,213,207,212,207
304,212,303,213,303,214,302,215,301,215,300,216,299,217,299,218,298,219,297,219,297,220,296,221,295,222,294,223,293,224,292,225,291,226,290,227,289,228,288,229,288,230,287,231,286,232,286,233,285,234,284,235,283,236,282,237,282,238,281,239,281,240,281,241,280,242,280,243,280,244,280,245,280,246,280,247,280,248,281,249,282,250,283,250,284,250,285,250,286,250,287,249,288,249,289,248,290,248,291,247,292,246,293,245,294,244,295,243,296,242,297,241,298,240,299,239,300,238,301,238,301,237,302,236,302,235,303,234,303,233,304,232,304,231,305,230,305,229,306,228,306,227,307,226,307,225,307,224,307,223,307,222,308,221,308,220,308,219,308,218,308,217,308,216,308,215,308,214,308,213,307,213,306,212,305,212
194,215,193,216,192,216,191,217,190,218,189,219,188,220,188,221,187,222,187,223,187,224,187,225,187,226,187,227,187,228,186,229,186,230,186,231,187,232,188,233,189,234,190,235,191,235,192,236,192,237,193,237,194,238,195,238,196,239,197,239,198,239,199,239,200,239,201,239,202,238,203,238,204,237,205,237,206,237,207,236,208,235,209,234,209,233,210,232,210,231,211,230,211,229,211,228,210,227,210,226,209,225,209,224,208,223,207,222,207,221,206,220,205,219,204,218,203,218,202,218,201,217,200,217,199,216,198,216,197,216,196,216,195,216
315,223,314,224,313,224,312,224,311,225,310,226,309,226,308,227,307,227,307,228,306,229,306,230,305,231,305,232,304,233,304,234,303,235,303,236,302,237,302,238,301,239,301,240,302,241,302,242,302,243,303,244,304,245,305,246,306,247,307,247,308,247,309,247,310,247,311,247,312,247,313,247,314,247,315,246,316,245,317,245,318,244,319,243,320,243,321,242,322,242,322,241,323,240,323,239,324,238,325,237,325,236,326,235,326,234,326,233,326,232,326,231,326,230,326,229,326,228,325,227,325,226,324,225,323,224,322,223,321,223,320,223,319,223,318,223,317,223,316,223
168,226,167,227,166,227,165,227,164,227,163,228,162,228,161,228,160,228,159,229,158,229,157,229,156,229,156,230,156,231,155,232,155,233,155,234,155,235,155,236,156,237,156,238,156,239,157,240,157,241,158,242,159,243,160,244,161,245,162,245,163,244,164,244,165,243,166,243,167,243,168,242,169,242,170,242,171,241,172,241,173,241,174,240,175,240,176,240,177,239,178,238,179,237,180,236,181,236,182,235,181,234,180,234,179,233,178,232,177,231,176,230,176,229,175,228,174,227,173,226,172,226,171,226,170,226,169,226
268,227,267,228,266,228,265,228,264,228,263,228,262,228,261,228,260,228,259,228,258,228,257,228,256,228,256,229,255,230,254,231,253,231,252,230,251,230,250,230,250,231,250,232,250,233,250,234,250,235,250,236,250,237,250,238,250,239,250,240,250,241,250,242,250,243,250,244,250,245,250,246,250,247,251,248,252,247,253,247,254,246,255,246,256,246,257,245,258,245,259,244,260,244,261,243,262,243,263,242,264,241,265,240,266,239,267,238,268,237,268,236,269,235,269,234,269,233,269,232,269,231,269,230,269,229,269,228,269,227
334,231,333,232,332,232,331,233,330,233,329,234,328,234,327,235,326,236,326,237,325,238,324,239,324,240,323,241,323,242,322,243,323,244,323,245,323,246,324,247,324,248,325,249,326,250,327,251,328,251,329,252,330,252,331,253,332,252,333,252,334,252,335,251,336,251,337,250,338,249,339,249,340,248,341,247,341,246,342,245,343,244,343,243,343,242,343,241,343,240,342,239,342,238,342,237,341,236,340,235,339,234,338,233,337,232,336,232,335,232
182,236,181,237,180,237,179,238,178,239,177,240,177,241,177,242,177,243,176,244,176,245,176,246,176,247,176,248,176,249,176,250,176,251,176,252,177,253,177,254,177,255,178,255,179,256,180,256,181,257,182,257,183,257,184,257,185,257,186,257,187,257,188,257,189,257,190,257,191,256,192,256,193,256,194,255,195,255,196,254,197,253,197,252,198,251,199,250,199,249,199,248,199,247,199,246,199,245,199,244,199,243,198,242,197,241,197,240,196,240,195,239,194,239,193,238,192,238,191,238,190,238,189,237,188,237,187,237,186,237,185,237,184,237,183,236
174,241,173,242,172,242,171,242,170,243,169,243,168,243,167,244,166,244,165,244,164,245,163,245,162,246,163,247,163,248,163,249,163,250,163,251,163,252,163,253,163,254,164,255,164,256,164,257,165,258,165,259,166,260,167,261,168,262,169,262,170,262,171,262,172,262,173,261,174,260,174,259,174,258,175,257,176,256,176,255,176,254,176,253,175,252,175,251,175,250,175,249,175,248,175,247,175,246,175,245,175,244,176,243,176,242,176,241,175,241
228,241,227,242,226,243,225,243,224,244,224,245,223,246,222,247,222,248,221,249,220,250,220,251,220,252,220,253,219,254,219,255,219,256,219,257,219,258,219,259,220,260,220,261,220,262,221,263,222,264,223,265,224,266,225,266,226,267,227,267,228,267,229,267,230,267,231,267,232,267,233,266,234,266,235,265,236,264,237,263,238,262,239,261,240,260,241,259,241,258,241,257,242,256,242,255,242,254,242,253,243,252,243,251,243,250,243,249,243,248,243,247,242,246,241,245,240,244,239,243,238,242,237,241,236,241,235,241,234,241,233,241,232,241,231,241,230,241,229,241
205,251,204,252,203,253,202,253,201,254,200,254,199,255,198,255,197,256,196,256,196,257,195,258,194,258,193,259,192,260,191,260,190,261,189,262,188,263,187,264,186,265,185,266,184,267,184,268,183,269,182,270,183,271,182,272,182,273,182,274,182,275,182,276,182,277,182,278,182,279,183,280,183,281,184,281,185,282,185,283,186,283,187,282,188,282,189,282,190,282,191,281,192,281,193,280,194,279,195,278,195,277,196,276,197,275,198,275,199,274,200,273,201,272,202,271,203,270,204,269,204,268,205,267,206,266,206,265,207,264,207,263,208,262,209,261,210,260,211,260,212,259,213,258,213,257,214,256,214,255,213,254,212,253,211,252,210,252,209,251,208,251,207,251,206,251
307,251,306,252,305,252,304,252,303,253,302,253,301,254,300,255,299,255,298,256,297,257,297,258,296,259,296,260,296,261,295,262,295,263,295,264,295,265,295,266,295,267,296,268,296,269,296,270,297,271,297,272,298,273,299,274,300,275,301,276,302,276,303,277,304,277,305,278,306,278,307,279,308,279,309,279,310,280,311,280,312,279,313,279,314,279,315,279,316,278,317,278,318,278,319,278,320,277,321,276,322,275,323,274,324,273,324,272,325,271,326,270,326,269,326,268,326,267,327,266,327,265,327,264,327,263,327,262,326,261,326,260,326,259,325,258,325,257,324,256,323,255,322,254,321,253,320,253,319,252,318,252,317,251,316,251,315,251,314,251,313,251,312,251,311,251,310,251,309,251,308,251
212,260,211,261,210,261,209,262,208,263,208,264,207,265,207,266,206,267,205,268,205,269,204,270,203,271,202,272,201,273,200,274,199,275,198,276,197,276,196,277,196,278,195,279,194,280,193,281,194,282,195,283,196,283,197,284,197,285,198,285,199,286,200,287,201,287,202,287,203,288,204,288,205,288,206,288,207,288,208,287,209,287,210,287,211,287,212,287,213,287,214,287,215,287,216,286,217,286,218,286,219,286,220,285,221,285,222,284,223,284,224,283,225,283,226,282,227,282,228,281,229,281,229,280,230,279,231,279,232,278,233,277,234,276,235,276,235,275,236,274,236,273,235,272,234,271,233,271,232,270,231,270,230,269,229,268,228,268,227,268,226,268,225,267,224,267,223,266,222,265,221,264,220,264,219,264,218,263,217,263,216,262,215,261,214,261,213,261
282,276,281,277,280,277,279,278,278,278,277,279,276,279,276,280,275,281,275,282,275,283,274,284,274,285,274,286,274,287,274,288,274,289,274,290,274,291,274,292,275,293,276,294,276,295,277,296,278,296,279,297,280,297,281,298,282,298,283,298,284,299,285,299,286,300,287,300,288,299,289,299,290,299,291,298,292,298,293,297,294,296,295,295,296,294,297,293,298,292,298,291,298,290,299,289,299,288,299,287,299,286,298,285,298,284,297,283,297,282,296,281,295,281,294,280,293,280,292,279,291,278,290,278,289,277,288,277,287,277,286,277,285,277,284,277,283,277
326,277,325,278,324,279,323,279,322,279,321,278,320,278,320,279,320,280,320,281,320,282,319,283,319,284,319,285,319,286,319,287,319,288,319,289,319,290,319,291,319,292,319,293,319,294,319,295,319,296,320,296,321,296,322,297,323,297,324,297,325,297,326,297,327,296,328,296,329,296,330,295,331,295,332,295,333,294,334,293,335,292,336,291,336,290,336,289,337,288,337,287,336,286,336,285,336,284,336,283,336,282,335,281,334,280,333,280,332,279,331,279,330,278,329,278,328,277,327,277
360,285,359,286,358,286,357,287,356,287,355,288,354,288,353,289,352,290,352,291,352,292,351,293,350,294,350,295,349,296,349,297,349,298,349,299,349,300,350,301,351,302,352,303,352,304,353,304,354,304,355,304,356,304,357,304,358,304,359,304,360,304,361,304,362,304,363,304,364,304,365,304,366,304,367,304,368,304,368,303,369,302,370,301,370,300,371,299,371,298,371,297,371,296,371,295,371,294,370,293,370,292,370,291,369,290,368,289,368,288,367,287,366,287,365,286,364,286,363,285,362,285,361,285
238,294,237,295,236,295,235,296,234,296,233,296,232,297,231,297,230,298,229,299,228,299,227,299,228,300,227,301,226,301,225,302,224,303,224,304,223,305,223,306,223,307,223,308,223,309,224,310,224,311,224,312,225,313,225,314,226,314,227,315,228,315,229,315,230,315,231,315,232,316,233,315,233,314,234,313,235,312,236,311,237,310,238,309,238,308,239,307,240,306,241,305,242,304,243,303,243,302,244,301,244,300,244,299,244,298,243,297,243,296,242,295,241,295,240,294,239,294
288,300,287,301,286,301,285,302,284,303,283,303,283,304,283,305,283,306,283,307,282,308,282,309,282,310,283,311,283,312,284,313,284,314,284,315,285,316,285,317,286,318,286,319,287,320,288,321,289,321,290,322,291,322,292,322,293,322,294,322,295,322,296,322,297,322,298,321,299,321,300,320,301,319,302,318,303,317,303,316,303,315,304,314,304,313,304,312,303,311,303,310,303,309,303,308,302,307,302,306,301,305,301,304,300,303,299,303,298,302,297,301,296,301,295,301,294,301,293,301,292,301,291,301,290,301,289,300
322,301,321,302,320,302,319,302,318,303,317,303,316,304,315,304,314,305,313,306,312,307,312,308,312,309,311,310,311,311,311,312,310,313,310,314,310,315,310,316,309,317,309,318,309,319,309,320,309,321,309,322,309,323,309,324,309,325,310,326,311,327,312,328,313,328,314,328,315,328,316,328,317,328,318,328,319,328,320,328,321,328,322,328,323,327,324,327,325,327,326,326,327,326,328,325,329,325,330,324,331,324,332,323,333,322,333,321,334,320,335,319,335,318,336,317,336,316,337,315,337,314,337,313,337,312,337,311,337,310,336,309,336,308,336,307,335,306,335,305,334,304,333,303,332,302,331,302,330,302,329,301,328,301,327,301,326,301,325,301,324,301,323,301
244,302,244,303,243,304,242,305,241,306,240,307,239,308,239,309,238,310,237,311,236,312,235,313,234,314,234,315,233,316,233,317,234,318,234,319,235,320,236,321,237,321,238,321,239,322,240,322,241,322,242,322,243,321,244,321,245,320,246,319,247,319,248,319,249,318,250,318,251,317,252,316,253,315,254,314,255,313,255,312,255,311,255,310,255,309,254,308,254,307,253,306,253,305,252,305,251,304,250,304,249,303,248,303,247,302,246,302,245,302
352,305,352,306,351,307,350,307,349,307,348,308,347,308,346,309,345,310,344,310,344,311,344,312,343,313,343,314,343,315,343,316,344,317,344,318,345,319,346,320,347,320,348,320,349,320,350,320,351,320,352,320,353,320,354,320,355,319,356,319,357,319,358,319,359,319,360,318,361,318,362,318,363,317,364,317,365,317,366,316,367,316,368,315,369,314,370,313,370,312,370,311,371,310,371,309,371,308,370,307,370,306,369,305,368,305,367,305,366,305,365,305,364,305,363,305,362,305,361,305,360,305,359,305,358,305,357,305,356,305,355,305,354,305,353,305
270,306,269,307,268,307,267,308,266,309,265,309,264,310,263,311,262,311,262,312,261,313,261,314,261,315,261,316,260,317,260,318,260,319,261,320,261,321,261,322,261,323,261,324,262,325,262,326,262,327,263,328,264,329,265,330,266,331,267,332,268,332,269,333,270,333,271,332,272,332,273,332,274,332,275,332,276,331,277,331,278,331,279,330,280,329,281,328,282,327,283,326,283,325,284,324,284,323,284,322,285,321,285,320,285,319,285,318,284,317,284,316,283,315,283,314,283,313,282,312,282,311,281,310,280,310,279,309,278,308,277,308,276,307,275,307,274,307,273,306,272,306,271,306
339,322,338,323,337,323,336,324,335,325,334,325,333,325,332,326,331,326,330,327,329,327,328,328,327,329,326,330,325,331,325,332,324,333,324,334,323,335,324,336,324,337,324,338,325,339,326,339,327,340,328,340,329,340,330,340,331,340,332,340,333,340,334,340,335,340,336,340,337,339,338,338,339,337,340,337,341,336,342,335,343,335,343,334,344,333,345,333,345,332,346,331,347,330,347,329,347,328,347,327,347,326,346,325,346,324,345,323,344,323,343,322,342,322,341,322,340,322
249,323,248,324,247,325,247,326,246,327,246,328,245,329,245,330,245,331,245,332,245,333,245,334,245,335,246,336,246,337,246,338,246,339,247,340,247,341,247,342,248,343,248,344,249,345,250,346,251,347,252,347,253,347,254,347,255,347,256,347,257,347,258,347,259,347,260,347,261,347,262,347,263,347,264,347,265,347,266,348,267,348,268,348,269,348,270,347,271,347,272,347,273,346,274,346,274,345,275,344,276,343,275,342,275,341,275,340,274,339,273,338,272,337,271,336,270,335,269,334,268,333,267,333,266,332,265,331,264,330,263,330,262,329,261,328,260,328,259,327,259,326,258,325,257,325,256,324,255,324,254,323,253,323,252,323,251,323,250,323
351,329,350,330,349,330,348,330,347,331,346,332,346,333,346,334,345,335,344,335,344,336,344,337,344,338,344,339,345,340,344,341,345,341,346,341,347,342,348,342,349,342,350,342,351,342,352,343,353,343,354,343,355,343,356,343,357,343,358,343,359,343,360,344,361,344,362,344,363,344,364,343,365,343,366,343,367,342,368,342,369,341,370,340,371,339,371,338,371,337,371,336,371,335,370,334,370,333,369,332,368,331,367,331,366,330,365,330,364,330,363,329,362,329,361,329,360,329,359,329,358,329,357,329,356,329,355,329,354,329,353,329,352,329
343,342,342,343,341,343,340,343,339,344,338,344,337,345,336,346,335,346,334,347,333,348,332,348,331,349,331,350,331,351,330,352,330,353,330,354,330,355,331,356,332,356,333,356,334,356,335,356,336,356,337,356,338,356,339,356,340,356,341,356,342,356,343,356,344,356,345,356,346,356,347,356,348,356,349,355,350,355,351,355,352,354,353,354,354,354,355,353,356,353,357,353,358,352,359,352,360,351,361,351,362,351,363,350,364,349,364,348,363,347,363,346,363,345,362,345,361,345,360,345,359,344,358,344,357,344,356,344,355,344,354,344,353,344,352,344,351,343,350,343,349,343,348,343,347,343,346,342,345,342,344,342
324,345,323,346,322,346,321,347,320,347,319,347,318,348,317,348,316,349,315,349,314,350,313,351,312,351,311,351,310,352,309,352,308,353,307,353,306,353,305,354,305,355,304,356,304,357,303,358,303,359,303,360,303,361,303,362,303,363,304,364,305,365,306,365,307,366,308,366,309,366,310,367,311,367,312,367,313,367,314,367,315,367,316,367,317,367,318,367,319,367,320,366,321,365,322,365,323,364,324,363,324,362,325,361,326,360,326,359,326,358,327,357,327,356,328,355,329,354,329,353,329,352,330,351,330,350,330,349,330,348,329,347,329,346,328,345,327,345,326,345,325,345
282,346,281,347,280,347,279,348,278,348,277,349,276,350,275,350,275,351,274,352,273,353,273,354,272,355,272,356,272,357,273,358,274,359,275,359,276,360,277,360,278,360,279,360,280,360,281,360,282,360,283,360,284,360,285,360,286,360,287,359,288,359,289,359,290,358,291,358,292,357,293,356,294,355,294,354,294,353,295,352,295,351,295,350,294,349,293,348,292,347,291,346,290,346,289,346,288,346,287,346,286,346,285,346,284,346,283,346
331,357,331,358,330,359,329,359,328,360,327,360,326,361,325,362,325,363,324,364,323,365,322,366,322,367,321,368,322,369,322,370,323,371,324,371,325,372,326,372,327,372,328,372,329,372,330,372,331,372,332,372,333,371,334,371,335,371,336,370,337,369,338,369,339,368,340,367,341,367,342,366,343,366,343,365,344,364,345,363,346,362,346,361,347,360,348,359,348,358,348,357,347,357,346,357,345,357,344,357,343,357,342,357,341,357,340,357,339,357,338,357,337,357,336,357,335,357,334,357,333,357,332,357
361,359,360,360,359,360,358,360,357,361,356,361,355,361,354,362,353,363,352,363,351,364,350,364,349,365,348,365,347,365,346,366,345,367,344,367,343,367,342,367,341,368,340,368,339,369,338,370,337,370,336,371,335,372,334,372,334,373,334,374,333,375,334,376,334,377,335,378,336,379,337,380,338,380,339,381,340,381,341,381,342,381,343,381,344,382,345,381,346,381,347,381,348,380,349,380,350,380,351,380,352,380,353,379,354,378,355,378,356,377,357,376,358,376,359,375,360,375,361,374,362,374,363,373,364,373,365,372,366,372,367,371,368,370,369,370,370,369,371,369,372,368,372,367,372,366,372,365,372,364,371,363,371,362,370,361,369,360,368,360,367,359,366,359,365,359,364,359,363,359,362,359
372,369,371,370,370,370,369,371,368,371,367,372,366,373,365,373,364,374,363,374,362,375,361,375,360,376,359,376,358,377,357,377,356,378,355,379,354,379,353,380,352,381,353,382,354,383,355,383,356,384,357,385,358,385,359,384,360,384,361,384,362,384,363,384,364,384,365,384,366,383,367,383,368,383,369,383,370,383,371,383,372,383,373,383,374,383,375,382,376,382,377,382,378,382,379,381,379,380,379,379,379,378,379,377,379,376,378,375,378,374,378,373,378,372,377,371,376,371,375,371,374,370,373,369
375,383,374,384,373,384,372,384,371,384,370,384,369,384,368,384,367,384,366,384,365,385,364,385,363,385,362,385,361,385,360,385,359,386,358,386,357,386,356,387,355,388,354,389,353,389,352,390,351,391,350,391,349,391,348,392,347,393,346,394,347,395,347,396,348,397,349,397,350,397,351,397,352,397,353,397,354,397,355,397,356,396,357,396,358,396,359,396,360,396,361,396,362,396,363,396,364,396,365,396,366,395,367,395,368,395,369,395,370,395,371,395,372,395,373,395,374,395,375,394,376,394,377,393,378,392,379,391,379,390,379,389,379,388,379,387,379,386,379,385,379,384,378,383,377,383,376,383
361,398,360,399,359,399,358,399,357,400,356,400,355,400,354,401,353,401,352,401,351,401,350,402,349,402,348,403,347,403,346,404,345,404,344,404,343,405,343,406,342,407,342,408,342,409,342,410,343,411,344,412,345,411,346,411,347,411,348,411,349,411,350,410,351,410,352,410,353,410,354,409,355,409,356,409,357,409,358,409,359,408,360,408,361,408,362,408,363,408,364,407,365,406,366,405,367,404,368,403,368,402,368,401,368,400,367,399,366,399,365,398,364,399,363,398,362,398
359,409,358,410,357,410,356,410,355,410,354,410,353,411,352,411,351,411,350,411,349,412,348,412,347,412,346,412,345,412,344,413,344,414,344,415,344,416,344,417,344,418,344,419,344,420,344,421,345,422,345,423,346,424,347,425,348,425,349,425,350,425,351,425,352,424,353,424,354,424,355,424,356,423,357,423,358,423,359,422,360,422,361,422,362,422,363,421,364,421,365,421,366,420,367,420,368,420,369,419,370,419,371,418,372,417,373,416,374,415,374,414,375,413,374,412,374,411,373,410,372,410,371,410,370,410,369,409,368,409,367,409,366,409,365,409,364,409,363,409,362,409,361,409,360,409
379,418,378,419,377,419,376,419,375,419,374,420,373,421,372,421,371,421,370,421,369,422,368,421,367,422,366,423,365,423,364,424,363,425,362,425,361,425,360,426,359,426,359,427,360,428,361,428,362,429,363,429,364,429,365,429,366,430,367,430,368,430,369,430,370,430,371,431,372,431,373,431,374,431,375,431,376,431,377,432,378,431,379,431,380,431,381,431,382,430,383,430,384,429,385,429,386,428,387,427,388,426,389,425,389,424,389,423,389,422,389,421,388,420,387,420,386,419,385,418,384,418,383,418,382,418,381,418,380,418
409,425,408,426,407,427,406,427,405,428,404,429,403,429,402,430,401,430,400,431,399,431,398,431,397,432,396,432,396,433,397,434,398,435,399,436,400,436,401,437,402,437,403,438,404,439,405,439,406,440,407,440,408,440,409,439,410,439,411,439,412,439,413,438,414,437,415,436,415,435,415,434,415,433,415,432,414,431,414,430,413,429,413,428,412,427,411,426,410,425
358,427,358,428,357,429,356,430,355,430,354,431,353,431,352,432,351,432,350,432,349,433,348,433,348,434,347,435,346,435,346,436,346,437,346,438,346,439,347,440,348,441,349,442,350,442,351,442,352,442,353,443,354,443,355,443,356,444,357,444,358,444,359,444,360,444,361,444,362,444,363,444,364,444,365,443,366,443,367,443,368,443,369,443,370,443,371,443,372,443,373,442,374,442,375,442,376,441,377,441,378,441,379,440,380,439,380,438,380,437,380,436,380,435,379,434,379,433,378,433,377,433,376,432,375,432,374,432,373,432,372,432,371,432,370,431,369,431,368,431,367,431,366,431,365,430,364,430,363,430,362,430,361,429,360,429,359,428
386,440,385,441,384,441,383,441,382,442,381,443,380,443,379,444,378,444,377,445,376,446,375,447,375,448,375,449,375,450,375,451,375,452,376,453,377,454,378,455,379,456,380,457,381,457,382,458,383,459,384,459,385,459,386,459,387,460,388,460,389,460,390,461,391,461,392,461,393,461,394,461,395,461,396,461,397,461,398,461,399,461,400,461,401,460,402,460,403,459,404,459,405,458,406,457,406,456,406,455,407,454,407,453,407,452,407,451,407,450,406,449,406,448,405,447,405,446,404,445,403,444,402,443,401,443,400,442,399,442,398,441,397,441,396,440,395,440,394,440,393,440,392,440,391,440,390,440,389,440,388,440,387,440
332,441,331,442,330,443,329,444,328,445,328,446,328,447,327,448,327,449,327,450,327,451,328,452,328,453,329,454,330,455,331,456,332,456,333,456,334,456,335,455,336,455,337,455,338,454,339,453,339,452,340,451,340,450,340,449,340,448,340,447,340,446,340,445,339,444,338,443,337,442,336,441,335,441,334,441,333,441
305,454,304,455,303,455,302,455,301,456,300,457,299,458,298,459,298,460,297,461,297,462,296,463,295,464,295,465,295,466,294,467,294,468,294,469,294,470,295,471,296,472,297,473,298,473,299,473,300,474,301,474,302,474,303,474,304,474,305,475,306,475,307,474,308,475,309,475,310,475,311,475,312,476,313,476,314,476,315,476,316,476,317,475,318,475,319,475,320,474,321,474,322,474,323,473,324,472,324,471,325,470,326,469,325,468,325,467,325,466,324,465,324,464,323,463,323,462,323,461,322,460,321,459,320,458,319,457,318,456,317,456,316,456,315,455,314,455,313,455,312,454,311,454,310,454,309,454,308,454,307,454,306,454
191,457,190,458,189,458,188,458,187,459,186,460,185,460,184,461,183,462,183,463,182,464,182,465,182,466,182,467,182,468,182,469,182,470,182,471,182,472,183,473,184,474,185,475,186,475,187,476,188,476,189,477,190,476,191,476,192,476,193,476,194,476,195,476,196,476,197,475,198,475,199,475,200,474,201,474,201,473,202,472,202,471,203,470,203,469,203,468,204,467,204,466,204,465,204,464,203,463,203,462,202,461,202,460,201,459,200,459,199,458,198,458,197,457,196,457,195,457,194,457,193,457,192,457
434,458,433,459,432,460,431,461,431,462,430,463,430,464,430,465,430,466,429,467,430,468,430,469,430,470,430,471,430,472,430,473,431,474,431,475,431,476,432,477,432,478,432,479,432,480,433,481,434,482,435,483,436,483,437,483,438,484,439,485,440,485,441,485,442,485,443,485,444,484,445,483,446,482,447,481,447,480,448,479,449,478,449,477,449,476,450,475,450,474,450,473,450,472,450,471,450,470,450,469,449,468,449,467,449,466,449,465,448,464,447,463,447,462,446,461,445,460,444,460,443,460,442,459,441,458,440,458,439,458,438,458,437,458,436,458,435,458
137,467,136,468,135,468,134,468,133,469,132,469,131,470,130,471,129,472,128,473,128,474,127,475,127,476,127,477,126,478,126,479,126,480,126,481,127,482,127,483,127,484,128,485,129,486,130,486,131,487,132,487,133,487,134,486,135,486,136,486,137,485,138,485,139,484,140,484,141,483,142,482,143,481,143,480,144,479,144,478,144,477,144,476,145,475,145,474,144,473,144,472,144,471,143,470,142,469,141,468,140,468,139,468,138,467
159,468,158,469,157,469,156,470,155,470,154,471,154,472,153,473,153,474,153,475,152,476,152,477,152,478,153,479,153,480,153,481,153,482,154,483,155,484,156,485,157,486,158,486,159,487,160,487,161,487,162,487,163,487,164,487,165,487,166,486,167,486,168,486,169,485,170,485,170,484,171,483,172,482,172,481,172,480,172,479,172,478,172,477,172,476,172,475,171,474,171,473,170,472,170,471,169,470,168,469,167,469,166,469,165,468,164,468,163,468,162,468,161,468,160,468
323,474,322,475,321,475,320,475,319,476,318,476,317,476,316,477,315,477,314,478,313,479,312,480,311,480,310,481,309,482,308,482,308,483,307,484,307,485,306,486,306,487,305,488,306,489,305,490,305,491,305,492,305,493,305,494,305,495,306,496,306,497,307,498,307,499,308,500,309,501,309,502,310,503,310,504,311,505,312,505,313,506,314,506,315,507,316,507,317,508,318,508,319,509,320,509,321,510,322,510,323,510,324,510,325,510,326,510,327,510,328,510,329,510,330,509,331,509,332,508,333,508,334,507,335,506,336,505,337,505,337,504,338,503,338,502,339,501,339,500,340,499,340,498,340,497,340,496,341,495,341,494,341,493,341,492,341,491,341,490,341,489,342,488,341,487,341,486,341,485,341,484,340,483,340,482,339,481,338,480,337,479,336,478,335,477,334,476,333,475,332,475,331,475,330,474,329,474,328,474,327,474,326,474,325,474,324,474
358,474,357,475,356,475,355,475,354,475,353,475,352,476,351,477,350,477,349,478,348,479,347,480,347,481,346,482,346,483,346,484,346,485,345,486,345,487,345,488,345,489,345,490,345,491,345,492,345,493,345,494,345,495,345,496,345,497,345,498,345,499,345,500,346,501,346,502,347,503,348,504,349,505,350,506,350,507,351,507,352,508,353,509,354,509,355,509,356,510,357,510,358,510,359,510,360,510,361,510,362,510,363,510,364,510,365,510,366,510,367,510,368,510,369,511,370,511,371,511,372,510,373,510,374,510,375,511,376,511,377,511,378,510,379,510,380,510,381,510,382,510,383,510,384,510,385,510,386,510,387,510,388,510,389,510,390,510,391,510,392,510,393,509,393,508,394,507,394,506,395,505,395,504,396,503,396,502,396,501,396,500,396,499,397,498,397,497,397,496,397,495,396,494,395,493,396,492,395,491,394,490,394,489,394,488,393,487,393,486,393,485,392,484,392,483,391,482,390,481,389,480,388,480,387,479,386,479,385,478,384,478,383,477,382,477,381,476,380,476,379,476,378,476,377,475,376,475,375,475,374,475,373,474,372,474,371,474,370,474,369,474,368,474,367,474,366,474,365,474,364,474,363,475,362,475,361,475,360,474,359,475
197,476,196,477,195,477,194,477,193,477,192,477,191,477,190,477,189,478,188,478,187,479,186,480,186,481,186,482,185,483,185,484,185,485,185,486,185,487,184,488,185,489,185,490,185,491,186,492,186,493,187,494,187,495,188,496,189,497,190,497,191,498,192,498,193,499,194,499,195,499,196,498,197,498,198,498,199,497,200,497,201,496,202,495,203,494,204,493,204,492,205,491,205,490,205,489,206,488,206,487,206,486,206,485,206,484,206,483,206,482,206,481,205,480,204,479,203,478,202,477,201,477,200,476,199,476,198,476
224,480,223,481,222,482,221,482,220,483,220,484,219,485,219,486,219,487,219,488,219,489,219,490,219,491,219,492,220,493,220,494,221,495,221,496,222,497,223,497,224,498,225,498,226,499,227,499,228,499,229,499,230,499,231,499,232,499,233,498,234,498,235,497,235,496,235,495,236,494,236,493,236,492,236,491,236,490,236,489,236,488,235,487,234,486,233,485,233,484,232,483,231,482,230,482,229,481,228,481,227,481,226,480,225,480
286,480,285,481,284,482,283,483,283,484,282,485,282,486,281,487,281,488,280,489,280,490,280,491,280,492,280,493,279,494,279,495,279,496,279,497,279,498,279,499,279,500,279,501,279,502,279,503,280,504,280,505,281,505,282,506,283,506,284,507,285,506,286,506,287,506,288,506,289,505,290,504,290,503,290,502,291,501,291,500,292,499,292,498,293,497,294,496,294,495,294,494,295,493,295,492,296,491,296,490,296,489,296,488,296,487,295,486,295,485,295,484,294,484,293,483,292,482,291,482,290,481,289,481,288,481,287,480
450,486,449,487,448,487,447,488,446,489,445,490,445,491,444,492,444,493,444,494,443,495,443,496,443,497,443,498,443,499,444,500,444,501,445,502,445,503,446,504,447,505,448,505,449,506,450,506,451,506,452,507,453,506,454,506,455,506,456,505,457,504,458,504,459,503,459,502,460,501,461,500,461,499,461,498,461,497,461,496,461,495,461,494,461,493,461,492,461,491,460,490,460,489,459,488,458,487,457,486,456,486,455,486,454,486,453,486,452,486,451,486
142,487,141,488,140,488,139,489,138,489,138,490,137,491,137,492,136,493,136,494,136,495,136,496,136,497,136,498,136,499,136,500,136,501,136,502,136,503,136,504,136,505,136,506,136,507,137,508,137,509,138,510,139,510,140,511,141,511,142,511,143,511,144,511,145,511,146,511,147,511,148,511,149,511,150,511,151,511,152,511,153,511,153,510,153,509,154,508,154,507,154,506,154,505,155,504,155,503,155,502,156,501,156,500,156,499,157,498,157,497,156,496,155,495,155,494,154,493,154,492,153,491,152,490,151,489,150,489,149,488,148,488,147,487,146,487,145,487,144,487,143,487
415,489,414,490,413,490,412,490,411,491,410,492,409,492,408,492,407,493,406,494,405,495,404,496,403,497,403,498,402,499,402,500,401,501,401,502,401,503,400,504,400,505,399,506,398,507,398,508,398,509,398,510,399,510,400,510,401,511,402,511,403,511,404,511,405,511,406,511,407,511,408,511,409,511,410,511,411,511,412,511,413,511,414,511,415,511,416,511,417,511,418,511,419,511,420,511,421,511,422,511,423,511,424,511,425,511,426,511,427,511,428,511,429,511,430,511,431,511,432,511,433,511,434,511,435,511,436,510,437,510,437,509,438,508,438,507,438,506,438,505,438,504,438,503,438,502,437,501,437,500,436,499,436,498,435,497,434,496,433,495,433,494,432,494,431,493,430,492,429,491,428,491,427,490,426,490,425,489,424,489,423,489,422,489,421,489,420,489,419,489,418,489,417,489,416,489
167,492,166,493,165,493,164,493,163,494,162,494,161,495,160,496,159,497,158,497,158,498,157,499,157,500,157,501,156,502,156,503,156,504,155,505,155,506,155,507,155,508,154,509,154,510,154,511,155,511,156,511,157,511,158,511,159,511,160,511,161,511,162,511,163,511,164,511,165,511,166,511,167,511,168,511,169,511,170,511,171,510,172,510,173,510,174,510,175,510,176,510,177,510,178,510,179,510,180,510,181,509,182,508,183,508,183,507,184,506,184,505,184,504,184,503,184,502,183,501,183,500,183,499,182,498,181,497,180,496,179,495,178,495,177,494,176,494,175,493,174,493,173,493,172,493,171,492,170,492,169,492,168,492
212,497,211,498,210,498,209,498,208,499,207,500,206,500,205,501,205,502,204,503,203,504,203,505,202,506,202,507,201,508,201,509,200,510,201,510,202,510,203,511,204,511,205,511,206,511,207,511,208,511,209,511,210,511,211,511,212,511,213,511,214,511,215,511,216,511,217,511,218,511,219,511,220,511,221,511,222,511,223,511,224,510,225,509,225,508,225,507,225,506,225,505,224,504,224,503,224,502,223,501,223,500,222,499,221,498,220,498,219,498,218,497,217,497,216,497,215,497,214,497,213,497
106,502,105,503,104,503,103,504,102,505,101,506,101,507,100,508,100,509,100,510,100,511,101,511,102,511,103,511,104,511,105,511,106,511,107,511,108,511,109,511,110,511,111,511,112,511,113,511,114,511,115,511,116,511,117,510,117,509,117,508,117,507,116,506,116,505,115,504,114,504,113,503,112,502,111,502,110,502,109,502,108,502,107,502
