422,47,421,48,420,48,419,49,418,50,418,51,418,52,418,53,418,54,418,55,419,56,420,57,421,58,422,58,423,58,424,58,425,58,426,58,427,57,428,57,429,56,429,55,430,54,431,53,431,52,431,51,431,50,430,49,429,48,428,47,427,47,426,47,425,47,424,47,423,47
54,56,53,57,52,57,51,58,51,59,50,60,49,61,48,62,48,63,47,64,47,65,47,66,47,67,47,68,48,69,48,70,49,71,50,72,51,73,52,74,53,74,54,75,55,76,56,76,57,76,58,76,59,76,60,76,61,76,62,75,63,74,63,73,64,72,64,71,65,70,65,69,65,68,65,67,64,66,64,65,64,64,63,63,63,62,62,61,62,60,61,59,60,58,59,57,58,56,57,56,56,56,55,56
149,83,148,84,147,84,146,84,145,85,144,86,144,87,143,88,143,89,143,90,143,91,144,92,144,93,144,94,145,95,145,96,146,97,146,98,146,99,146,100,145,101,146,102,147,103,147,104,148,105,148,106,148,107,149,108,150,109,151,110,152,110,153,111,154,111,155,112,156,112,157,112,158,113,159,113,160,113,160,112,161,111,161,110,161,109,162,108,162,107,163,106,163,105,164,104,164,103,165,102,165,101,166,100,166,99,166,98,167,97,167,96,167,95,168,94,168,93,167,92,166,91,165,90,164,89,163,89,162,88,161,88,160,87,159,87,158,87,157,86,156,86,155,85,154,85,153,84,152,84,151,84,150,84
128,90,127,91,126,92,125,93,124,94,123,95,123,96,122,97,122,98,121,99,121,100,121,101,120,102,120,103,120,104,120,105,121,106,121,107,121,108,122,109,122,110,122,111,122,112,123,113,124,114,125,115,125,116,126,117,126,118,127,118,128,119,129,119,130,119,131,120,131,121,131,122,132,123,133,122,133,121,133,120,134,119,135,119,136,119,137,118,137,117,138,116,138,115,139,114,140,113,140,112,141,111,141,110,142,109,143,108,143,107,144,106,144,105,144,104,144,103,144,102,144,101,144,100,143,99,142,98,141,97,140,96,139,95,138,94,138,93,137,92,136,91,135,91,134,90,133,90,132,90,131,90,130,90,129,90
169,93,169,94,168,95,168,96,168,97,167,98,167,99,167,100,166,101,166,102,165,103,165,104,164,105,164,106,163,107,163,108,162,109,162,110,162,111,161,112,161,113,161,114,162,115,163,116,163,117,164,118,164,119,165,120,165,121,165,122,166,122,167,122,168,123,169,124,170,124,171,125,172,125,173,126,174,127,175,127,176,128,177,128,178,128,179,129,180,129,181,130,182,130,183,130,184,130,185,131,186,130,187,130,188,131,189,131,190,132,191,132,192,133,193,134,194,134,195,135,196,135,197,136,198,136,199,136,200,136,201,136,202,137,203,137,204,137,205,137,205,136,205,135,206,134,206,133,206,132,206,131,206,130,206,129,206,128,206,127,206,126,206,125,207,124,206,123,206,122,206,121,206,120,206,119,207,118,207,117,207,116,208,115,208,114,209,113,210,112,210,111,210,110,210,109,210,108,210,107,209,106,209,105,208,104,207,103,206,102,205,101,204,101,203,100,202,100,201,99,200,99,199,99,198,99,197,98,196,98,195,98,194,97,193,97,192,97,191,96,190,96,189,95,188,95,187,95,186,94,185,94,184,94,183,94,182,94,181,93,180,93,179,93,178,93,177,93,176,93,175,93,174,93,173,93,172,93,171,93,170,93
107,115,106,116,105,117,105,118,104,119,104,120,104,121,104,122,104,123,103,124,103,125,104,126,104,127,104,128,104,129,104,130,104,131,105,132,105,133,105,134,106,135,106,136,106,137,107,138,107,139,107,140,107,141,108,142,109,143,110,143,111,144,112,144,113,144,114,145,115,145,116,145,117,144,118,144,119,144,120,144,121,144,122,143,123,143,124,142,125,142,126,141,127,140,128,139,129,138,129,137,129,136,130,135,129,134,129,133,129,132,129,131,129,130,128,129,127,128,127,127,127,126,126,126,125,125,124,124,124,123,123,122,122,121,121,120,120,119,119,118,118,117,117,117,116,117,115,116,114,116,113,115,112,115,111,115,110,115,109,115,108,115
218,117,217,118,216,118,215,119,214,119,213,120,212,120,211,121,210,122,209,123,208,123,208,124,207,125,207,126,207,127,207,128,207,129,207,130,208,130,209,130,210,131,211,131,212,132,213,132,214,133,215,133,216,133,217,134,218,134,219,134,220,134,221,134,222,134,223,134,224,134,225,134,226,134,227,133,228,133,229,133,230,133,230,132,231,131,232,131,232,130,232,129,232,128,233,127,233,126,232,125,232,124,232,123,232,122,231,121,230,120,229,120,228,119,227,118,226,118,225,118,224,117,223,117,222,117,221,117,220,117,219,117
147,120,146,121,145,121,144,121,143,121,142,122,141,122,140,122,139,123,138,123,137,122,137,123,136,124,135,124,134,125,134,126,134,127,134,128,134,129,134,130,134,131,134,132,134,133,134,134,134,135,134,136,134,137,135,138,136,139,137,140,137,141,138,142,139,142,140,143,141,144,142,144,143,144,144,145,145,145,146,145,147,146,148,146,149,146,150,146,151,146,152,145,153,145,154,145,155,145,156,144,157,143,158,142,159,141,160,141,161,141,161,140,161,139,162,138,162,137,163,136,163,135,164,134,164,133,164,132,164,131,164,130,164,129,164,128,165,127,164,126,164,125,163,124,162,123,162,122,162,121,161,121,160,121,159,121,158,121,157,120,156,120,155,121,154,121,153,121,152,120,151,120,150,120,149,120,148,120
238,126,237,127,236,128,235,129,234,129,234,130,233,131,232,132,233,133,233,134,233,135,233,136,233,137,233,138,233,139,232,140,233,141,234,142,235,143,236,144,237,145,238,146,238,147,239,147,240,147,241,147,242,146,243,146,244,146,245,146,246,146,247,145,248,144,249,144,250,143,251,142,252,141,253,140,254,141,254,140,255,139,256,138,257,138,258,137,258,136,257,135,256,135,255,135,254,135,253,135,252,134,251,133,251,132,250,132,249,131,248,130,247,129,246,128,245,127,244,127,243,126,242,126,241,126,240,126,239,126
172,131,171,132,170,132,169,132,168,133,167,133,166,133,165,133,165,134,164,135,164,136,163,137,163,138,162,139,162,140,162,141,162,142,162,143,163,144,163,145,164,146,165,147,166,148,167,149,168,150,169,151,170,151,171,152,172,152,173,153,174,154,175,154,176,155,177,155,178,155,179,155,180,155,181,155,182,155,183,155,184,155,185,155,186,155,187,155,188,154,189,153,190,152,191,151,192,150,192,149,193,148,193,147,193,146,193,145,193,144,193,143,193,142,193,141,193,140,192,139,191,138,191,137,190,136,190,135,189,135,188,134,187,133,186,133,185,132,184,131,183,131,182,131,181,131,180,131,179,131,178,131,177,131,176,131,175,131,174,131,173,131
226,141,225,142,224,142,223,142,222,143,221,143,220,144,219,144,218,144,217,145,216,146,215,146,215,147,214,148,213,149,212,150,212,151,212,152,211,153,211,154,211,155,212,156,212,157,213,158,213,159,214,160,214,161,215,162,216,163,217,164,218,164,219,164,220,164,221,163,222,163,223,163,224,163,225,163,226,163,227,163,228,163,229,162,230,161,231,161,232,161,233,160,234,159,235,158,236,157,236,156,237,155,237,154,238,153,238,152,238,151,238,150,238,149,238,148,237,147,237,146,236,145,235,144,234,143,233,142,232,141,231,141,230,141,229,141,228,141,227,141
257,141,256,142,255,142,254,142,253,143,252,144,252,145,251,146,251,147,251,148,250,149,250,150,251,151,251,152,252,153,253,154,253,155,254,156,254,157,255,158,255,159,255,160,256,160,257,161,258,161,259,162,260,163,261,163,262,163,263,163,264,163,265,163,266,163,267,163,268,163,269,162,270,161,271,160,272,159,272,158,273,157,272,156,272,155,272,154,271,153,271,152,271,151,271,150,271,149,270,148,270,147,269,146,268,145,267,144,266,143,265,142,264,142,263,141,262,141,261,141,260,141,259,141,258,141
90,145,89,146,88,146,88,147,87,148,86,149,85,150,85,151,85,152,85,153,85,154,86,155,87,156,88,156,89,157,90,157,91,157,92,156,93,156,94,155,95,154,96,153,96,152,96,151,97,150,96,149,95,148,95,147,94,146,93,146,92,145,91,145
124,145,123,146,122,147,121,147,120,147,119,148,118,149,117,150,116,151,116,152,115,153,114,154,114,155,114,156,113,157,113,158,113,159,113,160,113,161,113,162,113,163,114,164,114,165,115,166,115,167,116,168,116,169,117,170,117,171,118,172,119,173,120,173,121,174,122,175,123,175,124,176,125,176,126,176,127,177,128,177,129,177,130,177,131,177,132,177,133,176,134,176,135,176,136,176,137,176,138,176,139,176,140,176,141,176,142,175,143,175,144,175,145,174,146,174,147,173,148,172,148,171,149,170,149,169,149,168,150,167,150,166,151,165,151,164,151,163,151,162,151,161,151,160,151,159,151,158,150,157,150,156,149,155,148,154,147,153,146,152,145,151,144,151,143,150,142,150,141,149,140,149,139,148,138,147,137,147,136,146,135,146,134,146,133,146,132,145,131,145,130,145,129,145,128,145,127,145,126,145,125,146
203,148,202,149,202,150,201,151,200,152,199,153,199,154,198,155,197,156,197,157,196,158,196,159,195,160,195,161,194,162,194,163,194,164,194,165,194,166,194,167,194,168,194,169,194,170,194,171,195,172,196,173,197,174,198,174,199,175,200,175,201,176,202,176,203,176,204,176,205,177,206,177,207,177,208,177,209,176,210,176,211,176,212,175,213,175,214,174,215,173,215,172,215,171,215,170,214,169,214,168,214,167,214,166,214,165,214,164,214,163,214,162,213,161,213,160,212,159,212,158,211,157,211,156,210,155,210,154,209,153,208,153,207,152,206,151,207,150,206,149,205,148,204,148
273,158,273,159,272,160,271,161,270,162,269,163,269,164,268,165,267,166,267,167,266,168,266,169,266,170,265,171,265,172,264,173,263,174,263,175,263,176,262,177,262,178,262,179,261,180,261,181,261,182,260,183,261,184,262,185,263,185,264,186,265,187,266,188,267,188,268,189,269,189,270,189,271,188,272,188,273,187,274,187,274,186,275,185,276,184,276,183,276,182,276,181,277,180,277,179,277,178,277,177,277,176,278,175,279,175,279,174,279,173,279,172,279,171,279,170,279,169,279,168,279,167,279,166,279,165,279,164,278,163,278,162,277,161,277,160,276,159,275,158,274,158
184,159,183,160,182,160,181,161,180,162,179,163,178,164,178,165,177,166,177,167,176,168,175,168,174,168,173,169,172,170,171,171,170,172,169,173,168,174,167,175,167,176,166,177,166,178,166,179,165,180,165,181,165,182,164,183,164,184,164,185,164,186,164,187,164,188,164,189,165,190,165,191,166,192,166,193,167,194,167,195,168,196,169,197,170,197,171,197,172,197,173,197,174,197,175,197,176,196,177,196,178,195,179,194,180,193,181,192,181,191,182,190,182,189,182,188,183,187,184,186,185,186,186,185,187,186,188,186,189,187,190,186,191,185,192,184,193,183,194,182,194,181,195,180,195,179,195,178,195,177,195,176,195,175,195,174,194,173,194,172,193,171,193,170,193,169,193,168,193,167,193,166,192,165,192,164,192,163,192,162,191,161,190,160,189,159,188,159,187,159,186,159,185,159
250,161,249,162,248,163,247,163,246,164,245,165,245,166,244,167,243,168,242,169,242,170,242,171,242,172,242,173,243,174,243,175,243,176,243,177,243,178,243,179,243,180,243,181,244,182,244,183,244,184,244,185,243,186,244,185,245,185,246,185,247,185,248,185,249,185,250,185,251,185,252,185,253,185,254,184,255,184,256,184,257,183,258,182,259,181,260,181,260,180,261,179,261,178,261,177,262,176,262,175,262,174,262,173,262,172,262,171,262,170,261,169,261,168,260,167,260,166,259,165,258,164,257,163,256,162,255,162,254,162,253,162,252,162,251,161
221,164,220,165,219,165,218,165,217,166,217,167,217,168,216,169,216,170,216,171,216,172,216,173,216,174,217,175,217,176,217,177,217,178,217,179,218,180,218,181,219,182,219,183,220,184,221,185,222,186,223,187,224,187,225,188,226,188,227,188,228,188,229,188,230,188,231,188,232,188,233,188,234,187,235,187,236,186,237,186,238,186,239,187,240,187,241,187,242,186,243,185,243,184,243,183,243,182,242,181,242,180,242,179,242,178,242,177,242,176,242,175,242,174,241,173,241,172,241,171,241,170,241,169,240,168,239,168,238,167,237,167,236,167,235,167,234,166,233,165,232,165,231,164,230,164,229,164,228,164,227,164,226,164,225,164,224,164,223,164,222,164
283,172,282,173,281,173,280,174,280,175,281,176,280,177,280,178,279,179,279,180,278,181,277,182,277,183,277,184,277,185,277,186,276,187,276,188,275,189,275,190,275,191,276,192,276,193,276,194,277,195,277,196,278,196,279,196,280,197,281,197,282,197,283,197,284,197,285,197,286,196,287,196,288,195,289,194,290,194,291,193,292,193,293,193,294,192,295,192,295,191,296,190,297,189,298,188,298,187,299,186,300,185,300,184,301,183,301,182,301,181,301,180,301,179,300,178,300,177,299,176,298,175,297,174,296,173,295,173,294,173,293,173,292,173,291,173,290,172,289,172,288,172,287,172,286,172,285,172,284,172
206,179,205,180,204,181,203,182,202,183,202,184,202,185,202,186,202,187,202,188,202,189,202,190,202,191,201,192,202,193,202,194,202,195,203,196,203,197,203,198,204,199,204,200,204,201,204,202,204,203,204,204,204,205,204,206,204,207,205,208,205,209,206,210,207,211,208,212,209,212,210,212,211,212,212,212,213,211,214,211,215,210,216,210,217,209,218,209,219,208,220,207,220,206,221,205,222,204,222,203,222,202,221,201,221,200,221,199,222,198,221,197,221,196,221,195,221,194,221,193,221,192,220,192,219,191,219,190,218,189,218,188,217,187,217,186,216,185,215,184,214,183,213,182,213,181,212,181,211,180,210,179,209,179,208,179,207,179
148,182,147,183,146,184,145,184,144,184,143,184,142,184,141,185,140,185,139,185,138,186,137,186,136,187,135,187,134,187,133,188,132,188,131,189,130,189,129,190,128,190,127,191,126,191,125,192,125,193,124,194,123,195,123,196,123,197,123,198,122,199,122,200,123,201,123,202,123,203,123,204,123,205,124,206,124,207,125,208,126,209,127,210,127,211,128,212,129,213,130,214,131,215,132,215,133,216,134,217,135,218,136,218,137,218,138,219,139,219,140,218,141,217,141,216,142,215,143,214,143,213,144,212,145,211,145,210,146,209,147,208,147,207,148,206,149,205,149,204,150,203,151,203,152,202,153,201,152,200,153,199,154,199,154,198,155,197,156,196,156,195,157,194,157,193,158,192,158,191,157,190,157,189,157,188,157,187,157,186,156,185,155,184,154,183,153,183,152,183,151,183,150,183,149,183
192,190,191,191,190,191,189,192,188,193,187,193,186,194,185,195,184,196,183,197,182,197,181,198,180,199,179,199,178,200,178,201,177,202,177,203,177,204,178,205,178,206,178,207,179,208,180,209,180,210,181,211,182,212,183,212,184,213,185,213,186,213,187,213,188,214,189,214,190,214,191,214,192,215,193,215,194,215,195,215,196,215,197,215,198,215,199,214,200,213,201,212,202,211,203,210,204,209,204,208,203,207,203,206,203,205,203,204,203,203,203,202,203,201,203,200,203,199,202,198,202,197,202,196,201,195,201,194,201,193,200,193,199,193,198,192,197,192,196,192,195,191,194,191,193,190
240,190,239,191,238,191,237,191,236,191,235,192,234,192,233,192,232,193,231,194,230,194,229,194,228,195,227,195,227,196,226,197,225,198,225,199,224,200,224,201,224,202,224,203,223,204,224,205,224,206,224,207,225,208,225,209,226,210,226,211,227,212,228,212,229,213,230,213,231,213,232,213,233,213,234,214,235,215,236,215,237,215,238,214,239,214,240,214,241,214,242,214,243,214,244,214,245,214,246,215,246,214,247,213,247,212,247,211,248,210,248,209,249,208,249,207,250,206,250,205,251,204,251,203,251,202,250,201,250,200,249,199,248,198,247,197,246,196,245,195,244,194,243,193,242,192,241,191
169,198,168,199,167,199,166,199,165,199,164,199,163,200,162,200,161,200,160,200,159,200,158,201,157,201,156,201,155,201,154,202,153,202,152,203,151,204,150,204,150,205,149,206,148,207,148,208,147,209,146,210,146,211,145,212,144,213,144,214,143,215,142,216,142,217,141,218,140,219,139,220,140,221,140,222,140,223,140,224,140,225,141,226,141,227,141,228,142,228,143,228,144,228,145,229,146,229,147,229,148,229,149,229,150,229,151,230,152,230,153,230,154,230,155,231,156,231,157,231,158,230,159,230,160,229,161,229,162,229,163,228,164,227,165,227,166,226,167,226,168,226,169,226,170,225,171,225,172,225,173,225,174,225,175,226,175,225,176,224,176,223,177,222,177,221,177,220,178,219,178,218,179,217,179,216,179,215,180,214,181,213,181,212,180,211,179,210,179,209,178,208,177,207,177,206,177,205,176,204,176,203,176,202,175,201,174,200,173,200,172,199,171,199,170,198
295,199,294,200,293,201,292,201,292,202,291,203,290,204,289,205,289,206,288,207,287,208,287,209,287,210,286,211,285,212,285,213,284,214,283,215,283,216,283,217,283,218,283,219,283,220,283,221,282,222,283,223,283,224,283,225,284,224,285,225,286,225,287,225,288,224,289,224,290,223,291,223,292,222,293,221,294,220,295,219,296,218,297,217,297,216,298,215,299,214,300,213,300,212,301,211,302,210,302,209,303,208,303,207,303,206,303,205,302,204,302,203,301,202,300,201,299,200,298,200,297,199,296,199
261,202,260,203,259,203,258,204,257,205,256,205,255,206,255,207,255,208,255,209,255,210,255,211,255,212,254,213,254,214,254,215,254,216,254,217,254,218,254,219,254,220,254,221,254,222,255,223,255,224,256,225,257,226,258,226,259,227,260,227,261,228,262,228,263,228,264,228,265,228,266,228,267,228,268,228,269,228,270,228,271,228,272,228,273,228,274,227,275,227,276,226,277,226,277,225,278,224,278,223,279,222,280,221,281,221,282,221,282,220,282,219,282,218,282,217,282,216,282,215,283,214,283,213,282,212,282,211,281,210,281,209,280,208,279,207,278,206,277,205,276,205,275,205,274,204,273,203,272,203,271,203,270,203,269,203,268,203,267,203,266,203,265,202,264,202,263,202,262,202
110,208,109,209,108,209,107,210,107,211,106,212,106,213,106,214,106,215,106,216,106,217,107,218,108,219,108,220,109,221,110,222,111,222,112,223,113,224,114,224,115,224,116,224,117,223,118,223,119,223,120,223,121,222,122,221,123,220,123,219,124,218,124,217,124,216,124,215,124,214,124,213,124,212,124,211,123,211,122,210,121,209,120,209,119,208,118,208,117,208,116,208,115,208,114,208,113,208,112,208,111,208
182,213,181,214,180,215,180,216,180,217,179,218,179,219,178,220,178,221,178,222,177,223,177,224,176,225,176,226,177,227,177,228,177,229,178,230,177,231,178,232,178,233,179,234,180,235,181,236,182,237,183,238,183,239,184,239,185,239,186,240,187,241,187,242,188,243,188,244,189,245,189,246,189,247,189,248,189,247,190,246,191,247,192,248,192,249,193,249,194,249,195,249,196,250,197,251,198,251,199,252,200,253,199,254,200,254,201,253,201,252,202,251,203,251,204,251,204,250,204,249,205,248,204,247,204,246,204,245,203,244,203,243,203,242,202,241,202,240,201,239,201,238,201,237,200,236,200,235,199,234,199,233,199,232,198,231,198,230,197,229,197,228,197,227,196,226,196,225,196,224,196,223,195,222,195,221,195,220,195,219,194,218,193,217,192,216,191,215,190,215,189,215,188,215,187,214,186,214,185,214,184,214,183,213
316,213,315,214,314,214,313,215,312,216,311,217,310,218,309,218,308,219,307,220,306,221,305,222,304,223,304,224,303,225,303,226,303,227,303,228,302,229,302,230,302,231,301,232,302,232,303,233,304,233,305,233,306,234,307,234,308,234,309,234,310,234,311,234,312,234,313,234,314,233,315,233,316,233,316,232,316,231,317,230,318,229,319,229,320,228,321,227,322,226,323,225,324,224,324,223,325,222,325,221,326,220,326,219,325,218,325,217,324,216,323,215,322,215,321,214,320,214,319,214,318,213,317,213
210,216,209,217,208,217,207,218,206,219,205,220,204,221,203,222,203,223,203,224,203,225,203,226,202,227,203,228,203,229,203,230,203,231,203,232,204,233,204,234,205,235,205,236,206,237,207,238,208,238,209,238,210,238,211,238,212,238,213,238,214,238,215,238,216,238,217,237,218,237,219,236,220,235,221,234,222,233,222,232,223,231,223,230,223,229,223,228,224,227,223,226,223,225,223,224,223,223,222,222,222,221,221,220,220,219,219,218,218,217,217,217,216,216,215,216,214,216,213,216,212,216,211,216
293,222,292,223,291,224,290,224,289,225,288,225,288,226,287,227,287,228,286,229,285,229,284,229,283,230,282,230,281,229,281,230,280,231,279,232,279,233,278,234,278,235,278,236,277,237,277,238,277,239,277,240,276,241,276,242,277,243,277,244,278,245,279,246,280,246,281,246,282,246,283,246,284,245,285,245,286,244,287,245,287,244,288,243,289,242,290,241,291,240,292,239,293,239,294,238,295,237,296,236,297,235,298,235,299,234,300,233,300,232,301,231,301,230,301,229,302,228,302,227,302,226,302,225,303,224,303,223,302,223,301,222,300,222,299,222,298,222,297,222,296,222,295,222,294,222
246,227,245,228,244,228,243,228,242,228,241,228,240,229,239,230,238,231,237,232,237,233,237,234,237,235,236,236,236,237,236,238,236,239,236,240,237,241,237,242,237,243,238,244,239,245,240,246,240,247,241,248,242,249,243,249,244,250,245,250,246,251,247,251,248,251,249,251,250,251,251,251,252,251,253,251,254,251,255,250,256,250,257,250,258,250,259,249,259,248,260,247,260,246,261,245,262,244,262,243,262,242,263,241,263,240,263,239,263,238,263,237,264,236,263,235,263,234,263,233,262,232,261,231,260,231,259,230,258,230,257,230,256,229,255,229,254,229,253,229,252,228,251,228,250,228,249,227,248,227,247,227
141,229,141,230,140,231,140,232,139,233,139,234,139,235,139,236,139,237,139,238,140,239,141,240,142,240,143,241,144,241,145,242,146,242,147,242,148,241,149,241,150,241,151,240,152,240,153,239,154,238,155,238,155,237,155,236,156,235,156,234,156,233,156,232,155,232,154,231,153,231,152,231,151,231,150,230,149,230,148,230,147,230,146,230,145,230,144,229,143,229,142,229
163,229,162,230,161,230,160,230,159,231,158,231,157,232,157,233,157,234,157,235,156,236,156,237,156,238,156,239,156,240,156,241,156,242,156,243,156,244,157,245,157,246,157,247,157,248,158,249,159,250,160,251,160,252,161,252,162,253,163,253,164,254,165,255,166,255,167,256,168,257,168,258,169,258,170,259,171,260,172,261,173,262,174,263,175,264,176,264,177,263,178,263,179,264,180,264,181,263,182,263,183,263,184,263,185,263,186,262,187,262,187,261,188,260,189,259,189,258,189,257,189,256,189,255,189,254,189,253,188,252,188,251,188,250,188,249,188,248,188,247,187,246,186,245,186,244,185,243,184,242,183,241,183,240,182,239,182,238,181,237,180,236,179,235,178,234,177,233,176,233,175,232,174,232,173,231,172,231,171,230,170,230,169,230,168,230,167,230,166,230,165,230,164,230
332,229,331,230,330,230,329,231,328,231,327,232,326,233,325,234,325,235,324,236,324,237,324,238,324,239,324,240,323,241,323,242,323,243,324,244,324,245,324,246,324,247,324,248,324,249,325,250,325,251,326,252,326,253,327,254,328,255,329,256,330,257,331,257,332,257,333,257,334,257,335,257,336,257,337,256,338,256,339,255,340,254,340,253,341,252,342,251,342,250,343,249,343,248,343,247,343,246,343,245,342,244,342,243,341,242,340,241,340,240,339,239,339,238,339,237,339,236,338,235,338,234,338,233,337,232,337,231,336,230,335,229,334,229,333,229
301,233,300,234,299,235,298,236,297,236,296,237,295,238,294,239,293,240,292,240,291,241,290,242,289,243,288,244,288,245,288,246,288,247,288,248,287,249,287,250,287,251,287,252,287,253,287,254,287,255,287,256,288,257,288,258,288,259,289,260,289,261,290,262,290,263,291,263,292,264,293,264,294,265,295,265,296,266,297,266,298,266,299,266,300,265,301,265,302,264,303,263,304,262,305,262,306,261,307,260,308,260,309,259,310,258,311,258,312,257,313,256,313,255,314,254,314,253,314,252,315,251,315,250,316,249,316,248,317,247,318,247,318,246,319,245,320,244,321,244,322,243,322,242,322,241,323,240,323,239,323,238,323,237,323,236,322,235,322,234,321,233,320,233,319,233,318,233,317,233,316,234,315,234,314,234,313,235,312,235,311,235,310,235,309,235,308,235,307,235,306,235,305,234,304,234,303,234,302,233
230,243,229,244,228,244,227,244,226,245,225,245,224,246,223,246,222,247,221,248,221,249,221,250,221,251,221,252,221,253,222,254,222,255,222,256,222,257,222,258,222,259,222,260,223,261,223,262,224,263,225,264,225,265,226,266,226,267,227,267,228,267,229,267,230,267,231,267,232,267,233,267,234,268,235,268,236,268,237,267,238,266,239,266,240,265,241,264,241,263,242,262,242,261,243,260,243,259,243,258,243,257,243,256,243,255,243,254,243,253,243,252,242,251,241,250,241,249,240,248,239,248,238,247,237,246,236,246,235,245,234,245,233,244,232,244,231,244
203,255,202,256,201,257,200,257,199,257,198,258,197,259,196,260,196,261,195,262,194,262,193,261,194,262,195,263,196,264,197,265,198,266,198,267,199,268,200,269,200,270,201,271,201,272,202,272,203,273,204,274,205,274,206,274,207,275,208,275,209,275,210,275,211,275,212,275,213,275,214,275,215,275,216,274,217,274,218,273,219,272,220,271,221,270,221,269,221,268,221,267,221,266,221,265,220,264,220,263,220,262,220,261,219,260,218,259,217,258,216,258,215,257,214,257,213,256,212,256,211,256,210,255,209,255,208,256,207,256,206,256,205,255,204,256
313,257,312,258,311,259,310,259,309,260,308,261,307,261,306,262,305,263,304,263,303,264,302,265,301,266,300,266,299,267,298,267,299,268,299,269,299,270,299,271,299,272,299,273,299,274,299,275,300,276,300,277,300,278,301,278,302,279,303,279,304,279,305,280,306,280,307,280,308,281,309,281,310,281,311,281,312,280,313,280,314,280,315,280,316,280,317,279,318,279,319,279,320,278,321,277,322,276,323,275,324,274,324,273,324,272,325,271,325,270,325,269,325,268,325,267,325,266,324,265,324,264,323,263,322,262,322,261,321,261,320,260,319,259,318,259,317,258,316,258,315,258,314,258
337,261,336,262,335,262,334,262,333,263,332,264,331,265,330,266,330,267,330,268,330,269,330,270,330,271,330,272,330,273,330,274,330,275,331,276,332,277,332,278,333,279,333,280,334,281,335,282,336,283,337,284,337,285,338,285,339,286,340,286,341,286,342,286,343,286,344,286,345,286,346,286,347,285,348,285,348,284,349,283,349,282,350,281,351,280,351,279,351,278,352,277,352,276,352,275,352,274,353,273,352,272,352,271,352,270,351,269,351,268,351,267,350,266,349,265,348,265,347,264,346,263,345,263,344,262,343,262,342,261,341,261,340,261,339,261,338,261
190,262,189,263,188,263,187,263,186,263,185,264,184,264,184,265,183,266,182,266,181,267,180,267,179,267,178,268,177,267,176,266,175,265,174,265,173,266,172,266,171,266,170,267,169,268,169,269,169,270,169,271,169,272,169,273,170,274,170,275,170,276,171,277,171,278,172,279,173,280,173,281,174,281,175,282,176,283,177,283,178,283,179,283,180,283,181,284,182,284,183,284,184,284,185,284,186,284,187,284,188,284,189,284,190,283,191,283,192,282,193,282,194,282,195,281,196,281,197,281,198,281,199,280,199,279,200,278,200,277,200,276,200,275,200,274,201,273,200,272,200,271,199,270,199,269,198,268,197,267,197,266,196,265,195,264,194,263,193,262,192,262,191,263
250,262,249,263,248,263,247,263,246,263,245,263,244,264,243,264,242,264,241,265,240,266,239,267,238,267,238,268,237,269,237,270,237,271,236,272,236,273,236,274,236,275,235,276,235,277,235,278,235,279,235,280,235,281,236,282,237,281,238,281,239,281,240,281,241,280,242,280,243,279,244,279,245,278,246,277,247,276,248,276,249,275,250,274,251,274,251,273,252,272,253,271,254,270,255,269,255,268,255,267,255,266,255,265,255,264,254,263,253,263,252,262,251,262
282,263,281,264,280,264,279,265,278,266,277,267,277,268,277,269,276,270,276,271,277,272,277,273,277,274,278,275,279,276,279,277,280,278,281,278,282,279,283,279,284,279,285,280,286,280,287,280,288,280,289,280,290,280,291,280,292,281,293,280,294,281,295,281,296,280,297,279,298,279,299,278,299,277,299,276,298,275,298,274,298,273,298,272,298,271,298,270,298,269,298,268,297,267,296,267,295,266,294,267,293,266,293,265,292,265,291,264,290,264,289,263,288,263,287,263,286,263,285,263,284,263,283,263
226,268,225,269,224,270,223,270,222,270,221,271,220,272,219,273,218,274,217,275,216,275,215,276,214,276,214,277,213,278,212,278,211,279,211,280,211,281,211,282,211,283,211,284,211,285,211,286,211,287,212,288,212,289,213,290,213,291,214,292,215,293,216,294,217,294,218,294,219,295,220,295,221,295,222,295,223,294,224,294,225,293,226,293,227,292,228,291,229,290,230,289,231,288,232,287,233,286,233,285,234,284,235,283,235,282,234,281,234,280,234,279,234,278,234,277,234,276,235,275,235,274,235,273,235,272,236,271,236,270,236,269,235,269,234,269,233,268,232,268,231,268,230,268,229,268,228,268,227,268
262,272,261,273,260,273,259,274,259,275,258,276,257,277,257,278,256,279,256,280,255,281,255,282,254,283,253,284,253,285,252,286,251,287,251,288,251,289,251,290,251,291,251,292,251,293,251,294,251,295,252,296,253,297,254,298,255,298,256,298,257,298,258,298,259,299,260,299,261,299,262,299,263,298,264,298,265,298,266,297,267,297,268,296,269,295,270,294,271,293,271,292,272,291,273,290,273,289,273,288,274,287,274,286,274,285,274,284,274,283,274,282,274,281,274,280,273,279,273,278,272,277,272,276,271,275,271,274,270,274,269,273,268,272,267,272,266,272,265,272,264,272,263,272
299,279,298,280,297,280,296,281,295,282,295,283,294,284,294,285,293,286,292,287,293,288,293,289,293,290,293,291,293,292,294,293,294,294,294,295,295,296,295,297,296,298,297,299,298,300,299,301,300,302,301,303,302,304,303,304,304,305,305,305,306,306,307,306,308,307,309,306,310,307,311,307,312,307,313,307,314,307,315,307,316,306,317,305,318,305,319,304,320,303,320,302,321,301,322,301,322,300,323,299,324,298,324,297,324,296,325,295,324,294,324,293,323,292,323,291,322,290,321,289,321,288,320,287,319,287,318,286,317,286,316,285,315,285,314,285,313,284,313,283,312,282,311,282,310,282,309,282,308,282,307,281,306,281,305,281,304,280,303,280,302,280,301,279,300,279
195,282,194,283,193,283,192,283,191,284,190,284,189,285,188,285,188,286,188,287,188,288,188,289,189,290,189,291,190,292,191,292,192,293,193,293,194,293,195,292,196,292,197,292,198,291,199,291,200,290,201,289,202,288,202,287,203,286,203,285,202,284,201,283,200,283,199,282,198,282,197,282,196,282
282,285,281,286,280,286,279,287,278,288,277,289,277,290,276,291,275,292,275,293,274,294,274,295,273,296,272,297,272,298,272,299,271,300,271,301,271,302,271,303,271,304,272,305,273,306,274,307,275,308,276,309,277,310,278,311,279,311,280,312,281,312,282,312,283,311,284,311,285,311,286,310,287,309,288,309,289,308,290,307,291,306,291,305,291,304,292,303,292,302,292,301,292,300,292,299,292,298,292,297,293,296,293,295,292,294,292,293,292,292,292,291,292,290,292,289,292,288,291,287,290,286,289,286,288,286,287,285,286,285,285,285,284,285,283,285
337,286,337,287,336,288,335,288,334,288,333,289,332,290,332,291,331,292,331,293,330,294,329,295,329,296,329,297,329,298,328,299,328,300,328,301,328,302,328,303,328,304,328,305,328,306,328,307,328,308,329,309,329,310,329,311,330,312,331,313,332,313,333,314,334,314,335,315,336,315,337,315,338,315,339,315,340,315,341,314,342,314,342,313,343,312,343,311,344,310,344,309,345,308,345,307,345,306,346,305,346,304,346,303,347,302,347,301,348,300,348,299,348,298,349,297,349,296,349,295,349,294,349,293,349,292,349,291,349,290,348,289,348,288,348,287,348,286,347,286,346,287,345,287,344,287,343,287,342,287,341,287,340,287,339,287,338,286
241,291,240,292,239,292,238,292,237,292,236,293,235,293,234,293,233,293,232,294,231,295,230,295,229,296,228,297,228,298,227,299,226,300,225,301,224,302,224,303,224,304,223,305,222,306,222,307,222,308,222,309,222,310,223,311,224,312,225,313,226,313,227,314,228,314,229,314,230,314,231,314,232,314,233,314,234,314,235,314,236,314,237,314,238,314,239,314,240,314,241,314,242,314,243,315,244,315,245,315,246,315,247,315,248,315,249,315,250,314,251,314,252,313,253,313,254,314,254,313,254,312,255,311,255,310,256,309,255,308,256,307,256,306,256,305,257,304,256,303,256,302,256,301,255,300,255,299,254,299,253,298,252,297,251,296,250,295,250,294,249,294,248,293,247,293,246,292,245,292,244,292,243,292,242,292
265,302,264,303,263,303,262,304,261,305,260,306,259,307,258,308,258,309,257,310,256,310,256,311,255,312,255,313,255,314,255,315,256,316,256,317,256,318,255,319,256,320,257,321,258,322,259,323,260,323,261,324,262,325,263,326,264,326,265,326,266,326,267,326,268,326,269,325,270,325,271,324,272,323,273,323,274,322,275,321,275,320,276,319,277,318,278,318,279,317,279,316,279,315,280,314,280,313,279,312,278,312,277,311,276,310,275,309,274,308,273,307,272,306,271,305,270,304,269,304,268,303,267,303,266,303
294,312,293,313,292,313,291,314,291,315,290,316,290,317,290,318,289,319,289,320,289,321,289,322,289,323,288,324,288,325,287,326,288,327,289,327,290,328,291,328,292,329,293,329,294,329,295,329,296,328,297,328,298,329,299,329,300,329,301,329,302,328,303,328,304,328,305,327,306,327,307,326,307,325,307,324,308,323,307,322,307,321,307,320,306,319,306,318,305,317,305,316,304,315,303,314,302,314,301,314,300,313,299,313,298,313,297,312,296,312,295,312
250,319,249,320,248,320,247,320,246,320,245,321,244,321,244,322,243,323,243,324,243,325,243,326,243,327,242,328,242,329,242,330,243,331,243,332,244,333,244,334,245,335,246,336,246,337,247,337,248,338,249,339,250,339,251,340,252,340,253,340,254,340,255,340,256,340,257,340,258,340,259,339,260,339,261,339,262,338,263,337,264,336,264,335,264,334,264,333,264,332,264,331,265,330,265,329,264,328,264,327,263,327,262,326,261,325,260,324,259,324,258,323,257,322,256,321,255,320,254,320,253,320,252,320,251,319
317,323,316,324,315,324,314,325,313,325,312,326,311,326,310,327,309,328,308,329,307,330,306,331,306,332,305,333,304,334,304,335,303,336,303,337,303,338,303,339,303,340,303,341,304,342,305,343,306,344,307,345,308,346,309,346,310,347,311,347,312,347,313,348,314,348,315,348,316,347,317,347,318,347,319,347,320,347,321,346,322,346,323,345,324,344,325,343,326,342,326,341,327,340,327,339,328,338,328,337,329,336,329,335,329,334,329,333,329,332,329,331,328,330,328,329,328,328,327,327,327,326,326,325,325,324,324,324,323,323,322,323,321,323,320,323,319,323,318,323
286,327,285,328,284,329,283,329,282,330,281,331,280,332,280,333,279,334,279,335,278,336,278,337,278,338,278,339,277,340,278,341,278,342,278,343,279,343,280,344,280,345,281,346,282,347,283,348,284,348,285,349,286,349,287,350,288,350,289,351,290,351,291,351,292,351,293,351,294,351,295,350,296,349,297,349,298,348,299,347,300,346,301,345,301,344,301,343,301,342,301,341,301,340,300,339,300,338,299,337,298,336,297,335,296,334,296,333,295,332,294,331,294,330,293,330,292,330,291,329,290,329,289,328,288,328,287,327
371,405,370,406,369,406,368,407,367,408,366,408,365,409,364,410,364,411,363,412,363,413,362,414,362,415,361,416,361,417,361,418,361,419,361,420,361,421,361,422,361,423,361,424,361,425,361,426,362,427,363,428,364,429,365,430,366,430,367,431,368,432,369,432,370,433,371,433,372,434,373,434,374,434,375,435,376,435,377,435,378,435,379,435,380,435,381,435,382,435,383,435,384,435,385,435,386,435,387,434,388,433,389,433,389,432,390,431,390,430,390,429,391,428,392,427,392,426,393,425,394,424,393,423,392,422,391,421,391,420,391,419,391,418,390,417,390,416,389,415,388,414,387,413,386,412,385,411,384,410,383,409,382,409,381,408,380,407,379,407,378,406,377,406,376,406,375,405,374,405,373,405,372,405
331,406,330,407,329,407,328,407,327,407,326,408,325,409,324,409,324,410,323,411,323,412,323,413,322,414,322,415,322,416,323,417,323,418,324,419,324,420,325,421,326,422,327,423,328,423,329,423,330,424,331,424,332,425,333,425,334,425,335,425,336,425,337,425,338,425,339,425,340,425,341,425,342,425,343,425,344,425,345,424,346,424,347,423,348,423,349,422,349,421,349,420,350,419,350,418,349,417,349,416,349,415,349,414,349,413,348,412,348,411,347,410,346,409,345,409,344,409,343,408,342,408,341,407,340,407,339,407,338,407,337,407,336,407,335,407,334,406,333,406,332,406
308,415,307,416,306,416,305,416,304,416,303,417,302,418,301,418,301,419,300,420,300,421,299,422,300,423,300,424,300,425,301,426,301,427,301,428,302,429,303,430,304,431,305,431,306,432,307,432,308,431,309,431,310,430,311,430,312,430,313,429,314,429,315,429,316,428,317,427,318,426,318,425,319,424,319,423,319,422,319,421,319,420,318,419,318,418,317,417,316,416,315,415,314,415,313,415,312,415,311,415,310,415,309,415
295,421,294,422,293,422,292,422,291,422,290,422,289,423,288,423,287,424,286,424,285,425,285,426,284,427,284,428,283,429,283,430,282,431,281,432,280,433,280,434,280,435,279,436,279,437,279,438,279,439,279,440,280,441,280,442,281,443,282,444,283,445,284,445,285,445,286,445,287,445,288,445,289,446,290,446,291,446,292,446,293,445,294,445,295,444,296,444,297,443,298,443,298,442,299,441,299,440,300,439,300,438,300,437,300,436,300,435,300,434,301,433,301,432,301,431,301,430,301,429,300,428,300,427,300,426,299,425,299,424,299,423,298,422,297,422,296,421
401,423,400,424,399,424,398,424,397,425,396,425,395,426,394,425,393,426,393,427,392,428,391,429,391,430,391,431,390,432,390,433,390,434,391,435,391,436,392,437,392,438,393,439,394,440,394,441,395,442,396,442,397,443,398,444,399,444,400,445,401,445,402,446,403,446,404,446,405,446,406,446,407,446,408,446,409,446,410,446,411,445,412,445,413,445,414,445,415,444,416,444,417,443,418,442,419,441,419,440,419,439,419,438,419,437,419,436,419,435,419,434,418,433,418,432,417,432,416,431,415,430,414,429,413,428,412,427,411,426,410,425,409,425,408,424,407,424,406,423,405,423,404,423,403,423,402,423
173,424,172,425,171,425,170,425,169,426,168,426,167,427,166,428,165,429,164,430,164,431,163,432,162,433,162,434,161,435,161,436,161,437,160,438,159,439,158,440,158,441,158,442,157,443,157,444,156,445,156,446,156,447,156,448,157,449,157,450,157,451,158,452,159,453,160,454,161,454,162,455,163,455,164,455,165,455,166,455,167,455,168,454,169,453,170,452,171,451,172,450,172,449,173,448,174,447,175,446,176,445,177,445,178,445,179,445,180,445,181,445,182,445,183,444,184,444,184,443,185,442,185,441,185,440,185,439,185,438,186,437,186,436,186,435,186,434,186,433,185,432,185,431,185,430,184,429,183,428,182,427,181,426,180,426,179,425,178,425,177,425,176,424,175,424,174,424
135,428,134,429,133,429,132,430,131,430,130,431,129,432,128,433,128,434,128,435,128,436,128,437,128,438,128,439,129,440,129,441,130,442,131,443,132,444,133,445,134,445,135,446,136,446,137,446,138,447,139,447,140,447,141,447,142,446,143,446,144,446,145,446,146,445,147,444,148,443,149,442,149,441,150,440,150,439,150,438,150,437,150,436,149,435,149,434,149,433,148,432,147,431,147,430,146,430,145,429,144,428,143,428,142,428,141,428,140,428,139,428,138,428,137,428,136,428
196,431,195,432,194,432,193,433,192,434,191,435,191,436,190,437,190,438,190,439,190,440,190,441,190,442,190,443,190,444,189,445,190,446,190,447,191,448,192,448,193,449,194,450,195,450,196,450,197,449,198,449,199,449,200,449,201,448,202,448,203,448,204,447,205,446,206,445,207,444,207,443,208,442,208,441,208,440,208,439,208,438,208,437,207,436,207,435,206,434,205,433,204,432,203,432,202,431,201,431,200,431,199,431,198,431,197,431
339,437,338,438,337,438,336,438,335,439,334,439,333,440,332,440,331,440,330,441,329,442,328,443,328,444,327,445,326,446,326,447,326,448,326,449,325,450,325,451,325,452,325,453,325,454,325,455,325,456,325,457,325,458,325,459,325,460,325,461,325,462,326,463,325,464,326,465,326,466,327,467,328,468,328,469,329,470,330,471,331,471,332,472,333,472,334,472,335,472,336,472,337,472,338,472,339,471,340,471,341,471,342,470,343,469,344,469,344,468,345,467,345,466,346,465,347,464,347,463,347,462,347,461,347,460,347,459,348,458,348,457,348,456,348,455,348,454,349,453,349,452,349,451,350,450,350,449,351,448,351,447,352,446,352,445,351,444,351,443,350,442,350,441,349,440,348,439,347,438,346,438,345,438,344,437,343,437,342,437,341,437,340,437
364,441,363,442,362,442,361,442,360,442,359,442,358,443,357,443,356,444,355,445,354,446,353,446,352,447,352,448,351,449,351,450,350,451,350,452,350,453,349,454,349,455,349,456,349,457,349,458,348,459,348,460,348,461,348,462,348,463,348,464,349,465,350,466,350,467,351,468,352,469,352,470,353,471,354,472,355,472,356,473,357,474,358,474,359,475,360,475,361,475,362,476,363,476,364,476,365,476,366,475,367,475,368,475,369,475,370,476,371,475,372,474,373,474,374,473,375,472,375,471,376,470,377,469,377,468,378,467,378,466,379,465,379,464,380,463,380,462,381,461,381,460,381,459,381,458,382,457,382,456,382,455,382,454,381,453,381,452,381,451,381,450,381,449,380,448,380,447,379,446,378,445,377,445,376,444,375,443,374,443,373,442,372,442,371,442,370,441,369,441,368,441,367,441,366,441,365,441
112,445,111,446,110,446,109,447,108,448,107,449,107,450,106,451,106,452,105,453,105,454,106,455,106,456,106,457,106,458,107,459,108,460,108,461,109,462,110,463,111,463,112,463,113,463,114,463,115,462,116,462,117,461,118,461,119,460,120,460,121,459,122,458,123,457,124,456,124,455,125,454,125,453,125,452,125,451,124,450,124,449,123,448,123,447,122,446,121,446,120,445,119,445,118,445,117,445,116,445,115,445,114,445,113,445
211,446,210,447,209,447,208,448,207,449,206,450,205,451,205,452,205,453,204,454,204,455,204,456,204,457,205,458,205,459,205,460,206,461,206,462,207,463,207,464,208,465,208,466,209,467,210,467,211,468,212,468,213,468,214,468,215,468,216,467,217,467,218,467,219,467,220,466,221,465,222,464,223,463,224,462,224,461,224,460,225,459,225,458,224,457,225,456,225,455,224,454,224,453,224,452,223,451,222,450,222,449,221,448,220,448,219,447,218,447,217,447,216,447,215,446,214,446,213,447,212,447
274,448,273,449,272,450,271,450,270,451,269,452,268,453,268,454,267,455,267,456,267,457,266,458,266,459,266,460,266,461,266,462,266,463,266,464,267,465,267,466,267,467,268,468,268,469,269,470,269,471,270,472,271,472,272,472,273,473,274,473,275,473,276,473,277,473,278,472,279,472,280,472,281,472,282,471,283,471,284,470,285,469,286,468,287,467,287,466,287,465,288,464,288,463,288,462,288,461,288,460,289,459,289,458,288,457,288,456,288,455,287,454,287,453,286,452,286,451,285,450,284,450,283,450,282,449,281,449,280,449,279,448,278,448,277,448,276,448,275,448
304,449,303,450,302,450,301,450,300,451,299,452,298,453,297,453,296,454,296,455,295,456,295,457,294,458,294,459,294,460,294,461,294,462,294,463,294,464,294,465,295,466,295,467,296,468,296,469,296,470,297,471,298,472,299,473,300,473,301,474,302,474,303,475,304,476,305,475,306,475,307,475,308,475,309,475,310,475,311,475,312,475,313,475,314,475,315,475,316,475,317,475,318,475,318,474,319,473,319,472,320,471,321,470,322,469,322,468,323,467,323,466,323,465,324,464,324,463,323,462,323,461,323,460,322,459,322,458,322,457,321,456,321,455,320,454,320,453,319,452,318,452,317,451,316,450,315,450,314,449,313,449,312,449,311,449,310,449,309,449,308,449,307,449,306,449,305,449
232,454,231,455,230,455,229,456,228,456,227,457,226,458,226,459,225,460,225,461,225,462,224,463,224,464,225,465,225,466,226,467,227,468,227,469,228,470,229,471,230,471,231,471,232,472,233,472,234,472,235,471,236,471,237,471,238,470,239,469,240,469,240,468,241,467,242,466,242,465,242,464,242,463,242,462,242,461,242,460,242,459,241,458,240,457,240,456,239,455,238,455,237,455,236,454,235,454,234,454,233,454
423,454,422,455,421,455,420,455,419,456,418,457,417,458,417,459,417,460,417,461,417,462,417,463,417,464,418,465,418,466,419,467,419,468,419,469,420,470,420,471,421,472,421,473,422,474,423,475,423,476,424,477,424,478,425,479,426,479,427,479,428,480,429,480,430,480,431,480,432,480,433,479,434,479,434,478,434,477,435,476,435,475,435,474,435,473,436,472,436,471,436,470,436,469,436,468,436,467,435,466,435,465,435,464,435,463,434,462,434,461,433,460,433,459,432,458,431,457,430,456,429,456,428,455,427,455,426,455,425,454,424,454
93,461,92,462,91,462,90,463,89,463,88,464,87,465,87,466,86,467,86,468,85,469,85,470,85,471,85,472,85,473,85,474,85,475,86,476,87,477,87,478,88,478,89,479,90,479,91,480,92,480,93,480,94,480,95,480,96,480,97,479,98,479,99,478,100,477,100,476,101,475,102,474,102,473,102,472,103,471,103,470,103,469,103,468,103,467,102,466,102,465,101,464,100,463,99,462,98,461,97,461,96,461,95,461,94,461
136,469,135,470,134,470,133,470,132,471,131,471,130,471,129,472,128,473,127,473,126,474,125,475,125,476,124,477,123,478,123,479,122,480,122,481,121,482,121,483,121,484,121,485,121,486,120,487,120,488,120,489,120,490,120,491,120,492,120,493,120,494,120,495,121,496,121,497,121,498,121,499,122,500,122,501,123,502,123,503,124,504,125,505,126,506,127,507,128,508,129,509,130,510,131,510,132,510,133,510,134,511,135,511,136,511,137,511,138,511,139,511,140,511,141,511,142,511,143,511,144,511,145,511,146,511,147,511,148,511,149,511,150,511,151,511,152,511,153,511,154,510,155,510,156,510,157,509,158,509,159,508,160,507,161,506,162,505,163,505,164,504,165,503,165,502,166,501,166,500,167,499,167,498,167,497,168,496,168,495,168,494,168,493,168,492,168,491,168,490,168,489,168,488,168,487,167,486,167,485,167,484,167,483,166,482,166,481,165,480,165,479,164,478,163,477,163,476,162,475,161,474,160,473,159,473,158,472,157,472,156,471,155,471,154,470,153,470,152,470,151,469,150,469,149,469,148,469,147,469,146,469,145,469,144,469,143,469,142,469,141,469,140,469,139,469,138,469,137,469
383,470,382,471,381,471,380,471,379,471,378,472,377,473,376,473,375,473,374,474,373,475,372,475,371,476,371,477,371,478,370,479,370,480,370,481,370,482,370,483,370,484,370,485,370,486,371,487,371,488,372,489,373,490,374,491,374,492,375,493,376,494,377,495,378,495,379,496,380,497,381,498,382,499,383,498,383,497,384,496,385,495,385,494,386,493,387,492,387,491,388,490,388,489,389,488,389,487,390,486,391,485,391,484,392,483,393,482,393,481,394,480,395,479,395,478,396,477,395,476,394,475,394,474,393,473,392,472,391,472,390,471,389,471,388,470,387,470,386,470,385,470,384,470
236,475,235,476,234,476,233,476,232,477,231,477,230,478,230,479,229,480,228,481,228,482,227,483,227,484,227,485,227,486,227,487,227,488,227,489,227,490,227,491,228,492,228,493,229,494,230,495,231,496,232,496,233,496,234,497,235,497,236,497,237,497,238,497,239,497,240,497,241,497,242,496,243,496,244,496,245,495,246,495,247,495,248,494,249,493,249,492,250,491,250,490,250,489,250,488,250,487,250,486,250,485,250,484,250,483,250,482,249,481,249,480,248,479,247,478,246,478,245,477,244,476,243,476,242,476,241,476,240,475,239,475,238,475,237,475
305,476,304,477,303,478,302,478,301,479,300,480,299,481,298,482,298,483,297,484,297,485,296,486,296,487,296,488,296,489,296,490,295,491,295,492,295,493,295,494,295,495,295,496,295,497,295,498,295,499,295,500,296,501,296,502,296,503,297,504,298,505,299,506,300,507,301,508,302,509,303,510,304,510,305,511,306,511,307,511,308,511,309,511,310,511,311,511,312,511,313,511,314,511,315,511,316,511,317,511,318,511,319,511,320,511,321,511,322,511,323,510,324,510,325,509,326,508,327,508,328,507,328,506,329,505,329,504,330,503,330,502,331,501,331,500,331,499,331,498,331,497,331,496,331,495,331,494,331,493,331,492,331,491,331,490,330,489,330,488,330,487,329,486,328,485,328,484,327,483,326,483,325,482,324,481,323,480,322,479,321,478,320,477,319,476,318,476,317,476,316,476,315,476,314,476,313,476,312,476,311,476,310,476,309,476,308,476,307,476,306,476
397,477,396,478,396,479,395,480,394,481,394,482,393,483,392,484,392,485,391,486,390,487,390,488,389,489,389,490,388,491,388,492,387,493,386,494,386,495,385,496,384,497,384,498,383,499,383,500,383,501,384,502,384,503,384,504,385,505,386,506,386,507,386,508,387,509,387,510,388,510,389,510,390,511,391,511,392,511,393,511,394,511,395,511,396,511,397,511,398,511,399,511,400,511,401,511,402,511,403,511,404,511,405,511,406,511,407,511,408,511,409,511,410,510,411,510,412,510,413,509,414,510,414,509,414,508,414,507,414,506,414,505,414,504,414,503,415,502,415,501,415,500,415,499,415,498,415,497,416,496,416,495,416,494,417,493,417,492,417,491,417,490,417,489,416,488,416,487,416,486,415,485,414,484,413,483,412,482,411,482,410,481,409,481,408,481,407,480,406,480,405,480,404,479,403,479,402,479,401,479,400,478,399,478,398,478
210,482,209,483,208,483,207,483,206,483,205,484,204,484,203,484,202,485,201,485,200,486,199,487,198,487,197,488,196,489,195,489,194,490,193,491,192,492,191,492,191,493,190,494,189,494,189,495,188,496,188,497,188,498,187,499,187,500,187,501,187,502,187,503,188,504,188,505,189,506,190,507,191,508,192,508,193,509,194,509,195,510,196,510,197,510,198,510,199,510,200,510,201,510,202,510,203,510,204,510,205,510,206,510,207,510,208,510,209,510,210,510,211,510,212,510,213,510,214,510,215,510,216,510,217,510,218,509,219,509,220,510,221,510,222,510,223,510,224,510,225,510,225,509,226,508,227,508,228,508,229,507,230,506,230,505,231,504,231,503,231,502,230,501,230,500,229,499,228,498,227,498,226,497,226,496,226,495,225,495,224,495,223,494,223,493,223,492,223,491,223,490,223,489,223,488,223,487,222,486,222,485,221,484,220,484,219,484,218,485,217,484,216,484,215,483,214,483,213,482,212,482,211,482
83,487,82,488,81,488,80,489,79,489,78,490,77,490,77,491,76,492,76,493,75,494,75,495,74,496,73,497,74,498,74,499,75,500,75,501,76,502,76,503,77,504,77,505,78,506,78,507,78,508,79,509,79,510,80,510,81,510,82,510,83,510,84,510,85,510,86,510,87,510,88,510,89,510,90,509,91,509,92,509,93,508,94,507,95,507,96,506,96,505,97,504,98,503,98,502,99,501,99,500,99,499,99,498,99,497,99,496,99,495,99,494,99,493,98,492,97,491,97,490,96,490,95,489,94,488,93,488,92,488,91,487,90,487,89,487,88,487,87,487,86,487,85,487,84,487
424,489,423,490,422,490,421,490,420,491,419,491,418,492,418,493,417,494,417,495,417,496,416,497,416,498,416,499,416,500,416,501,416,502,415,503,415,504,415,505,415,506,415,507,415,508,415,509,415,510,416,510,417,510,418,511,419,511,420,511,421,511,422,511,423,511,424,511,425,511,426,511,427,511,428,511,429,511,430,511,431,511,432,510,433,510,434,510,434,509,435,508,435,507,436,506,436,505,436,504,436,503,436,502,436,501,436,500,435,499,435,498,435,497,435,496,434,495,434,494,433,493,432,492,432,491,431,491,430,490,429,490,428,490,427,489,426,489,425,489
71,497,70,498,69,498,68,498,67,499,66,500,66,501,65,502,64,503,64,504,63,505,63,506,63,507,63,508,64,509,65,510,66,511,67,511,68,511,69,511,70,511,71,511,72,511,73,511,74,511,75,511,76,511,77,511,78,510,78,509,77,508,77,507,77,506,76,505,76,504,75,503,75,502,74,501,74,500,73,499,73,498,72,497
248,498,247,499,246,499,245,499,244,499,243,500,242,501,241,502,240,503,240,504,240,505,240,506,240,507,240,508,240,509,241,509,242,510,243,510,244,511,245,511,246,511,247,511,248,511,249,511,250,511,251,511,252,511,253,511,254,510,255,510,256,509,257,508,258,508,258,507,259,506,259,505,258,504,258,503,257,502,257,501,256,501,255,500,254,499,253,499,252,499,251,498,250,499,249,498
278,498,277,499,276,499,275,499,274,500,273,500,272,500,271,501,271,502,270,503,270,504,270,505,270,506,270,507,270,508,270,509,270,510,271,510,272,510,273,510,274,510,275,511,276,511,277,511,278,511,279,511,280,511,281,511,282,511,283,511,284,511,285,511,286,511,287,511,288,511,289,511,290,511,291,511,292,510,293,510,293,509,293,508,293,507,293,506,293,505,292,504,291,503,290,502,289,501,288,500,287,500,286,499,285,499,284,499,283,499,282,499,281,498,280,498,279,498
