187,181,186,182,185,182,184,183,183,183,183,184,182,185,181,186,181,187,181,188,181,189,181,190,182,191,182,192,182,193,183,194,183,195,184,196,184,197,185,198,186,199,187,199,188,199,189,199,190,199,191,199,192,199,193,199,194,199,195,198,196,198,197,197,198,196,199,195,199,194,199,193,200,192,199,191,199,190,199,189,199,188,199,187,198,186,198,185,197,184,196,183,195,183,194,182,193,181,192,181,191,181,190,181,189,181,188,181
177,195,176,196,175,196,174,196,173,197,172,198,172,199,172,200,171,201,171,202,171,203,171,204,171,205,172,206,172,207,172,208,173,209,173,210,174,211,175,212,175,213,176,213,177,214,178,214,179,214,180,214,181,214,182,214,183,213,184,212,184,211,185,210,185,209,185,208,186,207,186,206,186,205,186,204,186,203,186,202,186,201,186,200,185,199,184,198,183,197,182,197,181,196,180,196,179,196,178,195
245,278,244,279,244,280,243,281,242,282,242,283,242,284,242,285,242,286,242,287,243,288,243,289,244,289,245,290,246,290,247,291,248,291,249,291,250,291,251,291,252,291,253,291,254,290,255,289,256,288,256,287,256,286,256,285,256,284,255,283,255,282,254,281,254,280,253,279,252,279,251,278,250,278,249,278,248,278,247,278,246,278
169,326,168,327,167,327,166,328,165,328,164,329,163,330,162,331,161,332,161,333,160,334,160,335,160,336,160,337,160,338,160,339,160,340,160,341,161,342,161,343,162,344,162,345,163,346,163,347,164,348,165,349,166,349,167,350,168,350,169,351,170,351,171,351,172,351,173,352,174,352,175,351,176,351,177,351,178,351,179,351,180,350,181,350,182,349,183,348,183,347,184,346,185,345,185,344,185,343,185,342,185,341,185,340,185,339,185,338,185,337,185,336,184,335,184,334,184,333,183,332,182,331,181,330,180,329,179,328,178,328,177,327,176,327,175,327,174,327,173,326,172,326,171,326,170,326
222,352,221,353,220,353,219,353,218,354,217,354,216,355,215,356,214,357,213,358,212,359,211,360,211,361,211,362,211,363,210,364,210,365,211,366,212,367,213,368,214,369,215,370,216,371,217,372,218,373,219,374,220,375,221,375,222,376,223,376,224,376,225,376,226,376,227,377,228,377,229,377,230,376,231,376,232,376,233,375,234,375,235,374,236,374,237,373,238,373,239,372,240,371,241,370,242,369,242,368,243,367,243,366,243,365,243,364,243,363,242,362,242,361,241,360,241,359,240,358,239,357,239,356,238,355,237,354,236,354,235,353,234,353,233,352,232,352,231,352,230,352,229,352,228,352,227,352,226,352,225,352,224,352,223,352
157,355,156,356,156,357,155,358,155,359,154,360,154,361,154,362,154,363,154,364,154,365,154,366,155,367,155,368,156,369,157,370,158,371,159,371,160,371,161,371,162,370,163,369,164,369,164,368,165,367,165,366,165,365,165,364,165,363,165,362,165,361,164,360,164,359,163,358,163,357,162,356,161,356,160,355,159,355,158,355
204,366,203,367,202,367,201,367,200,368,199,368,198,369,197,370,196,371,195,372,194,373,194,374,193,375,193,376,192,377,192,378,191,379,191,380,191,381,191,382,191,383,191,384,191,385,192,386,192,387,193,388,194,389,195,390,196,390,197,391,198,391,199,391,200,392,201,392,202,392,203,392,204,392,205,392,206,392,207,391,208,391,209,391,210,390,211,390,212,389,213,389,214,388,215,388,216,387,217,386,217,385,218,384,218,383,219,382,219,381,219,380,219,379,219,378,219,377,220,376,219,375,218,374,217,373,216,372,215,371,214,370,213,369,212,368,211,367,210,366,209,366,208,366,207,366,206,366,205,366
88,368,87,369,86,369,85,370,84,371,83,372,82,373,82,374,82,375,81,376,81,377,81,378,81,379,81,380,81,381,82,382,82,383,82,384,83,385,84,386,85,387,85,388,86,388,87,389,88,389,89,389,90,389,91,389,92,388,93,388,94,388,95,387,96,387,97,386,98,385,99,385,100,384,100,383,101,382,101,381,102,380,103,379,103,378,103,377,103,376,103,375,103,374,102,373,101,372,101,371,100,371,99,370,98,370,97,369,96,369,95,369,94,368,93,368,92,368,91,368,90,368,89,368
55,372,54,373,53,373,52,373,51,374,50,374,49,375,48,376,47,377,46,378,46,379,45,380,45,381,45,382,45,383,45,384,45,385,46,386,46,387,47,388,48,389,49,389,50,390,51,390,52,390,53,391,54,391,55,391,56,391,57,390,58,390,59,390,60,389,61,389,62,388,63,387,63,386,64,385,64,384,65,383,65,382,65,381,65,380,65,379,65,378,65,377,65,376,64,375,63,374,62,373,61,373,60,372,59,372,58,372,57,372,56,372
178,380,177,381,176,381,175,382,174,382,173,383,173,384,172,385,172,386,172,387,172,388,173,389,173,390,174,391,175,392,176,392,177,392,178,392,179,393,180,392,181,392,182,392,183,392,184,391,185,390,186,389,186,388,186,387,186,386,186,385,187,384,186,383,186,382,185,381,184,381,183,380,182,380,181,380,180,380,179,380
347,448,346,449,345,449,344,449,343,450,342,450,341,451,340,452,340,453,339,454,338,455,338,456,337,457,337,458,337,459,337,460,337,461,337,462,337,463,337,464,337,465,338,466,338,467,338,468,339,469,340,470,340,471,341,471,342,472,343,473,344,474,345,475,346,475,347,475,348,476,349,476,350,476,351,476,352,477,353,476,354,476,355,476,356,476,357,475,358,475,359,475,360,474,361,474,362,473,363,472,364,471,365,470,365,469,366,468,366,467,366,466,366,465,366,464,366,463,366,462,365,461,365,460,364,459,364,458,363,457,363,456,362,455,362,454,361,453,360,452,359,451,358,451,357,450,356,450,355,449,354,449,353,449,352,448,351,448,350,448,349,448,348,448
313,464,312,465,311,465,310,466,309,466,308,466,307,467,307,468,306,469,305,470,304,471,304,472,304,473,304,474,303,475,304,476,304,477,304,478,305,479,306,480,306,481,307,482,308,482,309,483,310,483,311,483,312,484,313,484,314,484,315,484,316,484,317,484,318,484,319,483,320,483,321,483,322,482,323,481,323,480,324,479,324,478,325,477,325,476,325,475,325,474,325,473,325,472,325,471,324,470,324,469,323,468,322,467,321,466,320,465,319,465,318,465,317,464,316,464,315,464,314,464
377,474,376,475,375,475,374,476,373,476,372,476,371,477,370,477,370,478,369,479,368,480,367,481,367,482,367,483,366,484,366,485,367,486,367,487,367,488,367,489,368,490,368,491,368,492,369,493,369,494,370,495,371,496,371,497,372,498,372,499,373,500,374,500,375,501,376,501,377,501,378,502,379,502,380,502,381,502,382,502,383,502,384,502,385,502,386,502,387,501,388,500,389,500,390,500,391,499,392,498,393,497,394,496,395,495,395,494,396,493,396,492,396,491,396,490,396,489,396,488,396,487,396,486,395,485,395,484,395,483,394,482,394,481,393,480,392,479,391,478,390,477,389,476,388,475,387,475,386,475,385,474,384,474,383,474,382,475,381,474,380,474,379,474,378,474
337,479,336,480,335,480,334,481,333,481,332,482,331,483,330,484,330,485,329,486,329,487,328,488,328,489,328,490,328,491,328,492,329,493,329,494,330,495,331,496,331,497,332,498,333,499,334,500,335,500,336,501,337,501,338,502,339,502,340,502,341,502,342,502,343,502,344,501,345,501,346,500,347,500,348,499,349,499,350,498,351,497,351,496,352,495,352,494,352,493,352,492,353,491,353,490,353,489,353,488,352,487,352,486,352,485,351,484,350,483,349,482,348,482,347,481,346,481,345,480,344,480,343,479,342,479,341,479,340,479,339,479,338,479
313,494,312,495,311,496,310,496,310,497,309,498,309,499,309,500,308,501,308,502,308,503,308,504,308,505,308,506,308,507,309,508,309,509,309,510,310,510,311,511,312,511,313,511,314,511,315,511,316,511,317,511,318,511,319,511,320,511,321,511,322,511,323,511,324,511,325,511,326,511,327,511,328,510,329,510,330,510,331,510,332,509,332,508,332,507,332,506,332,505,332,504,332,503,331,502,330,501,330,500,329,499,328,498,327,497,326,496,325,495,324,495,323,494,322,494,321,494,320,494,319,494,318,494,317,494,316,494,315,494,314,494
354,500,353,501,352,501,351,501,350,502,349,502,348,503,347,504,346,505,345,506,345,507,344,508,344,509,344,510,345,511,346,511,347,511,348,511,349,511,350,511,351,511,352,511,353,511,354,511,355,511,356,511,357,511,358,511,359,511,360,511,361,511,362,511,363,511,364,511,365,511,366,511,367,511,368,511,369,510,370,510,370,509,371,508,370,507,369,506,368,505,368,504,367,503,366,503,365,502,364,502,363,502,362,501,361,501,360,500,359,500,358,500,357,500,356,500,355,500
