117,100,116,101,115,101,114,101,113,102,112,103,111,104,111,105,110,106,110,107,109,108,109,109,108,110,108,111,107,112,107,113,107,114,107,115,106,116,106,117,106,118,107,119,107,120,107,121,107,122,107,123,108,124,109,125,109,126,110,127,110,128,111,129,112,129,113,130,114,130,115,130,116,130,117,129,118,129,119,128,120,127,121,126,122,125,123,124,123,123,124,122,125,121,125,120,126,119,126,118,127,117,127,116,127,115,128,114,128,113,128,112,128,111,129,110,129,109,128,108,128,107,128,106,127,105,126,104,125,103,124,102,123,101,122,101,121,101,120,100,119,100,118,100
164,129,163,130,162,130,161,130,160,130,159,130,158,131,157,132,156,133,155,134,155,135,154,136,154,137,154,138,154,139,154,140,154,141,154,142,154,143,154,144,154,145,154,146,154,147,155,148,155,149,156,150,156,151,157,152,158,153,158,154,158,155,159,156,160,156,161,156,162,157,163,157,164,157,165,158,166,158,167,158,168,158,169,157,170,157,171,156,172,156,173,155,174,154,175,153,175,152,176,151,176,150,176,149,177,148,177,147,177,146,177,145,177,144,177,143,176,142,176,141,176,140,175,139,175,138,174,137,174,136,173,135,173,134,172,134,171,133,170,132,169,131,168,130,167,130,166,130,165,130
194,130,193,131,192,131,191,132,190,133,189,134,189,135,188,136,188,137,187,138,187,139,187,140,186,141,186,142,185,143,185,144,185,145,184,146,184,147,183,148,183,149,183,150,183,151,183,152,183,153,184,154,184,155,185,156,186,157,186,158,187,158,188,158,189,159,190,158,191,158,192,158,193,158,194,158,195,157,196,157,197,156,197,155,198,154,199,153,199,152,200,151,201,150,202,149,203,149,204,148,205,147,206,146,207,145,207,144,207,143,207,142,208,141,208,140,209,139,209,138,210,137,210,136,211,135,212,134,211,133,210,132,209,132,208,131,207,131,206,130,205,130,204,130,203,130,202,130,201,130,200,130,199,130,198,130,197,130,196,130,195,130
219,139,219,140,219,141,218,142,218,143,218,144,218,145,218,146,218,147,218,148,218,149,219,150,220,151,221,152,221,153,222,154,222,155,222,156,223,157,223,158,223,159,223,160,224,161,225,162,225,163,226,164,227,165,228,166,229,166,230,167,231,167,232,167,233,168,234,168,235,168,236,168,237,168,238,168,239,169,240,169,241,169,242,170,243,169,244,168,244,167,245,166,246,165,246,164,247,163,248,162,248,161,249,160,250,159,250,158,250,157,250,156,250,155,250,154,250,153,249,152,248,151,247,150,246,149,245,149,244,148,243,148,242,147,241,147,240,147,239,146,238,146,237,146,236,145,235,144,234,144,233,143,232,143,231,142,230,142,229,141,228,141,227,140,226,140,225,140,224,139,223,139,222,139,221,139,220,139
206,147,205,148,204,149,203,150,202,150,201,151,200,152,200,153,199,154,198,155,198,156,197,157,197,158,197,159,197,160,197,161,197,162,197,163,198,164,198,165,199,166,200,167,201,168,202,168,203,169,204,169,205,169,206,169,207,170,208,170,209,170,210,170,211,171,212,171,213,171,214,170,215,170,216,170,217,170,218,170,219,169,220,168,220,167,221,166,221,165,222,164,222,163,222,162,223,161,222,160,222,159,222,158,222,157,221,156,221,155,221,154,220,153,220,152,219,151,218,150,217,150,216,149,215,148,214,148,213,148,212,148,211,147,210,147,209,147,208,147,207,147
158,156,158,157,157,158,156,158,155,158,154,158,153,158,152,158,151,158,150,158,149,158,148,158,147,159,146,159,145,160,144,161,143,162,143,163,143,164,143,165,142,166,142,167,142,168,142,169,142,170,142,171,143,171,144,171,145,172,146,172,147,173,148,173,149,173,150,173,151,173,152,173,153,173,154,172,155,172,156,172,157,172,158,172,159,171,160,171,161,171,162,172,162,171,162,170,163,169,163,168,164,167,165,166,165,165,166,164,167,163,167,162,167,161,168,160,167,159,166,159,165,159,164,158,163,158,162,158,161,157,160,157,159,157
255,157,254,158,253,158,252,159,251,158,251,159,250,160,249,161,249,162,248,163,247,164,247,165,246,166,245,167,245,168,244,169,244,170,243,171,243,172,243,173,244,174,244,175,244,176,244,177,245,178,245,179,246,180,246,181,246,182,247,183,247,184,248,185,248,186,249,187,249,188,250,189,250,190,251,191,252,191,253,191,254,191,255,191,256,190,257,190,258,189,259,188,260,187,261,186,262,185,262,184,263,183,263,182,264,181,265,180,265,179,266,178,267,177,267,176,268,175,267,174,267,173,267,172,268,171,268,170,268,169,268,168,268,167,268,166,268,165,267,164,267,163,266,162,265,161,264,160,263,159,262,159,261,158,260,158,259,157,258,157,257,157,256,157
177,159,176,160,175,160,174,160,173,160,172,160,171,160,170,160,169,160,168,161,168,162,168,163,167,164,166,165,166,166,165,167,164,168,164,169,163,170,163,171,163,172,163,173,163,174,164,175,164,176,165,176,166,177,167,178,168,178,169,179,170,179,171,179,172,179,173,179,174,179,175,178,176,178,177,178,178,177,179,177,180,176,181,176,182,175,183,175,184,175,185,174,186,174,187,173,188,173,189,173,190,172,190,171,191,170,191,169,191,168,191,167,191,166,191,165,191,164,191,163,190,162,190,161,189,160,188,159,187,159,186,159,185,159,184,159,183,159,182,159,181,159,180,160,179,160,178,160
233,169,232,170,231,170,231,171,230,172,230,173,229,174,228,175,228,176,228,177,228,178,227,179,227,180,227,181,227,182,227,183,228,184,229,185,229,186,230,187,230,188,230,189,230,190,230,191,230,192,231,193,231,194,232,195,233,196,234,196,235,197,236,197,237,198,238,199,239,198,240,199,241,198,242,198,243,197,244,196,245,195,246,194,247,193,248,192,249,191,249,190,249,189,248,188,248,187,247,186,247,185,246,184,246,183,245,182,245,181,245,180,244,179,244,178,243,177,243,176,243,175,243,174,242,173,242,172,242,171,241,170,240,170,239,170,238,169,237,169,236,169,235,169,234,169
271,169,270,170,269,170,269,171,268,172,268,173,268,174,269,175,270,175,271,176,272,176,273,176,274,176,275,176,276,175,276,174,277,173,277,172,277,171,276,170,275,169,274,169,273,169,272,169
217,171,216,172,215,172,214,172,213,172,212,172,211,172,210,172,209,172,208,172,207,172,206,172,205,172,204,172,203,172,202,173,201,173,200,173,199,173,198,174,197,174,197,175,196,176,195,177,194,177,193,177,192,178,191,178,191,179,191,180,190,181,191,182,191,183,192,184,193,184,194,185,194,186,195,187,196,188,196,189,196,190,196,191,197,192,197,193,197,194,198,195,199,196,200,197,201,197,202,198,203,199,204,198,205,198,206,197,207,197,208,196,209,195,210,195,211,194,211,193,212,192,213,191,214,190,215,190,216,189,217,189,218,189,219,188,220,188,221,188,222,187,223,187,224,186,225,185,226,184,227,184,226,183,226,182,226,181,226,180,226,179,227,178,227,177,227,176,227,175,226,174,225,173,224,173,223,172,222,172,221,172,220,172,219,171,218,171
141,172,141,173,141,174,140,175,140,176,140,177,140,178,140,179,141,180,141,181,141,182,142,183,143,184,143,185,144,186,145,187,145,188,146,189,146,190,147,191,147,192,147,193,148,194,149,195,150,196,151,197,152,197,153,198,154,198,155,198,156,197,157,197,158,196,159,195,159,194,160,193,160,192,161,191,161,190,161,189,161,188,162,187,162,186,162,185,163,184,163,183,163,182,163,181,163,180,163,179,163,178,163,177,163,176,163,175,162,174,162,173,161,172,160,172,159,172,158,173,157,173,156,173,155,173,154,173,153,174,152,174,151,174,150,174,149,174,148,174,147,174,146,173,145,173,144,172,143,172,142,172
285,182,284,183,283,183,283,184,282,185,282,186,282,187,282,188,282,189,282,190,282,191,283,192,283,193,283,194,283,195,283,196,283,197,283,198,284,199,284,200,284,201,285,202,285,203,286,204,287,203,288,203,289,202,290,202,291,201,292,201,293,200,293,199,294,198,295,197,296,196,296,195,296,194,297,193,297,192,296,191,296,190,295,189,295,188,294,187,293,186,292,185,291,184,290,183,289,183,288,182,287,182,286,182
269,186,268,187,267,187,266,188,265,188,264,189,263,190,262,191,262,192,261,193,261,194,261,195,261,196,261,197,261,198,261,199,261,200,262,201,262,202,263,203,264,204,265,205,266,206,267,207,268,208,269,209,270,209,271,209,272,209,273,209,274,209,275,209,276,209,277,208,278,207,279,207,280,206,280,205,280,204,281,203,281,202,282,201,282,200,283,199,282,198,282,197,282,196,282,195,282,194,282,193,282,192,281,191,281,190,281,189,280,189,279,188,278,188,277,187,276,187,275,187,274,186,273,186,272,186,271,186,270,186
195,194,194,195,193,196,192,197,191,198,191,199,190,200,190,201,189,202,189,203,188,204,187,205,187,206,187,207,187,208,187,209,187,210,186,211,186,212,185,213,186,214,187,215,187,216,188,217,189,218,190,219,191,219,192,220,193,221,194,221,195,222,195,221,196,220,197,219,198,219,199,219,199,218,200,217,200,216,201,215,201,214,202,213,202,212,203,211,204,210,203,209,203,208,203,207,203,206,203,205,203,204,203,203,202,202,202,201,202,200,202,199,201,198,200,198,199,197,198,196,197,195,196,195
167,195,166,196,165,196,164,196,163,197,162,198,161,198,161,199,160,200,159,200,159,201,158,202,158,203,158,204,158,205,158,206,158,207,159,208,159,209,160,210,160,211,160,212,160,213,161,214,162,215,163,215,164,215,165,216,166,216,167,216,168,217,169,217,170,217,171,217,172,217,173,217,174,217,175,218,176,218,177,218,178,218,179,217,180,216,181,216,182,215,183,214,184,213,185,212,185,211,186,210,186,209,186,208,186,207,186,206,186,205,185,204,184,203,183,202,182,201,181,200,180,199,179,198,178,198,177,197,176,197,175,197,174,196,173,196,172,195,171,195,170,195,169,195,168,195
237,199,236,200,235,201,234,201,233,202,232,202,232,203,231,204,231,205,230,206,230,207,230,208,231,209,231,210,231,211,232,212,232,213,231,214,232,215,233,215,234,216,235,216,236,216,237,216,238,216,239,217,240,217,241,217,242,216,243,216,244,215,245,215,246,214,247,213,247,212,248,211,248,210,248,209,248,208,249,207,249,206,249,205,249,204,250,203,249,202,248,201,247,201,246,201,245,200,244,200,243,200,242,199,241,199,240,200,239,199,238,200
296,200,295,201,294,202,293,202,292,203,291,203,291,204,290,205,289,206,288,207,288,208,287,209,287,210,287,211,286,212,286,213,286,214,285,215,285,216,285,217,285,218,285,219,286,220,286,221,286,222,287,223,288,224,288,225,289,225,290,226,291,226,292,227,293,227,294,227,295,227,296,227,297,227,298,227,299,227,300,227,301,227,302,226,303,226,304,226,305,225,306,225,307,224,308,224,309,223,310,223,311,222,312,221,313,220,313,219,314,218,314,217,314,216,314,215,314,214,313,213,313,212,312,211,312,210,311,209,310,208,309,207,309,206,308,205,307,204,306,204,305,203,304,203,303,202,302,202,301,201,300,201,299,201,298,201,297,201
254,202,253,203,252,203,251,204,250,204,250,205,250,206,250,207,249,208,249,209,249,210,249,211,248,212,248,213,249,214,250,215,250,216,251,217,252,218,253,219,254,220,255,221,256,221,257,222,258,222,259,223,260,223,261,223,262,223,263,222,264,222,265,221,266,220,267,219,268,218,268,217,269,216,270,215,270,214,270,213,270,212,269,211,269,210,268,209,267,208,266,207,265,206,264,205,263,204,262,203,261,203,260,203,259,203,258,203,257,202,256,202,255,202
221,206,220,207,219,207,218,207,217,207,216,207,215,208,214,208,213,208,212,208,211,208,210,208,209,209,208,209,207,209,206,210,205,210,204,211,203,212,203,213,202,214,202,215,201,216,201,217,200,218,200,219,200,220,200,221,200,222,200,223,201,224,201,225,202,225,203,226,204,226,205,226,206,227,207,227,208,227,209,227,210,227,211,226,212,226,213,226,214,226,215,226,216,226,217,225,218,225,219,224,220,223,221,222,222,221,223,220,224,219,225,218,225,217,226,216,226,215,227,214,227,213,227,212,228,211,227,210,227,209,226,208,225,207,224,207,223,206,222,206
160,214,160,215,159,216,159,217,160,218,161,219,160,220,160,221,160,222,160,223,159,224,158,225,157,225,157,226,158,227,159,228,159,229,160,230,160,231,160,232,160,233,161,233,162,234,163,234,164,235,165,235,166,235,167,236,168,236,169,236,170,235,171,235,172,234,173,234,174,233,175,232,176,231,177,230,177,229,178,228,178,227,178,226,178,225,178,224,178,223,177,222,177,221,177,220,177,219,176,219,175,219,174,218,173,218,172,218,171,218,170,218,169,218,168,218,167,217,166,217,165,217,164,216,163,216,162,216,161,215
236,219,235,220,234,220,233,220,232,220,231,221,230,221,229,222,228,223,227,223,226,224,225,225,224,226,224,227,223,228,223,229,223,230,223,231,223,232,223,233,223,234,223,235,224,236,224,237,224,238,225,238,226,239,226,240,227,240,228,241,229,242,230,243,231,243,232,243,233,243,234,243,235,243,236,243,237,243,238,243,239,242,240,242,241,241,242,241,243,240,244,240,244,239,245,238,246,237,247,236,248,235,248,234,248,233,248,232,248,231,248,230,248,229,248,228,248,227,247,226,247,225,247,224,246,224,245,223,244,223,243,222,242,221,241,220,240,220,239,219,238,219,237,219
317,223,316,224,315,224,314,224,313,224,312,224,311,224,310,225,309,226,308,227,307,228,306,229,306,230,305,231,305,232,305,233,305,234,305,235,305,236,305,237,305,238,305,239,305,240,306,241,306,242,307,243,307,244,308,245,309,246,310,246,311,246,312,246,313,246,314,246,315,246,316,246,317,245,318,245,319,245,320,244,321,243,322,243,323,242,324,241,324,240,324,239,325,238,325,237,325,236,325,235,325,234,325,233,324,232,324,231,324,230,323,229,323,228,322,227,321,226,321,225,320,224,319,224,318,223
195,225,194,226,193,226,192,227,191,227,190,227,189,227,188,228,187,228,186,228,185,228,184,229,183,229,182,229,181,229,180,229,179,229,178,229,178,230,177,231,176,232,175,233,174,234,173,235,172,235,171,236,170,236,169,237,168,237,167,238,167,239,167,240,166,241,166,242,166,243,166,244,166,245,167,246,167,247,168,248,168,249,169,250,169,251,170,252,171,253,172,254,173,255,174,255,175,256,176,256,177,257,178,257,179,257,180,257,181,257,182,257,183,257,184,257,185,257,186,256,187,255,188,254,189,254,190,253,191,252,192,251,193,250,194,249,195,248,196,247,197,246,198,245,199,244,199,243,200,242,201,241,201,240,202,239,202,238,203,237,204,236,204,235,204,234,203,233,203,232,202,231,201,230,200,229,199,229,198,228,197,227,196,226
288,226,287,227,286,227,285,227,284,227,283,227,282,228,281,228,280,229,279,230,278,230,277,231,276,232,275,232,275,233,274,234,273,235,272,236,272,237,271,238,271,239,270,240,269,241,269,242,269,243,269,244,269,245,268,246,268,247,269,248,269,249,269,250,270,251,270,252,271,253,272,253,273,254,274,254,275,255,276,255,277,255,278,255,279,255,280,255,281,256,281,255,282,254,283,253,284,252,285,251,285,250,286,249,287,248,288,247,289,246,290,245,291,244,292,243,293,242,294,241,295,240,296,239,297,238,296,237,297,236,296,235,296,234,296,233,296,232,295,231,295,230,294,229,293,229,292,228,291,227,290,227,289,226
214,236,213,237,212,237,211,237,210,237,209,238,208,238,207,239,206,240,205,241,204,242,203,243,203,244,202,245,202,246,201,247,201,248,201,249,201,250,201,251,201,252,201,253,200,254,201,255,201,256,201,257,201,258,202,259,203,260,203,261,204,262,205,263,205,264,205,265,206,265,207,266,208,267,208,268,209,268,210,268,211,268,212,268,213,268,214,267,215,267,216,266,217,266,218,265,218,264,218,263,218,262,219,261,220,260,221,259,222,259,223,260,224,260,225,260,226,261,227,261,228,261,229,262,230,262,231,263,232,263,233,262,234,262,235,261,236,260,237,259,238,258,239,257,239,256,240,255,240,254,240,253,240,252,240,251,240,250,239,249,238,249,237,248,237,247,237,246,236,245,235,245,234,246,233,246,232,246,231,245,230,244,229,243,228,243,227,242,226,242,225,241,225,240,224,239,223,239,222,238,221,237,220,237,219,236,218,236,217,236,216,236,215,236
297,239,296,240,295,241,294,242,293,243,292,244,291,245,290,246,289,247,288,248,287,249,286,250,286,251,285,252,284,253,283,254,282,255,282,256,282,257,283,258,284,259,284,260,285,261,286,262,287,262,288,263,289,264,290,264,291,264,292,264,293,264,294,264,295,264,296,264,297,264,298,264,299,263,300,263,301,262,302,261,303,261,303,260,304,259,305,258,305,257,306,256,306,255,306,254,306,253,306,252,306,251,306,250,307,249,307,248,307,247,307,246,307,245,306,244,306,243,305,242,305,241,304,240,303,240,302,240,301,239,300,239,299,239,298,239
322,252,321,253,320,253,319,253,318,253,317,253,316,254,315,255,314,256,314,257,313,258,313,259,312,260,312,261,312,262,312,263,312,264,313,265,313,266,314,267,315,268,316,269,317,269,318,270,319,270,320,271,321,271,322,271,323,271,324,270,325,270,326,269,327,268,328,267,329,266,330,266,330,265,330,264,330,263,330,262,329,261,329,260,329,259,329,258,329,257,328,256,328,255,327,254,326,253,325,253,324,253,323,252
193,256,192,257,191,257,190,258,189,258,188,258,187,259,186,260,185,261,184,262,183,263,182,264,181,265,181,266,180,267,180,268,180,269,180,270,180,271,180,272,180,273,181,274,182,275,183,276,184,277,185,278,186,279,187,280,187,281,188,281,189,282,190,282,191,282,192,281,193,281,194,280,195,279,196,279,197,279,198,278,198,277,199,276,200,275,201,274,201,273,202,272,202,271,203,270,203,269,203,268,204,267,204,266,204,265,204,264,204,263,203,262,202,261,202,260,201,259,200,258,200,257,199,257,198,257,197,257,196,257,195,256,194,256
261,257,260,258,259,258,258,259,257,260,256,261,255,262,255,263,254,264,254,265,254,266,254,267,254,268,254,269,254,270,253,271,253,272,253,273,253,274,253,275,253,276,254,277,254,278,255,279,256,280,257,281,258,281,259,282,260,282,261,282,262,282,263,282,264,282,265,282,266,281,267,281,268,280,269,280,270,279,271,278,271,277,272,276,272,275,273,274,273,273,273,272,273,271,273,270,273,269,273,268,273,267,273,266,273,265,272,264,272,263,272,262,272,261,271,260,271,259,270,258,269,258,268,257,267,257,266,257,265,257,264,257,263,257,262,257
338,258,337,259,336,260,335,260,334,261,333,262,333,263,332,264,332,265,332,266,332,267,332,268,333,269,334,270,335,271,336,271,337,271,338,271,339,271,340,271,341,271,342,271,343,270,344,270,345,269,346,268,346,267,346,266,347,265,347,264,346,263,346,262,346,261,345,260,344,259,343,258,342,258,341,258,340,258,339,258
287,265,286,266,285,266,284,266,283,267,282,268,281,268,280,269,280,270,279,271,279,272,279,273,278,274,278,275,278,276,278,277,279,278,279,279,280,280,280,281,280,282,281,283,282,284,282,285,283,285,284,286,285,287,286,287,287,288,288,288,289,288,290,288,291,288,292,288,293,288,294,288,295,287,296,287,297,287,298,286,299,286,300,286,301,285,302,284,303,284,304,283,305,282,306,281,306,280,307,279,307,278,308,277,308,276,308,275,308,274,308,273,308,272,307,271,307,270,307,269,306,268,305,268,304,267,303,267,302,266,301,266,300,266,299,266,298,265,297,265,296,265,295,265,294,265,293,265,292,265,291,265,290,265,289,265,288,265
218,266,217,267,216,267,215,268,214,268,213,269,212,269,211,269,210,269,209,269,209,270,208,271,207,272,206,272,205,273,204,273,203,274,202,274,201,275,200,276,199,277,199,278,198,279,197,280,197,281,197,282,197,283,197,284,198,285,198,286,199,287,200,287,201,287,202,286,203,286,204,286,205,286,206,286,207,285,208,285,209,285,210,285,211,285,212,284,213,284,214,283,215,282,216,282,217,281,218,280,219,279,220,278,221,278,222,277,223,276,224,275,225,274,226,274,226,273,227,272,227,271,226,270,226,269,225,268,224,267,223,267,222,267,221,266,220,266,219,266
227,274,226,275,225,275,224,276,223,277,222,278,221,279,220,279,219,280,218,281,217,282,216,283,215,283,214,284,213,285,212,285,211,286,211,287,211,288,211,289,211,290,210,291,211,292,211,293,212,294,213,294,214,294,215,295,216,295,217,295,218,295,219,294,220,294,221,294,222,294,223,293,224,293,225,292,226,292,227,291,228,290,229,290,230,289,231,289,232,288,233,287,234,287,235,286,236,286,237,285,238,285,239,284,240,283,241,283,241,282,242,281,242,280,242,279,242,278,242,277,242,276,241,275,240,275,239,275,238,275,237,274,236,274,235,274,234,274,233,274,232,274,231,274,230,274,229,274,228,275
330,275,329,276,328,276,327,276,326,276,325,277,324,277,323,277,322,278,321,279,320,280,319,281,319,282,318,283,318,284,318,285,318,286,318,287,318,288,319,289,320,290,321,291,322,291,323,291,324,292,325,292,326,292,327,293,328,293,329,293,330,292,331,292,332,292,333,291,334,290,335,289,335,288,336,287,337,286,337,285,338,284,339,283,339,282,339,281,339,280,339,279,339,278,339,277,338,276,337,275,336,275,335,275,334,275,333,275,332,275,331,275
256,287,255,288,254,288,253,289,252,290,251,291,250,292,249,293,249,294,248,295,248,296,248,297,248,298,248,299,248,300,248,301,249,302,250,303,250,304,250,305,251,306,251,307,252,308,252,309,253,310,254,311,255,312,256,312,257,312,258,312,259,313,260,313,261,313,262,312,263,311,264,310,265,309,266,308,267,307,267,306,268,305,268,304,268,303,269,302,269,301,269,300,270,299,270,298,270,297,271,296,270,295,270,294,270,293,269,292,268,291,267,290,266,289,265,289,264,288,263,288,262,288,261,288,260,288,259,288,258,287,257,287
333,292,332,293,331,293,330,293,329,294,328,294,327,294,326,294,325,294,324,295,323,295,322,296,321,296,320,296,319,297,318,297,317,298,316,298,315,299,314,299,313,299,312,300,311,300,310,301,310,302,309,303,309,304,308,305,308,306,308,307,308,308,308,309,308,310,309,311,310,312,311,312,312,313,313,313,314,313,315,313,316,312,317,312,318,312,319,312,320,312,321,311,322,311,323,310,324,310,325,309,326,309,327,308,328,308,329,308,330,307,331,307,332,306,333,306,334,305,335,305,336,304,337,304,338,303,339,303,340,302,341,301,341,300,342,299,342,298,342,297,342,296,341,295,341,294,340,293,339,293,338,293,337,292,336,292,335,292,334,292
236,296,235,297,234,298,233,298,232,299,231,300,230,301,229,302,229,303,228,304,228,305,228,306,227,307,227,308,227,309,227,310,227,311,228,312,228,313,228,314,229,315,229,316,230,317,230,318,231,319,232,320,233,321,234,322,235,322,236,323,237,323,238,323,239,324,240,324,241,324,242,324,243,323,244,323,245,322,246,321,247,320,248,319,248,318,249,317,249,316,249,315,250,314,249,313,249,312,249,311,249,310,249,309,249,308,249,307,248,306,248,305,247,304,247,303,247,302,247,301,246,300,245,299,244,298,243,297,242,296,241,296,240,296,239,296,238,296,237,296
279,301,278,302,277,303,276,303,275,303,274,304,273,305,272,306,271,306,270,307,269,307,268,308,267,308,266,309,265,310,264,311,263,312,262,313,261,314,260,314,260,315,260,316,259,317,259,318,259,319,260,320,260,321,261,322,262,323,263,323,264,324,265,324,266,325,267,325,268,325,269,325,270,325,271,324,272,324,273,323,274,323,275,322,276,321,277,320,278,319,279,318,280,317,281,317,282,316,283,315,284,314,285,313,286,313,286,312,287,311,288,310,289,309,289,308,289,307,288,306,288,305,287,304,287,303,287,302,286,301,285,301,284,301,283,301,282,301,281,301,280,301
334,310,333,311,332,312,331,313,331,314,331,315,331,316,331,317,332,318,332,319,333,320,334,320,335,321,336,321,337,322,338,322,339,322,340,322,341,323,342,323,343,323,344,322,345,322,345,321,345,320,345,319,345,318,345,317,344,316,344,315,344,314,343,313,343,312,342,311,341,310,340,310,339,310,338,310,337,310,336,310,335,310
320,317,319,318,318,318,317,319,316,320,315,321,315,322,314,323,314,324,314,325,314,326,314,327,314,328,314,329,314,330,315,331,316,332,317,332,318,333,319,333,320,333,321,333,322,333,323,334,324,333,325,332,326,332,327,332,328,331,329,330,330,329,330,328,331,327,331,326,331,325,331,324,331,323,331,322,331,321,330,320,329,319,328,318,327,318,326,317,325,317,324,317,323,317,322,317,321,317
281,321,280,322,279,322,278,322,277,322,276,323,275,324,274,324,273,324,273,325,272,326,271,327,271,328,270,329,269,330,268,331,268,332,267,333,267,334,267,335,268,336,269,337,270,337,271,337,272,337,273,337,274,337,275,337,276,337,277,336,278,336,279,336,280,335,281,334,282,334,283,333,284,332,285,331,286,330,286,329,287,328,287,327,287,326,286,325,286,324,285,323,284,322,283,322,282,321
295,327,294,328,293,328,292,328,291,329,290,329,289,330,288,331,287,332,286,332,285,333,284,334,283,335,282,336,282,337,281,338,280,339,279,340,279,341,279,342,278,343,278,344,278,345,278,346,279,347,279,348,280,348,281,349,282,349,283,348,284,348,285,347,286,347,287,346,288,346,289,345,290,344,291,343,292,342,292,341,293,340,294,339,295,338,296,337,297,336,298,335,299,334,300,333,300,332,300,331,300,330,299,329,299,328,298,328,297,327,296,327
320,335,319,336,318,336,317,336,316,336,315,337,314,337,313,337,312,338,311,338,310,339,309,339,308,340,307,341,306,342,306,343,305,344,305,345,305,346,305,347,305,348,305,349,305,350,305,351,306,352,307,352,308,352,309,352,310,352,311,352,312,351,313,351,314,350,315,350,316,349,317,349,318,348,319,347,320,347,321,346,322,346,323,345,324,344,325,343,326,342,326,341,327,340,328,339,328,338,327,337,326,336,325,335,324,335,323,335,322,335,321,335
295,341,294,342,293,342,292,343,291,344,290,345,289,346,288,347,288,348,288,349,288,350,288,351,288,352,287,353,287,354,287,355,288,356,288,357,288,358,289,359,290,360,291,360,292,361,293,361,294,361,295,361,296,361,297,361,298,360,299,360,300,359,300,358,301,357,301,356,302,355,302,354,303,353,303,352,304,351,304,350,304,349,304,348,304,347,304,346,304,345,304,344,304,343,303,342,302,342,301,341,300,341,299,341,298,341,297,341,296,341
339,347,338,348,337,348,336,348,335,349,334,349,333,349,332,350,331,350,330,350,329,351,328,351,327,351,326,352,325,352,324,352,323,353,322,353,321,353,320,354,319,354,318,354,317,355,316,355,315,356,314,356,313,357,312,358,311,359,310,360,309,361,309,362,308,363,308,364,308,365,307,366,307,367,308,368,308,369,308,370,309,371,310,371,311,371,312,371,313,371,314,371,315,371,316,370,317,370,318,369,319,369,320,368,321,367,322,367,323,366,324,365,325,365,326,364,327,364,328,363,329,362,330,362,331,361,332,361,333,361,334,360,335,359,336,359,337,358,338,358,339,357,340,357,341,356,342,356,343,355,344,355,345,354,345,353,346,352,346,351,346,350,346,349,346,348,345,347,344,347,343,347,342,347,341,347,340,347
348,355,347,356,346,356,345,356,344,357,343,357,342,358,341,359,340,359,339,359,338,360,337,360,336,361,335,361,334,361,333,362,332,362,332,363,331,364,330,364,329,365,329,366,328,367,328,368,328,369,328,370,329,371,330,372,331,372,332,372,333,372,334,371,335,371,336,371,337,371,338,370,339,370,340,370,341,369,342,369,343,369,344,369,345,369,346,369,347,369,348,369,349,368,350,368,351,368,352,368,353,368,354,368,355,368,356,368,357,368,358,367,359,366,360,366,361,365,362,364,362,363,362,362,362,361,362,360,362,359,361,358,360,357,359,356,358,356,357,355,356,355,355,355,354,355,353,355,352,355,351,355,350,355,349,355
349,369,348,370,347,370,346,370,345,371,344,371,343,372,342,372,341,372,340,372,339,372,338,373,337,373,336,373,335,374,334,374,333,375,332,375,331,375,330,376,329,376,328,376,327,376,326,377,325,377,324,378,323,379,322,380,321,381,320,382,320,383,320,384,320,385,320,386,320,387,321,388,322,388,323,389,324,389,325,389,326,389,327,389,328,388,329,388,330,387,331,387,332,386,333,386,334,386,335,385,336,385,337,384,338,384,339,384,340,384,341,383,342,383,343,383,344,383,345,383,346,383,347,383,348,383,349,383,350,383,351,382,352,381,353,381,354,381,355,380,356,380,357,380,358,379,359,379,360,378,361,377,361,376,361,375,361,374,361,373,361,372,360,371,359,370,358,369,357,369,356,369,355,369,354,369,353,369,352,369,351,369,350,369
344,384,343,385,342,385,341,385,340,386,339,386,338,386,337,387,336,387,335,387,334,387,333,387,332,387,331,388,330,388,329,389,328,389,327,390,327,391,326,392,325,393,325,394,324,395,324,396,325,397,326,398,327,398,328,399,329,399,330,399,331,399,332,399,333,399,334,399,335,399,336,399,337,399,338,398,339,398,340,397,341,397,342,396,343,396,344,395,345,394,346,394,347,393,348,393,349,392,350,391,351,391,351,390,351,389,352,388,352,387,351,386,351,385,350,384,349,384,348,384,347,384,346,384,345,385
353,391,352,392,351,392,350,392,349,393,348,394,347,394,346,395,345,395,344,396,343,397,342,397,341,398,340,398,339,399,338,399,337,400,336,400,335,400,334,400,334,401,333,402,333,403,334,404,334,405,335,406,336,406,337,406,338,406,339,406,340,406,341,406,342,406,343,406,344,406,345,406,346,406,347,406,348,406,349,406,350,406,351,406,352,406,353,405,354,405,355,405,356,405,357,405,358,404,359,404,360,404,361,403,362,403,363,402,364,401,364,400,365,399,365,398,365,397,365,396,364,395,364,394,363,393,363,392,362,392,361,391,360,391,359,391,358,391,357,391,356,391,355,391,354,391
367,405,366,406,365,407,364,408,363,408,362,409,361,410,360,411,359,412,358,412,357,413,356,414,355,414,354,415,353,416,352,416,351,417,350,418,349,418,348,419,347,420,346,421,346,422,345,423,345,424,346,425,346,426,347,426,348,427,349,427,350,427,351,427,352,427,353,427,354,427,355,427,356,427,357,426,358,426,359,426,360,426,361,426,362,426,363,426,364,426,365,425,366,425,367,425,368,424,369,424,370,423,371,422,372,421,372,420,373,419,374,419,374,418,374,417,374,416,374,415,374,414,374,413,375,412,375,411,375,410,374,409,374,408,374,407,373,406,372,406,371,405,370,405,369,405,368,405
336,407,336,408,335,409,334,409,333,409,332,410,331,410,330,411,329,411,328,411,327,412,327,413,326,414,326,415,326,416,327,417,328,417,329,418,330,418,331,418,332,419,333,419,334,419,335,419,336,419,337,419,338,419,339,419,340,419,341,419,342,419,343,419,344,419,345,418,346,418,347,418,348,418,349,417,350,417,351,416,352,415,353,415,354,414,355,413,355,412,355,411,355,410,354,409,353,409,352,408,351,408,350,407,349,407,348,407,347,407,346,407,345,407,344,407,343,407,342,407,341,407,340,407,339,407,338,407,337,407
384,407,383,408,382,408,381,408,380,409,379,409,378,409,377,410,376,411,376,412,375,413,375,414,375,415,375,416,375,417,376,418,376,419,377,420,378,421,379,421,380,421,381,421,382,421,383,421,384,422,385,422,386,422,387,422,388,423,389,423,390,423,391,423,392,423,392,422,393,421,393,420,394,419,394,418,395,417,395,416,395,415,394,414,394,413,393,412,392,411,391,410,390,409,389,408,388,408,387,408,386,407,385,407
396,417,395,418,395,419,394,420,394,421,393,422,393,423,392,424,392,425,393,426,393,427,394,428,394,429,395,430,395,431,396,432,397,432,398,431,399,431,400,431,401,431,402,431,403,430,404,430,405,429,406,428,406,427,406,426,406,425,406,424,406,423,406,422,405,421,405,420,404,419,403,419,402,418,401,418,400,417,399,417,398,417,397,417
316,418,315,419,314,419,313,419,312,420,311,421,310,422,309,422,308,423,308,424,307,425,307,426,307,427,307,428,307,429,307,430,307,431,307,432,307,433,308,434,309,435,310,435,311,436,312,436,313,436,314,436,315,436,316,436,317,436,318,436,319,435,320,435,321,434,322,434,323,433,324,433,325,432,326,431,327,430,327,429,328,428,328,427,329,426,328,425,328,424,328,423,327,422,326,421,325,421,324,420,323,420,322,420,321,419,320,419,319,419,318,419,317,418
296,421,295,422,294,422,293,422,292,423,291,424,290,424,290,425,289,426,289,427,289,428,288,429,288,430,288,431,287,432,287,433,288,434,288,435,288,436,288,437,288,438,289,439,289,440,290,441,291,442,292,443,293,444,294,444,295,444,296,444,297,443,298,443,299,443,300,442,301,442,302,441,303,440,303,439,304,438,304,437,305,436,305,435,305,434,306,433,306,432,306,431,306,430,306,429,306,428,306,427,306,426,306,425,305,424,304,423,303,422,302,422,301,422,300,422,299,421,298,421,297,421
377,422,376,423,375,424,374,425,374,426,373,427,373,428,373,429,373,430,374,431,374,432,374,433,375,434,376,435,377,436,378,437,379,437,380,438,381,438,382,438,383,438,384,439,385,439,386,439,387,439,388,439,389,438,390,438,391,438,392,437,393,436,394,435,394,434,395,433,396,433,395,432,394,431,394,430,393,429,393,428,392,427,392,426,391,425,391,424,390,424,389,424,388,424,387,423,386,423,385,423,384,423,383,422,382,422,381,422,380,422,379,422,378,422
323,441,322,442,321,442,320,442,319,443,318,443,317,444,316,445,315,446,314,446,313,447,312,448,312,449,311,450,311,451,310,452,310,453,309,454,309,455,309,456,309,457,309,458,309,459,309,460,309,461,309,462,309,463,310,464,310,465,310,466,310,467,311,468,311,469,312,470,313,471,313,472,314,473,315,474,316,475,317,475,318,476,319,476,320,477,321,477,322,478,323,478,324,478,325,478,326,478,327,478,328,478,329,478,330,478,331,477,332,477,333,477,334,476,335,476,336,476,337,475,338,474,339,473,340,472,341,471,341,470,342,469,342,468,343,467,343,466,343,465,344,464,344,463,345,462,345,461,345,460,345,459,345,458,345,457,344,456,344,455,344,454,343,453,343,452,342,451,342,450,341,449,341,448,340,447,339,446,338,445,337,444,336,443,335,443,334,442,333,442,332,441,331,441,330,441,329,441,328,441,327,441,326,441,325,441,324,441
396,441,395,442,394,442,393,443,392,443,391,444,390,445,390,446,390,447,390,448,390,449,390,450,391,451,392,452,393,453,394,454,395,455,396,456,397,456,398,457,399,457,400,457,401,457,402,457,403,457,404,457,405,457,406,457,407,457,408,457,409,456,410,456,411,456,412,455,413,455,414,454,415,453,416,453,416,452,417,451,417,450,417,449,416,448,415,447,414,446,413,445,412,445,411,444,410,443,409,443,408,442,407,442,406,442,405,441,404,441,403,441,402,441,401,441,400,441,399,441,398,441,397,441
280,443,279,444,278,445,277,446,276,447,276,448,276,449,276,450,276,451,276,452,276,453,277,454,278,455,279,456,280,456,281,456,282,456,283,456,284,456,285,456,286,455,287,455,288,454,289,453,289,452,290,451,290,450,290,449,290,448,289,447,289,446,288,445,287,444,286,443,285,443,284,443,283,443,282,443,281,443
360,453,359,454,358,454,357,454,356,455,355,455,354,456,353,456,352,457,351,457,350,458,350,459,349,460,348,461,348,462,347,463,347,464,346,465,346,466,346,467,346,468,345,469,345,470,345,471,345,472,345,473,345,474,345,475,345,476,346,477,346,478,346,479,347,480,347,481,348,482,348,483,349,484,349,485,350,486,351,487,352,487,353,488,354,488,355,489,356,489,357,490,358,490,359,490,360,490,361,490,362,490,363,490,364,490,365,490,366,490,367,489,368,489,369,488,370,488,371,488,372,487,373,487,374,486,375,485,376,484,377,483,378,482,378,481,379,480,380,479,380,478,380,477,381,476,381,475,381,474,381,473,382,472,382,471,382,470,382,469,382,468,382,467,382,466,381,465,381,464,381,463,380,462,380,461,379,460,379,459,378,458,377,457,376,456,375,456,374,455,373,454,372,454,371,454,370,453,369,453,368,453,367,453,366,453,365,453,364,453,363,453,362,453,361,453
421,459,420,460,419,460,418,461,417,462,416,463,416,464,415,465,415,466,415,467,415,468,415,469,416,470,416,471,417,472,417,473,418,474,419,475,420,476,421,476,422,476,423,476,424,476,425,475,426,475,427,474,428,473,429,472,429,471,430,470,430,469,430,468,430,467,430,466,429,465,429,464,428,463,428,462,427,461,426,461,425,460,424,460,423,460,422,459
280,466,279,467,278,467,277,467,276,468,275,469,274,470,274,471,274,472,274,473,274,474,274,475,274,476,274,477,275,478,275,479,276,479,277,479,278,479,279,479,280,480,281,480,282,480,283,481,284,481,285,482,286,481,287,481,288,481,289,481,290,481,290,480,291,479,292,478,292,477,292,476,292,475,292,474,292,473,292,472,292,471,291,470,290,469,289,468,288,467,287,467,286,467,285,467,284,467,283,466,282,466,281,466
393,478,392,479,391,479,390,479,389,479,388,480,387,480,386,480,385,481,384,482,383,482,382,483,381,484,380,485,379,486,378,487,378,488,377,489,376,490,376,491,376,492,376,493,376,494,375,495,375,496,376,497,376,498,376,499,376,500,377,501,377,502,377,503,377,504,378,505,378,506,379,507,379,508,380,508,381,509,382,510,383,510,384,510,385,510,386,511,387,511,388,511,389,511,390,511,391,511,392,511,393,511,394,511,395,511,396,511,397,511,398,511,399,511,400,511,401,511,402,511,403,510,404,510,405,510,406,510,406,509,407,508,408,507,408,506,409,505,409,504,410,503,410,502,410,501,410,500,410,499,410,498,410,497,410,496,410,495,410,494,410,493,410,492,410,491,410,490,410,489,409,488,409,487,409,486,408,485,407,484,407,483,406,482,405,481,404,481,403,480,402,480,401,480,400,479,399,479,398,479,397,479,396,479,395,479,394,479
274,480,273,481,272,481,271,482,270,482,269,482,268,483,267,484,266,485,266,486,265,487,265,488,264,489,264,490,264,491,265,492,265,493,266,494,267,494,268,495,269,495,270,495,271,496,272,496,273,496,274,496,275,495,276,496,277,496,278,496,279,496,280,496,281,496,282,496,283,496,284,496,285,496,286,496,287,495,288,495,288,494,289,493,289,492,289,491,289,490,289,489,289,488,288,487,287,486,286,485,286,484,285,483,284,482,283,482,282,481,281,481,280,481,279,480,278,480,277,480,276,480,275,480
424,483,423,484,422,485,421,485,420,486,420,487,419,488,419,489,419,490,418,491,418,492,418,493,418,494,418,495,418,496,418,497,418,498,419,499,419,500,420,501,420,502,421,503,422,504,423,504,424,505,425,506,426,506,427,505,428,505,429,504,430,504,431,503,432,503,433,502,434,501,434,500,435,499,435,498,435,497,435,496,435,495,436,494,436,493,435,492,435,491,435,490,435,489,435,488,435,487,434,486,434,485,433,484,432,484,431,483,430,483,429,483,428,483,427,483,426,483,425,483
317,485,316,486,315,486,314,486,313,486,312,487,311,487,310,488,309,489,308,490,307,490,306,491,305,492,304,493,304,494,303,495,302,496,302,497,302,498,302,499,302,500,302,501,302,502,302,503,302,504,302,505,303,506,303,507,303,508,303,509,304,510,305,511,306,511,307,511,308,511,309,511,310,511,311,511,312,511,313,511,314,511,315,511,316,511,317,511,318,511,319,511,320,511,321,511,322,511,323,511,324,511,325,511,326,511,327,511,328,511,329,511,330,511,331,511,332,511,333,511,334,511,335,511,336,511,337,511,338,510,339,510,339,509,339,508,339,507,339,506,339,505,339,504,339,503,339,502,338,501,338,500,338,499,338,498,337,497,337,496,336,495,336,494,335,493,335,492,334,491,333,490,332,490,331,489,330,488,329,488,328,487,327,487,326,486,325,486,324,486,323,485,322,485,321,485,320,485,319,485,318,485
153,490,152,491,151,491,150,492,149,492,148,493,148,494,147,495,146,495,146,496,145,497,144,498,144,499,144,500,144,501,143,502,143,503,143,504,144,505,144,506,144,507,145,508,146,509,147,509,148,510,149,510,150,510,151,511,152,510,153,510,154,510,155,510,156,510,157,510,158,510,159,510,160,509,161,509,162,508,163,507,164,506,165,505,166,504,166,503,167,502,168,501,168,500,169,499,169,498,168,497,168,496,167,495,166,494,165,493,164,493,163,492,162,492,161,491,160,491,159,491,158,490,157,490,156,490,155,490,154,490
356,490,355,491,354,491,353,492,352,492,351,492,350,493,349,494,348,494,347,495,346,496,345,497,345,498,344,499,344,500,344,501,343,502,343,503,343,504,343,505,343,506,343,507,343,508,344,509,345,510,346,511,347,511,348,511,349,511,350,511,351,511,352,511,353,511,354,511,355,511,356,511,357,511,358,511,359,511,360,511,361,511,362,511,363,511,364,511,365,511,366,511,367,511,368,511,369,511,370,510,371,510,372,510,373,510,374,510,375,510,376,510,377,509,378,508,378,507,377,506,377,505,376,504,376,503,376,502,376,501,375,500,375,499,375,498,374,497,373,497,372,496,371,495,370,494,369,494,368,494,367,493,366,493,365,493,364,492,363,491,362,491,361,491,360,491,359,491,358,491,357,491
182,494,181,495,180,495,179,496,178,496,177,497,177,498,176,499,175,500,175,501,175,502,175,503,175,504,175,505,176,506,176,507,176,508,177,509,177,510,178,510,179,510,180,511,181,511,182,511,183,511,184,511,185,511,186,511,187,511,188,510,189,510,190,510,191,509,192,508,192,507,193,506,193,505,193,504,194,503,194,502,193,501,193,500,193,499,192,498,192,497,191,496,190,496,189,495,188,495,187,494,186,494,185,494,184,494,183,494
121,498,120,499,119,499,118,500,117,501,117,502,116,503,116,504,115,505,115,506,115,507,115,508,116,509,116,510,117,510,118,511,119,511,120,511,121,511,122,511,123,511,124,511,125,511,126,511,127,511,128,511,129,511,130,511,131,511,132,511,133,511,134,511,135,511,136,510,137,509,138,508,138,507,138,506,138,505,138,504,137,503,137,502,136,502,135,501,134,500,133,500,132,499,131,498,130,498,129,498,128,498,127,498,126,498,125,498,124,498,123,498,122,498
281,498,280,499,279,499,278,499,277,499,276,500,275,501,274,501,273,502,272,502,272,503,271,504,270,505,270,506,269,507,269,508,269,509,269,510,270,511,271,511,272,511,273,511,274,511,275,511,276,511,277,511,278,511,279,511,280,511,281,511,282,511,283,511,284,511,285,511,286,511,287,511,288,511,289,511,290,511,291,511,292,510,293,509,293,508,293,507,293,506,293,505,292,504,291,503,291,502,290,501,289,501,288,500,287,499,286,499,285,499,284,499,283,499,282,499
