154,66,153,67,152,67,151,67,150,68,149,68,148,69,147,70,147,71,146,72,146,73,146,74,146,75,146,76,146,77,146,78,146,79,147,80,148,81,149,81,150,82,151,82,152,82,153,82,154,82,155,82,156,82,157,83,158,83,159,83,160,83,161,83,162,82,163,82,164,81,165,81,166,80,166,79,167,78,167,77,167,76,167,75,167,74,166,73,166,72,166,71,165,70,165,69,164,69,163,68,162,67,161,67,160,66,159,66,158,66,157,66,156,66,155,66
90,77,89,78,88,78,87,78,86,78,85,78,84,79,83,79,82,79,81,80,80,81,79,82,79,83,79,84,79,85,79,86,79,87,78,88,79,89,79,90,80,91,80,92,81,93,82,94,83,95,84,95,85,96,86,95,87,95,88,95,89,94,90,94,91,93,92,93,93,92,94,91,95,91,96,90,97,89,98,88,99,87,100,86,101,85,101,84,101,83,101,82,100,81,99,80,99,79,98,79,97,78,96,78,95,77,94,78,93,77,92,77,91,77
104,90,103,91,102,91,101,91,100,92,99,92,98,93,98,94,97,95,97,96,97,97,97,98,96,99,96,100,96,101,96,102,96,103,97,104,97,105,98,106,99,107,99,108,100,109,101,109,102,109,103,110,104,109,105,108,106,108,107,107,108,106,109,105,110,105,110,104,111,103,111,102,112,101,112,100,112,99,112,98,112,97,112,96,111,95,111,94,110,93,110,92,109,92,108,91,107,91,106,91,105,91
111,105,110,106,109,106,108,107,107,108,106,109,105,109,104,110,103,111,103,112,103,113,104,114,103,115,103,116,104,117,104,118,105,119,106,120,107,120,108,121,109,122,110,123,111,122,112,122,113,121,114,121,115,120,116,120,117,119,118,118,119,118,120,117,120,116,121,115,121,114,121,113,121,112,122,111,122,110,121,110,120,109,119,108,118,108,117,107,116,107,115,106,114,106,113,106,112,106
130,107,129,108,128,108,127,108,126,109,125,109,124,110,123,110,123,111,122,112,122,113,122,114,122,115,121,116,122,117,123,118,124,118,125,119,126,119,127,120,128,121,129,122,130,122,131,123,132,124,132,125,133,126,134,127,135,128,135,129,136,130,137,131,137,132,138,133,139,134,140,134,141,134,142,134,143,133,144,132,145,132,146,131,147,130,148,129,149,128,149,127,150,126,151,125,151,124,152,123,152,122,153,121,153,120,154,119,154,118,154,117,154,116,154,115,154,114,154,113,153,112,152,111,151,111,150,110,149,109,148,109,147,108,146,108,145,108,144,107,143,107,142,107,141,108,140,108,139,108,138,108,137,108,136,108,135,108,134,107,133,107,132,107,131,107
121,117,120,118,119,119,118,119,117,120,116,121,115,121,114,122,113,122,112,123,111,123,110,124,110,125,109,126,109,127,109,128,109,129,109,130,109,131,109,132,109,133,109,134,109,135,109,136,109,137,109,138,109,139,110,140,110,141,110,142,111,143,111,144,111,145,112,146,113,147,114,148,115,148,116,149,117,149,118,150,119,150,120,150,121,150,122,150,123,150,124,150,125,150,126,150,127,150,128,149,129,149,130,149,131,148,132,148,133,147,134,146,135,145,136,144,136,143,137,142,137,141,138,140,138,139,138,138,139,137,139,136,139,135,138,134,137,133,136,132,136,131,135,130,134,129,134,128,133,127,132,126,131,125,131,124,130,123,129,123,128,122,127,121,126,120,125,120,124,119,123,119,122,118
172,120,171,121,170,121,169,122,168,123,168,124,168,125,169,126,169,127,169,128,170,129,170,130,171,131,172,132,172,133,173,134,174,135,175,136,176,137,177,138,178,139,179,140,180,141,181,141,182,141,183,140,184,140,185,139,186,140,187,139,188,139,189,138,190,137,191,137,192,136,193,135,194,134,195,133,196,132,197,131,197,130,198,129,198,128,198,127,198,126,197,125,197,124,196,123,195,123,194,122,193,122,192,121,191,121,190,120,189,120,188,120,187,120,186,120,185,120,184,120,183,120,182,120,181,120,180,120,179,120,178,120,177,120,176,120,175,120,174,120,173,120
193,136,192,137,191,138,190,138,189,139,188,140,187,140,186,141,186,142,186,143,186,144,186,145,186,146,186,147,186,148,186,149,186,150,187,151,187,152,187,153,188,154,189,155,190,156,191,157,191,158,192,158,193,159,194,160,195,160,196,161,197,162,198,162,199,162,200,163,201,163,202,163,203,163,204,164,205,164,206,164,207,164,208,164,209,163,210,163,211,162,212,162,213,162,214,161,215,161,216,160,217,159,218,158,219,157,219,156,220,155,220,154,220,153,220,152,220,151,220,150,220,149,220,148,220,147,219,146,219,145,219,144,218,143,218,142,217,142,216,141,215,140,214,139,213,139,212,138,211,138,210,137,209,137,208,137,207,136,206,136,205,136,204,136,203,136,202,136,201,136,200,136,199,136,198,136,197,136,196,137,195,137,194,137
157,142,156,143,155,143,154,144,153,144,152,145,151,146,151,147,150,148,150,149,150,150,150,151,150,152,150,153,150,154,150,155,150,156,150,157,150,158,150,159,150,160,151,161,151,162,151,163,151,164,152,165,152,166,152,167,153,168,153,169,153,170,154,171,155,172,156,173,156,174,157,175,158,176,159,176,160,177,161,178,162,178,163,179,164,179,165,179,166,179,167,179,168,180,169,180,170,180,171,180,172,180,173,180,174,179,175,179,176,178,177,178,178,178,179,178,180,177,180,176,181,175,182,174,182,173,183,172,183,171,183,170,183,169,183,168,183,167,183,166,182,165,182,164,182,163,181,162,181,161,181,160,180,159,180,158,180,157,179,156,179,155,179,154,178,153,177,152,177,151,176,150,176,149,175,148,174,147,173,146,172,145,171,145,170,144,169,144,168,143,167,143,166,142,165,142,164,142,163,142,162,142,161,142,160,142,159,142,158,142
231,145,230,146,229,146,228,147,227,148,226,149,225,150,225,151,225,152,225,153,224,154,224,155,224,156,224,157,223,158,223,159,223,160,223,161,223,162,224,163,225,163,226,163,227,164,228,164,229,164,230,164,231,165,232,165,233,165,234,165,235,165,236,166,237,166,238,166,239,167,240,167,241,168,242,168,243,169,244,169,245,170,246,169,247,168,248,167,249,166,249,165,249,164,250,163,250,162,250,161,250,160,250,159,249,158,249,157,249,156,248,155,248,154,248,153,247,152,246,151,245,150,244,149,244,148,243,148,242,147,241,146,240,146,239,145,238,145,237,145,236,145,235,145,234,145,233,145,232,145
132,157,131,158,130,158,129,158,128,158,127,159,126,159,125,160,124,161,123,162,122,163,122,164,121,165,121,166,121,167,121,168,120,169,120,170,120,171,120,172,121,173,121,174,121,175,122,176,122,177,123,178,124,179,125,180,126,181,126,182,127,183,127,184,128,185,129,186,129,187,130,188,131,189,132,190,133,191,134,191,135,191,136,191,137,191,138,191,139,191,140,191,141,191,142,190,143,189,144,189,145,188,146,187,147,186,147,185,148,184,148,183,148,182,149,181,149,180,149,179,149,178,150,177,150,176,150,175,150,174,150,173,150,172,150,171,150,170,150,169,149,168,149,167,148,166,148,165,147,164,147,163,146,162,145,161,144,160,143,159,142,159,141,158,140,158,139,157,138,157,137,157,136,157,135,157,134,157,133,157
89,160,88,161,87,161,86,162,85,163,85,164,84,165,84,166,83,167,83,168,83,169,83,170,83,171,83,172,84,173,85,174,85,175,86,176,87,177,88,177,89,178,90,178,91,178,92,179,93,179,94,179,95,179,96,179,97,178,98,178,99,178,100,177,101,177,102,176,103,175,104,174,105,173,105,172,105,171,105,170,105,169,105,168,104,167,104,166,103,165,103,164,102,163,101,163,100,162,99,162,98,161,97,161,96,160,95,160,94,160,93,160,92,160,91,160,90,160
189,170,188,171,187,171,186,172,185,172,184,172,183,173,183,174,182,175,181,176,181,177,180,178,179,179,180,180,180,181,180,182,180,183,180,184,180,185,180,186,180,187,181,188,181,189,182,190,183,191,184,192,185,192,186,192,187,193,188,193,189,193,190,192,191,192,192,192,193,192,194,192,195,191,196,191,197,191,198,191,199,191,200,190,201,190,202,190,203,189,204,188,205,187,206,187,207,186,208,185,209,184,210,183,210,182,211,181,211,180,211,179,211,178,211,177,211,176,210,175,210,174,209,173,208,172,207,172,206,171,205,171,204,171,203,171,202,170,201,170,200,170,199,170,198,170,197,170,196,170,195,170,194,170,193,170,192,170,191,170,190,170
254,171,253,172,252,172,251,172,250,173,249,174,248,175,248,176,248,177,248,178,248,179,248,180,248,181,248,182,248,183,249,184,249,185,249,186,250,187,250,188,251,189,251,190,252,191,252,192,252,193,253,194,254,195,254,196,255,197,255,198,256,197,257,198,258,198,259,198,260,198,261,198,262,199,263,199,264,198,265,197,266,196,267,195,268,194,268,193,269,192,269,191,269,190,270,189,270,188,270,187,270,186,270,185,271,184,270,183,269,182,269,181,269,180,269,179,268,178,268,177,268,176,267,175,267,174,267,173,266,172,265,172,264,171,263,171,262,171,261,171,260,171,259,171,258,171,257,171,256,171,255,171
275,182,274,183,273,183,272,183,272,184,271,185,271,186,271,187,271,188,271,189,270,190,270,191,270,192,269,193,269,194,268,195,267,196,266,197,265,198,264,199,263,200,263,201,263,202,262,203,261,204,260,205,259,206,259,207,258,208,257,209,256,210,255,210,254,211,254,212,253,213,252,214,251,215,252,215,253,216,253,217,253,218,254,219,254,220,253,221,254,222,255,223,255,224,256,224,257,224,258,225,259,225,260,225,261,226,262,225,263,225,264,225,265,224,266,224,267,224,268,224,269,224,270,224,271,224,272,224,273,224,274,224,275,224,276,224,277,225,278,225,279,225,280,224,279,223,280,222,281,222,282,221,283,221,284,221,285,221,286,221,287,221,287,220,287,219,287,218,288,217,289,218,289,219,290,218,291,217,292,216,293,215,294,214,295,213,296,212,297,211,298,210,297,209,297,208,296,207,295,206,295,205,295,204,294,204,293,204,292,203,291,203,290,203,289,202,289,201,289,200,289,199,288,198,288,197,288,196,287,195,287,194,287,193,286,192,285,191,285,190,285,189,284,188,283,187,282,186,281,185,280,184,279,184,278,183,277,183,276,182
168,187,167,188,166,188,165,188,164,188,163,189,162,190,161,190,160,191,159,192,158,192,157,193,156,194,155,194,154,195,153,195,152,196,151,196,150,197,149,198,148,198,147,199,146,200,146,201,146,202,145,203,145,204,146,205,146,206,146,207,146,208,147,209,147,210,148,211,149,211,150,212,151,213,152,213,153,214,154,214,155,215,156,215,157,215,158,215,159,215,160,215,161,215,162,215,163,214,164,214,165,214,166,214,167,213,168,213,169,212,170,212,171,211,172,210,172,209,173,208,173,207,174,206,174,205,175,204,176,203,176,202,177,201,178,200,178,199,178,198,178,197,178,196,178,195,178,194,178,193,177,192,176,191,176,190,175,190,174,190,173,189,172,189,171,188,170,188,169,187
215,187,214,188,213,188,212,189,211,189,210,190,209,191,208,192,208,193,207,194,207,195,206,196,206,197,206,198,205,199,205,200,205,201,205,202,205,203,205,204,205,205,205,206,205,207,205,208,205,209,205,210,205,211,205,212,205,213,205,214,205,215,205,216,204,217,205,218,205,219,206,220,207,220,208,220,209,221,210,221,211,222,212,222,213,223,214,223,215,224,216,224,217,225,218,226,219,227,220,228,221,228,222,229,223,229,223,228,224,227,224,226,224,225,225,224,225,223,225,222,226,221,226,220,226,219,227,218,228,217,228,216,228,215,228,214,229,213,229,212,229,211,228,210,227,210,226,209,225,208,225,207,225,206,224,205,224,204,223,203,223,202,223,201,223,200,223,199,223,198,223,197,222,196,222,195,222,194,222,193,221,192,220,191,220,190,219,189,218,188,217,187,216,188
244,190,243,191,242,192,241,192,240,192,239,193,238,193,237,194,236,194,235,194,234,195,233,195,232,196,231,196,230,197,229,197,228,197,227,198,227,199,227,200,228,201,228,202,228,203,228,204,229,205,230,206,231,207,232,208,233,209,234,210,235,210,236,211,237,211,238,212,239,212,240,212,241,212,242,212,243,212,244,212,245,211,246,211,247,211,248,210,249,209,250,208,251,207,252,206,252,205,252,204,253,203,253,202,254,201,254,200,254,199,254,198,254,197,253,196,253,195,252,194,251,193,250,192,249,192,248,191,247,191,246,191,245,190
122,191,121,192,120,193,119,194,119,195,118,196,118,197,118,198,118,199,118,200,119,201,119,202,120,203,120,204,121,205,121,206,122,207,122,208,123,209,124,210,125,210,126,211,127,211,128,212,129,212,130,212,131,212,132,213,133,213,134,213,135,212,136,212,137,211,138,211,139,210,139,209,140,208,140,207,140,206,140,205,140,204,140,203,140,202,140,201,139,200,139,199,139,198,138,197,138,196,137,195,136,195,135,194,134,193,133,193,132,192,131,192,130,191,129,191,128,191,127,191,126,191,125,191,124,191,123,191
188,197,187,198,186,198,185,198,184,198,183,198,182,199,181,199,180,200,179,199,179,200,178,201,177,202,177,203,176,204,175,205,175,206,174,207,174,208,173,209,173,210,172,211,172,212,172,213,172,214,172,215,173,216,173,217,173,218,174,219,175,220,175,221,176,222,177,223,178,224,179,224,180,225,181,225,182,225,183,226,184,226,185,225,186,225,187,225,188,225,189,225,190,226,190,225,190,224,191,223,192,223,193,223,194,222,195,222,195,221,195,220,196,219,197,218,197,217,198,216,199,215,200,215,201,214,201,213,201,212,201,211,201,210,201,209,201,208,200,207,200,206,200,205,199,204,199,203,198,202,197,201,196,201,195,200,194,200,193,199,192,199,191,198,190,198,189,198
139,211,138,212,137,212,136,213,135,213,134,214,133,214,132,214,132,215,132,216,131,217,130,218,130,219,129,220,129,221,129,222,130,223,130,224,131,225,131,226,132,227,133,228,134,229,135,230,136,230,137,230,138,230,139,230,140,230,141,230,142,229,143,228,144,227,145,226,145,225,146,224,147,223,148,222,148,221,149,220,150,219,149,219,148,218,148,217,147,216,147,215,146,214,145,213,144,212,143,212,142,212,141,212,140,211
298,211,297,212,296,213,295,214,294,215,293,216,292,217,291,218,290,219,289,220,289,221,289,222,289,223,288,224,288,225,288,226,288,227,287,228,287,229,287,230,287,231,286,232,286,233,286,234,287,235,287,236,287,237,287,238,288,237,289,237,290,237,291,236,292,236,293,236,294,236,295,235,296,235,297,235,298,235,299,235,300,235,301,235,302,235,303,235,304,235,304,234,305,233,305,232,306,231,307,230,307,229,308,228,308,227,308,226,308,225,308,224,308,223,307,222,307,221,307,220,307,219,306,218,306,217,305,216,305,215,304,214,303,214,302,213,301,213,300,212,299,212
230,212,230,213,229,214,229,215,229,216,229,217,228,218,227,219,227,220,227,221,226,222,226,223,226,224,225,225,225,226,225,227,224,228,224,229,225,229,226,229,227,229,228,229,229,229,230,229,231,230,232,231,233,232,234,233,235,234,236,235,237,236,238,237,239,238,240,239,241,239,242,240,243,240,244,240,245,240,246,240,247,239,248,239,249,238,250,237,250,236,250,235,251,234,251,233,252,232,253,231,253,230,254,229,254,228,254,227,255,226,255,225,254,224,254,223,253,222,252,221,252,220,251,219,250,218,251,217,250,216,250,215,249,215,248,215,247,214,246,215,245,215,244,215,243,215,242,215,241,215,240,215,239,214,238,214,237,214,236,214,235,214,234,213,233,213,232,213,231,213
204,219,204,220,204,221,204,222,203,223,202,224,201,224,201,225,200,226,199,226,198,227,197,228,196,228,196,229,195,230,194,231,193,230,194,231,194,232,194,233,194,234,194,235,195,236,195,237,196,238,197,239,197,240,198,241,199,242,199,243,200,244,201,244,202,245,203,245,204,246,205,246,206,246,207,246,208,246,209,246,210,247,211,246,212,245,213,244,214,244,215,243,216,242,217,242,218,241,219,241,220,241,221,240,222,240,223,239,224,239,223,238,223,237,223,236,223,235,222,234,222,233,222,232,221,231,222,230,221,229,220,229,219,228,218,227,217,226,216,225,215,225,214,224,213,224,212,223,211,223,210,222,209,222,208,221,207,221,206,221,205,220
150,220,149,221,149,222,148,223,147,224,146,225,146,226,145,227,144,228,143,229,142,230,141,231,142,232,142,233,142,234,142,235,142,236,143,237,143,238,143,239,144,240,145,241,145,242,146,243,146,244,146,245,147,246,148,247,149,248,150,249,151,250,152,251,153,252,154,252,155,252,156,253,157,253,158,253,159,252,160,251,160,250,160,249,161,248,161,247,161,246,161,245,161,244,161,243,161,242,161,241,161,240,161,239,161,238,161,237,162,236,162,235,162,234,161,233,161,232,161,231,161,230,160,229,160,228,160,227,160,226,159,225,159,224,158,223,157,222,156,221,155,221,154,221,153,221,152,221,151,220
265,225,264,226,263,226,262,226,261,227,261,228,260,229,260,230,259,231,259,232,259,233,258,234,258,235,258,236,258,237,258,238,258,239,259,240,259,241,259,242,260,243,260,244,261,245,261,246,261,247,262,248,262,249,263,250,264,251,265,252,266,253,267,253,268,254,269,254,270,254,271,254,272,254,273,253,274,254,274,255,275,254,276,254,277,253,278,252,279,251,280,250,281,249,282,248,282,247,283,246,283,245,284,244,284,243,284,242,285,241,285,240,286,239,286,238,286,237,286,236,286,235,285,234,285,233,284,232,283,231,283,230,282,229,281,228,281,227,280,226,279,226,278,226,277,226,276,225,275,225,274,225,273,225,272,225,271,225,270,225,269,225,268,225,267,225,266,225
170,226,169,227,168,227,167,228,166,228,165,228,165,229,164,230,164,231,164,232,163,233,163,234,163,235,163,236,164,237,164,238,164,239,164,240,164,241,164,242,164,243,164,244,165,245,165,246,165,247,166,248,166,249,167,250,168,250,169,251,170,251,171,251,172,252,173,252,174,252,175,252,176,253,177,253,178,252,179,253,180,253,181,252,182,252,183,252,184,252,185,252,186,251,187,251,187,250,188,249,188,248,189,247,189,246,189,245,189,244,190,243,190,242,189,241,188,240,187,239,186,238,185,237,184,236,183,235,182,234,181,233,180,233,179,232,178,231,178,230,177,229,176,228,175,227,174,227,173,226,172,226,171,226
295,236,294,237,293,237,292,237,291,237,290,238,289,238,288,238,287,239,286,240,286,241,286,242,285,243,285,244,285,245,284,246,283,247,283,248,282,249,281,250,280,251,279,252,278,253,277,254,276,255,275,255,274,256,275,257,276,257,277,258,278,259,279,259,280,260,281,261,282,262,283,263,284,263,285,262,286,261,287,260,287,259,288,258,289,258,290,257,291,256,292,255,293,255,294,255,294,254,295,253,296,252,297,251,298,250,299,250,299,249,300,248,301,247,301,246,302,245,302,244,302,243,303,242,303,241,303,240,303,239,303,238,303,237,303,236,302,236,301,236,300,236,299,236,298,236,297,236,296,236
223,240,222,241,221,241,220,242,219,242,218,242,217,243,216,243,215,244,214,245,213,245,212,246,211,247,210,248,210,249,210,250,211,251,212,252,212,253,213,254,214,255,215,256,216,257,217,258,218,257,219,258,220,258,221,258,222,258,223,258,224,258,225,258,226,257,227,257,228,256,229,255,230,254,231,253,231,252,231,251,231,250,231,249,231,248,231,247,230,246,230,245,230,244,229,243,228,242,227,241,226,241,225,240,224,240
311,243,310,244,309,245,308,245,307,246,306,246,305,247,304,248,303,249,302,250,301,250,300,250,300,251,300,252,300,253,299,254,299,255,298,256,298,257,297,258,297,259,297,260,297,261,297,262,297,263,297,264,297,265,298,266,298,267,299,268,300,268,301,268,302,268,303,268,304,268,305,268,306,268,307,267,308,266,309,265,310,264,311,264,312,263,313,262,314,261,315,260,316,260,316,259,317,258,317,257,317,256,318,255,318,254,319,253,319,252,319,251,319,250,319,249,319,248,319,247,318,246,318,245,317,245,316,244,315,244,314,243,313,243,312,243
193,247,192,248,191,249,190,250,190,251,190,252,189,253,188,254,188,255,188,256,187,257,186,258,185,258,185,259,185,260,185,261,186,262,186,263,186,264,186,265,186,266,186,267,186,268,186,269,187,270,187,271,187,272,187,273,188,274,188,275,189,276,189,277,190,278,191,278,192,278,193,278,194,278,195,278,196,278,197,279,198,279,199,279,200,278,201,278,202,278,203,278,204,277,205,277,206,277,207,276,208,275,209,274,210,274,211,274,211,273,212,272,213,271,214,271,215,270,215,269,216,268,216,267,217,266,217,265,217,264,217,263,217,262,217,261,217,260,216,259,216,258,215,257,214,256,213,255,212,254,211,253,211,252,210,251,209,250,208,250,207,250,206,249,205,249,204,249,203,248,202,248,201,248,200,248,199,248,198,247,197,247,196,247,195,247,194,247
248,247,247,248,246,248,245,248,244,249,243,250,243,251,242,252,242,253,242,254,241,255,241,256,240,257,241,258,241,259,241,260,241,261,241,262,242,263,243,264,244,265,244,266,245,267,246,268,247,269,248,270,249,271,250,272,251,273,252,274,253,274,254,273,255,272,256,273,257,272,258,272,259,271,260,270,261,269,262,268,263,267,263,266,264,265,264,264,264,263,264,262,264,261,265,260,264,259,264,258,264,257,264,256,263,255,263,254,263,253,262,252,261,252,260,251,259,250,258,249,257,249,256,248,255,248,254,247,253,247,252,247,251,247,250,247,249,247
166,251,165,252,164,253,163,253,162,253,161,254,160,254,159,255,158,256,158,257,157,258,157,259,157,260,157,261,157,262,158,263,158,264,159,265,160,266,161,267,162,267,163,268,164,268,165,268,166,268,167,268,168,268,169,268,170,267,171,267,172,266,173,266,174,265,174,264,175,263,176,262,176,261,177,260,177,259,178,258,179,257,180,256,179,255,178,255,177,254,176,254,175,253,174,253,173,253,172,253,171,252,170,252,169,252,168,251,167,251
181,256,180,257,179,258,178,259,178,260,177,261,177,262,176,263,175,264,175,265,174,266,174,267,174,268,174,269,174,270,174,271,174,272,174,273,174,274,174,275,174,276,174,277,174,278,174,279,174,280,175,281,176,282,177,283,178,284,179,284,180,284,181,284,182,284,183,283,184,283,185,282,186,281,187,280,188,279,189,278,188,277,188,276,187,275,187,274,186,273,186,272,186,271,186,270,185,269,185,268,185,267,185,266,185,265,185,264,185,263,185,262,184,261,184,260,184,259,184,258,183,258,182,257
229,259,228,260,227,260,226,261,225,261,225,262,225,263,225,264,225,265,224,266,224,267,224,268,224,269,223,270,223,271,223,272,223,273,224,274,224,275,224,276,224,277,224,278,224,279,225,280,226,281,226,282,227,283,228,283,229,284,230,284,231,285,232,285,233,286,234,286,235,286,236,286,237,285,238,285,239,285,240,284,241,284,242,284,243,284,244,284,245,283,246,283,246,282,247,281,248,280,249,279,249,278,250,277,251,277,251,276,251,275,251,274,250,273,249,272,248,271,247,270,246,269,245,268,244,267,243,266,243,265,242,264,241,263,240,262,240,261,239,262,238,261,237,260,236,260,235,260,234,259,233,259,232,259,231,259,230,259
317,260,316,261,315,261,314,262,313,263,312,264,311,265,310,265,309,266,308,267,307,268,306,269,305,270,305,271,305,272,306,273,307,274,308,275,309,276,310,277,310,278,311,279,312,280,313,281,314,282,315,281,316,280,317,279,318,278,319,277,319,276,320,275,321,274,321,273,322,272,322,271,323,270,323,269,323,268,323,267,323,266,323,265,323,264,323,263,322,262,321,261,320,261,319,260,318,260
303,272,302,273,301,273,300,274,299,274,298,273,297,273,296,274,295,274,294,274,293,273,293,274,292,275,292,276,291,277,291,278,290,279,290,280,289,281,289,282,288,283,288,284,288,285,288,286,288,287,288,288,289,289,290,290,289,291,288,291,289,291,290,292,291,292,292,292,293,293,294,294,295,294,296,295,297,295,298,295,299,295,300,295,301,295,302,294,303,294,304,293,305,293,306,294,307,293,307,292,308,291,309,290,309,289,309,288,310,287,311,286,311,285,312,284,313,283,313,282,312,281,311,280,310,279,309,278,309,277,308,276,307,275,306,274,305,273,304,272
214,277,213,278,212,279,211,280,210,281,209,282,208,282,207,283,206,284,205,285,204,285,203,286,202,287,201,287,200,288,199,289,198,290,198,291,197,292,196,293,195,294,195,295,194,296,194,297,194,298,194,299,194,300,195,301,196,302,197,302,198,302,199,302,200,302,201,302,202,302,203,303,204,302,205,302,206,302,207,302,208,302,209,301,210,301,211,300,212,300,213,300,214,299,215,298,216,298,217,298,218,297,219,297,220,296,221,296,222,295,223,294,224,293,225,292,226,291,226,290,227,289,226,288,226,287,226,286,226,285,226,284,226,283,225,282,225,281,224,280,223,279,223,278,222,277,221,277,220,277,219,277,218,277,217,277,216,278,215,277
329,277,328,278,327,279,326,279,325,280,324,281,323,282,322,283,321,284,320,284,319,285,318,285,317,286,316,286,315,287,314,288,313,288,312,289,311,289,310,290,309,291,308,292,308,293,308,294,308,295,308,296,308,297,307,298,307,299,308,300,308,301,309,302,310,303,311,303,312,304,313,305,314,304,315,304,316,304,317,304,318,304,319,303,320,302,321,302,322,301,323,300,324,300,325,299,326,299,327,298,328,298,329,297,330,296,331,296,332,295,333,295,334,294,335,293,336,292,336,291,337,290,337,289,338,288,338,287,338,286,338,285,338,284,338,283,338,282,337,281,337,280,336,279,335,278,334,277,333,277,332,277,331,277,330,277
284,296,284,297,283,298,282,298,281,299,280,298,279,299,278,299,277,299,277,300,276,301,275,301,274,301,273,301,272,300,271,301,270,302,269,303,268,304,267,305,266,305,265,306,264,307,263,307,262,308,261,309,260,310,259,311,258,312,257,313,256,314,255,315,254,316,253,317,253,318,252,319,252,320,251,321,251,322,251,323,250,324,250,325,250,326,250,327,250,328,250,329,250,330,250,331,251,332,251,333,251,334,251,335,251,336,252,337,252,338,252,339,252,340,252,341,253,341,254,342,255,343,256,343,257,343,258,343,259,343,260,343,261,342,262,342,263,342,264,342,265,341,265,340,266,339,267,338,267,337,268,336,269,335,270,334,271,333,272,333,273,333,274,332,275,331,276,331,277,330,278,329,279,328,280,328,281,327,282,326,282,325,283,324,284,323,284,322,285,321,286,320,286,319,286,318,287,317,287,316,287,315,288,314,288,313,289,312,290,311,290,310,290,309,290,308,290,307,291,306,291,305,291,304,291,303,291,302,291,301,290,300,290,299,290,298,289,299,288,298,287,299,286,298,286,297,285,297
321,304,320,305,319,305,318,305,317,305,316,305,315,305,314,306,313,307,312,307,311,308,310,308,309,309,308,310,307,311,306,311,305,312,304,312,303,313,302,313,301,314,300,315,299,316,298,317,297,318,296,319,295,320,295,321,294,322,294,323,294,324,293,325,293,326,294,327,294,328,295,328,296,329,297,329,298,329,299,329,300,329,301,329,302,328,303,328,304,328,305,327,306,327,307,326,308,326,309,326,310,325,311,325,312,325,313,324,314,324,315,323,316,323,317,322,318,321,319,320,320,320,321,319,322,318,323,317,324,316,325,315,326,314,327,313,327,312,327,311,327,310,327,309,326,308,326,307,325,307,324,306,323,305,322,305
291,334,290,335,289,335,288,335,287,336,286,336,285,337,284,338,283,339,283,340,283,341,283,342,283,343,283,344,283,345,284,346,285,346,286,347,286,348,287,348,288,348,289,348,290,349,291,348,292,349,293,348,294,348,295,348,296,347,297,346,298,345,298,344,299,343,299,342,299,341,299,340,299,339,299,338,298,337,297,336,296,335,295,335,294,335,293,334,292,334
186,412,185,413,184,413,183,413,182,413,181,414,180,415,179,416,179,417,178,418,178,419,178,420,177,421,177,422,176,423,176,424,176,425,176,426,177,427,177,428,178,429,178,430,179,431,179,432,180,433,181,434,182,435,183,435,184,436,185,436,186,436,187,436,188,436,189,436,190,437,191,436,192,436,193,435,194,435,195,434,196,434,197,433,198,432,199,431,199,430,200,429,200,428,200,427,200,426,200,425,200,424,200,423,199,422,199,421,198,420,198,419,197,418,196,417,195,416,194,416,193,415,192,414,191,414,190,413,189,413,188,413,187,413
159,415,158,416,157,417,156,417,155,418,154,419,153,420,152,421,151,422,150,423,150,424,149,425,149,426,149,427,149,428,149,429,149,430,149,431,149,432,149,433,150,434,150,435,151,436,152,437,153,437,154,438,155,439,156,439,157,439,158,440,159,440,160,440,161,440,162,439,163,439,164,439,165,438,166,438,167,438,168,437,169,436,170,435,171,434,172,433,172,432,173,431,173,430,174,429,174,428,174,427,174,426,175,425,175,424,174,424,173,423,173,422,172,421,172,420,171,419,170,418,169,417,168,416,167,416,166,415,165,415,164,415,163,415,162,415,161,415,160,415
343,418,342,419,341,420,340,420,339,420,338,421,337,422,336,423,336,424,335,425,335,426,335,427,335,428,335,429,335,430,335,431,335,432,336,433,336,434,337,435,338,436,339,437,340,438,341,439,342,439,343,440,344,440,345,440,346,440,347,440,348,440,349,440,350,440,351,440,352,439,353,439,354,439,355,438,356,437,356,436,357,435,357,434,358,433,358,432,358,431,358,430,358,429,357,428,357,427,357,426,357,425,356,424,356,423,355,422,354,421,353,420,352,419,351,419,350,419,349,418,348,418,347,418,346,418,345,418,344,418
130,424,129,425,128,425,127,426,126,426,125,427,124,427,123,428,122,429,121,430,121,431,120,432,120,433,120,434,120,435,120,436,120,437,120,438,120,439,121,440,121,441,122,442,122,443,123,444,124,445,125,445,126,446,127,447,128,448,129,448,130,449,131,449,132,448,133,448,134,448,135,448,136,448,137,448,138,447,139,447,140,446,141,446,141,445,142,444,143,444,143,443,144,442,144,441,144,440,145,439,145,438,145,437,145,436,145,435,145,434,145,433,145,432,144,431,144,430,144,429,143,428,142,428,141,427,140,426,139,426,138,425,137,425,136,424,135,424,134,424,133,424,132,424,131,424
310,424,309,425,308,425,307,425,306,425,305,426,304,426,303,427,302,427,301,428,300,429,299,430,298,431,297,432,296,433,296,434,295,435,295,436,295,437,295,438,295,439,295,440,295,441,295,442,296,443,296,444,297,445,298,446,299,446,300,446,301,446,302,446,303,447,304,447,305,447,306,447,306,446,307,445,308,444,309,444,310,443,311,442,312,442,313,441,314,440,315,439,315,438,316,437,316,436,317,435,317,434,317,433,317,432,318,431,318,430,317,429,316,428,316,427,315,426,314,426,313,425,312,425,311,424
209,426,208,427,207,427,206,427,205,428,204,429,203,430,203,431,203,432,203,433,203,434,203,435,203,436,203,437,203,438,204,439,204,440,205,441,206,442,207,443,208,443,209,443,210,444,211,444,212,444,213,444,214,445,215,445,216,444,217,444,218,444,219,443,220,443,221,442,222,441,223,440,223,439,224,438,224,437,224,436,224,435,224,434,224,433,224,432,223,431,223,430,222,429,222,428,221,427,220,426,219,426,218,426,217,426,216,426,215,426,214,426,213,426,212,426,211,426,210,426
376,430,375,431,374,431,373,431,372,432,371,432,370,433,369,433,369,434,368,435,368,436,367,437,367,438,367,439,367,440,367,441,367,442,367,443,368,444,368,445,368,446,369,446,370,447,370,448,371,449,372,450,373,451,374,452,375,453,376,454,377,454,378,454,379,454,380,454,381,454,382,454,383,454,384,454,385,454,386,453,387,453,388,453,389,452,390,452,391,451,392,451,393,450,394,449,395,449,395,448,395,447,395,446,395,445,396,444,396,443,395,442,395,441,394,440,394,439,393,438,392,437,391,436,391,435,390,435,389,434,388,433,387,432,386,432,385,431,384,431,383,430,382,430,381,430,380,430,379,430,378,430,377,430
233,439,232,440,231,440,230,441,229,441,228,442,227,443,227,444,226,445,226,446,225,447,225,448,225,449,225,450,225,451,225,452,225,453,225,454,226,455,226,456,226,457,227,458,228,459,229,460,230,460,231,461,232,461,233,461,234,461,235,461,236,461,237,461,238,461,239,461,240,460,241,460,242,459,243,458,244,457,245,456,245,455,246,454,246,453,246,452,246,451,247,450,246,449,246,448,246,447,245,446,245,445,245,444,244,443,243,442,242,441,242,440,241,440,240,440,239,439,238,439,237,439,236,439,235,439,234,439
347,443,346,444,345,444,344,444,343,444,342,444,341,444,340,445,339,445,338,445,337,446,336,446,335,447,334,448,333,449,333,450,332,451,332,452,331,453,331,454,331,455,331,456,331,457,331,458,331,459,332,460,332,461,333,462,333,463,334,464,335,465,335,466,336,466,337,466,338,466,339,466,340,467,341,467,342,467,343,467,344,467,345,468,346,468,347,468,348,468,349,469,350,469,351,470,352,470,353,470,354,471,355,471,355,470,356,469,357,468,358,468,359,467,360,466,361,465,361,464,362,463,363,463,363,462,364,461,365,461,366,460,367,459,367,458,367,457,368,456,368,455,368,454,368,453,368,452,368,451,367,450,367,449,367,448,366,447,366,446,365,446,364,446,363,446,362,446,361,446,360,445,359,445,358,444,357,444,356,444,355,444,354,444,353,444,352,444,351,444,350,444,349,443,348,443
111,444,110,445,109,445,108,445,107,446,106,446,105,447,104,447,103,448,102,449,101,450,100,450,99,451,99,452,98,453,97,454,96,455,95,456,94,457,93,458,93,459,92,460,91,461,91,462,90,463,90,464,90,465,89,466,89,467,89,468,89,469,89,470,90,471,90,472,90,473,91,474,92,475,93,476,94,477,95,477,96,478,97,478,98,479,99,479,100,479,101,479,102,479,103,479,104,479,105,479,106,478,107,478,108,477,109,477,110,476,111,475,112,474,113,473,114,472,115,471,116,471,117,470,118,469,119,468,120,467,121,466,121,465,122,464,122,463,123,462,123,461,123,460,123,459,123,458,123,457,122,456,122,455,122,454,121,453,121,452,120,451,120,450,119,449,118,448,117,447,116,446,115,445,114,445,113,444,112,444
164,444,163,445,162,445,161,445,160,446,159,446,158,447,157,448,156,449,155,450,154,451,154,452,153,453,152,454,152,455,151,456,150,457,149,458,149,459,148,460,148,461,147,462,147,463,147,464,146,465,146,466,146,467,146,468,146,469,146,470,146,471,146,472,147,473,147,474,147,475,148,476,148,477,149,478,150,479,151,480,152,481,153,481,154,482,155,482,156,483,157,483,158,484,159,484,160,484,161,484,162,485,163,485,164,485,165,485,166,485,167,485,168,485,169,485,170,485,171,485,172,484,173,484,174,484,175,484,176,483,177,483,178,482,179,482,180,481,181,480,182,480,183,479,184,478,185,477,186,476,186,475,187,474,187,473,188,472,188,471,189,470,189,469,189,468,189,467,189,466,190,465,190,464,190,463,190,462,189,461,189,460,189,459,189,458,189,457,188,456,188,455,187,454,187,453,186,452,186,451,185,450,184,449,183,449,182,448,181,447,180,447,179,446,178,446,177,445,176,445,175,445,174,444,173,444,172,444,171,444,170,444,169,444,168,444,167,444,166,444,165,444
394,450,393,451,392,452,391,452,390,453,389,453,388,454,387,454,386,454,385,455,384,455,383,455,382,455,381,455,380,455,379,455,378,455,377,455,376,455,376,456,376,457,375,458,374,459,373,460,373,461,372,462,371,463,371,464,371,465,370,466,371,467,371,468,371,469,370,470,371,471,371,472,371,473,371,474,371,475,371,476,372,477,373,478,373,479,374,480,375,481,376,482,377,482,378,483,379,483,380,483,381,484,382,485,383,486,384,487,385,488,386,489,387,490,387,491,388,492,388,493,389,494,390,495,390,496,391,497,392,498,393,498,394,499,395,500,396,500,397,500,398,501,399,501,400,500,401,500,402,500,403,499,404,499,405,499,406,499,407,499,408,498,409,497,410,497,410,496,411,495,412,494,412,493,413,492,413,491,413,490,413,489,414,488,414,487,414,486,414,485,414,484,415,483,415,482,415,481,416,480,416,479,416,478,416,477,417,476,417,475,418,474,418,473,418,472,418,471,418,470,418,469,418,468,418,467,417,466,417,465,417,464,417,463,416,462,416,461,415,460,415,459,414,458,413,457,412,456,411,456,410,455,409,454,408,454,407,453,406,453,405,453,404,452,403,452,402,451,401,451,400,451,399,451,398,450,397,451,396,451,395,450
281,462,280,463,279,463,278,463,277,464,276,464,275,465,275,466,274,467,274,468,274,469,274,470,274,471,274,472,275,473,275,474,276,475,277,476,278,477,279,477,280,477,281,478,282,478,283,478,284,479,285,479,286,478,287,478,288,478,289,477,290,477,291,476,292,475,293,474,294,473,294,472,294,471,294,470,294,469,293,468,293,467,292,466,291,465,290,464,289,464,288,463,287,463,286,462,285,462,284,462,283,462,282,462
249,465,248,466,247,467,246,468,245,469,245,470,244,471,244,472,244,473,244,474,244,475,244,476,244,477,244,478,244,479,244,480,244,481,245,482,245,483,245,484,245,485,245,486,245,487,245,488,245,489,245,490,246,491,245,492,245,493,245,494,245,495,245,496,245,497,246,498,246,499,246,500,247,501,247,502,247,503,248,504,249,505,249,506,250,507,250,508,251,509,251,510,252,510,253,510,254,510,255,510,256,510,257,510,258,511,259,511,260,511,261,511,262,511,263,510,264,510,265,510,266,510,267,509,267,508,268,507,268,506,268,505,268,504,269,503,269,502,269,501,269,500,269,499,270,498,270,497,270,496,270,495,270,494,270,493,270,492,270,491,270,490,270,489,270,488,269,487,269,486,269,485,269,484,268,483,268,482,268,481,267,480,267,479,266,478,266,477,266,476,265,475,264,474,264,473,263,472,262,471,262,470,261,469,260,468,259,467,258,467,257,466,256,465,255,465,254,465,253,465,252,465,251,465,250,465
334,467,333,468,332,469,331,469,330,470,329,471,328,471,327,472,326,473,325,474,324,475,324,476,323,477,323,478,322,479,322,480,321,481,321,482,321,483,321,484,321,485,321,486,321,487,321,488,321,489,321,490,321,491,322,492,322,493,322,494,323,495,324,496,324,497,325,498,326,499,326,500,326,501,327,501,328,501,329,502,330,502,331,502,332,503,333,504,334,504,335,504,336,504,337,504,338,505,339,505,340,505,341,505,342,505,343,505,344,505,345,505,346,505,347,504,348,505,349,505,350,504,351,504,352,503,353,502,354,501,355,500,356,499,356,498,357,497,357,496,358,495,358,494,358,493,359,492,359,491,359,490,359,489,359,488,359,487,359,486,359,485,359,484,359,483,359,482,358,481,358,480,358,479,357,478,357,477,356,476,356,475,355,474,355,473,355,472,354,472,353,471,352,471,351,471,350,470,349,470,348,469,347,469,346,469,345,469,344,468,343,468,342,468,341,468,340,468,339,467,338,467,337,467,336,467,335,467
206,471,205,472,204,472,203,472,202,472,201,472,200,473,199,474,198,474,197,475,196,476,195,476,194,477,194,478,193,479,192,480,192,481,191,482,190,483,190,484,189,485,189,486,188,487,188,488,187,489,187,490,187,491,186,492,187,493,186,494,186,495,186,496,186,497,186,498,187,499,187,500,187,501,188,502,188,503,189,504,189,505,190,505,191,506,192,507,193,507,194,508,195,509,196,509,197,509,198,509,199,510,200,510,201,510,202,510,203,510,204,510,205,510,206,510,207,510,208,510,209,510,210,509,211,509,212,509,213,509,214,508,215,508,216,508,217,507,218,507,219,506,220,506,221,505,222,504,223,503,224,502,225,501,226,500,227,500,227,499,228,498,229,497,230,496,230,495,231,494,231,493,232,492,232,491,233,490,233,489,233,488,233,487,233,486,233,485,232,484,232,483,231,482,231,481,230,480,230,479,229,478,228,477,227,476,226,475,225,474,224,473,223,473,222,472,221,472,220,472,219,471,218,471,217,471,216,471,215,471,214,471,213,471,212,471,211,471,210,471,209,471,208,471,207,471
81,483,80,484,79,484,78,485,77,485,76,486,75,487,74,488,73,489,73,490,72,491,72,492,71,493,71,494,70,495,70,496,70,497,70,498,70,499,70,500,70,501,70,502,71,503,71,504,71,505,72,506,72,507,72,508,72,509,72,510,73,510,74,510,75,510,76,511,77,511,78,511,79,511,80,511,81,511,82,511,83,511,84,511,85,511,86,511,87,510,88,510,89,510,90,509,91,508,92,508,93,507,94,506,95,505,96,504,96,503,96,502,96,501,97,500,97,499,97,498,97,497,97,496,96,495,96,494,96,493,96,492,95,491,95,490,94,489,94,488,93,487,92,486,91,485,90,485,89,484,88,484,87,484,86,483,85,483,84,483,83,483,82,483
289,485,288,486,287,486,287,487,286,488,286,489,286,490,285,491,285,492,285,493,285,494,285,495,285,496,285,497,286,498,286,499,286,500,287,501,287,502,287,503,288,504,289,505,290,506,291,507,292,507,293,508,294,508,295,509,296,509,297,510,298,510,299,510,300,510,301,510,302,510,303,510,304,510,305,510,306,509,306,508,306,507,306,506,306,505,306,504,306,503,306,502,306,501,306,500,305,499,305,498,305,497,305,496,305,495,305,494,304,493,303,493,302,492,301,491,300,490,299,489,298,488,297,488,296,487,295,486,294,486,293,486,292,485,291,485,290,485
118,487,117,488,116,488,115,489,114,489,113,490,112,491,111,491,110,492,109,493,108,494,107,494,107,495,106,496,105,497,105,498,104,499,103,500,103,501,103,502,103,503,102,504,102,505,102,506,102,507,102,508,102,509,103,510,103,511,104,511,105,511,106,511,107,511,108,511,109,511,110,511,111,511,112,511,113,511,114,511,115,511,116,511,117,511,118,511,119,511,120,511,121,511,122,511,123,511,124,511,125,511,126,511,127,511,128,511,129,511,130,511,131,511,132,511,133,511,134,511,135,511,136,511,137,511,138,511,139,511,140,511,141,511,142,511,143,511,144,511,145,510,146,509,146,508,146,507,146,506,146,505,146,504,145,503,145,502,144,501,144,500,143,499,143,498,142,497,141,496,140,495,140,494,139,494,138,493,137,492,136,491,135,491,134,490,133,489,132,489,131,488,130,488,129,488,128,487,127,487,126,487,125,487,124,487,123,487,122,487,121,487,120,487,119,487
397,505,396,506,395,506,394,506,393,507,392,507,391,508,390,509,389,509,388,509,388,510,388,511,389,511,390,511,391,511,392,511,393,511,394,511,395,511,396,511,397,511,398,511,399,511,400,511,401,511,402,511,403,511,404,511,405,511,406,511,407,511,408,510,408,509,407,508,406,507,406,506,405,506,404,506,403,506,402,505,401,505,400,505,399,505,398,505
