190,160,189,161,188,161,187,161,186,161,185,161,184,162,183,162,182,163,181,164,180,165,180,166,179,167,178,168,178,169,178,170,177,171,177,172,177,173,176,174,176,175,176,176,176,177,177,178,177,179,177,180,178,180,179,181,180,182,181,182,182,182,183,183,184,183,185,183,186,183,187,183,188,182,189,181,190,180,191,180,192,179,192,178,192,177,193,176,193,175,194,174,195,173,195,172,196,171,197,170,197,169,198,168,199,167,199,166,198,165,198,164,197,163,196,162,195,161,194,161,193,161,192,160,191,160
200,167,199,168,198,169,198,170,197,171,196,172,196,173,195,174,194,175,194,176,193,177,193,178,193,179,192,180,193,181,193,182,194,183,194,184,195,184,196,184,197,184,198,185,199,185,200,185,201,185,202,186,203,186,204,186,205,187,206,187,207,188,208,188,209,189,210,190,211,190,212,189,213,188,214,188,215,187,216,187,217,186,218,185,218,184,219,183,219,182,219,181,219,180,219,179,220,178,220,177,219,176,219,175,219,174,218,173,217,172,216,171,215,170,214,170,213,169,212,168,211,168,210,168,209,167,208,167,207,167,206,167,205,167,204,167,203,167,202,168,201,168
231,169,230,170,229,170,228,171,228,172,228,173,229,174,230,175,231,176,232,176,233,176,234,176,235,175,236,174,236,173,236,172,236,171,235,170,234,169,233,169,232,169
164,180,163,181,162,181,161,182,160,183,159,184,158,185,158,186,157,187,157,188,157,189,157,190,157,191,157,192,156,193,156,194,156,195,156,196,156,197,156,198,156,199,156,200,156,201,157,202,157,203,158,204,159,204,160,205,161,206,162,206,163,206,164,205,165,204,166,204,167,203,168,202,169,201,170,200,170,199,171,198,172,197,172,196,173,195,173,194,174,193,174,192,175,191,175,190,176,189,176,188,177,187,176,186,175,185,174,184,174,183,173,182,172,181,171,181,170,180,169,180,168,180,167,180,166,180,165,180
236,181,235,182,234,182,233,182,232,183,231,183,230,184,229,185,229,186,228,187,228,188,227,189,227,190,226,191,226,192,226,193,225,194,225,195,225,196,225,197,225,198,226,199,226,200,227,201,227,202,228,203,228,204,228,205,229,206,229,207,229,208,229,209,229,210,229,211,230,212,230,213,230,214,230,215,231,215,232,215,233,214,234,214,235,213,236,213,237,213,238,212,239,212,240,212,241,211,242,210,242,209,243,208,243,207,243,206,244,205,244,204,245,203,246,202,246,201,247,200,247,199,248,198,248,197,249,196,249,195,249,194,249,193,249,192,248,191,248,190,248,189,247,188,247,187,246,186,245,185,245,184,244,183,243,183,242,182,241,182,240,181,239,181,238,181,237,181
183,184,182,185,181,186,180,186,179,187,178,188,177,188,177,189,176,190,176,191,175,192,175,193,174,194,174,195,173,196,173,197,172,198,171,199,171,200,170,201,169,202,168,203,169,203,170,203,171,204,172,204,173,204,174,204,175,205,176,205,177,206,178,206,179,207,180,208,181,209,182,210,183,211,183,212,184,213,184,214,184,215,184,216,185,215,186,215,187,215,188,215,189,215,190,214,191,213,192,212,192,211,193,210,193,209,193,208,193,207,193,206,194,205,194,204,194,203,193,202,192,201,192,200,192,199,191,198,191,197,191,196,191,195,191,194,191,193,191,192,191,191,191,190,191,189,191,188,192,187,192,186,192,185,191,185,190,184,189,184,188,184,187,184,186,184,185,184,184,184
194,185,193,186,193,187,192,188,192,189,192,190,192,191,192,192,192,193,192,194,192,195,192,196,192,197,192,198,193,199,193,200,193,201,194,202,195,203,196,203,197,203,198,204,199,204,200,203,201,203,202,203,203,203,204,202,205,202,206,202,207,201,208,201,208,200,209,199,210,198,211,197,211,196,211,195,211,194,211,193,211,192,210,191,209,190,208,189,207,189,206,188,205,188,204,187,203,187,202,187,201,186,200,186,199,186,198,186,197,185,196,185,195,185
255,193,254,194,253,194,252,195,251,196,250,196,249,197,249,198,248,199,248,200,247,201,247,202,246,203,245,204,245,205,244,206,244,207,244,208,243,209,244,210,244,211,243,212,244,213,245,214,245,215,246,216,247,217,248,218,248,219,249,220,250,221,251,221,252,221,253,221,254,221,255,221,256,221,257,221,258,221,259,221,260,220,261,219,262,219,263,218,263,217,263,216,263,215,263,214,263,213,263,212,264,211,264,210,265,209,264,208,265,207,265,206,265,205,266,204,267,203,268,202,269,201,269,200,269,199,268,198,267,197,266,197,265,197,264,197,263,197,262,196,261,195,261,194,260,194,259,193,258,193,257,193,256,193
214,196,213,197,212,197,211,198,210,199,209,200,209,201,208,202,208,203,208,204,208,205,208,206,209,207,209,208,209,209,209,210,209,211,209,212,210,213,210,214,210,215,210,216,211,217,212,218,213,219,214,220,215,221,215,222,216,223,217,224,218,224,219,224,220,224,221,223,222,223,223,222,224,221,225,221,226,220,227,219,227,218,227,217,228,216,229,215,229,214,229,213,229,212,228,211,228,210,228,209,228,208,228,207,228,206,227,205,227,204,227,203,226,202,226,201,225,200,225,199,224,198,224,197,223,197,222,197,221,196,220,196,219,196,218,196,217,196,216,196,215,196
274,205,273,206,272,206,271,206,270,207,269,208,268,208,267,209,266,210,265,210,265,211,264,212,264,213,264,214,264,215,264,216,264,217,264,218,264,219,264,220,265,220,266,220,267,220,268,221,269,221,270,221,271,221,272,221,273,221,274,221,275,221,276,221,277,220,278,220,279,219,280,219,281,218,282,218,283,217,284,217,285,216,284,215,284,214,284,213,284,212,284,211,284,210,283,209,283,208,282,207,281,206,280,205,279,205,278,205,277,205,276,205,275,205
202,212,201,213,200,213,199,214,198,215,197,215,196,216,195,217,194,218,193,219,193,220,193,221,193,222,192,223,192,224,192,225,192,226,193,227,194,228,195,229,196,230,197,231,198,231,199,232,200,233,201,233,202,234,203,234,204,235,205,235,206,235,207,235,208,234,209,234,210,234,211,233,212,233,213,233,213,232,214,231,215,230,215,229,216,228,216,227,216,226,216,225,216,224,215,223,214,222,214,221,213,220,212,219,211,218,210,217,209,216,208,215,207,214,206,213,205,213,204,213,203,212
241,212,240,213,239,213,238,213,237,214,236,214,235,214,234,215,233,215,232,216,231,216,231,217,231,218,231,219,230,220,230,221,229,222,228,223,227,224,227,225,226,226,226,227,226,228,226,229,226,230,226,231,226,232,227,233,228,234,228,235,229,236,230,236,231,236,232,236,233,236,234,237,235,237,236,237,237,236,238,236,239,236,240,236,241,235,242,235,243,234,244,233,245,232,246,231,247,230,247,229,247,228,248,227,248,226,248,225,248,224,248,223,248,222,249,221,248,220,247,219,247,218,246,217,245,216,244,215,244,214,243,213,242,212
163,213,163,214,163,215,163,216,163,217,163,218,163,219,163,220,163,221,164,222,164,223,165,224,165,225,166,226,166,227,167,228,168,229,169,229,170,229,171,228,172,228,173,228,174,228,175,227,176,227,177,227,178,226,179,226,180,225,181,225,181,224,181,223,182,222,181,221,181,220,181,219,182,218,181,218,180,217,179,217,178,217,177,216,176,216,175,216,174,216,173,215,172,215,171,215,170,214,169,214,168,214,167,213,166,213,165,213,164,213
264,221,264,222,263,223,262,223,261,224,260,225,259,225,258,226,257,227,257,228,256,229,255,230,254,231,253,232,252,233,251,234,251,235,250,236,249,237,248,238,248,239,248,240,248,241,248,242,249,242,250,242,251,242,252,242,253,242,254,241,255,241,256,241,257,241,258,241,259,241,260,240,261,240,262,240,263,240,264,239,265,239,266,238,267,237,268,236,269,235,270,234,271,233,272,232,273,231,274,230,274,229,273,228,273,227,273,226,273,225,273,224,273,223,274,222,273,222,272,222,271,222,270,222,269,222,268,222,267,221,266,221,265,221
180,226,179,227,178,227,177,228,176,228,175,228,174,229,173,229,172,229,171,229,170,230,169,230,168,230,167,231,167,232,166,233,165,234,165,235,165,236,164,237,164,238,164,239,164,240,163,241,164,242,164,243,164,244,165,245,166,245,167,246,168,247,169,248,170,249,171,249,172,250,173,250,174,250,175,250,176,250,177,249,178,248,179,248,180,247,181,247,182,247,183,246,184,246,185,246,186,246,187,246,188,246,189,246,190,247,191,247,192,248,193,248,194,249,195,249,196,250,197,250,198,250,198,249,199,248,199,247,199,246,200,245,200,244,201,243,201,242,202,241,202,240,203,239,203,238,204,237,204,236,203,235,202,235,201,234,200,234,199,233,198,232,197,232,196,231,195,230,194,229,193,228,192,227,191,226,190,227,189,227,188,227,187,227,186,227,185,227,184,227,183,226,182,226,181,226
211,234,210,235,209,235,208,235,207,236,206,236,205,236,205,237,204,238,204,239,203,240,203,241,202,242,202,243,201,244,201,245,200,246,200,247,200,248,199,249,199,250,199,251,200,252,201,253,202,254,203,255,204,256,205,257,206,258,207,259,208,260,209,261,209,262,210,262,211,262,212,263,213,263,214,263,215,263,216,263,217,263,218,263,219,262,220,261,221,261,221,260,221,259,220,258,220,257,220,256,220,255,220,254,220,253,221,252,221,251,221,250,221,249,221,248,221,247,221,246,222,245,222,244,222,243,223,242,223,241,223,240,223,239,224,238,224,237,223,236,222,236,221,236,220,235,219,235,218,235,217,235,216,235,215,234,214,234,213,234,212,234
291,235,290,236,289,236,288,236,287,237,286,238,285,238,284,239,283,240,282,240,282,241,281,242,280,243,280,244,279,245,279,246,278,247,277,248,276,249,275,250,275,251,275,252,276,253,276,254,276,255,276,256,277,257,277,258,277,259,277,260,277,261,277,262,277,263,277,264,277,265,277,266,277,267,278,267,279,267,280,267,281,267,282,267,283,267,284,267,284,266,285,265,286,264,287,264,288,264,289,263,290,263,291,262,292,262,293,261,294,260,295,259,296,258,296,257,297,256,297,255,298,254,299,253,299,252,299,251,299,250,300,249,300,248,300,247,300,246,300,245,300,244,300,243,300,242,300,241,300,240,299,239,299,238,298,237,297,236,296,235,295,235,294,235,293,235,292,235
273,250,272,251,271,251,270,251,269,251,268,251,267,252,266,252,265,252,264,252,263,253,262,253,261,253,260,253,259,253,258,254,257,255,256,255,255,256,254,257,253,258,252,259,251,260,250,260,249,261,248,262,247,262,246,263,245,264,244,264,243,265,242,266,241,266,240,267,239,268,238,268,237,269,236,269,236,270,235,271,234,271,233,272,232,273,231,273,230,274,229,275,228,276,228,277,227,278,227,279,226,280,226,281,226,282,226,283,226,284,227,285,228,286,229,286,230,287,231,287,232,287,233,286,234,286,235,286,236,286,237,286,238,285,239,285,240,285,241,284,242,284,243,284,244,283,245,283,246,282,247,282,248,281,249,280,250,279,251,279,252,278,253,278,254,277,254,276,255,275,255,274,256,273,257,272,257,271,258,270,259,269,259,268,260,267,261,266,262,265,263,264,264,263,265,262,266,261,266,260,267,259,268,258,269,257,270,256,270,255,271,254,271,253,272,252,272,251
274,250,273,251,273,252,272,253,272,254,271,255,271,256,270,257,269,258,268,259,267,260,267,261,266,262,265,263,264,264,263,265,262,266,261,267,260,268,260,269,259,270,258,271,258,272,257,273,256,274,256,275,255,276,255,277,256,277,257,277,258,277,259,277,260,278,261,277,262,277,263,276,264,276,265,275,266,275,267,274,268,274,269,273,270,273,271,272,272,272,273,271,274,271,275,270,276,269,276,268,276,267,276,266,276,265,276,264,276,263,276,262,276,261,276,260,276,259,276,258,276,257,275,256,275,255,275,254,275,253,274,252,274,251
198,251,197,252,196,252,195,253,194,253,193,254,192,255,191,256,191,257,190,258,191,259,191,260,192,261,192,262,192,263,192,264,192,265,193,266,193,267,193,268,194,268,195,268,196,268,197,269,198,269,199,269,200,269,201,269,202,269,203,268,204,268,205,267,206,266,207,265,207,264,208,263,208,262,208,261,207,260,206,259,205,258,204,257,203,256,202,255,201,254,200,253,199,252
308,258,307,259,306,259,305,260,304,260,303,261,302,262,301,262,300,263,299,264,298,265,297,266,296,267,295,267,294,268,293,269,292,270,291,271,290,271,289,272,289,273,288,274,288,275,287,276,287,277,286,278,286,279,286,280,286,281,286,282,287,283,287,284,287,285,288,286,288,287,288,288,289,289,289,290,290,290,291,291,292,292,293,293,294,293,295,293,296,294,297,293,298,293,299,293,300,293,301,292,302,292,303,292,303,291,303,290,304,289,304,288,305,287,305,286,305,285,306,284,307,283,307,282,308,281,309,280,309,279,310,278,311,277,312,276,313,275,313,274,314,273,315,272,316,271,316,270,317,269,317,268,317,267,318,266,318,265,318,264,318,263,318,262,318,261,317,260,316,259,315,259,314,259,313,258,312,258,311,259,310,258,309,258
221,266,220,267,219,267,218,267,217,267,216,268,215,268,214,269,213,269,212,270,211,271,210,272,210,273,210,274,209,275,209,276,210,277,210,278,211,279,212,279,213,279,214,279,215,279,216,279,217,279,218,279,219,278,220,278,221,278,222,277,223,276,224,276,225,275,226,275,226,274,227,273,228,273,229,272,229,271,228,270,227,269,226,268,225,267,224,267,223,267,222,267
320,270,319,271,318,272,317,272,316,272,315,273,314,274,314,275,313,276,312,277,311,278,310,279,310,280,309,281,308,282,308,283,307,284,306,285,306,286,306,287,305,288,305,289,304,290,304,291,304,292,303,293,303,294,303,295,303,296,303,297,303,298,304,299,304,300,305,300,306,300,307,300,308,299,309,299,310,298,311,297,312,297,313,296,314,296,315,295,316,295,317,294,318,293,319,293,320,292,320,291,321,290,322,289,323,289,324,288,325,287,325,286,326,285,326,284,326,283,326,282,326,281,326,280,327,279,327,278,327,277,327,276,327,275,327,274,327,273,326,272,325,271,324,271,323,270,322,270,321,270
275,271,274,272,273,272,272,273,271,273,270,274,269,274,268,275,267,275,266,276,265,276,264,277,263,277,262,278,261,278,261,279,260,280,259,281,259,282,258,283,257,284,256,285,256,286,255,287,255,288,254,289,254,290,254,291,254,292,255,293,255,294,256,294,257,295,258,295,259,296,260,296,261,295,262,295,263,294,264,294,265,293,266,293,267,292,268,292,269,291,270,291,271,291,272,290,272,289,273,288,274,288,275,287,276,286,277,285,278,284,279,283,280,282,281,281,281,280,282,279,281,278,281,277,280,276,279,275,279,274,278,273,277,272,276,271
200,276,199,277,198,277,197,277,196,278,195,279,194,280,194,281,193,282,193,283,193,284,194,285,194,286,195,287,195,288,196,288,197,289,197,290,198,290,199,291,200,292,201,292,202,292,203,291,204,290,204,289,204,288,205,287,205,286,206,285,206,284,207,283,207,282,207,281,207,280,207,279,206,278,205,277,204,277,203,277,202,277,201,276
272,291,271,292,270,292,269,292,268,293,267,293,266,294,265,294,264,295,263,295,262,296,261,296,260,297,260,298,260,299,260,300,259,301,259,302,259,303,259,304,259,305,258,306,258,307,258,308,258,309,258,310,258,311,258,312,258,313,258,314,258,315,258,316,258,317,257,318,257,319,257,320,256,321,256,322,256,323,255,324,255,325,256,326,256,327,256,328,257,329,258,330,258,331,259,332,260,332,261,332,262,332,263,332,264,332,265,332,266,332,267,332,268,332,269,332,270,332,271,332,272,331,273,331,274,330,275,330,276,329,277,328,277,327,278,326,279,325,280,324,281,323,281,322,281,321,282,320,282,319,283,318,283,317,283,316,283,315,283,314,283,313,283,312,283,311,282,310,282,309,282,308,282,307,282,306,281,305,281,304,281,303,281,302,280,301,280,300,280,299,279,298,278,297,278,296,277,295,276,294,275,294,274,293,273,292
320,293,319,294,318,294,317,295,316,296,315,296,314,297,313,297,312,298,311,298,310,299,309,300,308,300,307,301,306,301,306,302,305,303,304,304,303,305,302,306,301,307,300,308,299,309,299,310,298,311,297,312,297,313,297,314,297,315,297,316,298,317,299,318,300,318,301,318,302,318,303,318,304,318,305,317,306,317,307,316,308,316,309,315,310,315,311,314,312,314,313,313,314,312,315,312,315,311,316,310,317,309,318,308,319,307,320,306,321,305,322,304,323,303,324,302,325,301,325,300,326,299,327,298,327,297,327,296,327,295,326,294,325,294,324,294,323,293,322,293,321,293
230,295,229,296,228,296,227,297,227,298,226,299,226,300,225,301,225,302,225,303,225,304,224,305,224,306,224,307,223,308,223,309,223,310,223,311,223,312,223,313,223,314,224,315,225,316,225,317,226,318,227,318,228,318,229,318,230,318,231,318,232,317,233,317,234,316,235,316,236,316,237,315,238,314,239,314,240,313,241,313,242,312,243,311,243,310,244,309,244,308,245,307,246,306,246,305,247,304,247,303,247,302,247,301,247,300,247,299,247,298,246,297,245,296,244,296,243,295,242,295,241,295,240,295,239,295,238,295,237,295,236,295,235,295,234,295,233,295,232,295,231,295
316,312,315,313,314,313,313,314,312,315,311,315,310,316,309,316,308,317,307,317,306,318,305,318,304,319,303,319,303,320,302,321,301,322,300,323,299,323,298,324,297,324,296,325,295,325,294,326,293,327,292,327,291,328,290,329,289,329,288,330,287,330,286,331,285,332,284,333,283,334,283,335,283,336,283,337,284,338,284,339,285,340,286,340,287,340,288,340,289,340,290,340,291,340,292,339,293,338,294,338,295,337,296,336,297,336,298,335,299,334,300,334,301,333,302,333,303,332,304,331,305,331,306,330,307,330,308,329,309,329,310,328,311,328,312,327,313,326,314,325,315,325,316,324,317,323,318,322,319,322,320,321,321,320,322,319,323,318,323,317,323,316,323,315,322,314,321,314,320,313,319,313,318,313,317,312
245,318,244,319,243,320,242,320,241,321,240,322,240,323,239,324,238,325,238,326,237,327,237,328,237,329,237,330,237,331,237,332,237,333,238,334,239,334,240,335,241,335,242,335,243,335,244,336,245,336,246,336,247,335,248,335,249,334,250,334,250,333,251,332,252,331,252,330,253,329,254,328,254,327,255,326,254,325,254,324,254,323,253,322,253,321,252,320,251,319,250,319,249,318,248,318,247,318,246,318
330,320,329,321,328,322,327,322,326,323,325,323,324,324,323,325,322,326,321,327,320,328,319,329,319,330,318,331,317,332,317,333,317,334,317,335,318,336,319,336,320,337,321,337,322,337,323,337,324,337,325,336,326,336,327,336,328,336,329,335,330,335,331,336,330,335,331,334,332,334,332,333,333,332,334,331,334,330,334,329,334,328,335,327,335,326,335,325,335,324,335,323,335,322,334,322,333,321,332,321,331,320
332,336,331,337,330,337,329,337,328,338,327,339,326,339,325,339,324,340,323,341,322,342,321,342,320,343,319,344,318,344,317,345,316,346,315,346,314,347,313,348,312,348,311,349,310,350,309,351,308,352,308,353,307,354,307,355,306,356,306,357,306,358,307,359,307,360,308,360,309,360,310,360,311,360,312,360,313,360,314,359,315,359,316,359,317,358,318,358,319,357,320,357,321,356,322,356,323,355,324,355,325,354,326,354,327,353,328,353,329,352,330,352,331,351,332,351,333,350,334,349,335,349,336,348,337,347,338,346,338,345,339,344,339,343,339,342,339,341,338,340,338,339,337,338,336,338,335,337,334,337,333,337
339,358,338,359,337,359,336,359,335,359,334,360,333,360,332,360,331,360,330,360,329,360,328,361,327,361,326,361,325,361,324,362,323,362,322,363,321,363,320,363,319,364,318,364,317,365,316,366,315,367,314,368,314,369,314,370,314,371,314,372,314,373,315,374,315,375,316,375,317,376,318,376,319,377,320,377,321,377,322,377,323,377,324,377,325,377,326,377,327,377,328,377,329,376,330,376,331,376,332,376,333,375,334,375,335,375,336,374,337,374,338,373,339,373,340,372,341,372,342,372,343,371,344,371,345,370,346,370,347,369,348,368,348,367,349,366,349,365,349,364,349,363,349,362,348,361,348,360,347,359,346,359,345,358,344,358,343,358,342,358,341,358,340,358
322,410,321,411,320,411,319,412,318,412,317,413,316,414,316,415,315,416,315,417,314,418,314,419,314,420,314,421,314,422,315,423,316,424,317,424,318,424,319,425,320,425,321,425,322,426,323,426,324,426,325,426,326,426,327,426,328,426,329,426,330,427,331,427,332,427,333,426,334,425,335,425,336,424,337,423,338,422,339,421,340,420,340,419,341,418,341,417,341,416,341,415,341,414,341,413,341,412,340,411,339,411,338,411,337,410,336,410,335,410,334,410,333,410,332,410,331,410,330,410,329,410,328,410,327,410,326,410,325,410,324,410,323,410
353,415,352,416,351,416,350,416,349,417,348,418,347,419,346,420,346,421,345,422,345,423,345,424,345,425,345,426,346,427,347,428,348,428,349,428,350,428,351,429,352,429,353,429,354,429,355,428,356,427,357,427,358,426,359,425,360,425,360,424,361,423,361,422,361,421,362,420,362,419,361,418,361,417,360,416,359,416,358,415,357,415,356,415,355,415,354,415
361,425,360,426,359,426,358,427,357,428,356,428,355,429,354,430,353,430,353,431,352,432,351,433,350,434,350,435,350,436,350,437,350,438,350,439,351,440,351,441,352,442,353,443,354,443,355,444,356,444,357,444,358,445,359,445,360,445,361,444,362,444,363,444,364,444,365,444,366,444,367,445,368,445,369,445,370,446,371,446,372,446,373,447,374,446,375,446,376,445,377,444,378,443,378,442,379,441,379,440,379,439,379,438,379,437,379,436,379,435,379,434,380,433,380,432,379,431,379,430,378,429,377,428,376,427,375,426,374,426,373,426,372,425,371,425,370,425,369,425,368,425,367,425,366,425,365,425,364,425,363,425,362,426
323,427,322,428,321,428,320,428,319,428,318,428,317,429,316,429,315,430,314,430,313,431,312,431,311,431,310,431,309,432,308,433,307,434,306,435,307,436,308,437,309,437,310,438,311,439,312,439,313,440,314,441,315,441,316,442,317,443,318,443,319,444,320,444,321,443,322,442,323,442,324,442,325,442,326,442,327,442,328,442,329,442,330,442,331,442,332,442,333,442,334,442,335,441,336,441,337,441,338,441,339,441,339,440,339,439,339,438,339,437,339,436,340,435,340,434,339,433,339,432,338,431,337,430,336,430,335,429,334,429,333,428,332,428,331,428,330,428,329,427,328,427,327,427,326,427,325,427,324,427
306,436,305,437,304,438,303,438,302,438,301,439,300,439,299,440,298,440,297,441,296,441,295,442,294,443,294,444,293,445,293,446,293,447,293,448,293,449,293,450,293,451,292,452,293,453,294,454,295,454,296,455,297,456,298,457,299,457,300,458,301,459,302,459,303,459,304,458,305,459,306,458,307,457,308,457,309,456,310,455,311,455,312,454,313,453,314,453,315,452,316,451,317,450,318,449,318,448,318,447,319,446,319,445,318,444,317,444,316,443,315,442,314,442,313,441,312,440,311,440,310,439,309,438,308,438,307,437
392,444,391,445,390,445,389,445,388,446,387,447,386,448,385,449,385,450,385,451,385,452,385,453,385,454,386,455,386,456,387,457,387,458,388,459,389,460,390,461,391,461,392,462,393,462,394,462,395,462,396,463,397,463,398,463,399,463,400,463,401,463,402,463,403,462,404,462,405,461,406,461,407,460,407,459,408,458,408,457,408,456,408,455,408,454,408,453,408,452,407,451,407,450,406,449,405,448,404,447,403,446,402,446,401,445,400,445,399,444,398,444,397,444,396,444,395,444,394,444,393,444
355,451,354,452,353,452,352,452,351,453,350,453,349,454,348,454,347,455,346,456,345,457,344,458,344,459,343,460,342,461,342,462,342,463,342,464,341,465,341,466,341,467,340,468,340,469,340,470,340,471,340,472,341,473,341,474,342,475,342,476,343,477,344,478,345,479,346,480,347,481,348,481,349,481,350,482,351,482,352,482,353,483,354,483,355,483,356,483,357,483,358,482,359,482,360,482,361,482,362,481,363,481,364,480,365,480,366,479,367,479,368,478,368,477,369,476,370,475,371,474,371,473,372,472,372,471,372,470,372,469,373,468,373,467,373,466,373,465,373,464,373,463,373,462,373,461,372,460,372,459,372,458,371,457,370,456,369,455,368,455,367,454,366,453,365,453,364,452,363,452,362,452,361,451,360,451,359,451,358,451,357,451,356,451
292,453,291,454,290,454,289,454,288,454,287,455,286,456,285,457,284,457,283,458,282,459,281,459,282,460,283,461,284,462,285,463,286,464,287,464,288,465,289,466,290,467,291,467,292,468,293,469,294,470,295,471,296,470,297,469,298,469,299,469,300,468,301,468,301,467,302,466,303,465,303,464,303,463,303,462,302,461,302,460,301,460,300,459,299,458,298,458,297,457,296,456,295,455,294,455,293,454
319,459,318,460,317,460,316,460,315,461,314,461,313,462,312,462,311,463,310,464,310,465,309,466,309,467,308,468,308,469,308,470,308,471,307,472,307,473,307,474,307,475,307,476,307,477,308,478,308,479,309,480,309,481,309,482,310,483,310,484,311,485,312,486,313,487,314,488,315,489,316,490,317,490,318,490,319,491,320,491,321,491,322,491,323,491,324,491,325,491,326,491,327,490,328,490,329,490,330,490,331,489,332,489,333,488,334,487,335,487,335,486,336,485,337,484,337,483,338,482,338,481,339,480,339,479,339,478,340,477,340,476,340,475,340,474,340,473,339,472,339,471,338,470,338,469,338,468,337,467,336,466,335,465,334,464,333,463,332,463,331,462,330,461,329,461,328,461,327,460,326,460,325,460,324,459,323,459,322,459,321,459,320,459
277,460,276,461,275,461,274,462,273,463,273,464,272,465,272,466,272,467,271,468,271,469,271,470,271,471,271,472,271,473,272,474,272,475,273,476,274,476,275,477,276,478,277,479,278,479,279,480,280,480,281,480,282,480,283,480,284,480,285,480,286,480,287,479,288,479,289,479,290,478,291,478,292,477,292,476,293,475,293,474,294,473,294,472,294,471,293,470,292,469,291,468,290,468,289,467,288,466,287,465,286,465,285,464,284,463,283,462,282,461,281,460,280,460,279,460,278,460
412,465,411,466,410,466,410,467,409,468,408,469,408,470,407,471,407,472,407,473,406,474,406,475,406,476,405,477,405,478,405,479,405,480,405,481,405,482,406,483,407,484,407,485,408,485,409,485,410,485,411,485,412,486,413,486,414,486,415,486,416,485,417,485,418,484,419,483,420,482,420,481,421,480,421,479,422,478,422,477,422,476,422,475,422,474,422,473,422,472,422,471,421,470,421,469,420,468,419,467,418,466,417,465,416,465,415,465,414,465,413,465
381,467,380,468,379,468,378,468,377,469,376,470,375,470,374,471,373,471,373,472,372,473,372,474,371,475,370,476,369,477,369,478,368,479,367,480,367,481,367,482,367,483,367,484,367,485,366,486,366,487,366,488,366,489,366,490,367,491,367,492,367,493,368,494,368,495,369,496,370,497,371,498,372,499,373,500,374,501,375,501,376,502,377,502,378,502,379,502,380,502,381,502,382,502,383,502,384,502,385,502,386,502,387,501,388,501,389,501,390,500,391,500,392,499,393,499,394,498,395,497,396,497,397,496,397,495,398,494,398,493,399,492,399,491,400,490,400,489,400,488,401,487,401,486,401,485,401,484,401,483,401,482,401,481,401,480,401,479,400,478,400,477,400,476,399,475,399,474,398,473,397,472,396,471,395,470,394,470,393,469,392,469,391,468,390,468,389,468,388,467,387,467,386,467,385,467,384,467,383,467,382,467
180,470,179,471,178,471,177,471,176,472,175,472,174,473,173,474,172,475,172,476,171,477,170,478,170,479,169,480,169,481,169,482,169,483,169,484,169,485,169,486,170,487,171,488,171,489,172,490,173,491,173,492,174,492,175,493,176,493,177,493,178,493,179,493,180,493,181,493,182,493,183,493,184,493,185,492,186,492,187,492,188,492,189,491,190,491,191,490,192,489,192,488,193,487,193,486,194,485,194,484,195,483,195,482,195,481,195,480,195,479,195,478,194,477,194,476,193,475,192,474,191,473,190,472,189,472,188,471,187,471,186,470,185,470,184,470,183,470,182,470,181,470
146,473,145,474,144,474,143,474,142,475,141,475,140,476,139,477,138,477,137,478,136,479,135,480,134,481,134,482,133,483,133,484,132,485,132,486,132,487,132,488,132,489,133,490,133,491,134,492,135,493,135,494,136,494,137,495,138,496,139,497,140,498,141,498,142,498,143,499,144,499,145,499,146,499,147,499,148,499,149,498,150,498,151,498,152,497,153,497,154,496,155,496,156,495,157,494,158,493,159,492,159,491,160,490,160,489,161,488,161,487,161,486,161,485,161,484,161,483,161,482,161,481,160,480,159,479,159,478,158,477,157,476,156,475,155,474,154,474,153,473,152,473,151,473,150,473,149,473,148,473,147,473
211,479,210,480,209,480,208,481,207,481,206,482,205,483,205,484,205,485,205,486,205,487,205,488,205,489,206,490,206,491,207,492,208,493,209,493,210,494,211,494,212,495,213,495,214,495,215,495,216,494,217,494,218,494,219,493,220,492,221,491,221,490,222,489,222,488,222,487,222,486,222,485,222,484,222,483,221,482,220,481,219,480,218,480,217,479,216,479,215,479,214,479,213,479,212,479
282,482,281,483,280,484,279,484,278,485,277,486,276,487,276,488,276,489,275,490,275,491,275,492,275,493,276,494,276,495,277,496,277,497,278,498,279,498,280,499,281,500,282,500,283,500,284,500,285,500,286,501,287,501,288,500,289,500,290,499,291,499,292,498,293,497,294,497,295,496,295,495,295,494,295,493,295,492,295,491,295,490,294,489,294,488,293,487,293,486,292,485,291,484,290,483,289,483,288,483,287,482,286,482,285,482,284,482,283,482
120,486,119,487,118,488,117,489,116,490,116,491,117,492,118,493,119,494,120,495,121,496,122,496,123,496,124,497,125,497,126,497,127,497,128,497,129,497,130,497,129,496,130,495,130,494,130,493,130,492,130,491,130,490,130,489,129,488,128,488,127,487,126,487,125,486,124,486,123,486,122,486,121,486
110,489,109,490,108,490,107,491,106,492,105,492,105,493,104,494,103,495,103,496,102,497,102,498,102,499,102,500,101,501,102,502,102,503,102,504,102,505,103,506,103,507,104,508,105,509,106,509,107,510,108,510,109,510,110,510,111,510,112,510,113,511,114,511,115,511,116,511,117,511,118,511,119,511,120,510,120,509,121,508,121,507,122,506,122,505,123,504,124,503,125,502,126,501,127,500,128,499,129,498,130,498,129,498,128,498,127,498,126,498,125,498,124,498,123,497,122,497,121,497,120,496,119,495,118,494,117,493,116,492,115,491,115,490,114,490,113,490,112,490,111,489
166,493,165,494,164,495,163,495,162,496,162,497,161,498,160,499,160,500,160,501,159,502,159,503,159,504,159,505,159,506,159,507,159,508,159,509,160,510,161,511,162,511,163,511,164,511,165,511,166,511,167,511,168,511,169,511,170,511,171,511,172,511,173,511,174,511,175,511,176,511,177,511,178,511,179,511,180,511,181,510,182,509,183,508,183,507,184,506,184,505,184,504,184,503,184,502,184,501,183,500,182,499,181,498,180,497,179,496,178,496,177,495,176,495,175,494,174,493,173,493,172,493,171,493,170,493,169,493,168,493,167,493
346,493,345,494,344,494,343,494,342,495,341,495,340,496,339,497,338,497,337,498,336,499,335,500,334,501,334,502,333,503,333,504,333,505,332,506,332,507,331,508,331,509,331,510,332,511,333,511,334,511,335,511,336,511,337,511,338,511,339,511,340,511,341,511,342,511,343,511,344,511,345,511,346,511,347,511,348,511,349,511,350,511,351,511,352,511,353,511,354,511,355,511,356,511,357,511,358,511,359,511,360,511,361,511,362,511,363,511,364,510,364,509,364,508,364,507,363,506,363,505,363,504,362,503,362,502,361,501,361,500,360,499,359,498,358,497,357,496,356,496,355,495,354,494,353,494,352,494,351,493,350,493,349,493,348,493,347,493
129,499,128,500,127,501,126,502,125,503,124,504,123,505,123,506,122,507,122,508,121,509,121,510,121,511,122,511,123,511,124,511,125,511,126,511,127,511,128,511,129,511,130,511,131,511,132,511,133,511,134,511,135,511,136,511,137,511,138,511,139,511,140,511,141,511,142,511,143,511,144,510,145,510,145,509,146,508,145,507,144,506,144,505,143,504,142,503,141,502,140,501,139,501,138,500,137,500,136,500,135,499,134,499,133,499,132,499,131,499,130,499
200,499,199,500,198,500,197,500,196,500,195,501,194,502,193,503,192,504,192,505,191,506,190,507,190,508,190,509,190,510,191,511,192,511,193,511,194,511,195,511,196,511,197,511,198,511,199,511,200,511,201,511,202,511,203,511,204,511,205,511,206,511,207,511,208,511,209,511,210,511,211,511,212,510,211,509,211,508,211,507,210,506,210,505,209,504,208,503,207,502,206,501,205,501,204,500,203,500,202,500,201,499
402,500,401,501,400,502,399,502,398,503,397,504,396,505,395,506,395,507,395,508,394,509,394,510,395,510,396,511,397,511,398,511,399,511,400,511,401,511,402,511,403,511,404,511,405,511,406,511,407,511,408,511,409,511,410,511,411,511,412,511,413,511,414,510,414,509,415,508,415,507,415,506,415,505,415,504,414,503,413,502,412,501,411,500,410,500,409,500,408,500,407,500,406,500,405,500,404,500,403,500
290,504,289,505,288,505,287,505,286,506,285,507,284,508,283,509,283,510,283,511,284,511,285,511,286,511,287,511,288,511,289,511,290,511,291,511,292,511,293,511,294,511,295,511,296,511,297,511,298,511,299,511,300,511,301,511,302,511,303,511,304,511,305,510,304,510,303,509,302,508,301,508,300,507,299,506,298,506,297,505,296,505,295,505,294,505,293,505,292,505,291,504
