72,169,71,170,70,171,70,172,70,173,70,174,70,175,70,176,71,177,72,177,73,178,74,178,75,178,76,178,77,178,78,177,79,176,79,175,79,174,79,173,79,172,79,171,78,170,77,169,76,169,75,169,74,169,73,169
189,263,188,264,187,264,186,265,185,266,185,267,185,268,184,269,184,270,184,271,184,272,185,273,185,274,186,274,187,275,188,275,189,275,190,274,191,274,192,273,193,272,193,271,194,270,194,269,194,268,194,267,194,266,193,265,193,264,192,264,191,264,190,263
265,270,264,271,263,272,262,273,261,274,261,275,260,276,260,277,260,278,260,279,260,280,260,281,260,282,260,283,261,284,261,285,262,286,263,287,264,288,265,289,266,289,267,289,268,290,269,289,270,289,271,289,272,288,273,287,274,286,275,285,275,284,276,283,276,282,277,281,277,280,277,279,277,278,276,277,276,276,275,275,275,274,274,273,273,272,272,272,271,271,270,270,269,270,268,270,267,270,266,270
256,285,255,286,254,286,253,286,252,286,251,287,250,287,250,288,249,289,249,290,249,291,249,292,249,293,249,294,249,295,249,296,249,297,249,298,250,299,251,300,252,301,253,302,254,302,255,303,256,303,257,303,258,302,259,302,260,301,261,301,262,300,262,299,262,298,263,297,263,296,263,295,263,294,263,293,263,292,263,291,263,290,262,289,261,288,260,287,260,286,259,285,258,285,257,285
16,291,15,292,14,292,13,292,12,292,11,292,10,293,9,293,8,294,7,295,6,296,6,297,6,298,6,299,6,300,6,301,7,302,7,303,8,303,9,304,10,303,11,303,12,303,13,303,14,303,15,302,16,302,17,302,18,301,19,300,19,299,20,298,20,297,20,296,20,295,20,294,19,293,18,292,17,292
169,333,168,334,167,334,166,335,165,335,164,336,163,337,162,338,162,339,161,340,161,341,160,342,160,343,160,344,160,345,160,346,160,347,160,348,161,349,161,350,161,351,162,352,162,353,163,354,163,355,164,355,165,356,166,356,167,357,168,357,169,357,170,358,171,358,172,357,173,357,174,357,175,357,176,357,177,356,178,356,179,355,180,354,181,353,181,352,182,351,182,350,182,349,182,348,182,347,183,346,183,345,182,344,182,343,182,342,182,341,181,340,181,339,180,338,180,337,179,336,178,335,177,335,176,334,175,334,174,334,173,334,172,334,171,333,170,333
149,356,148,357,147,358,146,359,146,360,145,361,144,362,144,363,144,364,144,365,144,366,145,367,145,368,146,369,147,369,148,370,149,370,150,369,151,369,152,368,153,367,153,366,154,365,154,364,154,363,155,362,155,361,154,360,154,359,154,358,153,357,153,356,152,356,151,356,150,356
221,356,220,357,219,357,218,358,217,359,216,359,215,360,214,361,213,362,212,363,211,364,210,365,210,366,209,367,209,368,209,369,209,370,209,371,209,372,209,373,210,374,211,375,212,376,213,377,214,378,215,379,216,378,217,379,218,379,219,379,220,380,221,380,222,381,223,381,224,382,225,382,226,382,227,382,228,382,229,381,230,381,231,380,231,379,232,378,232,377,233,376,234,375,235,374,236,373,237,372,238,371,239,370,239,369,239,368,239,367,239,366,239,365,239,364,239,363,238,362,237,361,236,361,235,360,234,360,233,360,232,360,231,359,230,358,229,357,228,356,227,356,226,356,225,356,224,356,223,356,222,356
385,359,384,360,383,360,382,360,381,360,380,361,379,361,378,362,377,363,377,364,376,365,376,366,376,367,375,368,375,369,375,370,375,371,375,372,375,373,376,374,375,375,375,376,376,377,376,378,377,379,378,380,379,381,380,381,381,382,382,383,383,384,384,384,385,384,386,385,387,385,388,385,389,386,390,386,391,386,392,385,393,385,394,385,395,385,396,384,397,384,398,383,399,383,400,382,401,381,401,380,402,379,402,378,402,377,403,376,402,375,402,374,402,373,402,372,401,371,401,370,401,369,401,368,401,367,401,366,400,365,400,364,399,363,398,362,397,361,396,360,395,360,394,360,393,359,392,359,391,359,390,359,389,359,388,359,387,359,386,359
355,367,355,368,354,369,353,370,352,371,351,372,351,373,350,374,349,375,348,376,348,377,347,378,347,379,346,380,346,381,347,382,346,383,346,384,346,385,347,386,347,387,347,388,347,389,348,390,349,390,350,391,350,392,350,393,350,394,351,395,352,396,352,397,353,397,354,398,355,398,356,398,357,399,358,398,359,398,360,398,361,397,362,397,363,396,364,395,365,395,366,395,367,394,368,393,369,392,370,392,370,391,370,390,371,389,372,388,372,387,372,386,373,385,373,384,374,383,374,382,374,381,374,380,374,379,374,378,374,377,374,376,373,375,372,374,372,373,371,372,371,371,370,370,369,370,368,369,367,369,366,368,365,367,364,367,363,367,362,367,361,367,360,367,359,367,358,367,357,367,356,367
199,372,198,373,197,373,196,373,195,374,194,375,193,376,192,376,191,377,190,378,190,379,189,380,189,381,188,382,188,383,188,384,188,385,188,386,189,387,189,388,189,389,190,390,190,391,191,392,192,393,193,394,194,395,195,395,196,396,197,396,198,396,199,396,200,396,201,396,202,396,203,396,204,396,205,395,206,395,207,395,208,394,209,394,210,393,211,393,212,392,213,391,214,390,215,389,215,388,215,387,215,386,215,385,215,384,216,383,215,382,215,381,215,380,214,379,213,378,212,377,211,376,210,375,209,374,208,373,208,372,207,372,206,372,205,372,204,372,203,372,202,372,201,372,200,372
95,373,94,374,93,374,92,374,91,374,90,374,89,375,88,375,87,375,87,376,86,377,85,378,84,379,84,380,83,381,83,382,83,383,83,384,83,385,83,386,83,387,83,388,84,389,84,390,84,391,85,392,86,393,87,394,88,394,89,394,90,395,91,395,92,395,93,394,94,394,95,393,96,392,97,391,98,391,99,390,100,389,101,388,102,387,103,386,104,385,104,384,104,383,104,382,104,381,104,380,103,379,103,378,102,377,101,376,100,376,99,375,98,375,97,375,96,374
52,378,51,379,50,379,49,379,48,380,48,381,47,382,46,383,46,384,46,385,46,386,45,387,45,388,45,389,46,390,46,391,47,392,48,393,49,394,50,395,51,395,52,395,53,395,54,395,55,395,56,395,57,394,58,394,59,394,60,393,61,393,62,392,63,391,63,390,64,389,64,388,64,387,64,386,64,385,64,384,64,383,63,382,62,381,61,380,60,380,59,379,58,379,57,378,56,378,55,378,54,378,53,378
177,378,176,379,175,379,174,379,173,379,172,380,171,380,170,381,169,382,169,383,168,384,169,385,169,386,170,387,171,388,172,389,173,390,174,390,175,391,176,391,177,391,178,391,179,391,180,391,181,391,182,390,183,389,184,388,184,387,184,386,184,385,184,384,184,383,183,382,182,381,181,381,180,380,179,380,178,379
379,389,378,390,377,390,376,390,375,391,374,391,373,392,372,392,371,393,371,394,370,395,370,396,370,397,369,398,369,399,369,400,369,401,370,402,369,403,369,404,369,405,369,406,370,407,371,408,371,409,372,409,373,410,374,410,375,410,376,411,377,411,378,411,379,410,380,410,381,410,382,409,383,408,384,408,385,407,386,407,387,406,388,405,389,405,390,404,391,403,391,402,391,401,391,400,391,399,391,398,391,397,391,396,391,395,391,394,390,393,389,392,388,392,387,391,386,391,385,390,384,390,383,390,382,390,381,390,380,390
246,440,245,441,244,442,243,443,243,444,243,445,243,446,243,447,244,448,244,449,245,449,246,450,247,451,247,452,248,452,249,452,250,453,251,453,252,453,253,453,254,453,255,453,256,452,256,451,257,450,257,449,257,448,257,447,257,446,257,445,256,444,255,443,254,442,254,441,253,440,252,440,251,440,250,440,249,440,248,440,247,440
