116,139,115,140,114,140,113,141,112,142,111,143,111,144,110,145,110,146,110,147,109,148,109,149,109,150,110,151,110,152,110,153,111,154,111,155,112,156,113,157,114,158,115,159,116,160,117,160,118,161,119,161,120,161,121,161,122,161,123,161,124,161,125,160,126,159,126,158,127,157,127,156,128,155,128,154,128,153,128,152,128,151,128,150,128,149,128,148,128,147,127,146,127,145,127,144,126,143,125,142,124,141,123,140,122,139,121,139,120,139,119,139,118,139,117,139
157,152,156,153,155,153,154,153,153,154,152,154,151,155,150,156,149,157,149,158,148,159,148,160,148,161,147,162,147,163,147,164,147,165,147,166,147,167,148,168,148,169,149,170,150,171,151,172,152,172,153,173,154,173,155,173,156,173,157,172,158,172,159,172,160,172,161,171,162,171,163,170,164,169,165,168,165,167,166,166,166,165,166,164,167,163,167,162,167,161,167,160,167,159,167,158,166,157,166,156,165,155,164,154,163,154,162,153,161,153,160,153,159,152,158,152
219,190,218,191,217,192,216,193,216,194,216,195,216,196,216,197,216,198,217,199,218,200,219,201,220,201,221,202,222,202,223,202,224,202,225,202,226,202,227,202,228,202,229,202,230,201,231,200,232,200,232,199,233,198,233,197,233,196,233,195,233,194,232,193,231,192,230,191,229,191,228,190,227,190,226,190,225,190,224,190,223,190,222,190,221,190,220,190
129,191,128,192,127,192,126,193,125,194,124,195,124,196,123,197,123,198,123,199,122,200,122,201,123,202,123,203,124,204,125,205,126,206,127,206,128,206,129,206,130,206,131,205,132,205,133,205,134,204,135,203,136,202,136,201,137,200,137,199,137,198,137,197,136,196,136,195,135,194,135,193,134,193,133,192,132,192,131,192,130,191
234,203,233,204,232,204,231,204,230,205,230,206,229,207,229,208,228,209,228,210,227,211,226,212,226,213,226,214,225,215,225,216,225,217,225,218,225,219,225,220,225,221,225,222,225,223,225,224,226,225,226,226,226,227,227,228,228,229,229,229,230,230,231,230,232,230,233,230,234,230,235,230,236,230,237,229,238,228,239,228,240,227,241,227,242,226,243,225,244,225,245,224,246,223,246,222,247,221,248,220,249,219,249,218,249,217,249,216,250,215,250,214,250,213,250,212,250,211,249,210,249,209,248,208,248,207,247,206,246,205,245,205,244,204,243,204,242,203,241,203,240,203,239,203,238,203,237,203,236,203,235,203
278,204,277,205,276,206,275,206,274,207,274,208,273,209,272,210,271,211,270,212,269,213,268,213,267,214,266,214,266,215,265,216,264,217,264,218,263,219,263,220,264,221,265,222,265,223,266,223,267,224,268,224,269,224,270,224,271,224,272,225,273,225,274,225,275,225,276,226,277,226,278,226,279,227,280,226,281,226,282,225,283,225,284,224,285,224,286,223,287,223,288,223,289,223,290,223,291,223,292,224,293,224,294,224,295,225,296,225,297,226,298,225,299,224,299,223,300,222,300,221,299,220,299,219,299,218,298,217,297,216,296,215,295,214,294,214,293,213,292,213,291,213,290,212,289,212,288,211,287,211,286,210,285,209,284,208,283,207,282,206,282,205,281,205,280,204,279,204
211,222,210,223,209,223,208,223,207,224,206,224,205,225,204,226,203,227,203,228,202,229,202,230,201,231,201,232,201,233,201,234,201,235,201,236,200,237,200,238,201,239,201,240,201,241,202,242,202,243,203,244,204,245,205,245,206,245,207,245,208,245,209,245,210,245,211,245,212,244,213,243,214,242,215,241,216,240,217,239,217,238,218,237,218,236,219,235,219,234,219,233,219,232,219,231,220,230,220,229,220,228,220,227,219,226,219,225,218,224,217,223,216,222,215,222,214,222,213,222,212,222
265,224,264,225,263,225,262,226,261,227,260,228,259,229,259,230,258,231,258,232,258,233,257,234,257,235,257,236,257,237,257,238,257,239,257,240,257,241,258,242,258,243,259,244,259,245,260,246,260,247,261,248,262,249,263,248,264,248,265,249,266,249,267,249,268,249,269,248,270,248,271,248,272,247,273,247,274,246,275,246,276,246,277,246,278,245,279,245,279,244,280,243,280,242,281,241,281,240,281,239,281,238,281,237,281,236,280,235,280,234,280,233,280,232,279,231,279,230,279,229,279,228,278,227,277,227,276,227,275,226,274,226,273,226,272,226,271,225,270,225,269,225,268,225,267,225,266,224
286,224,285,225,284,225,283,226,282,226,281,227,280,227,280,228,280,229,280,230,280,231,281,232,281,233,281,234,281,235,282,236,282,237,282,238,283,238,284,239,285,239,286,240,287,240,288,240,289,240,290,239,291,239,292,238,293,237,294,236,294,235,295,234,295,233,296,232,296,231,296,230,296,229,296,228,296,227,296,226,295,226,294,225,293,225,292,225,291,224,290,224,289,224,288,224,287,224
229,240,228,241,227,241,226,241,225,242,224,242,223,243,222,243,221,244,220,245,219,246,218,246,218,247,218,248,217,249,217,250,217,251,217,252,217,253,217,254,217,255,217,256,218,257,219,258,220,259,221,260,222,261,223,262,224,263,225,264,226,265,227,265,228,265,229,265,230,265,231,266,232,266,233,266,234,266,235,266,236,266,237,266,238,266,239,266,240,266,241,266,242,266,243,265,244,264,245,264,245,263,246,262,246,261,247,260,247,259,247,258,247,257,247,256,247,255,247,254,247,253,247,252,247,251,246,250,246,249,246,248,245,247,244,246,243,245,242,244,241,244,240,243,239,243,238,242,237,242,236,242,235,241,234,241,233,241,232,240,231,240,230,240
296,240,295,241,294,242,294,243,294,244,293,245,292,246,291,247,291,248,291,249,290,250,289,251,290,252,290,253,290,254,290,255,290,256,291,257,291,258,291,259,292,260,291,261,292,262,293,262,294,262,295,263,296,263,297,263,298,263,299,263,300,263,301,263,302,263,303,263,304,263,304,262,303,261,303,260,303,259,303,258,302,257,302,256,302,255,302,254,302,253,302,252,302,251,302,250,302,249,302,248,302,247,302,246,301,245,301,244,301,243,300,242,299,241,298,240,297,240
308,241,307,242,306,242,305,242,305,243,304,244,304,245,303,246,303,247,303,248,303,249,303,250,303,251,303,252,303,253,303,254,303,255,303,256,303,257,304,258,304,259,304,260,304,261,305,262,306,262,307,263,307,264,308,265,309,265,310,266,311,267,312,267,313,268,314,268,315,269,316,269,317,269,318,269,319,269,320,269,321,268,322,267,323,266,324,265,324,264,324,263,324,262,324,261,324,260,325,259,325,258,325,257,325,256,325,255,325,254,325,253,325,252,324,251,324,250,323,249,323,248,322,247,321,246,320,245,319,244,318,243,317,243,316,242,315,241,314,241,313,241,312,241,311,241,310,241,309,241
278,246,277,247,276,247,275,247,274,247,273,248,272,248,271,249,270,249,269,249,268,250,267,251,266,252,266,253,265,254,264,254,263,255,262,256,261,257,260,258,260,259,260,260,260,261,259,262,258,263,257,262,257,263,256,264,255,265,254,265,253,265,254,265,255,265,256,266,255,267,256,268,257,269,257,270,258,269,259,270,260,269,261,269,262,269,263,269,264,269,265,269,266,269,267,269,268,269,269,269,270,268,271,269,272,269,273,269,274,269,275,269,276,269,277,269,278,268,279,268,280,268,281,268,282,267,283,267,284,266,284,265,285,264,286,263,286,262,287,261,288,260,289,259,290,258,290,257,289,256,289,255,289,254,289,253,289,252,288,251,287,250,286,249,285,248,284,248,283,248,282,247,281,247,280,247,279,246
208,253,207,254,206,255,206,256,205,257,205,258,204,259,204,260,204,261,204,262,204,263,204,264,205,265,205,266,205,267,206,268,207,269,207,270,207,271,208,272,209,273,209,274,210,275,211,276,212,277,213,278,214,279,215,280,216,280,217,281,218,282,219,282,220,283,221,283,222,283,223,283,224,283,225,283,226,282,227,281,228,281,229,280,229,279,230,278,231,277,231,276,232,275,231,274,231,273,231,272,230,271,229,270,229,269,228,268,227,268,226,267,225,266,225,265,224,264,223,263,222,262,221,261,220,260,219,259,218,258,217,257,216,256,216,255,215,255,214,254,213,254,212,253,211,253,210,253,209,253
291,262,291,263,290,264,289,265,289,266,288,267,288,268,288,269,287,270,287,271,287,272,287,273,287,274,287,275,287,276,288,277,288,278,289,279,290,280,290,281,291,281,292,282,293,282,294,283,295,283,296,283,297,282,298,282,299,282,300,282,301,281,302,281,303,280,304,280,305,279,306,278,307,277,307,276,308,275,308,274,308,273,308,272,308,271,307,270,307,269,306,268,305,267,305,266,304,265,304,264,303,264,302,264,301,264,300,264,299,264,298,264,297,264,296,264,295,264,294,263,293,263,292,263
325,265,324,266,323,267,322,268,321,269,320,270,320,271,320,272,319,273,318,274,317,275,316,275,315,276,314,277,313,278,313,279,313,280,313,281,312,282,311,282,310,282,310,283,311,284,312,285,312,286,313,287,313,288,314,289,314,290,315,291,315,292,316,293,316,294,317,295,317,296,318,297,319,296,320,295,321,294,322,294,323,293,324,292,325,291,326,290,326,289,327,288,328,287,329,286,330,285,330,284,331,283,331,282,331,281,332,280,332,279,333,278,333,277,333,276,333,275,333,274,334,273,333,272,333,271,333,270,332,269,331,269,330,268,329,267,328,266,327,266,326,266
240,272,239,273,238,273,237,273,236,274,235,275,234,276,233,276,232,276,232,277,231,278,230,279,230,280,229,281,228,282,228,283,228,284,228,285,229,286,229,287,229,288,230,289,230,290,230,291,231,292,231,293,232,294,233,295,233,296,234,296,235,296,236,297,237,297,238,297,239,297,240,297,241,297,242,297,243,296,244,296,245,295,246,295,247,294,248,293,248,292,249,291,249,290,249,289,250,288,250,287,251,286,251,285,251,284,252,283,252,282,252,281,252,280,251,279,251,278,250,277,250,276,249,275,248,274,247,274,246,273,245,272,244,272,243,272,242,272,241,272
345,279,344,280,343,281,342,281,341,281,340,282,339,283,338,284,337,285,336,286,335,286,334,287,333,288,332,288,331,289,330,290,329,291,328,292,327,293,326,294,326,295,325,296,325,297,324,298,324,299,323,300,323,301,322,302,322,303,321,304,322,305,323,306,324,307,325,308,326,309,326,310,327,311,328,312,328,313,329,314,330,315,330,316,331,315,332,314,333,313,334,313,335,312,336,312,337,311,338,311,339,310,340,310,341,310,342,309,343,308,344,307,345,307,345,306,346,305,347,304,348,303,348,302,349,301,349,300,350,299,350,298,350,297,351,296,351,295,351,294,351,293,350,292,350,291,350,290,351,289,351,288,351,287,351,286,351,285,351,284,351,283,351,282,350,281,350,280,349,280,348,279,347,279,346,279
272,280,271,281,270,281,269,281,268,282,267,282,266,283,266,284,265,285,265,286,264,287,264,288,264,289,263,290,263,291,264,292,264,293,264,294,265,295,265,296,266,297,266,298,267,298,268,298,269,297,270,297,271,297,272,296,273,296,274,296,275,296,276,295,277,295,278,295,279,294,280,294,281,293,282,293,283,293,284,292,285,292,286,292,285,291,286,290,286,289,286,288,285,287,284,286,284,285,283,284,282,283,281,283,280,282,279,282,278,282,277,281,276,281,275,281,274,280,273,280
309,283,308,284,307,284,306,285,305,285,304,285,303,286,302,286,301,286,300,287,299,287,298,287,297,288,296,288,295,289,294,290,293,290,292,291,291,292,291,293,290,294,289,295,289,296,288,297,288,298,288,299,288,300,287,301,287,302,287,303,287,304,287,305,288,306,289,306,290,307,291,308,292,309,293,309,294,310,295,310,296,311,297,310,298,310,299,309,300,310,301,309,302,309,303,309,304,309,305,309,306,309,307,309,306,308,307,307,308,306,309,305,310,304,311,303,312,302,313,301,314,300,315,299,316,298,317,298,317,297,316,296,316,295,315,294,315,293,314,292,314,291,313,290,313,289,312,288,312,287,311,286,311,285,310,284
255,292,254,293,253,293,252,293,251,293,250,294,249,294,248,295,247,296,247,297,246,298,245,299,244,300,244,301,243,302,243,303,243,304,243,305,244,306,245,307,246,308,247,308,248,309,249,310,250,310,251,310,252,311,253,310,254,310,255,310,256,310,257,309,258,309,259,309,260,308,261,307,262,306,263,305,264,305,264,304,264,303,265,302,265,301,265,300,265,299,265,298,265,297,264,296,264,295,263,294,263,293,262,293,261,292,260,292,259,292,258,292,257,292,256,292
359,292,358,293,357,293,356,293,355,293,354,294,353,294,352,295,352,296,351,297,351,298,351,299,350,300,350,301,349,302,349,303,348,304,347,305,346,306,346,307,345,308,344,308,343,309,342,310,341,311,340,311,339,311,338,312,337,312,336,313,335,313,334,314,333,314,332,315,331,316,330,317,330,318,330,319,330,320,330,321,330,322,330,323,329,324,329,325,329,326,329,327,329,328,330,328,331,329,332,329,333,329,334,329,335,328,336,328,337,328,338,328,339,328,340,328,341,328,342,328,343,328,344,328,345,328,346,328,347,329,348,329,349,329,350,330,350,329,351,328,352,327,353,326,354,325,355,325,356,324,357,323,358,322,358,321,359,320,359,319,360,318,361,317,361,316,362,315,363,314,364,313,364,312,364,311,365,310,365,309,365,308,365,307,365,306,365,305,365,304,365,303,365,302,365,301,364,300,364,299,364,298,363,297,363,296,363,295,362,294,361,293,360,293
284,293,283,294,282,294,281,294,280,295,279,295,278,296,277,296,276,296,275,297,274,297,273,297,272,297,271,298,270,298,269,298,268,299,267,299,266,299,266,300,266,301,266,302,265,303,265,304,265,305,264,306,265,307,265,308,266,308,267,308,268,308,269,308,270,307,271,307,272,307,273,307,274,306,275,306,276,306,277,305,278,305,279,304,280,304,281,303,282,302,283,301,284,300,284,299,285,298,285,297,285,296,285,295,285,294,285,293
224,296,223,297,222,298,222,299,221,300,221,301,221,302,221,303,221,304,221,305,222,306,222,307,222,308,223,309,223,310,224,311,225,312,226,313,227,313,228,313,229,314,230,315,231,316,232,317,233,318,234,319,235,319,236,319,237,319,238,318,239,318,240,318,241,318,242,318,243,318,244,317,245,317,246,317,247,317,248,316,249,316,250,316,251,316,252,315,252,314,252,313,252,312,251,311,250,311,249,311,248,310,247,309,246,309,245,308,244,307,243,306,242,305,241,304,240,303,239,302,238,301,237,301,236,300,235,299,234,299,233,298,232,298,231,298,230,297,229,297,228,297,227,296,226,296,225,296
385,304,384,305,383,306,382,306,381,307,380,308,380,309,379,310,379,311,378,312,377,313,377,314,378,315,378,316,379,317,380,318,380,319,381,320,382,321,383,322,384,323,385,324,386,325,387,326,388,325,389,325,390,325,391,325,392,324,392,323,393,322,394,321,394,320,394,319,394,318,394,317,394,316,394,315,394,314,394,313,394,312,393,311,393,310,392,309,392,308,391,307,390,306,389,305,388,305,387,305,386,304
279,305,278,306,277,306,276,307,275,307,274,307,273,308,272,308,271,308,270,308,269,309,268,309,267,309,266,309,265,309,265,310,264,311,264,312,263,313,262,314,261,315,261,316,260,317,259,317,258,318,258,319,259,320,259,321,260,322,260,323,261,324,262,325,262,326,262,327,263,328,263,329,264,330,264,331,265,331,266,331,267,331,268,331,269,330,270,330,271,330,272,330,273,330,274,331,275,330,276,330,277,329,278,328,279,328,280,327,281,327,282,326,283,325,284,324,285,324,286,323,287,322,288,321,289,320,290,319,291,318,292,317,293,316,294,315,295,314,295,313,296,312,295,311,294,311,293,310,292,310,291,309,290,308,289,307,288,307,287,306,286,305,285,305,284,305,283,306,282,305,281,305,280,305
301,310,300,311,299,311,298,312,297,313,296,313,296,314,295,315,294,316,293,317,292,318,291,319,290,320,289,321,288,322,287,323,286,324,285,325,284,325,283,326,282,327,281,328,280,328,279,329,278,329,277,330,276,331,275,331,275,332,275,333,276,334,276,335,277,336,278,336,279,336,280,337,281,337,282,337,283,338,284,338,285,338,286,338,287,338,288,338,289,338,290,338,291,338,292,338,293,338,294,337,295,337,296,337,297,337,298,336,299,336,300,337,301,336,302,335,303,334,304,333,305,332,306,331,307,331,308,330,309,329,310,328,311,328,312,327,313,327,314,326,315,325,316,324,315,323,315,322,315,321,315,320,315,319,315,318,314,317,314,316,313,315,313,314,312,313,312,312,311,311,310,310,309,310,308,310,307,310,306,310,305,310,304,310,303,310,302,310
371,310,370,311,369,311,368,311,367,311,366,312,365,312,365,313,364,314,363,315,362,316,362,317,361,318,360,319,360,320,360,321,359,322,359,323,359,324,359,325,359,326,359,327,359,328,359,329,359,330,359,331,360,332,360,333,361,333,362,333,363,333,364,332,365,332,366,331,367,330,367,329,368,328,369,327,370,326,370,325,371,324,372,323,372,322,373,321,373,320,374,319,375,318,376,317,376,316,377,315,376,314,376,313,376,312,375,311,374,311,373,310,372,310
317,324,316,325,315,326,314,327,313,328,312,328,311,329,310,329,309,330,308,331,307,332,306,332,305,333,304,334,303,335,302,336,301,337,301,338,302,339,303,340,303,341,304,342,305,343,306,343,307,343,308,343,309,343,310,343,311,343,312,343,313,343,314,344,315,344,316,344,317,344,318,344,319,345,320,345,321,345,322,345,323,345,323,344,324,343,324,342,325,341,325,340,326,339,326,338,327,337,327,336,327,335,327,334,328,333,328,332,328,331,328,330,328,329,328,328,327,327,326,327,325,327,324,326,323,325,322,325,321,325,320,325,319,325,318,325
395,324,394,325,393,325,392,325,391,326,390,327,390,328,390,329,389,330,388,331,387,331,386,332,386,333,386,334,385,335,385,336,385,337,385,338,385,339,385,340,386,341,386,342,387,343,388,343,389,344,389,345,390,346,391,347,392,347,393,348,394,348,395,348,396,348,397,348,398,348,399,348,399,347,400,346,400,345,401,344,401,343,402,342,402,341,403,340,403,339,403,338,404,337,404,336,403,335,403,334,403,333,403,332,403,331,403,330,403,329,403,328,403,327,403,326,402,326,401,325,400,324,399,324,398,324,397,324,396,324
329,329,329,330,329,331,329,332,329,333,328,334,328,335,328,336,328,337,327,338,327,339,326,340,326,341,325,342,325,343,324,344,324,345,323,346,323,347,324,348,324,349,324,350,324,351,324,352,324,353,324,354,323,355,323,356,324,357,325,358,326,359,327,360,328,360,329,360,330,359,331,359,332,359,333,358,334,358,335,357,336,357,337,357,338,356,339,356,340,356,341,356,342,356,343,355,343,354,343,353,343,352,343,351,343,350,344,349,344,348,344,347,345,346,345,345,346,344,346,343,346,342,347,341,347,340,347,339,348,338,348,337,348,336,349,335,349,334,349,333,349,332,349,331,349,330,348,330,347,330,346,329,345,329,344,329,343,329,342,329,341,329,340,329,339,329,338,329,337,329,336,329,335,329,334,330,333,330,332,330,331,330,330,329
359,334,359,335,359,336,358,337,357,338,356,339,356,340,355,341,355,342,355,343,355,344,355,345,355,346,355,347,355,348,355,349,356,350,357,351,357,352,358,353,359,354,360,355,361,355,362,355,363,356,364,356,365,356,366,356,367,356,368,356,369,355,370,355,371,355,372,354,373,354,374,354,375,353,376,353,377,353,378,353,379,352,380,352,381,352,382,352,383,352,384,352,385,351,386,351,387,350,387,349,387,348,387,347,386,346,386,345,386,344,386,343,385,342,385,341,384,340,384,339,383,339,382,339,381,339,380,338,379,338,378,338,377,338,376,338,375,337,374,337,373,336,372,336,371,336,370,335,369,335,368,335,367,334,366,334,365,334,364,334,363,334,362,334,361,334,360,334
273,335,272,336,271,336,270,337,269,338,268,339,268,340,268,341,267,342,267,343,268,344,268,345,269,346,269,347,270,348,271,349,271,350,272,351,272,352,273,352,274,352,275,353,276,353,277,353,278,354,279,354,280,355,281,355,282,356,283,357,284,358,285,358,286,359,287,360,288,359,289,360,290,361,291,360,292,360,293,359,294,358,295,357,296,357,297,356,298,355,299,354,300,353,301,352,301,351,302,350,302,349,303,348,303,347,303,346,304,345,304,344,304,343,303,342,302,341,302,340,301,339,300,338,299,338,298,338,297,338,296,338,295,338,294,338,293,339,292,339,291,339,290,339,289,339,288,339,287,339,286,339,285,339,284,339,283,339,282,338,281,338,280,338,279,337,278,337,277,337,276,336,275,335,274,335
408,336,407,337,406,338,405,338,404,338,404,339,404,340,403,341,403,342,402,343,402,344,401,345,401,346,400,347,400,348,400,349,400,350,400,351,401,352,402,353,403,354,404,354,405,355,406,355,407,355,408,356,409,356,410,356,411,356,412,356,413,356,414,356,415,355,416,354,417,354,417,353,418,352,418,351,418,350,418,349,418,348,419,347,419,346,419,345,419,344,418,343,418,342,418,341,417,340,416,339,415,338,414,338,413,337,412,336,411,336,410,336,409,336
305,344,305,345,304,346,304,347,304,348,303,349,303,350,302,351,302,352,301,353,300,354,299,355,298,356,297,357,296,358,295,358,294,359,293,360,292,361,291,361,291,362,292,363,292,364,292,365,293,365,294,365,295,365,296,365,297,365,298,365,299,364,300,364,301,364,302,364,303,363,304,363,305,363,306,363,307,363,308,362,309,362,310,363,311,363,312,362,313,361,314,361,315,360,316,359,317,359,318,358,319,357,320,357,321,356,322,356,322,355,323,354,323,353,323,352,323,351,323,350,323,349,323,348,322,347,322,346,321,346,320,346,319,346,318,345,317,345,316,345,315,345,314,345,313,344,312,344,311,344,310,344,309,344,308,344,307,344,306,344
387,351,386,352,385,352,384,353,383,353,382,353,381,353,380,353,379,353,378,354,377,354,376,354,375,354,374,355,373,355,372,355,371,356,370,356,370,357,369,358,368,359,367,360,366,361,366,362,365,363,365,364,364,365,364,366,364,367,363,368,363,369,363,370,363,371,363,372,363,373,364,374,364,375,364,376,365,377,366,378,366,379,367,380,368,381,369,382,370,383,371,384,372,384,373,384,374,384,375,385,376,385,377,385,378,385,379,385,380,385,381,384,382,384,383,384,384,383,385,383,386,382,387,382,388,381,389,380,390,379,391,378,392,377,393,376,394,376,393,375,393,374,393,373,393,372,393,371,393,370,392,369,392,368,392,367,392,366,392,365,392,364,391,363,391,362,391,361,390,360,390,359,390,358,389,357,389,356,389,355,389,354,388,353,388,352
389,352,389,353,390,354,390,355,390,356,390,357,391,358,391,359,391,360,392,361,392,362,392,363,393,364,393,365,393,366,393,367,393,368,393,369,394,370,394,371,394,372,394,373,394,374,394,375,395,375,396,376,397,376,398,376,399,376,400,376,401,376,402,376,403,375,404,375,405,375,406,374,407,374,408,373,409,373,410,372,410,371,411,370,411,369,411,368,412,367,412,366,411,365,410,364,410,363,409,362,409,361,408,360,408,359,407,358,406,357,405,356,404,355,403,355,402,354,401,353,400,352,399,352,398,352,397,352,396,352,395,352,394,352,393,352,392,352,391,353,390,353
272,353,272,354,271,355,271,356,271,357,271,358,271,359,271,360,272,361,272,362,273,363,274,364,274,365,275,365,276,366,277,366,278,367,279,367,280,367,281,367,282,367,283,367,284,367,285,366,285,365,285,364,286,363,285,362,286,361,286,360,285,359,284,359,283,358,282,357,281,356,280,356,279,355,278,355,277,354,276,354,275,354,274,353,273,353
348,354,347,355,346,355,346,356,345,357,344,356,343,357,343,358,342,359,341,360,341,361,340,362,340,363,340,364,339,365,339,366,338,367,338,368,338,369,337,370,337,371,337,372,337,373,337,374,337,375,337,376,337,377,338,378,338,379,339,379,340,380,341,380,342,379,343,379,344,379,345,379,346,378,347,378,348,377,349,377,350,376,351,376,352,375,353,375,354,374,355,373,355,372,356,371,357,370,357,369,358,368,358,367,359,366,359,365,359,364,359,363,359,362,359,361,358,360,358,359,357,358,357,357,356,357,355,356,354,356,353,356,352,356,351,356,350,356,349,356,348,355
343,356,342,357,341,357,340,357,339,357,338,357,337,358,336,358,335,358,334,359,333,359,332,360,331,360,330,360,329,361,328,361,327,361,328,362,328,363,327,364,327,365,326,366,325,367,324,368,323,369,322,369,321,370,320,371,319,371,318,372,317,372,317,373,316,374,315,375,314,376,313,377,312,378,311,378,310,379,309,380,308,381,307,382,307,383,306,384,306,385,306,386,305,387,305,388,305,389,305,390,305,391,305,392,306,393,306,394,306,395,307,396,307,397,308,398,309,399,310,399,311,399,312,399,313,399,314,399,315,399,316,399,317,398,318,397,318,396,319,395,320,395,321,394,322,394,323,393,324,393,325,392,326,392,327,391,328,391,329,390,330,390,331,389,332,388,333,387,334,386,335,385,335,384,335,383,336,382,336,381,336,380,337,379,337,378,336,377,336,376,336,375,336,374,336,373,336,372,336,371,336,370,337,369,337,368,337,367,338,366,338,365,339,364,339,363,339,362,340,361,340,360,341,359,342,358,342,357
419,360,418,361,417,362,416,363,415,364,414,365,413,366,413,367,412,368,412,369,412,370,411,371,411,372,410,373,410,374,410,375,411,376,411,377,411,378,411,379,411,380,411,381,411,382,411,383,412,384,412,385,413,386,413,387,414,388,415,389,416,389,417,389,418,389,419,389,420,389,421,389,422,389,423,388,424,388,425,388,426,388,427,387,428,387,429,386,430,385,431,384,432,383,432,382,433,381,433,380,433,379,434,378,434,377,434,376,433,375,433,374,432,373,432,372,432,371,431,370,430,369,429,368,429,367,428,366,428,365,427,364,427,363,427,362,426,362,425,361,424,361,423,360,422,360,421,360,420,360
308,363,307,364,306,364,305,364,304,364,303,364,302,365,301,365,300,365,299,365,298,366,297,366,296,366,295,366,294,366,293,366,292,366,291,367,290,368,289,369,288,370,287,371,287,372,287,373,287,374,287,375,287,376,287,377,288,378,288,379,289,380,290,380,291,381,292,381,293,381,294,381,295,381,296,381,297,381,298,381,299,381,300,381,301,381,302,381,303,381,304,381,305,381,306,381,307,381,308,380,309,379,310,378,311,377,312,377,313,376,314,375,315,374,316,373,316,372,317,371,317,370,317,369,316,368,316,367,316,366,315,366,314,365,313,365,312,364,311,364,310,364,309,363
376,387,375,388,374,388,373,388,372,388,371,388,370,388,369,389,368,389,367,390,366,390,365,391,364,392,363,393,363,394,362,395,362,396,362,397,362,398,362,399,362,400,362,401,362,402,363,403,363,404,364,405,365,406,365,407,366,408,367,409,368,409,369,410,370,410,371,410,372,410,373,411,374,411,375,410,376,410,377,410,378,410,379,410,380,410,381,410,382,410,383,410,384,410,385,409,386,408,387,407,387,406,387,405,388,404,389,403,389,402,390,401,390,400,390,399,390,398,391,397,391,396,390,395,390,394,389,393,389,392,388,391,387,390,386,390,385,389,384,389,383,388,382,388,381,387,380,387,379,387,378,387,377,387
329,391,328,392,327,392,326,393,325,393,324,394,323,394,322,395,321,395,320,396,319,397,318,398,317,399,317,400,317,401,316,402,316,403,315,404,315,405,314,406,314,407,314,408,315,409,315,410,316,411,316,412,317,413,318,413,319,414,320,414,321,414,322,414,323,414,324,414,325,414,326,415,327,416,328,417,329,418,330,419,331,420,332,421,333,421,334,422,335,422,336,422,337,422,338,422,339,421,340,421,341,420,342,419,343,418,344,417,345,416,346,415,347,414,348,413,349,413,350,412,350,411,350,410,351,409,351,408,351,407,351,406,351,405,351,404,350,403,350,402,350,401,349,400,349,399,348,398,347,397,346,396,345,396,344,395,343,395,342,394,341,393,340,393,339,393,338,392,337,392,336,392,335,392,334,391,333,391,332,391,331,391,330,391
398,403,397,404,396,404,395,404,394,405,393,405,392,406,391,407,390,408,389,409,388,410,388,411,387,412,386,412,387,413,387,414,386,415,387,416,386,417,386,418,386,419,386,420,387,421,387,422,387,423,388,424,388,425,388,426,389,427,389,428,390,429,390,430,391,431,391,432,392,433,393,434,394,435,395,435,396,436,397,437,398,437,399,438,400,438,401,438,402,438,403,438,404,438,405,438,406,438,407,438,408,439,409,439,410,439,411,440,412,440,413,440,414,441,415,442,416,442,417,442,418,442,419,442,420,442,421,442,422,442,423,442,424,442,425,442,426,442,427,441,428,441,429,441,430,441,431,441,432,441,433,440,434,439,435,439,436,439,437,439,438,438,439,437,439,436,440,435,440,434,441,433,442,432,442,431,442,430,442,429,443,428,443,427,443,426,443,425,444,424,444,423,444,422,444,421,444,420,445,419,444,418,444,417,444,416,444,415,443,414,443,413,442,412,442,411,442,410,442,409,441,408,440,407,439,406,438,406,437,405,436,405,435,405,434,406,433,406,432,405,431,405,430,406,429,406,428,407,427,407,426,408,425,408,424,408,423,408,422,409,421,409,420,409,419,409,418,409,417,409,416,409,415,409,414,409,413,409,412,409,411,408,410,408,409,407,408,406,407,406,406,405,405,405,404,404,403,404,402,404,401,404,400,403,399,403
350,413,349,414,348,414,347,415,346,416,345,417,344,418,343,419,342,420,341,421,341,422,340,423,340,424,341,425,342,426,342,427,343,428,344,429,345,429,346,430,347,430,348,431,349,431,350,431,351,431,352,431,353,431,354,431,355,431,356,431,357,431,358,431,359,430,359,429,360,428,361,427,362,426,363,426,364,425,365,424,366,423,366,422,366,421,366,420,366,419,366,418,365,417,365,416,364,415,363,414,362,414,361,413,360,413,359,413,358,413,357,413,356,413,355,413,354,413,353,413,352,413,351,413
359,431,358,432,357,432,358,433,358,434,358,435,358,436,358,437,359,438,360,439,360,440,361,441,362,442,363,442,364,443,365,444,366,444,367,443,368,443,369,443,370,443,371,442,371,441,372,440,372,439,372,438,372,437,371,436,371,435,370,434,369,433,368,433,367,432,366,432,365,432,364,432,363,432,362,432,361,432,360,432
