117,139,116,140,115,140,114,141,113,142,112,142,111,143,110,144,109,145,109,146,108,147,108,148,108,149,108,150,108,151,108,152,109,153,109,154,109,155,110,156,111,157,111,158,112,159,113,160,114,161,115,161,116,162,117,162,118,162,119,163,120,163,121,162,122,162,123,162,124,161,125,160,126,159,127,158,127,157,127,156,128,155,128,154,128,153,128,152,128,151,127,150,127,149,127,148,127,147,127,146,126,145,126,144,125,143,125,142,124,141,123,141,122,140,121,140,120,139,119,139,118,139
210,181,209,182,209,183,208,184,207,185,207,186,206,187,206,188,205,189,205,190,204,191,204,192,203,193,203,194,204,195,205,196,206,197,207,197,208,198,209,199,210,200,211,200,212,201,213,201,214,202,215,203,216,203,217,203,218,204,219,204,220,204,221,204,222,203,223,203,224,203,225,202,226,201,227,200,228,199,228,198,229,197,229,196,229,195,229,194,229,193,229,192,228,191,228,190,228,189,227,188,227,187,226,186,225,186,224,185,223,185,222,184,221,184,220,183,219,183,218,183,217,183,216,183,215,182,214,183,213,183,212,182,211,181
235,181,234,182,233,182,232,182,231,183,230,183,230,184,229,185,229,186,229,187,228,188,229,189,229,190,229,191,230,192,230,193,231,193,232,194,233,195,234,195,235,195,236,195,237,194,238,194,239,194,240,193,241,193,242,192,243,191,244,191,245,190,245,189,246,188,246,187,245,186,245,185,244,184,244,183,243,183,242,182,241,182,240,182,239,181,238,181,237,181,236,181
190,185,189,186,188,186,187,186,186,186,185,187,184,187,183,187,182,188,181,188,180,188,179,189,178,190,178,191,178,192,178,193,177,194,177,195,177,196,177,197,177,198,178,199,178,200,178,201,179,202,179,203,180,204,180,205,181,206,182,206,183,207,184,207,185,208,186,208,187,208,188,208,189,208,190,209,191,208,192,208,193,208,194,208,195,207,196,207,197,206,198,205,199,204,199,203,200,202,200,201,200,200,201,199,200,198,201,197,201,196,200,195,199,194,199,193,198,192,197,191,196,190,195,189,194,188,193,187,192,186,191,185
125,191,124,192,123,193,122,194,122,195,122,196,121,197,121,198,121,199,121,200,121,201,121,202,122,203,122,204,123,205,124,206,125,206,126,207,127,207,128,207,129,207,130,206,131,206,132,205,133,205,134,204,135,203,136,202,136,201,136,200,136,199,136,198,136,197,136,196,136,195,135,194,134,193,133,192,132,191,131,191,130,191,129,191,128,191,127,191,126,191
252,196,251,197,250,197,249,198,248,199,248,200,247,201,247,202,247,203,247,204,247,205,247,206,248,207,248,208,249,209,249,210,250,211,251,212,252,213,253,214,254,214,255,214,256,215,257,215,258,215,259,216,260,217,261,217,262,218,263,218,264,219,265,219,266,219,267,219,268,220,268,219,269,218,270,217,270,216,271,215,271,214,271,213,272,212,272,211,272,210,272,209,273,208,273,207,273,206,273,205,273,204,273,203,272,202,271,201,270,200,269,199,268,199,267,198,266,198,265,197,264,197,263,197,262,197,261,196,260,196,259,196,258,196,257,196,256,196,255,196,254,196,253,196
277,200,276,201,275,201,274,202,274,203,274,204,274,205,274,206,274,207,274,208,273,209,273,210,273,211,273,212,272,213,272,214,272,215,271,216,271,217,270,218,269,219,269,220,269,221,270,222,271,222,272,222,273,221,274,221,275,221,276,221,277,220,278,220,279,220,280,220,281,220,282,220,283,220,284,220,285,220,286,220,287,220,287,219,287,218,287,217,287,216,287,215,287,214,287,213,287,212,287,211,287,210,288,209,288,208,288,207,287,207,286,206,285,205,284,204,283,203,282,202,282,201,281,201,280,200,279,200,278,200
231,203,230,204,229,204,228,205,227,205,226,206,226,207,225,208,225,209,224,210,224,211,223,212,223,213,223,214,222,215,222,216,221,217,221,218,220,219,220,220,220,221,220,222,220,223,220,224,220,225,221,226,222,227,222,228,223,229,224,229,225,230,226,230,227,230,228,231,229,231,230,231,231,230,232,230,233,230,234,229,235,229,236,228,237,228,238,227,239,226,240,225,241,224,242,223,243,222,243,221,244,220,244,219,244,218,244,217,245,216,245,215,246,214,246,213,245,212,245,211,245,210,245,209,244,208,243,207,242,206,241,205,240,205,239,204,238,204,237,203,236,203,235,203,234,203,233,203,232,203
289,207,289,208,289,209,288,210,288,211,288,212,288,213,288,214,288,215,288,216,288,217,288,218,288,219,288,220,289,220,290,221,291,222,292,222,293,223,294,223,295,224,296,224,297,224,298,224,299,225,300,225,301,225,302,225,303,224,304,224,305,224,306,223,307,223,307,222,308,221,308,220,308,219,308,218,308,217,308,216,307,215,306,214,305,213,304,212,303,211,302,211,301,210,300,210,299,209,298,209,297,209,296,208,295,208,294,208,293,208,292,208,291,208,290,208
198,211,197,212,196,212,195,212,194,213,193,214,192,215,192,216,191,217,191,218,190,219,190,220,190,221,190,222,190,223,190,224,190,225,190,226,190,227,190,228,191,229,191,230,192,231,192,232,193,233,193,234,194,235,195,236,196,237,196,238,197,239,198,240,199,241,200,241,201,241,202,242,203,242,204,242,205,242,206,242,207,242,208,241,209,241,210,241,211,240,212,240,213,239,214,238,215,237,215,236,216,235,216,234,216,233,216,232,217,231,217,230,217,229,218,228,218,227,218,226,219,225,219,224,219,223,219,222,219,221,219,220,219,219,218,218,217,217,217,216,216,215,215,214,215,213,214,212,213,212,212,212,211,212,210,211,209,211,208,211,207,211,206,211,205,211,204,211,203,211,202,211,201,211,200,211,199,211
277,221,276,222,275,222,274,222,273,222,272,223,271,223,271,224,271,225,271,226,270,227,270,228,270,229,270,230,270,231,271,232,271,233,272,234,273,235,274,236,275,236,276,236,277,237,278,237,279,237,280,237,281,238,282,238,283,238,284,238,285,238,286,238,287,237,288,237,289,237,290,237,291,236,292,236,293,236,294,235,295,234,296,233,296,232,297,231,297,230,297,229,297,228,296,227,296,226,295,225,294,224,293,224,292,223,291,223,290,222,289,223,288,223,287,223,286,222,285,222,284,221,283,221,282,221,281,221,280,221,279,221,278,221
308,223,307,224,306,224,305,225,304,226,304,227,303,228,303,229,303,230,302,231,302,232,302,233,302,234,303,235,303,236,304,237,304,238,305,238,306,239,307,240,308,241,309,242,310,243,311,243,312,244,312,245,313,246,313,247,314,247,315,247,316,247,317,247,318,247,319,246,320,245,320,244,321,243,321,242,322,241,322,240,323,239,323,238,322,237,322,236,322,235,322,234,322,233,321,232,320,231,320,230,319,229,318,228,317,227,316,226,315,226,314,225,313,225,312,225,311,224,310,224,309,224
328,236,327,237,326,237,325,238,324,239,323,240,323,241,322,242,322,243,321,244,321,245,320,246,321,247,320,248,319,248,320,249,320,250,321,251,321,252,322,253,322,254,322,255,323,256,323,257,323,258,323,259,323,260,323,261,323,262,322,263,322,264,321,265,321,266,320,267,320,268,319,269,318,270,319,271,320,271,321,272,322,273,323,274,324,274,325,275,326,276,327,277,328,277,329,278,330,279,331,280,332,280,333,281,333,282,333,281,334,280,334,279,335,278,336,277,336,276,337,275,338,274,338,273,338,272,339,271,339,270,339,269,339,268,339,267,339,266,340,265,340,264,341,263,341,262,342,261,343,260,343,259,343,258,343,257,343,256,343,255,343,254,343,253,343,252,343,251,343,250,342,249,342,248,341,247,341,246,340,245,340,244,339,243,338,242,338,241,337,240,336,240,335,239,334,238,333,237,332,237,331,236,330,236,329,236
295,238,294,239,293,240,292,240,291,240,290,241,290,242,289,243,289,244,288,245,288,246,288,247,287,248,287,249,288,250,288,251,289,252,290,253,291,253,292,254,292,255,293,256,294,257,294,258,295,259,296,260,297,260,298,260,299,261,300,261,301,261,302,261,303,261,304,262,305,261,306,262,307,261,307,260,308,259,308,258,309,257,309,256,310,255,310,254,311,253,311,252,312,251,312,250,312,249,313,248,312,248,311,247,310,246,309,245,309,244,309,243,308,242,307,241,306,240,305,239,304,239,303,238,302,238,301,238,300,238,299,238,298,238,297,238,296,238
228,242,227,243,226,243,225,243,224,243,223,244,222,244,221,244,220,245,219,246,218,247,218,248,217,249,217,250,217,251,217,252,217,253,217,254,218,255,218,256,219,257,220,258,221,258,222,259,223,260,224,260,225,261,226,262,227,262,228,262,229,262,230,262,231,262,232,262,233,262,234,262,235,262,236,262,237,262,238,262,239,261,240,261,241,260,242,260,243,259,244,258,245,257,245,256,245,255,245,254,245,253,245,252,245,251,244,250,244,249,243,248,242,247,241,246,240,246,239,245,238,244,237,244,236,243,235,243,234,242,233,242,232,242,231,242,230,242,229,242
270,242,269,243,268,243,267,244,266,244,265,245,264,246,263,247,263,248,263,249,263,250,262,251,262,252,262,253,262,254,262,255,262,256,262,257,262,258,262,259,262,260,262,261,262,262,262,263,262,264,263,265,263,266,264,267,265,267,266,268,267,268,268,269,269,269,270,270,271,271,272,271,273,272,274,272,275,273,276,273,277,274,278,274,279,274,280,273,281,272,282,271,282,270,282,269,283,268,283,267,283,266,283,265,284,264,284,263,284,262,285,261,285,260,285,259,286,258,286,257,287,256,287,255,287,254,287,253,288,252,287,251,287,250,286,249,285,248,284,247,283,247,282,246,281,245,280,245,279,244,278,244,277,243,276,243,275,243,274,242,273,242,272,242,271,242
205,244,204,245,203,245,202,245,201,245,200,246,199,246,198,247,197,248,196,248,195,249,194,250,193,251,193,252,192,253,192,254,191,255,191,256,191,257,191,258,191,259,191,260,191,261,191,262,192,263,193,264,194,265,195,266,196,267,197,267,198,268,199,269,200,269,201,269,202,269,203,269,204,269,205,269,206,268,207,268,208,267,209,267,210,266,211,265,212,265,213,264,213,263,214,262,215,261,215,260,215,259,216,258,217,257,217,256,217,255,216,254,216,253,216,252,216,251,216,250,215,249,214,248,213,247,212,247,211,246,210,246,209,245,208,245,207,245,206,245
314,248,313,249,313,250,313,251,312,252,312,253,311,254,311,255,310,256,310,257,309,258,309,259,308,260,308,261,307,262,308,263,309,264,309,265,310,265,311,266,312,267,313,268,314,268,315,268,316,268,317,268,318,269,319,268,319,267,320,266,320,265,321,264,321,263,322,262,322,261,322,260,322,259,322,258,322,257,322,256,321,255,321,254,321,253,320,252,320,251,319,250,319,249,318,248,317,248,316,248,315,248
247,266,246,267,245,267,244,268,243,269,242,269,241,270,240,270,239,271,238,272,237,272,237,273,236,274,235,274,234,275,233,276,232,276,232,277,231,278,231,279,230,280,230,281,229,282,229,283,228,284,228,285,228,286,227,287,227,288,226,289,226,290,227,290,228,291,228,292,228,293,229,294,230,295,229,296,228,296,229,296,230,296,231,297,232,297,233,298,234,298,235,298,236,297,237,297,238,297,239,296,239,295,240,294,240,293,241,292,241,291,241,290,242,289,242,288,242,287,242,286,243,285,243,284,244,283,244,282,245,281,246,280,247,279,248,278,249,278,250,277,251,276,251,275,252,274,253,274,253,273,252,272,253,271,252,270,253,269,252,268,252,267,252,266,251,266,250,266,249,266,248,266
218,267,217,268,216,268,215,268,214,269,213,270,212,270,211,271,210,272,210,273,209,274,209,275,209,276,208,277,208,278,208,279,208,280,207,281,207,282,207,283,207,284,207,285,206,286,207,287,207,288,207,289,208,290,208,291,209,292,210,292,211,293,211,294,212,294,213,294,214,294,215,294,216,294,217,294,218,293,219,293,220,292,221,292,222,291,223,290,224,289,225,288,226,288,226,287,227,286,227,285,227,284,228,283,228,282,229,281,229,280,230,279,230,278,231,277,230,276,229,275,228,274,228,273,227,272,226,271,225,270,224,269,223,269,222,268,221,268,220,268,219,267
259,271,258,272,257,272,256,273,255,273,254,274,254,275,254,276,254,277,255,278,255,279,256,280,256,281,257,282,257,283,258,284,259,285,259,286,260,287,260,288,261,289,261,290,262,291,262,292,263,293,264,293,265,294,266,295,267,295,268,295,269,295,270,295,271,295,272,294,273,294,274,294,275,294,276,294,277,294,278,294,279,294,280,294,281,294,282,294,282,293,283,292,283,291,284,290,284,289,284,288,284,287,284,286,284,285,283,284,283,283,282,282,281,281,280,281,279,280,278,280,277,279,276,279,275,278,274,278,273,277,272,276,271,275,270,274,269,274,268,273,267,273,266,273,265,272,264,272,263,272,262,271,261,271,260,271
318,271,317,272,316,273,316,274,315,275,315,276,314,277,314,278,314,279,314,280,313,281,313,282,313,283,312,284,312,285,312,286,313,287,312,288,312,289,313,290,313,291,314,292,314,293,315,294,316,295,317,296,318,297,319,298,320,298,321,298,322,298,323,298,324,297,325,296,326,295,327,294,327,293,328,292,329,291,330,290,331,289,332,288,333,287,333,286,333,285,333,284,333,283,332,282,332,281,331,281,330,280,329,279,328,278,327,278,326,277,325,276,324,275,323,275,322,274,321,273,320,272,319,272
299,285,298,286,297,286,296,287,295,288,294,288,293,289,292,290,292,291,291,292,290,293,289,294,288,295,287,296,286,297,285,297,284,298,284,299,284,300,284,301,284,302,284,303,284,304,285,305,286,306,287,307,287,308,288,309,289,310,290,311,291,312,292,313,293,314,293,315,294,316,295,317,296,318,296,319,297,320,297,321,298,321,299,322,300,322,301,322,302,321,303,321,304,320,305,319,306,319,307,318,308,317,309,316,310,316,311,315,312,315,312,314,312,313,312,312,312,311,312,310,312,309,312,308,312,307,312,306,312,305,312,304,312,303,312,302,312,301,312,300,313,299,313,298,314,297,314,296,314,295,314,294,313,293,313,292,312,291,312,290,311,289,310,289,309,289,308,288,307,288,306,287,305,287,304,286,303,286,302,286,301,286,300,286
251,290,250,291,249,291,248,292,247,292,246,293,245,294,244,294,243,295,242,296,242,297,241,298,240,299,240,300,240,301,241,302,241,303,241,304,242,305,243,306,244,306,245,307,246,308,247,308,248,308,249,308,250,308,251,308,252,308,253,308,254,308,255,308,256,308,257,307,258,307,259,306,260,306,261,305,261,304,262,303,262,302,263,301,263,300,263,299,264,298,264,297,264,296,263,295,263,294,262,293,261,292,261,291,260,291,259,291,258,290,257,290,256,290,255,290,254,290,253,290,252,290
272,295,271,296,270,296,269,296,268,296,267,296,266,296,265,296,265,297,265,298,264,299,264,300,264,301,263,302,263,303,262,304,262,305,261,306,261,307,261,308,262,309,263,310,264,311,265,311,266,311,267,312,268,312,269,312,270,312,271,312,272,312,273,311,274,311,275,310,276,310,277,309,278,309,279,308,280,308,280,307,281,306,282,305,283,304,283,303,283,302,283,301,283,300,283,299,283,298,284,297,283,296,282,295,281,295,280,295,279,295,278,295,277,295,276,295,275,295,274,295,273,295
225,296,224,297,223,297,222,297,221,297,220,297,219,297,218,298,217,299,216,300,216,301,215,302,215,303,215,304,216,305,216,306,216,307,217,308,217,309,217,310,218,311,218,312,219,313,219,314,220,315,221,316,222,317,223,318,223,319,224,320,225,320,226,321,227,322,228,322,229,322,230,322,231,322,232,323,233,323,234,322,235,322,236,321,237,321,238,320,239,320,240,320,241,320,242,320,243,320,244,319,245,318,245,317,245,316,245,315,245,314,245,313,245,312,245,311,245,310,245,309,245,308,244,307,243,307,242,306,241,305,240,304,239,303,238,303,237,302,236,302,235,301,234,300,233,299,232,298,231,298,230,297,229,297,228,297,227,297,226,297
382,300,381,301,380,302,379,303,379,304,378,305,378,306,378,307,378,308,377,309,377,310,377,311,378,312,378,313,378,314,378,315,378,316,378,317,378,318,378,319,378,320,378,321,378,322,378,323,378,324,378,325,378,326,378,327,378,328,378,329,377,330,378,331,378,332,378,333,379,334,380,334,381,334,382,334,383,334,384,335,385,334,386,333,387,332,387,331,388,330,389,329,390,328,391,327,392,326,393,325,394,324,395,323,395,322,395,321,395,320,395,319,395,318,395,317,395,316,395,315,395,314,395,313,395,312,395,311,395,310,394,309,394,308,393,307,393,306,392,305,391,304,391,303,390,302,389,301,388,301,387,300,386,300,385,300,384,300,383,300
370,308,369,309,369,310,368,311,367,312,367,313,366,314,366,315,365,316,365,317,364,318,364,319,363,320,363,321,362,322,361,323,361,324,361,325,360,326,359,327,359,328,359,329,358,330,358,331,359,332,360,333,361,333,362,334,363,334,364,335,365,335,366,335,367,335,368,334,369,334,370,334,371,334,372,334,373,333,374,333,375,333,376,332,376,331,376,330,377,329,377,328,377,327,377,326,377,325,377,324,377,323,377,322,377,321,377,320,377,319,377,318,377,317,377,316,377,315,377,314,377,313,377,312,376,311,376,310,375,310,374,309,373,309,372,309,371,308
246,309,246,310,246,311,246,312,246,313,246,314,246,315,246,316,246,317,246,318,247,317,248,317,249,317,250,317,251,317,252,317,253,316,253,315,254,314,255,313,255,312,255,311,255,310,254,309,253,309,252,309,251,309,250,309,249,309,248,309,247,309
279,309,278,310,277,310,276,311,275,311,274,312,273,312,272,313,271,313,270,314,270,315,270,316,270,317,271,318,271,319,271,320,272,321,272,322,272,323,272,324,272,325,273,326,274,327,275,328,276,329,277,330,278,331,279,331,280,332,281,332,282,333,283,334,284,334,285,333,286,333,287,333,288,333,289,332,290,332,291,331,292,331,293,330,294,330,295,329,295,328,296,327,295,326,295,325,296,324,296,323,297,322,296,321,296,320,295,319,295,318,294,317,293,316,292,315,292,314,291,313,290,312,289,311,288,310,287,309,286,309,285,309,284,309,283,309,282,309,281,309,280,309
339,309,338,310,337,310,336,310,335,311,334,311,333,311,332,312,331,313,330,314,329,315,328,316,328,317,328,318,327,319,327,320,327,321,327,322,327,323,327,324,327,325,327,326,328,327,329,328,329,329,330,330,331,331,331,332,332,332,333,333,334,333,335,334,336,334,337,334,338,334,339,335,340,335,341,335,342,335,343,334,344,334,345,333,346,333,347,332,348,331,349,330,350,329,351,328,352,327,352,326,353,325,354,324,354,323,353,322,353,321,353,320,352,319,352,318,351,317,350,316,350,315,349,314,348,313,347,312,346,312,345,311,344,311,343,310,342,310,341,310,340,310
257,315,256,316,255,316,254,317,253,317,252,318,251,318,251,319,250,320,249,321,249,322,248,323,247,324,247,325,247,326,247,327,247,328,247,329,247,330,247,331,247,332,248,333,249,334,250,334,251,334,252,335,253,335,254,336,255,336,256,336,257,336,258,336,259,335,260,335,261,335,262,335,263,334,264,334,265,333,266,332,267,332,268,331,269,330,270,329,270,328,271,327,271,326,271,325,271,324,271,323,271,322,271,321,270,320,270,319,270,318,269,317,269,316,268,315,267,315,266,315,265,315,264,315,263,315,262,315,261,315,260,315,259,315,258,315
238,321,237,322,236,322,235,323,234,323,233,324,233,325,233,326,233,327,234,328,234,329,235,330,235,331,236,332,237,332,238,333,239,333,240,333,241,333,242,333,243,333,244,333,245,332,246,331,246,330,246,329,246,328,246,327,246,326,246,325,245,324,244,323,243,322,242,321,241,321,240,321,239,321
316,323,315,324,314,324,313,325,312,326,311,327,310,327,309,328,308,329,307,330,307,331,306,332,306,333,305,334,305,335,305,336,305,337,305,338,306,339,307,340,307,341,308,342,309,343,310,343,311,344,312,345,313,345,314,346,315,347,316,347,317,347,318,347,319,346,320,346,321,345,322,345,323,344,324,344,325,343,326,343,327,342,328,341,329,340,330,339,330,338,330,337,330,336,330,335,330,334,330,333,330,332,330,331,329,330,328,329,328,328,327,327,326,326,325,326,324,325,323,324,322,323,321,323,320,323,319,323,318,323,317,323
396,323,395,324,394,325,393,326,392,327,391,328,390,329,389,330,388,331,388,332,387,333,386,334,385,335,385,336,385,337,385,338,384,339,384,340,384,341,385,342,386,343,387,344,388,345,389,346,390,346,391,346,392,347,393,347,394,347,395,347,396,347,397,347,398,347,399,347,400,346,400,345,401,344,401,343,402,342,402,341,403,340,403,339,404,338,404,337,404,336,404,335,404,334,404,333,404,332,404,331,404,330,404,329,404,328,404,327,404,326,404,325,403,324,402,323,401,323,400,323,399,323,398,323,397,323
295,330,294,331,293,331,292,332,291,332,290,333,289,333,288,334,287,334,286,334,285,334,284,335,283,335,282,336,282,337,282,338,282,339,281,340,280,341,280,342,280,343,281,344,282,344,283,345,284,345,285,346,286,346,287,346,288,346,289,346,290,346,291,347,292,346,293,346,294,345,295,345,296,344,297,343,298,343,299,342,299,341,299,340,300,339,300,338,301,337,301,336,300,336,299,335,299,334,298,333,297,332,297,331,296,330
357,332,356,333,356,334,355,335,355,336,355,337,354,338,354,339,353,340,353,341,353,342,353,343,352,344,353,345,353,346,354,347,354,348,354,349,355,350,356,351,357,352,358,353,359,354,360,355,361,356,362,356,363,357,364,358,365,358,366,357,367,357,368,357,369,357,370,356,371,356,372,356,373,355,374,355,375,355,376,354,375,354,374,353,375,352,375,351,375,350,375,349,376,348,376,347,377,346,377,345,377,344,378,343,378,342,378,341,378,340,378,339,378,338,378,337,378,336,378,335,378,334,377,334,376,333,375,334,374,334,373,334,372,335,371,335,370,335,369,335,368,335,367,336,366,336,365,336,364,336,363,335,362,335,361,334,360,334,359,333,358,332
269,334,268,335,267,335,266,335,265,335,264,336,263,335,262,336,261,336,260,336,259,336,258,337,257,337,256,337,255,337,255,338,254,339,254,340,253,341,253,342,253,343,253,344,254,345,254,346,254,347,255,348,255,349,256,350,257,351,258,352,259,353,260,353,261,354,262,354,263,355,264,355,265,355,266,356,267,356,268,355,268,354,268,353,268,352,269,351,270,350,271,349,272,348,273,347,274,346,275,346,276,345,277,345,278,344,279,343,278,342,277,341,277,340,277,339,276,338,276,337,275,336,274,336,273,336,272,335,271,334,270,334
409,335,408,336,407,336,406,337,405,338,404,339,404,340,403,341,403,342,402,343,402,344,401,345,401,346,400,347,401,348,401,349,402,350,403,350,404,351,405,352,406,352,407,353,408,354,409,355,410,355,411,355,412,355,413,355,414,355,415,355,416,355,417,354,418,354,419,353,420,353,421,352,421,351,422,350,422,349,422,348,423,347,423,346,423,345,423,344,423,343,423,342,423,341,423,340,422,339,422,338,421,337,420,337,419,336,418,335,417,335,416,335,415,335,414,335,413,335,412,335,411,335,410,335
303,342,302,343,301,343,300,343,299,343,298,344,297,344,296,345,295,346,294,346,293,347,292,347,291,348,291,349,291,350,291,351,292,352,292,353,293,354,293,355,294,356,295,357,296,357,297,358,298,359,299,359,300,360,301,361,302,361,303,362,304,362,305,363,306,363,307,363,308,363,309,363,310,363,311,363,312,363,313,363,314,362,315,361,315,360,316,359,316,358,317,357,317,356,318,355,318,354,318,353,318,352,317,351,317,350,317,349,316,348,315,348,314,347,313,346,312,346,311,345,310,344,309,344,308,343,307,342,306,342,305,342,304,342
396,350,395,351,394,351,393,351,392,351,391,352,390,352,389,352,388,353,387,353,386,353,385,354,384,355,383,356,382,356,381,357,380,358,380,359,380,360,380,361,380,362,379,363,379,364,379,365,379,366,379,367,379,368,379,369,379,370,380,371,380,372,380,373,380,374,380,375,381,376,382,377,383,378,384,379,385,379,386,380,387,380,388,380,389,381,390,381,391,381,392,381,393,380,394,380,395,380,396,379,397,379,398,378,399,377,400,377,401,377,402,376,403,376,404,375,405,375,406,374,407,373,408,373,408,372,409,371,410,370,410,369,410,368,410,367,411,366,411,365,411,364,411,363,410,362,410,361,410,360,410,359,409,358,409,357,409,356,408,355,407,354,406,353,405,353,404,352,403,351,402,351,401,350,400,351,399,351,398,350,397,350
376,355,375,356,374,356,373,356,372,357,371,357,370,357,369,358,368,358,367,358,366,358,365,359,364,359,364,360,364,361,364,362,364,363,364,364,363,365,363,366,363,367,363,368,363,369,363,370,363,371,364,372,364,373,365,374,366,375,366,376,367,377,368,377,369,378,370,378,371,379,372,379,373,379,374,378,375,378,376,378,377,377,378,376,379,375,379,374,379,373,379,372,379,371,378,370,378,369,378,368,378,367,378,366,378,365,378,364,378,363,379,362,379,361,379,360,379,359,379,358,380,357,379,357,378,356,378,355,377,355
268,356,267,357,266,357,266,358,265,359,264,360,263,361,263,362,263,363,263,364,263,365,264,366,264,367,265,368,266,369,267,369,268,370,269,370,270,371,271,370,272,369,273,369,274,368,273,367,273,366,274,365,274,364,275,363,275,362,276,361,275,361,274,360,274,359,273,358,272,357,271,357,270,356,269,356
344,357,343,358,342,359,341,359,340,360,339,361,338,362,338,363,339,364,339,365,339,366,339,367,339,368,339,369,338,370,338,371,338,372,338,373,337,374,337,375,337,376,337,377,336,378,336,379,336,380,336,381,337,382,338,382,339,382,340,383,341,383,342,383,343,383,344,383,345,382,346,382,347,381,348,381,349,380,349,379,350,378,351,377,351,376,352,375,353,374,353,373,354,372,354,371,355,370,355,369,356,368,357,367,357,366,357,365,357,364,357,363,357,362,357,361,356,360,355,359,354,358,353,358,352,357,351,357,350,357,349,357,348,357,347,357,346,357,345,357
298,362,297,363,296,364,295,365,294,366,293,367,292,368,291,369,290,370,289,370,288,371,287,371,286,371,285,372,284,372,283,372,282,373,282,374,282,375,282,376,282,377,282,378,282,379,283,379,284,380,285,381,286,382,287,383,288,383,289,384,290,384,291,384,292,384,293,384,294,384,295,384,296,384,297,384,298,384,299,384,300,383,301,383,302,383,303,383,304,383,305,383,306,383,307,383,308,382,309,381,309,380,310,379,311,378,311,377,312,376,312,375,313,374,314,373,314,372,315,371,315,370,315,369,315,368,315,367,314,366,314,365,314,364,313,364,312,364,311,364,310,364,309,364,308,364,307,364,306,364,305,364,304,363,303,363,302,362,301,362,300,362,299,362
326,363,325,364,324,365,323,365,322,366,321,367,320,367,319,368,318,369,317,369,316,369,316,370,316,371,315,372,315,373,314,374,313,375,313,376,312,377,312,378,311,379,310,380,310,381,309,382,308,383,308,384,309,384,310,384,311,384,312,385,313,385,314,385,315,385,316,385,317,385,318,385,319,386,320,386,321,386,322,385,323,385,324,385,325,384,326,384,327,384,328,384,329,383,330,383,331,382,332,381,333,381,334,380,335,380,335,379,335,378,336,377,336,376,336,375,336,374,337,373,337,372,337,371,337,370,338,369,338,368,338,367,338,366,338,365,338,364,337,363,336,363,335,363,334,363,333,363,332,363,331,363,330,363,329,363,328,363,327,363
423,365,422,366,421,367,420,368,419,369,418,370,417,371,416,372,415,372,414,373,413,374,412,374,411,374,410,375,409,375,408,376,407,376,406,377,405,378,404,378,403,379,402,380,401,381,400,382,399,383,398,384,398,385,397,386,397,387,397,388,397,389,397,390,398,391,398,392,398,393,399,394,400,395,401,396,402,396,403,397,404,398,405,399,406,399,407,399,408,399,409,399,410,399,411,399,412,399,413,399,414,399,415,399,416,398,417,398,418,398,419,398,420,397,421,397,422,396,423,395,424,394,424,393,424,392,424,391,424,390,424,389,425,388,425,387,425,386,425,385,426,384,426,383,426,382,427,381,427,380,428,379,428,378,429,377,430,376,431,375,431,374,431,373,430,372,430,371,430,370,429,369,428,368,428,367,427,366,426,365,425,365,424,365
431,376,430,377,429,378,429,379,428,380,428,381,427,382,427,383,427,384,426,385,426,386,426,387,426,388,425,389,425,390,425,391,425,392,425,393,425,394,424,395,425,396,426,397,426,398,427,399,428,400,429,401,430,402,431,402,432,402,433,403,434,403,435,403,436,404,437,404,438,404,439,404,440,404,440,403,441,402,441,401,442,400,442,399,443,398,443,397,443,396,444,395,444,394,444,393,444,392,445,391,445,390,445,389,445,388,445,387,445,386,445,385,445,384,445,383,444,382,443,381,443,380,442,380,441,379,440,378,439,377,438,377,437,377,436,377,435,377,434,377,433,377,432,376
308,385,308,386,307,387,306,387,305,388,304,388,304,389,303,390,302,390,301,391,300,392,300,393,299,394,299,395,299,396,299,397,299,398,300,399,301,400,302,400,303,401,304,401,305,402,306,402,307,402,308,401,309,401,310,401,311,401,312,401,313,401,314,401,315,401,316,400,317,399,318,398,319,397,319,396,320,395,321,394,322,393,323,392,322,391,322,390,322,389,322,388,321,387,320,387,319,387,318,386,317,386,316,386,315,386,314,386,313,386,312,386,311,385,310,385,309,385
330,389,329,390,328,390,327,390,326,391,325,392,324,392,323,393,322,394,321,395,320,396,320,397,319,398,318,399,317,400,316,401,315,402,316,403,316,404,316,405,316,406,316,407,316,408,316,409,317,410,318,411,318,412,319,412,320,413,321,413,322,414,323,414,324,414,325,414,326,415,327,415,328,416,329,416,330,416,331,417,332,418,333,418,334,418,335,418,336,418,337,418,338,418,339,418,340,418,341,418,342,418,343,418,344,418,345,419,346,419,345,418,346,417,346,416,345,415,345,414,345,413,346,412,346,411,345,410,345,409,345,408,345,407,345,406,345,405,345,404,345,403,345,402,345,401,344,400,344,399,344,398,343,397,343,396,342,395,342,394,341,393,341,392,340,391,339,390,338,390,337,390,336,389,335,389,334,389,333,389,332,389,331,389
372,400,371,401,370,401,369,401,368,401,367,402,366,403,365,403,364,404,363,405,362,405,362,406,361,407,360,408,360,409,359,410,358,411,358,412,357,413,357,414,357,415,357,416,356,417,356,418,356,419,357,420,358,421,359,421,360,422,360,423,361,424,362,425,363,425,364,426,365,427,365,428,366,428,367,428,368,427,369,427,370,427,371,427,372,427,373,427,374,427,375,427,376,426,377,426,378,426,379,425,380,425,381,424,382,423,383,422,384,421,384,420,384,419,384,418,384,417,384,416,384,415,384,414,384,413,384,412,384,411,385,410,384,410,383,409,382,408,382,407,381,406,381,405,380,404,380,403,379,402,378,402,377,401,376,401,375,401,374,401,373,400
393,403,392,404,391,404,390,405,389,405,388,406,387,407,387,408,387,409,386,410,385,411,385,412,385,413,385,414,385,415,385,416,385,417,385,418,385,419,385,420,385,421,385,422,386,423,386,424,386,425,387,426,387,427,388,428,388,429,389,430,390,431,391,431,392,431,393,432,394,432,395,432,396,432,397,432,398,432,399,431,400,431,401,431,402,431,403,430,404,430,405,429,406,429,407,428,408,428,409,427,409,426,410,425,411,424,411,423,412,422,412,421,413,420,413,419,413,418,413,417,413,416,413,415,413,414,413,413,413,412,412,411,412,410,411,409,410,408,410,407,409,406,408,406,407,406,406,405,405,405,404,404,403,404,402,404,401,404,400,403,399,403,398,403,397,403,396,403,395,403,394,403
364,429,363,430,362,430,361,431,361,432,360,433,359,434,359,435,359,436,359,437,359,438,359,439,359,440,360,441,360,442,361,443,362,443,363,444,364,445,365,446,366,447,367,447,368,448,369,448,370,449,371,449,372,449,373,450,374,450,375,450,376,450,377,449,378,449,379,449,380,449,381,449,382,448,383,447,384,447,385,446,386,446,387,445,388,445,388,444,388,443,388,442,388,441,388,440,388,439,387,438,386,437,385,437,384,436,383,436,382,435,381,435,380,435,379,434,378,434,377,433,376,433,375,433,374,432,373,432,372,431,371,431,370,431,369,430,368,429,367,429,366,429,365,429
