119,136,118,137,117,137,116,137,115,138,114,138,113,139,112,140,111,141,110,142,109,143,108,144,108,145,108,146,107,147,107,148,107,149,107,150,107,151,107,152,108,153,108,154,108,155,108,156,109,157,110,158,111,158,112,158,113,159,114,159,115,160,116,160,117,160,118,160,119,160,120,159,121,159,122,158,123,158,124,158,125,157,125,156,126,155,127,155,127,154,128,153,128,152,128,151,128,150,129,149,129,148,129,147,129,146,128,145,128,144,128,143,127,142,127,141,126,140,126,139,125,139,124,138,123,137,122,137,121,136,120,136
203,172,202,173,201,173,200,173,199,173,198,174,197,174,196,174,195,175,194,176,193,176,192,177,192,178,191,179,191,180,190,181,190,182,190,183,190,184,190,185,189,186,189,187,189,188,190,189,190,190,191,191,192,192,192,193,193,194,194,195,195,196,196,196,197,197,198,197,199,198,200,198,201,199,202,199,203,199,204,199,205,199,206,199,207,199,208,199,209,199,210,199,211,199,212,198,213,198,214,198,215,198,216,197,217,197,218,196,219,196,220,195,221,195,221,194,222,193,223,192,223,191,223,190,223,189,224,188,224,187,223,186,223,185,223,184,223,183,222,182,221,181,220,180,219,179,218,179,217,178,216,177,215,176,214,175,213,174,212,174,211,173,210,173,209,172,208,172,207,172,206,172,205,172,204,172
229,175,228,176,227,176,226,176,225,177,225,178,225,179,225,180,225,181,224,182,224,183,224,184,225,185,225,186,225,187,226,188,226,189,227,190,227,191,228,192,229,193,229,194,230,195,230,196,231,196,232,196,233,196,234,196,235,195,236,195,237,195,238,194,239,194,240,193,241,193,242,192,243,192,244,191,245,190,245,189,246,188,246,187,246,186,246,185,246,184,245,183,245,182,245,181,244,180,243,179,242,179,241,178,240,177,239,177,238,176,237,176,236,176,235,176,234,176,233,176,232,175,231,175,230,175
182,187,181,188,180,188,179,188,178,189,177,190,177,191,176,192,176,193,176,194,175,195,175,196,175,197,174,198,174,199,175,200,175,201,175,202,175,203,175,204,176,205,176,206,177,207,177,208,178,208,179,208,180,209,181,209,182,209,183,209,184,209,185,209,186,208,187,208,188,208,189,207,190,207,191,206,192,205,193,205,193,204,194,203,194,202,194,201,194,200,194,199,194,198,195,197,194,196,193,195,192,194,191,193,191,192,190,191,189,190,189,189,188,189,187,189,186,188,185,188,184,187,183,187
275,190,274,191,273,191,272,192,272,193,272,194,272,195,272,196,272,197,272,198,272,199,272,200,272,201,272,202,273,203,273,204,274,205,274,206,274,207,275,207,276,208,277,208,278,209,278,210,279,210,280,210,281,210,282,210,283,209,284,209,285,208,286,208,287,207,288,207,289,206,290,205,291,205,292,204,292,203,292,202,292,201,292,200,292,199,291,198,290,197,290,196,289,196,288,195,287,194,286,194,285,193,284,193,283,192,282,192,281,191,280,191,279,190,278,190,277,190,276,190
249,195,248,196,247,197,246,197,245,198,244,199,244,200,244,201,243,202,243,203,242,204,242,205,242,206,242,207,242,208,242,209,243,210,243,211,244,211,245,212,246,213,247,213,248,213,249,213,250,214,251,214,252,214,253,215,254,215,255,215,256,216,257,216,258,217,259,217,260,218,261,218,262,219,263,219,264,219,265,219,266,219,267,219,268,218,269,217,270,216,271,215,272,214,272,213,273,212,273,211,273,210,273,209,273,208,273,207,273,206,273,205,272,204,272,203,271,202,271,201,270,200,269,199,268,198,267,198,266,197,265,196,264,196,263,196,262,196,261,195,260,195,259,195,258,195,257,195,256,195,255,195,254,195,253,195,252,195,251,195,250,195
231,203,230,204,229,204,228,204,227,204,226,205,225,205,224,206,224,207,223,208,223,209,223,210,223,211,222,212,222,213,222,214,222,215,222,216,221,217,221,218,221,219,221,220,221,221,221,222,221,223,221,224,221,225,221,226,222,227,222,228,223,229,224,230,225,231,226,231,227,232,228,232,229,232,230,232,231,232,232,231,233,230,234,229,235,229,236,228,237,227,238,226,239,225,240,224,241,223,241,222,242,221,242,220,242,219,242,218,242,217,242,216,242,215,242,214,242,213,242,212,242,211,242,210,241,209,241,208,240,208,239,207,238,207,237,206,236,206,235,205,234,205,233,205,232,205,231,204
293,204,292,205,291,206,290,206,289,207,288,208,287,208,286,209,285,209,284,210,283,210,282,211,281,211,280,211,279,211,278,212,277,213,276,214,275,215,274,216,273,217,273,218,272,219,272,220,271,221,270,221,269,222,269,223,269,224,269,225,269,226,269,227,269,228,269,229,269,230,270,231,270,232,271,233,272,234,273,235,274,235,275,236,276,236,277,236,278,237,279,237,280,237,281,237,282,237,283,236,284,236,285,236,286,236,287,235,288,235,289,235,290,234,291,234,292,234,293,233,294,233,295,233,296,233,297,232,298,231,299,231,300,231,301,230,302,230,303,230,303,229,304,228,305,227,306,226,306,225,307,224,308,223,309,223,310,223,311,222,312,222,313,221,313,220,313,219,313,218,312,217,312,216,312,215,311,214,311,213,310,212,309,211,309,210,308,209,307,208,306,207,305,206,304,206,303,205,302,205,301,205,300,205,299,205,298,205,297,205,296,205,295,204,294,204
173,209,172,210,171,211,171,212,170,213,170,214,170,215,170,216,170,217,170,218,170,219,170,220,170,221,170,222,171,223,171,224,171,225,172,226,173,227,174,227,175,228,176,228,177,228,178,229,179,228,180,228,181,228,182,227,182,226,183,225,183,224,183,223,183,222,184,221,184,220,184,219,184,218,184,217,184,216,184,215,184,214,183,213,183,212,182,211,181,210,180,210,179,209,178,209,177,209,176,209,175,209,174,209
194,211,193,212,192,212,191,213,190,213,190,214,189,215,189,216,188,217,188,218,188,219,187,220,187,221,187,222,187,223,187,224,187,225,187,226,187,227,187,228,188,229,188,230,189,231,189,232,190,233,191,234,192,235,193,236,194,236,195,237,196,238,197,238,198,238,199,238,200,239,201,239,202,239,203,239,204,239,205,239,206,239,207,239,208,238,209,238,210,237,211,237,212,236,213,235,214,234,214,233,215,232,215,231,216,230,216,229,217,228,218,227,218,226,219,225,220,224,220,223,220,222,220,221,220,220,220,219,219,218,218,217,217,216,216,215,215,214,214,214,213,214,212,213,211,213,210,212,209,212,208,212,207,211,206,211,205,211,204,211,203,211,202,211,201,211,200,211,199,211,198,211,197,211,196,211,195,211
311,223,310,224,309,224,308,224,307,225,307,226,306,227,305,228,304,229,304,230,304,231,304,232,304,233,304,234,304,235,305,236,305,237,306,238,307,239,307,240,308,241,308,242,309,243,309,244,310,245,311,245,312,246,313,246,314,246,315,246,316,247,317,246,318,246,319,245,320,244,321,243,322,242,323,242,324,241,325,240,325,239,326,238,326,237,326,236,326,235,327,234,327,233,326,233,325,232,324,231,323,230,322,229,322,228,321,227,320,226,319,226,318,225,317,225,316,225,315,224,314,224,313,224,312,223
238,231,237,232,236,232,235,232,234,233,233,234,232,234,231,235,230,236,229,237,228,238,227,239,227,240,226,241,226,242,226,243,226,244,226,245,225,246,226,247,226,248,226,249,226,250,227,251,228,252,228,253,229,254,230,255,231,256,232,257,233,258,234,258,235,259,236,259,237,260,238,260,239,260,240,260,241,260,242,260,243,259,244,258,245,257,246,257,247,256,248,255,249,254,250,253,250,252,251,251,251,250,251,249,251,248,251,247,252,246,252,245,252,244,252,243,252,242,251,241,251,240,251,239,251,238,250,237,249,236,248,235,247,234,246,233,245,233,244,232,243,232,242,231,241,231,240,231,239,231
330,231,329,232,328,232,328,233,328,234,327,235,327,236,327,237,327,238,326,239,326,240,325,241,324,242,323,243,322,243,321,244,320,245,319,246,318,247,317,247,316,248,316,249,316,250,315,251,316,252,315,253,316,254,316,255,316,256,317,257,317,258,318,259,318,260,319,261,319,262,320,263,321,264,321,265,322,266,323,267,324,268,324,269,325,269,326,269,327,269,328,270,329,270,330,270,331,271,332,271,333,272,334,272,335,273,336,274,337,274,338,273,339,272,339,271,340,270,340,269,340,268,341,267,341,266,342,265,342,264,343,263,343,262,343,261,344,260,344,259,344,258,345,257,345,256,345,255,345,254,345,253,345,252,345,251,345,250,345,249,345,248,345,247,345,246,344,245,344,244,343,243,343,242,342,241,342,240,341,239,341,238,340,237,340,236,339,235,338,234,337,233,336,232,335,231,334,231,333,231,332,231,331,231
178,233,177,234,176,234,176,235,176,236,175,237,175,238,175,239,175,240,175,241,175,242,175,243,176,244,176,245,176,246,177,247,177,248,178,249,178,250,179,251,179,252,180,253,181,253,182,254,183,255,184,255,185,255,186,254,187,254,188,253,189,252,189,251,190,250,190,249,190,248,191,247,191,246,192,245,193,244,193,243,193,242,192,241,192,240,192,239,191,238,191,237,190,236,189,236,188,235,187,235,186,234,185,234,184,233,183,233,182,233,181,233,180,233,179,233
293,236,292,237,291,237,290,238,289,238,289,239,288,240,287,241,287,242,287,243,286,244,286,245,285,246,286,247,286,248,286,249,287,250,288,251,289,252,290,253,290,254,290,255,290,256,290,257,290,258,290,259,290,260,291,261,291,262,291,263,292,264,293,265,293,266,294,267,295,268,296,268,297,269,298,269,299,270,300,270,301,270,302,270,303,270,304,270,305,270,306,271,307,271,308,271,309,270,310,270,311,270,312,269,313,269,314,268,314,267,315,266,315,265,315,264,314,263,314,262,314,261,314,260,315,259,315,258,315,257,315,256,314,255,314,254,314,253,313,252,313,251,312,250,312,249,313,248,312,247,311,246,310,246,309,245,308,244,307,243,306,242,305,241,304,240,303,239,302,239,301,238,300,237,299,237,298,237,297,236,296,236,295,236,294,236
270,240,269,241,268,241,267,242,266,242,265,243,264,244,263,245,262,246,261,247,261,248,260,249,260,250,260,251,260,252,260,253,260,254,260,255,260,256,260,257,261,258,261,259,261,260,262,261,262,262,262,263,263,264,264,265,265,266,266,266,267,267,268,267,269,267,270,268,271,268,272,268,273,268,274,267,275,267,276,266,277,265,278,265,279,264,280,263,281,263,282,262,283,262,284,261,285,260,286,259,286,258,287,257,287,256,287,255,287,254,287,253,286,252,286,251,286,250,285,249,285,248,285,247,284,246,283,245,282,245,281,244,280,243,279,242,278,241,277,241,276,240,275,240,274,240,273,240,272,240,271,240
204,243,203,244,202,244,201,244,200,244,199,245,198,245,197,245,196,245,195,246,194,246,193,247,192,248,192,249,191,250,190,251,190,252,189,253,189,254,189,255,189,256,189,257,189,258,189,259,189,260,189,261,189,262,190,263,190,264,191,265,191,266,191,267,192,268,192,269,193,270,194,271,195,271,196,272,197,272,198,271,199,271,200,271,201,271,202,270,203,270,204,269,205,269,206,268,207,268,208,267,209,266,210,265,211,265,212,264,213,263,214,262,215,262,216,261,217,260,218,259,219,258,219,257,220,256,220,255,220,254,220,253,219,252,219,251,218,250,217,249,216,248,215,248,214,247,213,246,212,246,211,245,210,245,209,245,208,244,207,244,206,244,205,244
250,259,249,260,248,260,247,260,246,261,245,261,244,262,243,263,242,264,241,265,240,266,239,267,239,268,238,269,237,270,237,271,236,272,235,273,234,274,234,275,234,276,235,277,235,278,235,279,235,280,235,281,235,282,235,283,235,284,234,285,234,286,233,287,233,288,232,289,233,290,233,291,234,292,234,293,235,294,236,295,237,295,238,296,239,296,240,297,241,296,242,296,243,297,244,297,245,298,246,297,247,297,248,296,249,295,250,295,251,294,252,294,253,293,254,293,255,293,256,292,257,292,258,291,259,291,260,290,260,289,261,288,262,288,263,288,264,288,265,287,266,287,267,287,268,286,269,286,270,286,271,285,272,285,273,284,274,283,274,282,274,281,273,280,272,279,272,278,272,277,271,277,270,276,269,275,268,274,267,273,266,272,265,271,264,270,263,269,262,268,261,267,261,266,260,265,259,264,259,263,258,262,257,261,256,260,255,259,254,259,253,259,252,259,251,259
324,270,323,271,322,271,321,271,320,271,319,272,318,272,317,273,317,274,316,275,315,276,314,277,314,278,313,279,312,280,312,281,311,282,311,283,311,284,311,285,310,286,310,287,310,288,310,289,310,290,310,291,311,292,312,293,313,294,314,295,315,295,316,295,317,295,318,295,319,295,320,295,321,295,322,295,323,294,324,294,325,293,326,292,327,291,327,290,328,289,328,288,329,287,330,286,331,285,332,284,333,283,334,282,334,281,334,280,335,279,335,278,335,277,335,276,336,275,335,274,334,273,333,273,332,272,331,272,330,271,329,271,328,271,327,270,326,270,325,270
359,271,358,272,357,272,356,272,355,272,354,272,353,273,352,273,352,274,351,275,350,276,349,276,348,277,347,278,347,279,347,280,346,281,346,282,346,283,346,284,347,285,347,286,348,287,349,288,350,289,351,290,352,291,353,291,354,292,355,293,356,293,357,293,358,294,359,294,360,294,361,294,362,294,363,293,364,293,365,293,366,293,367,292,368,292,369,292,369,291,368,290,369,289,369,288,369,287,370,286,370,285,370,284,370,283,370,282,370,281,370,280,371,279,370,278,370,277,369,276,368,275,367,275,366,274,365,273,364,273,363,272,362,272,361,272,360,271
220,272,219,273,218,273,217,273,216,273,215,274,214,274,213,275,212,275,211,276,210,276,209,277,208,278,207,278,207,279,206,280,205,281,205,282,205,283,204,284,204,285,204,286,204,287,204,288,204,289,205,290,205,291,206,292,207,293,208,294,209,295,210,296,211,296,212,297,213,297,214,298,215,298,216,298,217,298,218,298,219,298,220,298,221,299,222,298,223,297,224,296,225,295,226,294,227,293,228,292,228,291,229,290,230,289,231,288,232,288,232,287,233,286,233,285,234,284,234,283,234,282,234,281,234,280,234,279,234,278,234,277,233,276,233,275,233,274,232,273,231,273,230,273,229,272,228,272,227,272,226,272,225,272,224,272,223,272,222,272,221,272
292,275,291,276,290,276,289,276,288,277,287,277,286,278,285,279,284,280,283,281,283,282,283,283,283,284,282,285,282,286,283,287,283,288,284,289,284,290,285,291,286,292,287,292,288,292,289,292,290,293,291,293,292,293,293,293,294,293,295,293,296,293,297,293,298,293,299,293,300,293,301,293,302,293,303,293,304,292,305,291,305,290,305,289,305,288,305,287,305,286,305,285,305,284,305,283,305,282,305,281,304,280,304,279,303,278,302,277,301,276,300,276,299,276,298,275,297,275,296,275,295,275,294,275,293,275
378,291,377,292,376,293,375,293,375,294,374,295,373,296,373,297,373,298,373,299,373,300,373,301,372,302,372,303,372,304,373,305,373,306,373,307,373,308,374,309,374,310,374,311,375,312,375,313,376,314,376,315,376,316,376,317,377,318,377,319,377,320,377,321,377,322,377,323,377,324,377,325,377,326,377,327,377,328,377,329,377,330,377,331,376,332,377,333,378,334,379,335,380,335,381,336,382,337,383,337,384,337,385,337,386,338,387,338,388,338,389,338,390,338,391,338,392,339,393,338,394,339,395,339,396,339,397,339,398,339,399,339,400,339,401,339,402,339,403,339,404,339,405,339,404,339,403,339,402,338,403,337,403,336,403,335,403,334,404,333,405,332,404,331,404,330,404,329,404,328,404,327,403,326,403,325,403,324,403,323,403,322,402,321,401,320,401,319,400,318,400,317,399,316,399,315,398,314,397,313,397,312,396,311,396,310,395,309,395,308,394,307,394,306,393,305,393,304,392,303,391,302,391,301,390,300,389,299,388,298,387,297,386,296,386,295,385,294,384,294,383,293,382,292,381,291,380,291,379,291
340,293,339,294,338,294,337,295,336,296,336,297,335,298,335,299,334,300,334,301,334,302,334,303,334,304,335,305,335,306,335,307,336,308,337,309,338,310,339,310,340,311,341,312,342,313,343,313,344,314,345,314,346,315,347,315,348,316,349,316,350,317,351,317,352,318,353,318,354,318,355,317,356,317,357,317,358,316,359,316,360,316,361,316,362,316,363,315,364,314,365,314,366,313,367,312,368,311,369,310,370,309,371,308,371,307,372,306,372,305,371,304,371,303,371,302,372,301,372,300,372,299,372,298,372,297,372,296,371,295,371,294,370,293,369,293,368,293,367,293,366,294,365,294,364,294,363,294,362,295,361,295,360,295,359,295,358,295,357,294,356,294,355,294,354,294,353,294,352,293,351,293,350,293,349,293,348,293,347,293,346,293,345,293,344,293,343,293,342,293,341,293
231,296,230,297,229,297,228,298,227,298,226,299,225,299,224,300,223,300,222,300,221,300,220,300,219,301,218,301,217,302,216,302,215,302,214,303,213,304,212,305,211,306,211,307,210,308,210,309,210,310,211,311,211,312,212,313,213,314,214,315,215,316,216,316,217,317,218,318,219,319,220,319,221,319,222,319,223,319,224,319,225,319,226,319,227,320,228,320,229,320,230,320,231,320,232,319,233,319,234,318,235,318,236,317,237,317,238,316,239,315,240,314,241,313,241,312,242,311,242,310,243,309,243,308,243,307,244,306,243,305,244,304,243,303,242,302,242,301,242,300,242,299,241,298,240,298,239,297,238,297,237,296,236,296,235,296,234,296,233,296,232,296
299,297,298,298,297,298,296,299,295,299,295,300,294,301,293,302,293,303,292,304,291,304,290,305,289,305,288,305,287,306,286,306,285,307,284,307,283,308,282,308,281,309,280,309,279,310,278,310,277,311,276,311,276,312,275,313,274,313,274,314,273,315,273,316,272,317,272,318,273,319,273,320,273,321,273,322,273,323,273,324,274,325,275,326,275,327,275,328,276,329,276,330,276,331,277,332,277,333,278,334,278,335,278,336,278,337,278,338,278,339,279,340,279,341,280,342,281,343,282,343,283,344,284,344,285,345,286,345,287,346,288,346,289,346,290,346,291,345,292,345,292,344,293,343,294,342,294,341,295,340,296,339,297,339,298,339,299,338,300,337,301,338,302,337,303,338,304,337,305,337,306,337,307,337,307,336,307,335,307,334,307,333,308,332,308,331,308,330,309,329,309,328,309,327,310,326,309,326,308,325,309,324,309,323,309,322,310,321,310,320,311,319,311,318,312,317,312,316,312,315,312,314,312,313,312,312,312,311,312,310,312,309,312,308,312,307,312,306,312,305,312,304,312,303,311,302,311,301,310,300,309,299,308,298,307,298,306,298,305,297,304,297,303,297,302,297,301,297,300,297
372,307,372,308,371,309,370,310,369,311,368,312,367,313,366,314,365,315,364,315,363,316,362,317,362,318,362,319,361,320,360,321,360,322,359,323,359,324,358,325,357,326,356,327,356,328,356,329,355,330,354,331,354,332,353,333,352,334,352,335,352,336,353,337,353,338,354,339,355,340,356,340,357,341,358,341,359,341,360,341,361,341,362,340,363,340,364,340,365,340,366,339,367,339,368,338,369,338,370,337,371,336,372,335,373,334,374,333,375,332,376,331,376,330,376,329,376,328,376,327,376,326,376,325,376,324,376,323,376,322,376,321,376,320,376,319,376,318,375,317,375,316,375,315,375,314,374,313,374,312,373,311,373,310,373,309,372,308
242,313,241,314,240,315,239,316,238,317,237,318,236,318,235,319,234,319,233,320,232,320,231,321,230,322,230,323,230,324,230,325,230,326,230,327,230,328,230,329,231,330,231,331,232,332,233,333,234,333,235,334,236,334,237,334,238,334,239,333,240,333,241,333,242,333,243,334,244,334,245,334,246,334,247,335,248,335,249,336,250,335,251,334,252,334,253,334,254,333,255,333,256,332,257,332,258,331,259,331,260,331,261,330,262,330,263,329,264,328,265,328,266,328,267,327,268,327,269,326,270,326,271,325,272,324,272,323,272,322,272,321,272,320,272,319,271,318,271,317,271,316,270,316,269,316,268,315,267,314,266,314,265,314,264,314,263,314,262,314,261,313,260,313,259,314,258,314,257,315,256,315,255,315,254,315,253,316,252,316,251,316,250,316,249,316,248,316,247,315,246,315,245,315,244,314,243,314
339,314,338,315,337,315,336,315,335,315,334,316,333,317,332,318,331,319,331,320,330,321,329,322,329,323,329,324,329,325,329,326,329,327,328,328,328,329,329,330,329,331,330,332,331,333,332,333,333,333,334,333,335,334,336,334,337,334,338,334,339,334,340,334,341,334,342,334,343,333,344,332,345,332,346,331,347,331,348,330,349,329,350,328,350,327,351,326,351,325,351,324,351,323,351,322,351,321,351,320,352,319,351,318,350,318,349,317,348,317,347,316,346,316,345,315,344,315,343,314,342,314,341,314,340,314
315,325,314,326,313,326,312,327,311,327,310,327,310,328,310,329,309,330,309,331,309,332,308,333,308,334,308,335,308,336,309,337,310,338,311,339,310,340,311,340,312,341,313,341,314,342,315,343,316,343,317,344,318,345,319,345,320,346,321,346,322,347,322,348,323,349,323,350,324,350,325,351,326,350,327,349,328,349,328,348,327,347,327,346,326,345,327,344,328,343,327,342,328,341,329,340,329,339,330,338,330,337,330,336,330,335,331,334,330,333,329,332,328,331,328,330,327,329,326,329,325,329,324,328,323,327,322,327,321,326,320,326,319,326,318,325,317,325,316,325
261,331,260,332,259,332,258,332,257,333,256,333,255,334,254,334,253,335,252,336,251,337,250,338,250,339,249,340,249,341,249,342,248,343,249,344,250,345,251,346,252,347,253,348,254,349,255,349,256,349,257,350,258,350,259,350,260,350,261,350,262,351,263,351,264,351,265,350,266,350,267,350,268,350,269,349,270,349,271,349,272,348,273,348,274,347,275,346,275,345,275,344,276,343,276,342,276,341,276,340,276,339,276,338,276,337,275,336,275,335,274,334,273,334,272,334,271,334,270,333,269,333,268,333,267,332,266,332,265,332,264,333,263,332,262,332
239,334,238,335,237,335,236,335,237,336,236,337,236,338,236,339,236,340,237,341,237,342,238,343,239,344,240,345,241,345,242,345,243,344,244,344,245,344,246,344,247,343,248,342,248,341,248,340,249,339,249,338,250,337,249,337,248,336,247,336,246,335,245,335,244,335,243,335,242,334,241,334,240,334
301,339,300,340,299,341,298,341,297,341,296,342,296,343,295,344,294,345,293,346,293,347,293,348,293,349,292,350,292,351,293,352,293,353,294,354,294,355,295,356,295,357,296,358,297,359,298,360,299,361,299,362,300,363,301,364,302,364,303,364,304,364,305,364,306,365,307,365,308,365,309,365,310,365,311,366,312,366,313,366,314,365,315,364,315,363,315,362,315,361,316,360,316,359,316,358,316,357,317,356,317,355,316,354,316,353,317,352,316,351,315,350,315,349,315,348,315,347,314,346,313,345,313,344,313,343,312,343,311,342,310,341,309,340,308,341,307,340,306,340,305,339,304,339,303,339,302,339
406,339,405,340,404,340,403,340,402,340,401,340,400,340,399,340,398,340,397,340,396,340,395,340,394,341,393,341,392,341,391,341,390,341,389,342,388,342,387,343,386,343,385,344,384,344,384,345,383,346,382,347,381,348,381,349,380,350,380,351,380,352,380,353,379,354,379,355,379,356,379,357,378,358,378,359,378,360,378,361,378,362,378,363,378,364,378,365,378,366,378,367,378,368,378,369,379,370,379,371,379,372,380,373,380,374,381,375,381,376,382,377,383,377,384,378,385,378,386,378,387,378,388,379,389,379,390,379,391,379,392,379,393,379,394,378,395,378,396,377,397,377,398,377,399,377,400,376,401,375,402,374,403,374,404,373,405,373,406,372,407,372,408,371,409,371,410,371,411,371,412,371,411,370,411,369,412,368,413,368,414,367,414,366,414,365,414,364,415,363,415,362,416,361,416,360,416,359,415,358,415,357,415,356,415,355,416,354,415,354,414,353,413,352,412,351,411,350,411,349,410,348,410,347,409,346,408,345,408,344,408,343,407,342,407,341,407,340
286,349,285,350,284,350,283,350,282,351,281,352,280,352,279,353,278,354,278,355,277,356,276,357,276,358,276,359,276,360,277,361,277,362,278,363,278,364,278,365,279,366,279,367,280,368,280,369,281,370,282,370,283,371,284,372,285,372,286,372,287,372,288,372,289,372,290,372,291,371,292,371,293,371,294,370,294,369,295,368,295,367,296,366,296,365,296,364,296,363,296,362,297,361,296,360,296,359,295,358,294,357,294,356,293,355,293,354,292,353,292,352,291,351,290,350,289,349,288,349,287,349
328,357,327,358,326,358,325,358,324,358,323,358,322,359,321,359,320,360,319,361,318,361,318,362,318,363,318,364,317,365,316,366,315,365,314,366,313,367,313,368,312,369,311,370,311,371,310,372,309,373,308,374,308,375,307,376,307,377,306,378,305,379,304,380,304,381,303,382,303,383,303,384,303,385,302,386,302,387,303,386,304,386,305,385,306,385,307,384,308,384,309,384,310,384,311,384,312,384,313,384,314,384,315,384,316,384,317,384,318,385,319,385,320,385,321,384,322,384,323,384,324,384,325,384,326,383,327,383,328,383,329,382,330,382,331,381,332,381,333,380,334,380,335,380,335,379,336,378,336,377,336,376,337,375,337,374,337,373,337,372,338,371,338,370,338,369,338,368,338,367,339,366,339,365,339,364,340,363,339,363,338,363,337,363,336,362,335,361,334,360,333,360,332,359,331,358,330,358,329,357
263,358,262,359,261,359,260,360,259,360,258,361,258,362,258,363,259,364,259,365,259,366,260,367,260,368,260,369,261,370,261,371,262,372,263,373,264,374,264,375,265,376,266,377,267,378,268,378,269,378,270,378,271,378,272,377,273,376,273,375,274,374,274,373,274,372,274,371,274,370,274,369,274,368,273,367,273,366,273,365,273,364,273,363,272,362,272,361,271,360,271,359,270,359,269,359,268,358,267,358,266,358,265,358,264,358
340,364,340,365,340,366,339,367,339,368,339,369,339,370,339,371,338,372,338,373,338,374,338,375,337,376,337,377,337,378,336,379,336,380,337,381,338,382,339,382,340,382,341,382,342,382,343,382,344,382,345,381,346,381,347,380,348,379,349,379,349,378,350,377,351,376,351,375,352,374,352,373,352,372,352,371,353,370,352,369,353,368,352,367,352,366,351,365,350,365,349,364,348,364,347,364,346,364,345,364,344,364,343,364,342,364,341,364
413,371,412,372,411,372,410,372,409,372,408,372,407,373,406,373,405,374,404,374,403,375,402,375,401,376,400,377,399,378,398,378,398,379,397,380,397,381,396,382,396,383,396,384,396,385,396,386,396,387,396,388,396,389,397,390,397,391,398,392,399,393,400,394,400,395,401,396,402,397,403,397,404,398,405,398,406,399,407,399,408,400,409,400,410,400,411,400,412,400,413,400,414,400,415,400,416,400,417,399,418,399,419,399,420,398,421,397,422,396,423,395,424,394,425,393,425,392,426,391,426,390,426,389,426,388,426,387,426,386,426,385,426,384,426,383,426,382,425,381,425,380,424,379,424,378,423,377,422,376,421,376,420,375,419,374,418,374,417,373,416,372,415,372,414,372
277,373,276,374,275,375,274,375,274,376,275,377,276,378,277,379,278,379,279,379,280,379,281,379,282,379,283,378,284,377,284,376,284,375,283,374,282,374,281,373,280,373,279,373,278,373
433,375,432,376,431,377,430,377,430,378,429,379,429,380,429,381,428,382,427,383,427,384,427,385,427,386,427,387,427,388,427,389,427,390,427,391,428,392,428,393,428,394,429,395,429,396,429,397,430,398,431,399,432,400,433,400,434,400,435,400,436,400,437,400,438,400,439,399,440,399,441,399,441,398,441,397,442,396,443,395,444,394,445,393,446,392,447,391,447,390,448,389,448,388,448,387,448,386,448,385,449,384,449,383,448,382,448,381,448,380,447,379,447,378,446,377,445,376,444,376,443,375,442,375,441,375,440,375,439,375,438,375,437,375,436,375,435,375,434,375
307,385,306,386,305,386,304,387,303,387,302,388,301,388,300,389,300,390,299,391,298,392,298,393,297,394,297,395,297,396,297,397,298,398,298,399,299,400,300,401,301,402,302,402,303,402,304,402,305,402,306,402,307,402,308,402,309,402,310,402,311,402,312,402,313,402,314,402,315,402,316,402,317,402,318,401,319,400,320,399,321,398,322,397,323,396,324,395,324,394,325,393,325,392,325,391,324,390,323,389,323,388,322,387,321,386,320,386,319,386,318,386,317,385,316,385,315,385,314,385,313,385,312,385,311,385,310,385,309,385,308,385
439,400,438,401,437,401,436,402,435,403,434,404,433,405,432,405,431,406,430,406,429,407,428,408,427,409,427,410,426,411,426,412,425,413,425,414,425,415,425,416,425,417,425,418,426,419,426,420,426,421,426,422,426,423,427,424,427,425,427,426,428,427,429,428,430,429,431,430,432,430,433,430,434,430,435,430,436,429,437,429,438,428,439,427,440,426,441,425,441,424,442,423,443,422,443,421,444,420,444,419,445,418,446,417,447,416,447,415,447,414,448,413,448,412,448,411,448,410,448,409,448,408,448,407,448,406,448,405,448,404,447,403,447,402,446,401,445,401,444,401,443,400,442,400,441,400,440,400
370,401,369,402,368,402,367,402,366,402,365,402,364,403,363,403,362,404,361,404,360,405,360,406,359,407,358,408,358,409,357,410,357,411,357,412,356,413,356,414,356,415,356,416,356,417,356,418,356,419,357,420,357,421,358,422,358,423,358,424,359,425,359,426,360,427,361,428,362,429,363,429,364,430,365,430,366,430,367,430,368,430,369,430,370,430,371,430,372,430,373,430,374,429,375,429,376,428,377,428,378,427,379,426,380,426,381,425,381,424,382,423,383,422,383,421,383,420,383,419,383,418,383,417,383,416,384,415,384,414,383,413,383,412,382,411,382,410,381,409,381,408,380,407,379,406,378,405,377,404,376,403,375,403,374,403,373,402,372,402,371,401
390,405,389,406,388,406,387,407,387,408,386,409,385,410,385,411,385,412,384,413,385,414,385,415,384,416,384,417,384,418,384,419,384,420,384,421,384,422,385,423,385,424,385,425,386,426,386,427,387,427,388,428,388,429,389,430,390,430,391,430,392,431,393,431,394,431,395,431,396,431,397,431,398,431,399,430,400,430,401,429,402,429,403,428,404,428,405,428,406,427,407,426,408,425,409,425,409,424,410,423,411,422,412,421,412,420,412,419,412,418,412,417,413,416,413,415,412,414,412,413,411,412,410,411,409,410,408,409,407,409,406,408,405,407,404,407,403,407,402,406,401,406,400,406,399,405,398,405,397,405,396,405,395,405,394,405,393,405,392,405,391,405
329,412,328,413,327,413,326,413,325,414,324,414,323,414,324,415,324,416,324,417,324,418,324,419,324,420,324,421,325,422,325,423,325,424,325,425,326,426,326,427,327,428,327,429,328,430,329,431,330,431,331,432,332,432,333,432,334,431,335,431,336,430,337,429,338,428,338,427,339,426,339,425,340,424,340,423,340,422,340,421,340,420,340,419,339,418,338,417,338,416,338,415,337,414,336,414,335,413,334,413,333,412,332,412,331,412,330,412
364,435,363,436,362,437,361,438,361,439,361,440,361,441,361,442,361,443,362,444,362,445,363,446,364,447,364,448,365,449,366,450,367,450,368,451,369,452,370,452,371,453,372,453,373,453,374,453,375,454,376,454,377,454,378,454,379,454,380,454,381,454,382,453,383,452,384,452,385,451,385,450,386,449,387,448,387,447,387,446,387,445,387,444,388,443,388,442,387,441,387,440,386,439,385,438,384,437,383,437,382,436,381,436,380,436,379,436,378,437,377,437,376,437,375,437,374,436,373,436,372,435,371,435,370,435,369,435,368,435,367,435,366,435,365,435
200,497,199,498,198,499,197,500,197,501,197,502,197,503,196,504,196,505,196,506,196,507,195,508,196,509,197,510,198,510,199,510,200,511,201,511,202,511,203,511,204,511,205,511,206,511,207,511,208,511,209,511,210,510,211,510,212,510,213,509,213,508,212,507,212,506,212,505,211,504,211,503,210,502,209,501,209,500,208,500,207,499,206,498,205,498,204,498,203,498,202,497,201,498
229,502,228,503,227,503,226,504,225,505,224,506,224,507,223,508,223,509,223,510,223,511,224,511,225,511,226,511,227,511,228,511,229,511,230,511,231,511,232,511,233,511,234,511,235,511,236,511,237,511,238,511,239,511,240,511,241,511,242,511,243,511,244,510,245,509,244,508,243,507,242,506,242,505,241,505,240,504,239,503,238,503,237,503,236,502,235,502,234,502,233,502,232,502,231,502,230,502
257,507,256,508,255,508,254,508,253,509,252,509,251,510,252,511,253,511,254,511,255,511,256,511,257,511,258,511,259,511,260,511,261,511,262,511,263,511,264,511,265,511,266,510,265,509,264,508,263,508,262,507,261,507,260,507,259,507,258,507
