121,64,120,65,119,65,118,66,117,67,117,68,116,69,116,70,116,71,116,72,115,73,116,74,116,75,116,76,117,77,118,78,119,78,120,79,121,79,122,80,123,80,124,80,125,80,126,80,127,79,128,79,129,78,129,77,130,76,130,75,130,74,130,73,130,72,130,71,130,70,130,69,129,68,129,67,128,66,127,65,126,65,125,64,124,64,123,64,122,64
100,94,99,95,98,95,97,95,96,96,95,96,94,97,93,98,93,99,93,100,92,101,92,102,92,103,92,104,93,105,93,106,94,107,95,108,96,108,97,109,98,109,99,109,100,109,101,109,102,109,103,108,104,108,105,108,106,107,107,106,107,105,108,104,108,103,108,102,108,101,108,100,108,99,107,98,106,97,105,96,104,95,103,95,102,95,101,95
128,94,127,95,126,95,125,95,124,96,123,97,123,98,122,99,122,100,121,101,121,102,121,103,121,104,122,105,123,106,124,107,125,107,126,107,127,107,128,107,129,107,130,106,131,106,132,105,133,105,134,104,135,103,136,102,137,101,137,100,137,99,137,98,136,97,135,96,134,95,133,95,132,95,131,94,130,94,129,94
215,112,214,113,213,113,212,114,211,114,210,115,209,115,209,116,208,117,207,118,206,119,206,120,206,121,205,122,205,123,205,124,206,125,206,126,206,127,207,128,208,129,209,129,210,130,211,130,212,130,213,130,214,131,215,131,216,131,217,131,218,131,219,131,220,130,221,130,222,130,223,129,224,128,225,127,225,126,226,125,226,124,226,123,227,122,227,121,227,120,227,119,226,118,226,117,225,116,225,115,224,114,223,113,222,113,221,112,220,112,219,112,218,112,217,112,216,112
128,122,127,123,126,123,125,123,124,124,123,125,122,126,122,127,121,128,121,129,121,130,122,131,122,132,123,133,124,134,125,135,126,135,127,136,128,136,129,135,130,135,131,134,132,133,133,132,134,131,135,130,136,130,137,129,136,128,136,127,136,126,135,125,135,124,134,124,133,123,132,123,131,123,130,122,129,122
137,130,136,131,135,131,134,132,133,133,132,134,131,135,130,136,129,136,128,137,128,138,129,139,129,140,129,141,130,142,130,143,130,144,130,145,131,145,132,146,133,146,134,147,135,147,136,148,137,147,138,147,139,147,140,146,141,146,142,146,143,145,144,145,145,144,146,143,147,143,148,142,149,141,150,140,151,139,152,139,153,138,154,137,154,136,154,135,154,134,154,133,153,132,152,131,151,130,150,130,149,130,148,130,147,130,146,130,145,130,144,130,143,130,142,130,141,130,140,130,139,130,138,130
154,138,153,139,152,140,151,140,150,141,149,142,148,143,148,144,148,145,147,146,147,147,146,148,146,149,146,150,146,151,146,152,147,153,148,154,148,155,149,156,150,156,151,157,152,157,153,156,154,156,155,156,156,155,157,155,158,155,159,154,160,153,160,152,161,151,161,150,162,149,162,148,163,147,163,146,163,145,163,144,163,143,163,142,162,141,161,140,160,140,159,139,158,139,157,139,156,139,155,138
160,154,159,155,158,156,157,156,157,157,156,158,156,159,156,160,155,161,155,162,155,163,155,164,154,165,154,166,155,167,155,168,156,169,156,170,157,170,158,170,159,170,160,170,161,170,162,169,163,169,164,168,165,167,166,167,167,166,168,165,169,164,170,163,170,162,171,161,171,160,171,159,171,158,171,157,170,156,169,156,168,155,167,155,166,155,165,155,164,154,163,154,162,154,161,154
183,157,182,158,181,158,180,158,179,159,178,160,177,161,176,161,175,162,174,163,174,164,174,165,174,166,174,167,175,168,175,169,176,170,176,171,177,172,178,172,179,172,180,172,181,172,182,171,183,171,184,171,185,171,186,170,186,169,187,168,187,167,187,166,188,165,188,164,188,163,189,162,189,161,189,160,189,159,188,158,187,157,186,157,185,157,184,157
195,158,194,159,193,159,192,159,191,160,190,160,190,161,190,162,189,163,189,164,189,165,188,166,188,167,188,168,187,169,187,170,186,171,187,172,187,173,188,174,189,175,190,176,191,177,192,178,193,179,194,179,195,179,196,179,197,179,198,179,199,179,200,179,201,178,202,179,202,178,202,177,202,176,203,175,203,174,204,173,204,172,205,171,205,170,205,169,205,168,205,167,205,166,205,165,204,164,204,163,203,162,203,161,202,160,201,160,200,159,199,159,198,158,197,158,196,158
170,164,169,165,168,166,167,167,166,168,165,168,164,169,163,170,162,170,161,171,161,172,161,173,160,174,159,175,159,176,159,177,159,178,159,179,159,180,160,181,161,182,162,183,162,184,163,183,164,183,165,182,166,182,167,182,168,181,169,181,170,180,171,180,172,180,173,179,174,179,174,178,175,177,175,176,175,175,175,174,176,173,176,172,175,171,175,170,174,169,174,168,173,167,173,166,173,165,173,164,172,164,171,164
224,169,223,170,222,170,221,170,220,170,219,170,218,171,217,171,216,171,215,171,214,172,213,172,212,173,211,173,210,174,209,174,208,175,207,176,206,176,205,177,204,178,204,179,203,180,203,181,203,182,203,183,204,184,204,185,204,186,204,187,204,188,204,189,204,190,204,191,204,192,205,192,206,193,207,194,208,194,209,195,210,195,211,195,212,195,213,196,214,196,215,196,216,196,217,196,218,196,219,196,220,196,221,196,222,196,223,196,224,196,225,195,226,195,227,195,228,194,229,194,230,193,231,193,232,192,233,192,234,191,235,190,236,189,237,188,237,187,238,186,238,185,238,184,239,183,239,182,239,181,239,180,239,179,239,178,238,177,238,176,238,175,237,174,236,173,235,173,234,172,233,171,232,171,231,171,230,170,229,170,228,170,227,170,226,170,225,170
182,172,181,173,180,173,179,173,178,173,177,173,176,174,176,175,176,176,176,177,175,178,175,179,176,180,176,181,177,182,178,183,178,184,179,185,180,186,181,187,182,188,182,189,183,190,184,190,185,189,186,190,187,190,188,189,189,188,189,187,190,186,190,185,191,184,191,183,192,182,192,181,193,180,192,179,191,178,190,177,189,176,188,175,187,174,186,173,186,172,185,172,184,172,183,172
254,179,253,180,252,180,251,181,250,181,249,182,248,183,247,184,247,185,246,186,246,187,246,188,246,189,246,190,246,191,245,192,245,193,246,194,246,195,246,196,247,197,248,198,249,199,250,200,250,201,251,202,252,203,253,203,254,204,255,204,256,204,257,205,258,205,259,205,260,205,261,205,262,205,263,205,264,205,265,205,266,205,267,205,268,205,269,205,270,204,271,204,272,203,273,202,274,201,275,200,276,199,276,198,277,197,277,196,277,195,277,194,277,193,277,192,277,191,276,190,276,189,275,188,275,187,274,186,273,185,272,184,271,183,270,182,269,182,268,181,267,181,266,181,265,180,264,180,263,179,262,179,261,179,260,179,259,179,258,179,257,179,256,179,255,179
173,180,172,181,171,181,170,181,169,182,168,182,167,183,166,183,165,183,164,184,163,184,162,185,162,186,162,187,163,188,163,189,163,190,163,191,164,192,164,193,164,194,165,195,166,195,167,195,168,196,169,196,170,196,171,196,172,196,173,196,174,195,175,195,176,195,177,194,178,194,179,193,180,193,181,192,182,191,182,190,181,189,181,188,180,187,179,186,178,185,177,184,177,183,176,182,175,181,175,180,174,180
188,193,187,194,186,195,185,196,184,197,183,198,182,199,181,200,180,201,179,202,179,203,179,204,180,205,180,206,180,207,180,208,180,209,180,210,180,211,180,212,180,213,179,214,180,215,180,216,181,217,182,218,182,219,183,220,183,221,184,222,185,223,185,224,186,225,187,226,188,226,189,226,190,226,191,226,192,226,193,225,194,225,195,224,196,223,197,223,198,222,199,221,200,221,201,220,202,219,202,218,203,217,203,216,204,215,204,214,204,213,205,212,205,211,205,210,205,209,205,208,205,207,204,206,204,205,204,204,204,203,203,202,203,201,202,200,201,199,201,198,200,197,199,196,199,195,198,195,197,195,196,195,195,195,194,195,193,194,192,194,191,194,190,193,189,193
164,195,163,196,162,197,161,198,160,199,160,200,159,201,159,202,159,203,159,204,159,205,159,206,159,207,159,208,159,209,159,210,159,211,160,212,160,213,161,214,162,215,163,216,164,217,165,217,166,218,167,218,168,217,169,217,170,217,171,217,172,216,173,216,174,216,175,215,176,215,177,215,178,214,179,213,179,212,179,211,179,210,179,209,179,208,179,207,179,206,179,205,178,204,178,203,178,202,177,202,176,202,175,201,174,200,173,199,172,198,171,197,170,197,169,197,168,197,167,196,166,196,165,196
288,195,287,196,286,196,285,197,284,198,284,199,283,200,283,201,283,202,283,203,282,204,282,205,282,206,283,207,283,208,284,209,284,210,285,211,286,212,287,213,288,214,289,215,290,215,291,215,292,215,293,215,294,216,295,216,296,217,297,217,298,218,299,219,300,219,301,220,302,220,303,220,304,220,305,220,306,220,307,220,308,220,309,219,310,219,311,218,312,217,313,217,314,216,315,216,316,215,317,215,318,214,319,213,319,212,319,211,318,210,317,209,316,208,315,208,314,207,313,207,312,207,311,206,310,205,309,204,308,203,307,202,306,201,305,200,304,200,303,199,302,199,301,198,300,198,299,197,298,197,297,196,296,196,295,195,294,195,293,195,292,195,291,195,290,195,289,195
239,204,238,205,237,205,236,205,235,205,234,205,233,205,232,206,231,206,230,207,229,208,228,209,228,210,227,211,226,212,225,213,224,214,223,215,223,216,222,217,221,218,221,219,220,220,220,221,220,222,220,223,220,224,220,225,221,226,221,227,221,228,222,229,222,230,223,231,224,232,225,232,226,233,227,234,228,234,229,235,230,235,231,236,232,236,233,236,234,236,235,236,236,236,237,236,238,236,239,235,240,235,241,235,242,234,243,233,244,232,244,231,245,230,245,229,245,228,246,227,246,226,246,225,247,224,247,223,248,222,248,221,248,220,249,219,249,218,249,217,249,216,249,215,249,214,249,213,249,212,248,211,248,210,247,209,247,208,246,207,245,206,244,205,243,205,242,205,241,204,240,204
267,212,266,213,265,213,264,214,263,215,262,216,261,216,260,217,259,218,258,219,257,220,256,221,255,222,254,223,253,224,252,225,252,226,251,227,251,228,251,229,251,230,251,231,251,232,251,233,251,234,251,235,252,236,252,237,253,238,254,239,255,240,255,241,256,241,257,242,258,243,259,243,260,243,261,244,262,244,263,244,264,244,265,245,266,245,267,244,268,244,269,244,270,244,271,244,272,244,273,243,274,243,274,242,275,241,276,240,277,239,277,238,278,237,278,236,278,235,278,234,278,233,278,232,278,231,278,230,279,229,278,228,278,227,278,226,278,225,278,224,278,223,278,222,278,221,277,220,277,219,277,218,276,217,275,216,274,215,274,214,273,213,272,213,271,213,270,213,269,212,268,212
178,215,177,216,176,216,175,216,174,217,173,217,172,217,171,218,170,218,169,218,168,218,167,219,166,220,166,221,166,222,166,223,166,224,166,225,166,226,166,227,166,228,166,229,166,230,167,231,167,232,168,233,168,234,169,235,170,236,170,237,171,238,171,239,171,240,171,241,171,242,171,243,171,244,171,245,171,246,171,247,171,248,172,249,172,250,173,251,174,252,175,253,176,253,177,254,178,254,179,253,180,253,181,252,182,252,182,251,183,250,184,249,185,248,186,247,186,246,187,245,187,244,187,243,187,242,186,241,186,240,186,239,186,238,186,237,186,236,186,235,186,234,186,233,186,232,186,231,186,230,186,229,186,228,186,227,186,226,185,225,184,224,184,223,183,222,182,221,182,220,181,219,181,218,180,217,179,216,179,215
289,216,288,217,287,217,286,218,286,219,285,220,285,221,284,222,284,223,284,224,283,225,283,226,283,227,283,228,283,229,283,230,283,231,283,232,284,233,284,234,284,235,285,236,285,237,286,238,286,239,287,240,288,240,289,241,290,242,291,242,292,243,293,243,294,244,295,243,296,242,297,242,298,241,299,240,300,239,301,238,302,237,303,236,304,235,305,234,306,233,306,232,306,231,306,230,306,229,305,228,305,227,304,226,304,225,303,224,303,223,302,222,302,221,301,221,300,220,299,220,298,219,297,218,296,218,295,217,294,217,293,216,292,216,291,216,290,216
157,219,156,220,155,220,154,221,154,222,153,223,153,224,152,225,152,226,152,227,152,228,153,229,153,230,154,231,155,232,156,232,157,233,158,233,159,233,160,233,161,233,162,232,163,231,164,230,165,229,165,228,165,227,165,226,165,225,165,224,165,223,165,222,165,221,164,221,163,220,162,219,161,219,160,219,159,219,158,219
314,220,313,221,312,221,311,222,310,223,310,224,309,225,309,226,309,227,310,228,310,229,310,230,310,231,311,232,312,233,313,234,314,235,314,236,315,237,316,238,317,239,318,240,318,241,319,240,320,240,321,240,322,241,323,241,324,241,325,241,326,241,327,240,328,240,329,240,330,239,331,239,332,238,333,238,333,237,333,236,333,235,333,234,333,233,333,232,333,231,334,230,334,229,334,228,334,227,335,226,334,225,333,224,332,223,331,222,330,221,329,221,328,221,327,221,326,220,325,220,324,220,323,220,322,220,321,220,320,220,319,220,318,220,317,220,316,220,315,220
205,232,204,233,203,233,202,234,201,235,200,235,199,235,198,236,197,237,196,237,195,237,194,238,193,238,192,239,191,240,190,240,190,241,189,242,188,242,188,243,188,244,188,245,187,246,187,247,188,248,188,249,188,250,188,251,189,252,190,253,190,254,191,255,192,255,193,256,194,256,195,257,196,257,197,257,198,257,199,257,200,257,201,256,202,256,203,256,204,256,205,256,206,256,207,256,208,255,209,255,210,255,211,255,212,254,213,254,214,254,215,254,216,254,217,253,218,253,219,252,220,251,221,250,222,249,222,248,222,247,223,246,222,245,223,244,222,243,222,242,222,241,221,240,221,239,220,238,220,237,219,236,218,235,217,234,216,234,215,233,214,233,213,233,212,232,211,232,210,232,209,232,208,232,207,232,206,232
307,232,307,233,306,234,305,235,304,236,303,237,302,238,301,239,300,240,299,241,298,242,297,243,296,243,295,244,294,245,294,246,294,247,294,248,294,249,294,250,294,251,293,252,293,253,294,254,295,254,296,255,297,255,298,256,299,257,300,258,301,259,302,260,303,261,304,261,305,262,306,263,307,263,308,262,309,261,310,261,311,260,312,260,313,259,314,258,315,258,316,257,317,256,318,255,318,254,318,253,318,252,318,251,318,250,319,249,319,248,318,247,318,246,318,245,318,244,318,243,318,242,317,241,317,240,316,239,315,238,314,237,313,236,313,235,312,234,311,233,310,232,309,232,308,232
239,236,238,237,237,237,236,238,235,239,234,240,233,241,232,242,232,243,231,244,231,245,230,246,230,247,230,248,230,249,230,250,230,251,230,252,230,253,230,254,230,255,230,256,230,257,231,258,231,259,232,260,232,261,233,262,234,262,235,262,236,262,237,261,238,260,239,259,240,258,240,257,241,256,242,255,242,254,243,253,243,252,244,251,244,250,245,249,245,248,245,247,245,246,246,245,246,244,246,243,246,242,245,241,245,240,245,239,244,238,243,237,242,237,241,237,240,237
333,240,332,241,331,241,330,242,329,242,328,243,327,244,326,244,325,245,324,246,323,247,322,248,321,249,321,250,320,251,320,252,320,253,320,254,321,255,321,256,321,257,322,258,322,259,323,260,323,261,324,262,325,262,326,263,327,264,328,265,329,266,330,267,331,267,332,267,333,267,334,267,335,266,336,266,337,265,338,265,339,265,340,264,341,263,342,263,343,262,344,261,345,261,346,260,346,259,347,258,347,257,348,256,348,255,348,254,348,253,348,252,348,251,348,250,347,249,347,248,347,247,347,246,346,245,345,244,344,244,343,243,342,243,341,242,340,242,339,241,338,241,337,240,336,240,335,240,334,240
281,242,280,243,279,243,278,244,277,244,276,244,275,245,274,244,273,244,272,245,271,246,270,247,269,247,268,248,267,249,266,249,265,250,264,251,263,252,262,252,262,253,261,254,261,255,261,256,261,257,261,258,262,259,263,260,264,260,265,260,266,261,267,262,268,263,269,263,270,264,271,265,272,265,273,266,274,266,275,267,276,267,277,267,278,268,279,268,280,268,281,268,282,268,283,267,284,267,285,267,286,266,287,266,288,265,289,265,290,264,291,263,291,262,291,261,291,260,291,259,291,258,292,257,291,256,291,255,291,254,291,253,291,252,291,251,291,250,290,249,290,248,290,247,289,246,289,245,288,244,287,243,286,243,285,242,284,242,283,242,282,242
361,252,360,253,359,253,358,253,357,254,356,255,355,256,355,257,354,258,353,259,352,259,351,260,350,261,349,262,349,263,348,264,348,265,349,266,350,267,351,268,352,268,353,269,354,270,355,270,356,271,357,271,358,272,359,272,360,272,361,273,362,273,363,273,364,273,365,274,366,274,367,274,368,274,369,274,370,274,371,274,372,273,373,273,374,272,375,272,374,271,373,270,372,269,371,268,370,267,370,266,370,265,370,264,370,263,370,262,370,261,369,260,369,259,369,258,369,257,368,256,368,255,367,254,366,253,365,252,364,252,363,252,362,252
204,264,203,265,202,265,201,266,200,267,199,268,198,269,198,270,197,271,197,272,197,273,197,274,196,275,196,276,195,277,196,278,196,279,196,280,196,281,197,282,198,283,199,284,200,284,201,285,202,286,203,286,204,286,205,286,206,287,207,287,208,287,209,287,210,288,211,288,212,288,213,289,214,290,214,291,215,291,216,292,217,292,218,292,219,292,219,291,218,290,218,289,218,288,218,287,219,286,220,285,221,284,222,283,223,282,223,281,224,280,224,279,225,278,225,277,225,276,225,275,225,274,224,273,224,272,223,271,222,270,221,269,220,269,219,268,218,268,217,267,216,267,215,266,214,266,213,265,212,265,211,264,210,264,209,264,208,264,207,265,206,264,205,264
312,265,311,266,310,266,309,266,308,266,307,266,307,267,306,268,305,269,305,270,304,271,305,272,305,273,306,274,306,275,306,276,307,277,307,278,308,279,308,280,309,281,310,282,310,283,311,284,312,284,313,285,314,286,315,286,316,287,317,287,318,287,319,287,320,287,321,287,322,287,323,287,324,287,325,286,326,286,326,285,327,284,328,283,329,282,329,281,329,280,330,279,330,278,330,277,330,276,330,275,330,274,329,273,329,272,328,271,328,270,327,269,326,269,325,268,324,267,323,266,322,266,321,265,320,265,319,265,318,265,317,265,316,265,315,265,314,265,313,265
347,265,346,266,345,267,344,268,343,269,343,270,342,271,342,272,341,273,341,274,340,275,340,276,340,277,340,278,340,279,340,280,340,281,341,282,341,283,340,284,339,285,340,286,340,287,340,288,341,288,342,288,343,289,344,290,344,291,344,292,345,293,345,294,345,295,346,295,347,296,348,296,349,297,350,297,351,298,352,298,353,298,354,299,355,299,356,299,357,299,358,299,359,300,360,300,361,300,362,300,363,300,364,300,365,300,366,299,367,298,368,297,369,297,370,296,370,295,371,294,372,293,372,292,373,291,372,290,372,289,373,288,373,287,373,286,374,285,375,284,376,283,376,282,376,281,377,280,377,279,377,278,377,277,377,276,376,275,376,274,375,273,374,273,373,274,372,274,371,275,370,275,369,275,368,275,367,275,366,275,365,275,364,274,363,274,362,274,361,274,360,273,359,273,358,273,357,272,356,272,355,271,354,271,353,270,352,269,351,269,350,268,349,267,348,266
281,270,280,271,279,271,278,272,277,272,276,273,275,273,274,274,273,275,273,276,272,277,271,278,270,279,270,280,270,281,270,282,269,283,269,284,269,285,269,286,269,287,269,288,269,289,269,290,269,291,270,291,271,292,271,293,272,294,273,295,274,295,275,296,276,296,277,297,278,297,279,297,280,297,281,297,282,298,283,298,284,298,285,297,286,297,287,296,288,295,289,294,289,293,290,292,291,291,291,290,292,289,292,288,293,287,293,286,293,285,294,284,293,283,293,282,293,281,293,280,293,279,292,278,292,277,291,276,291,275,290,274,289,274,288,273,287,272,286,272,285,271,284,271,283,271,282,271
231,283,230,284,229,284,228,285,227,285,227,286,226,287,225,288,224,289,223,289,222,290,222,291,221,292,221,293,221,294,221,295,221,296,221,297,221,298,222,299,223,300,223,301,224,302,225,303,226,303,227,304,228,305,229,305,230,306,231,306,232,306,233,306,234,306,235,307,236,307,237,307,238,307,239,307,240,307,241,307,242,306,243,305,244,305,245,304,246,303,247,302,248,302,249,301,250,301,251,300,251,299,251,298,251,297,251,296,251,295,250,294,250,293,250,292,249,291,249,290,248,290,247,289,247,288,246,287,245,286,245,285,244,285,243,284,242,284,241,283,240,283,239,283,238,283,237,283,236,283,235,283,234,283,233,283,232,283
195,288,194,289,193,290,193,291,193,292,193,293,193,294,193,295,193,296,194,297,194,298,195,299,196,300,196,301,197,302,197,303,198,304,198,305,199,306,199,307,200,308,201,309,202,309,203,309,204,309,205,309,206,309,207,308,207,307,208,306,209,305,209,304,210,303,211,302,212,301,213,300,213,299,213,298,214,297,214,296,214,295,214,294,213,293,213,292,212,292,211,291,210,290,209,291,208,290,207,290,206,290,205,290,204,289,203,289,202,289,201,289,200,289,199,288,198,288,197,288,196,288
377,289,376,290,375,291,374,291,373,292,373,293,372,294,371,295,371,296,370,297,370,298,370,299,370,300,369,301,369,302,369,303,368,304,368,305,368,306,368,307,368,308,368,309,368,310,368,311,368,312,368,313,368,314,367,315,367,316,367,317,367,318,367,319,367,320,368,321,368,322,368,323,368,324,368,325,368,326,368,327,368,328,368,329,368,330,368,331,368,332,368,333,368,334,369,335,369,336,369,337,369,338,370,338,371,338,372,337,373,337,374,337,375,338,376,338,377,338,378,337,379,337,380,337,381,336,382,335,383,334,383,333,383,332,383,331,384,330,384,329,384,328,384,327,385,326,385,325,386,324,386,323,386,322,386,321,387,320,386,319,386,318,386,317,387,316,386,315,387,314,386,313,386,312,386,311,386,310,386,309,386,308,387,307,386,306,386,305,386,304,386,303,387,302,387,301,386,300,386,299,386,298,386,297,386,296,386,295,385,294,385,293,384,292,384,291,383,290,382,289,381,289,380,289,379,289,378,289
177,290,176,291,175,291,174,292,173,292,172,293,172,294,171,295,171,296,171,297,171,298,172,299,172,300,173,301,173,302,174,303,174,304,175,304,176,305,177,305,178,306,179,306,180,306,181,306,182,306,183,305,184,304,185,304,186,303,186,302,187,301,187,300,188,299,188,298,188,297,188,296,187,295,187,294,186,293,185,292,184,292,183,291,182,291,181,290,180,290,179,290,178,290
324,291,323,292,322,292,321,292,320,292,319,292,318,292,317,292,316,292,315,292,314,292,313,292,312,293,311,293,311,294,310,295,309,296,309,297,308,298,308,299,308,300,307,301,307,302,307,303,307,304,307,305,307,306,307,307,307,308,308,309,308,310,308,311,308,312,309,313,310,314,311,315,312,315,313,315,314,315,315,314,316,314,317,313,318,313,319,313,320,312,321,312,322,311,323,311,324,310,325,310,326,310,327,309,328,309,329,308,330,307,331,307,332,306,333,305,334,305,335,304,336,305,336,304,336,303,336,302,337,301,337,300,337,299,338,298,338,297,339,296,339,295,340,294,339,293,338,292,337,292,336,291,335,291,334,291,333,291,332,291,331,291,330,291,329,291,328,291,327,291,326,291,325,291
340,295,340,296,339,297,339,298,338,299,338,300,338,301,337,302,337,303,337,304,337,305,337,306,338,307,338,308,338,309,338,310,338,311,338,312,338,313,338,314,338,315,337,316,337,317,337,318,336,319,336,320,336,321,336,322,335,323,335,324,335,325,334,326,334,327,334,328,333,329,333,330,333,331,333,332,333,333,333,334,333,335,333,336,333,337,334,338,334,339,334,340,334,341,334,342,335,343,335,344,336,344,337,345,338,345,339,346,340,346,341,346,342,346,343,346,344,346,345,345,346,345,347,345,348,345,349,344,350,344,351,343,352,343,353,342,354,342,355,341,356,341,357,341,358,340,359,339,360,340,361,340,362,340,363,340,364,340,365,340,366,340,367,339,368,339,368,338,368,337,368,336,368,335,367,334,367,333,367,332,367,331,367,330,367,329,367,328,367,327,367,326,367,325,367,324,367,323,367,322,367,321,366,320,366,319,366,318,366,317,366,316,366,315,367,314,367,313,367,312,367,311,367,310,367,309,367,308,367,307,367,306,367,305,366,304,366,303,365,303,364,302,364,301,363,301,362,301,361,301,360,301,359,301,358,300,357,300,356,300,355,300,354,300,353,299,352,299,351,299,350,298,349,298,348,297,347,297,346,296,345,296,344,295,343,295,342,295,341,295
213,301,212,302,211,303,210,304,210,305,209,306,208,307,208,308,207,309,208,310,208,311,208,312,208,313,209,314,209,315,210,316,210,317,211,318,211,319,212,320,212,321,213,322,214,323,214,324,215,324,216,325,217,325,218,326,219,326,220,326,221,326,222,326,223,326,224,326,225,326,226,326,227,326,228,325,229,325,230,324,231,323,231,322,232,321,232,320,232,319,232,318,231,317,231,316,230,315,230,314,229,313,229,312,228,311,228,310,228,309,227,308,227,307,226,306,225,305,225,304,224,304,223,304,222,303,221,302,220,302,219,301,218,301,217,301,216,301,215,301,214,301
286,306,285,307,284,308,283,308,282,309,281,310,280,311,279,312,279,313,280,314,280,315,281,316,282,317,282,318,283,319,283,320,284,321,284,322,285,323,285,324,286,325,286,326,287,327,288,327,289,328,290,329,291,329,292,330,293,329,294,329,295,329,296,329,297,329,298,329,299,329,300,328,301,328,302,327,303,326,303,325,304,324,304,323,305,322,305,321,305,320,305,319,305,318,306,317,305,316,305,315,304,314,304,313,304,312,304,311,303,310,302,309,301,308,300,307,299,307,298,307,297,307,296,307,295,307,294,306,293,306,292,306,291,306,290,306,289,306,288,306,287,306
395,308,394,309,393,309,392,310,391,311,390,312,389,313,388,314,388,315,388,316,388,317,388,318,388,319,388,320,388,321,388,322,388,323,388,324,388,325,388,326,389,327,389,328,389,329,390,330,391,331,392,332,393,332,394,333,395,333,396,332,397,332,398,332,399,332,400,331,401,331,402,330,403,329,403,328,404,327,404,326,405,325,405,324,405,323,405,322,405,321,405,320,405,319,405,318,405,317,405,316,405,315,404,314,404,313,404,312,403,311,402,310,401,310,400,309,399,309,398,309,397,308,396,308
415,320,414,321,413,321,412,321,411,321,410,322,409,322,408,323,407,324,406,324,406,325,405,326,405,327,404,328,404,329,404,330,404,331,403,332,403,333,403,334,403,335,404,336,403,337,404,338,404,339,404,340,405,341,405,342,406,343,407,343,408,344,409,344,410,344,411,344,412,344,413,345,414,345,415,344,416,344,417,343,418,342,419,341,420,340,421,339,422,338,423,337,424,336,424,335,425,334,425,333,425,332,425,331,426,330,426,329,426,328,426,327,425,326,425,325,424,324,424,323,423,322,422,321,421,321,420,320,419,320,418,320,417,320,416,320
240,321,239,322,238,322,237,323,236,324,236,325,235,326,234,327,233,327,233,328,232,329,231,329,231,330,231,331,231,332,230,333,230,334,230,335,230,336,229,337,229,338,229,339,229,340,229,341,229,342,230,343,230,344,231,345,231,346,232,347,232,348,233,349,234,349,235,350,236,351,237,351,238,351,239,352,240,352,241,352,242,351,243,351,244,351,245,351,246,350,247,350,248,350,249,349,250,348,251,347,252,346,253,345,254,344,255,343,255,342,256,341,257,340,258,339,257,338,257,337,257,336,257,335,257,334,257,333,257,332,256,331,256,330,256,329,255,328,255,327,254,326,253,325,252,324,251,323,250,323,249,322,248,322,247,322,246,321,245,321,244,321,243,321,242,321,241,321
271,321,270,322,269,322,268,322,268,323,267,324,267,325,267,326,266,327,266,328,266,329,266,330,266,331,265,332,265,333,265,334,265,335,265,336,264,337,264,338,264,339,264,340,264,341,264,342,265,343,265,344,266,345,267,346,268,347,269,347,270,348,271,349,272,350,273,350,274,351,275,352,276,352,277,353,278,354,279,354,280,353,281,353,282,353,282,352,283,351,284,351,285,350,286,349,287,348,288,347,288,346,289,345,289,344,290,343,291,342,291,341,292,340,292,339,292,338,292,337,293,336,293,335,293,334,293,333,292,332,292,331,291,330,290,330,289,329,288,328,287,328,286,327,285,326,284,326,283,326,282,326,281,325,280,325,279,325,278,324,277,324,276,324,275,323,274,323,273,322,272,322
219,327,218,328,217,329,217,330,217,331,217,332,217,333,218,334,218,335,219,335,220,336,221,337,222,338,223,338,224,338,225,338,226,339,227,339,228,339,228,338,228,337,229,336,229,335,229,334,229,333,230,332,230,331,230,330,230,329,229,329,228,328,227,328,226,327,225,327,224,327,223,327,222,327,221,327,220,327
321,333,320,334,319,334,318,335,317,336,316,335,315,336,314,337,313,337,312,338,311,338,310,339,309,340,308,341,308,342,307,343,306,344,306,345,306,346,305,347,305,348,305,349,305,350,305,351,306,352,306,353,306,354,307,355,308,356,309,357,310,358,311,358,312,359,313,359,314,360,315,360,316,361,317,361,318,362,319,362,320,363,321,364,321,365,321,366,321,367,322,367,323,367,324,368,325,369,326,369,327,369,328,368,329,367,330,366,330,365,330,364,330,363,330,362,330,361,330,360,330,359,330,358,330,357,330,356,330,355,330,354,331,353,331,352,331,351,331,350,331,349,331,348,331,347,331,346,331,345,331,344,330,343,330,342,330,341,329,340,329,339,328,338,327,337,326,336,325,335,324,334,323,334,322,333
386,339,385,340,384,340,383,340,382,340,381,341,380,342,379,343,378,343,378,344,377,345,377,346,377,347,376,348,376,349,376,350,376,351,376,352,376,353,375,354,375,355,375,356,375,357,376,358,376,359,376,360,376,361,377,362,378,363,379,364,380,365,381,365,382,365,383,365,384,365,385,365,386,365,387,365,388,364,389,363,390,363,391,362,392,361,393,360,394,359,395,359,395,358,396,357,397,356,397,355,398,354,399,353,398,352,399,351,399,350,399,349,400,348,400,347,400,346,400,345,400,344,400,343,399,342,398,341,398,340,397,340,396,340,395,340,394,339,393,339,392,340,391,340,390,339,389,340,388,339,387,339
427,339,426,340,425,340,424,340,423,341,423,342,422,343,422,344,421,345,421,346,422,347,422,348,422,349,422,350,422,351,422,352,423,352,424,353,425,354,426,355,426,356,427,357,428,357,429,358,430,358,431,359,432,359,433,359,434,359,435,359,436,358,437,357,438,356,439,355,439,354,439,353,439,352,439,351,439,350,439,349,439,348,439,347,438,346,438,345,437,344,436,343,435,342,434,341,433,340,432,340,431,339,430,339,429,339,428,339
262,349,261,350,260,350,259,351,258,351,257,352,256,352,255,353,254,354,253,354,253,355,252,356,252,357,251,358,251,359,250,360,250,361,250,362,251,363,251,364,252,365,252,366,253,367,254,368,255,369,256,370,256,371,257,372,258,373,259,374,260,374,261,375,262,375,263,376,264,376,265,376,266,376,267,376,268,376,269,377,270,377,271,377,272,377,273,377,274,376,275,377,276,377,277,377,278,377,279,376,280,376,281,376,282,375,282,374,281,373,281,372,281,371,281,370,281,369,281,368,281,367,280,366,280,365,280,364,280,363,280,362,280,361,280,360,280,359,280,358,280,357,280,356,279,356,278,355,277,355,276,355,275,355,274,354,273,354,272,354,271,353,270,353,269,352,268,352,267,352,266,351,265,351,264,351,263,350,263,349
406,349,405,350,404,350,403,351,402,352,401,352,400,353,399,354,398,355,398,356,397,357,396,358,396,359,395,360,396,361,396,362,396,363,396,364,396,365,396,366,396,367,397,368,397,369,398,370,398,371,399,372,400,373,400,374,401,375,402,375,403,376,404,377,405,377,406,377,407,378,408,378,409,378,410,378,411,378,412,378,413,378,414,377,415,377,416,376,417,376,418,375,419,375,420,374,421,374,422,373,423,372,424,371,425,370,426,369,426,368,427,367,427,366,427,365,427,364,427,363,427,362,426,361,426,360,426,359,426,358,426,357,425,356,424,355,423,354,422,353,421,352,420,352,419,351,418,350,417,350,416,350,415,350,414,350,413,349,412,349,411,349,410,349,409,349,408,349,407,349
289,355,288,356,287,356,286,356,285,356,284,357,283,357,282,356,281,357,281,358,281,359,281,360,281,361,281,362,281,363,281,364,281,365,281,366,282,367,282,368,282,369,282,370,282,371,282,372,282,373,283,374,284,374,285,374,286,373,287,373,288,372,289,372,290,372,291,371,292,370,293,369,294,368,294,367,295,366,296,365,297,364,297,363,298,362,298,361,298,360,297,360,296,359,295,358,294,357,293,356,292,356,291,355,290,355
439,356,438,357,437,358,436,359,435,360,434,360,434,361,434,362,433,363,433,364,433,365,432,366,432,367,432,368,432,369,432,370,433,371,434,372,434,373,435,374,436,375,437,375,438,376,439,376,440,376,441,376,442,376,443,376,444,376,445,375,446,375,447,375,448,374,448,373,449,372,449,371,449,370,449,369,449,368,450,367,449,366,449,365,449,364,449,363,449,362,448,361,448,360,447,360,446,359,445,358,444,357,443,357,442,357,441,357,440,356
308,357,307,358,306,358,305,358,304,358,303,358,302,359,301,359,301,360,300,361,299,361,299,362,298,363,298,364,297,365,296,366,295,367,295,368,294,369,293,370,292,371,291,372,291,373,291,374,290,375,289,376,289,377,288,378,288,379,287,380,286,381,285,382,285,383,284,384,284,385,283,386,284,387,284,388,284,389,284,390,285,391,286,392,286,393,287,394,288,394,289,394,290,394,291,394,292,394,293,394,294,394,295,394,296,394,297,394,298,393,299,393,300,393,301,393,302,392,303,392,304,392,305,391,306,391,307,390,308,389,309,389,310,388,311,387,312,386,313,386,314,385,315,384,316,384,317,383,318,383,319,382,320,381,321,381,322,380,323,379,324,379,324,378,323,377,323,376,322,375,321,374,321,373,321,372,321,371,320,370,320,369,320,368,320,367,320,366,320,365,320,364,319,363,318,363,317,362,316,362,315,361,314,361,313,360,312,360,311,359,310,359,309,358
358,363,357,364,356,364,355,364,354,365,353,365,352,366,351,367,351,368,350,369,349,370,349,371,349,372,349,373,349,374,349,375,349,376,348,377,348,378,348,379,348,380,348,381,349,382,349,383,350,384,350,385,351,386,352,387,353,387,354,388,355,388,356,388,357,388,358,388,359,388,360,388,361,388,362,388,363,387,364,387,365,387,366,387,367,387,368,386,369,385,370,385,371,384,372,383,373,382,374,381,374,380,375,379,375,378,375,377,376,376,376,375,376,374,375,373,374,372,374,371,374,370,373,369,372,368,371,367,370,367,369,366,368,365,367,365,366,364,365,364,364,364,363,363,362,363,361,363,360,363,359,363
323,380,322,381,321,382,320,382,319,383,318,384,317,384,316,385,315,385,314,386,313,387,312,387,311,388,310,389,309,390,308,390,307,391,306,392,306,393,306,394,306,395,305,396,305,397,305,398,305,399,305,400,305,401,306,402,306,403,307,404,308,404,309,405,310,405,311,406,312,406,313,406,314,406,315,406,316,406,317,405,318,405,319,404,320,404,321,403,322,403,323,403,324,402,325,402,326,401,327,401,328,401,328,400,328,399,328,398,329,397,330,396,330,395,331,394,331,393,331,392,331,391,332,390,332,389,332,388,332,387,332,386,331,385,331,384,330,383,329,382,328,381,327,380,326,380,325,380,324,380
351,387,350,388,349,388,348,388,347,388,346,389,345,389,344,389,343,390,342,390,342,391,341,392,340,392,340,393,339,394,338,394,337,395,337,396,337,397,337,398,337,399,337,400,337,401,337,402,337,403,337,404,337,405,338,406,338,407,338,408,339,409,339,410,340,411,340,412,341,413,342,414,343,414,344,415,345,416,346,416,347,417,348,417,349,418,350,418,351,418,352,418,353,418,354,418,355,417,356,417,357,416,358,416,358,415,359,414,359,413,360,412,360,411,360,410,361,409,361,408,361,407,360,406,361,405,361,404,360,403,360,402,360,401,360,400,360,399,360,398,359,397,359,396,358,395,358,394,358,393,357,392,356,391,355,390,354,389,353,388,352,388
443,392,442,393,441,393,440,394,439,394,439,395,440,396,440,397,440,398,441,399,440,400,439,400,438,400,437,401,437,402,437,403,436,404,435,405,435,406,435,407,435,408,434,409,434,410,433,411,433,412,432,413,431,414,431,415,430,416,429,416,429,417,428,418,428,419,427,420,427,421,426,422,426,423,425,424,425,425,425,426,425,427,425,428,425,429,426,430,426,431,427,432,428,433,429,434,430,434,431,434,432,434,433,434,434,434,435,433,436,433,437,433,438,432,439,431,440,431,441,430,442,429,443,428,444,427,444,426,445,425,446,424,447,423,448,422,449,421,449,420,450,419,451,418,451,417,451,416,452,415,452,414,452,413,451,412,451,411,452,410,452,409,452,408,452,407,452,406,452,405,451,404,450,403,450,402,450,401,449,400,449,399,449,398,448,397,447,396,446,396,445,395,445,394,444,393,444,392
326,402,325,403,324,403,323,404,322,404,321,404,320,405,319,405,318,406,317,406,316,407,315,408,315,409,314,410,314,411,314,412,314,413,314,414,314,415,314,416,314,417,314,418,315,419,315,420,316,421,317,422,317,423,318,424,319,425,320,426,321,427,322,428,322,429,323,429,324,430,325,430,326,431,327,431,328,431,329,431,330,430,331,429,332,429,333,429,333,428,334,427,334,426,334,425,334,424,335,423,335,422,335,421,335,420,335,419,336,418,336,417,336,416,336,415,336,414,336,413,336,412,336,411,335,410,335,409,335,408,334,407,333,406,332,405,331,404,330,403,329,402,328,402,327,402
414,402,413,403,412,403,411,404,410,405,409,406,408,407,407,408,406,408,405,409,405,410,404,411,404,412,403,413,403,414,402,415,402,416,402,417,402,418,402,419,402,420,402,421,402,422,402,423,403,424,403,425,404,426,405,427,406,428,407,428,408,429,409,429,410,430,411,430,412,430,413,430,414,430,415,429,416,429,417,429,418,428,419,428,420,427,421,427,422,426,423,425,424,424,425,423,425,422,426,421,426,420,427,419,427,418,428,417,428,416,429,415,429,414,428,413,428,412,428,411,428,410,427,409,427,408,426,407,425,406,424,405,423,404,422,404,421,403,420,403,419,402,418,402,417,402,416,402,415,402
376,413,375,414,374,415,373,415,372,416,371,417,370,418,369,419,368,420,368,421,367,422,367,423,367,424,367,425,367,426,367,427,367,428,367,429,367,430,368,431,368,432,368,433,369,434,370,435,370,436,371,437,372,438,373,438,374,439,375,439,376,440,377,440,378,440,379,440,380,441,381,440,382,440,383,440,384,440,385,440,386,440,387,440,388,439,389,438,390,438,391,437,392,436,393,435,394,434,394,433,395,432,395,431,396,430,396,429,396,428,396,427,396,426,396,425,396,424,396,423,395,422,395,421,394,420,393,419,392,418,391,417,390,417,389,416,388,416,387,415,386,415,385,414,384,414,383,414,382,413,381,413,380,413,379,413,378,413,377,413
340,422,339,423,338,424,337,424,336,424,336,425,335,426,335,427,334,428,334,429,334,430,334,431,334,432,333,433,333,434,333,435,333,436,334,437,334,438,335,439,336,440,337,440,338,441,339,441,340,441,341,442,342,442,343,441,344,441,345,440,346,439,347,438,348,438,349,437,350,436,351,435,352,435,353,434,354,433,354,432,354,431,354,430,353,429,353,428,353,427,352,426,351,425,350,424,349,424,348,423,347,422,346,422,345,422,344,422,343,422,342,422,341,422
358,433,357,434,356,434,355,434,354,435,353,435,352,436,352,437,351,438,350,439,349,440,349,441,349,442,348,443,348,444,348,445,348,446,348,447,349,448,350,449,351,450,352,451,353,452,354,452,355,453,356,453,357,453,358,454,359,454,360,454,361,454,362,454,363,454,364,453,365,453,366,452,367,451,368,450,369,449,369,448,368,447,368,446,368,445,368,444,368,443,368,442,367,441,367,440,367,439,366,438,365,437,364,436,363,435,363,434,362,433,361,433,360,433,359,433
408,435,407,436,406,436,405,437,404,437,403,438,402,438,401,439,400,440,399,441,398,442,398,443,398,444,397,445,396,446,396,447,396,448,397,449,398,450,399,451,400,451,401,452,402,452,403,453,404,453,405,453,406,454,407,454,408,454,409,454,410,454,411,453,412,453,413,452,414,451,415,451,416,450,417,449,418,448,419,447,419,446,419,445,420,444,420,443,420,442,420,441,421,440,420,439,420,438,419,437,418,436,417,436,416,436,415,436,414,435,413,435,412,435,411,435,410,435,409,435
390,445,389,446,388,446,387,446,386,446,385,446,384,446,383,446,382,446,381,447,380,447,379,448,378,448,377,448,376,449,375,450,374,451,373,452,373,453,372,454,372,455,372,456,372,457,373,458,373,459,374,460,375,460,376,461,377,461,378,462,379,462,380,462,381,463,382,462,383,462,384,462,385,462,386,462,387,461,388,461,389,461,390,460,391,460,392,459,392,458,393,457,394,456,395,455,395,454,395,453,395,452,396,451,396,450,396,449,395,448,394,447,393,447,392,446,391,446
235,474,234,475,233,475,232,475,231,476,230,477,229,478,229,479,228,480,228,481,228,482,228,483,228,484,228,485,228,486,229,487,229,488,229,489,230,490,230,491,231,492,231,493,232,494,232,495,233,496,233,497,233,498,234,499,234,500,234,501,235,502,235,503,235,504,236,505,236,506,236,507,237,507,238,508,238,509,239,508,240,509,241,510,242,510,243,510,244,510,245,510,246,510,247,510,248,510,249,510,250,510,251,510,251,509,252,508,253,507,254,506,255,505,255,504,256,503,256,502,257,501,257,500,257,499,257,498,257,497,257,496,257,495,256,494,256,493,256,492,255,491,255,490,254,490,253,489,252,489,251,488,250,487,249,486,248,485,247,484,247,483,247,482,246,481,246,480,245,479,245,478,244,477,243,476,242,475,241,475,240,475,239,474,238,474,237,474,236,474
213,479,212,480,211,480,210,481,209,481,208,482,207,483,206,484,206,485,205,486,205,487,205,488,204,489,204,490,204,491,204,492,205,493,205,494,206,495,206,496,207,497,207,498,208,499,208,500,208,501,209,502,209,503,209,504,210,505,210,506,211,507,211,508,211,509,211,510,212,510,213,510,214,510,215,510,216,511,217,511,218,511,219,511,220,511,221,510,222,510,223,510,224,511,225,511,226,511,227,510,228,510,229,510,230,510,231,510,232,510,233,510,234,510,235,510,236,510,236,509,236,508,235,508,234,507,235,506,235,505,234,504,234,503,234,502,233,501,233,500,233,499,232,498,232,497,232,496,231,495,231,494,230,493,230,492,229,491,229,490,228,489,228,488,228,487,227,486,226,485,225,484,224,483,223,482,222,482,221,481,220,480,219,480,218,480,217,479,216,479,215,479,214,479
284,486,283,487,282,487,281,488,280,489,279,489,278,489,277,490,276,490,275,490,274,490,273,491,272,491,271,491,270,491,269,491,268,491,267,492,266,492,265,493,264,493,263,494,263,495,263,496,262,497,262,498,262,499,261,500,261,501,261,502,261,503,261,504,260,505,260,506,261,507,261,508,261,509,262,510,263,510,264,511,265,511,266,511,267,511,268,511,269,511,270,511,271,511,272,511,273,511,274,511,275,511,276,511,277,511,278,510,279,510,280,510,281,510,281,509,281,508,282,507,283,506,284,505,285,504,285,503,285,502,285,501,285,500,286,499,286,498,287,497,288,496,289,495,289,494,289,493,289,492,289,491,289,490,289,489,288,488,287,488,286,488,285,487
194,489,193,490,192,490,191,491,190,492,190,493,189,494,188,495,188,496,188,497,188,498,188,499,188,500,188,501,189,502,189,503,189,504,189,505,189,506,189,507,190,508,191,509,192,510,193,511,194,511,195,511,196,511,197,511,198,511,199,511,200,511,201,511,202,511,203,511,204,511,205,511,206,511,207,511,208,510,209,510,210,510,210,509,210,508,210,507,209,506,209,505,208,504,208,503,208,502,207,501,207,500,207,499,206,498,206,497,205,496,205,495,204,494,204,493,203,492,203,491,202,491,201,490,200,490,199,489,198,489,197,489,196,489,195,489
175,498,174,499,173,499,172,499,171,500,170,501,169,501,169,502,168,503,167,504,166,505,166,506,166,507,166,508,166,509,166,510,167,511,168,511,169,511,170,511,171,511,172,511,173,511,174,511,175,511,176,511,177,511,178,511,179,511,180,511,181,511,182,511,183,511,184,511,185,511,186,511,187,510,188,509,188,508,188,507,188,506,188,505,187,504,186,503,185,502,184,501,183,500,182,499,181,499,180,499,179,498,178,498,177,498,176,498
305,498,304,499,303,499,302,499,301,499,300,499,299,500,298,500,298,501,297,502,297,503,296,504,296,505,295,506,294,506,293,506,292,507,291,507,290,507,289,507,288,507,287,508,286,508,285,508,284,509,284,510,285,510,286,510,287,511,288,511,289,511,290,511,291,511,292,511,293,511,294,511,295,511,296,511,297,511,298,511,299,511,300,511,301,511,302,511,303,511,304,511,305,511,306,511,307,510,308,510,309,510,310,510,311,509,311,508,311,507,311,506,311,505,311,504,311,503,311,502,310,501,309,500,308,500,307,499,306,499
