155,59,154,60,153,60,152,60,151,61,150,62,149,63,149,64,148,65,147,66,147,67,147,68,146,69,146,70,146,71,147,72,147,73,148,74,149,75,150,76,151,76,152,76,153,77,154,77,155,77,156,77,157,77,158,77,159,77,160,77,161,77,162,77,163,76,164,75,165,75,165,74,166,73,167,72,167,71,167,70,167,69,167,68,167,67,167,66,166,65,166,64,166,63,165,62,164,61,163,60,162,60,161,60,160,59,159,59,158,59,157,59,156,59
69,66,68,67,67,67,66,68,65,68,65,69,64,70,64,71,64,72,64,73,64,74,65,75,65,76,66,77,66,78,67,79,67,80,68,81,68,82,69,83,69,84,70,85,70,86,71,87,71,88,72,89,73,90,74,91,75,91,76,91,77,92,78,92,79,92,80,91,81,91,82,91,83,90,84,90,85,89,86,88,87,87,88,86,89,86,90,85,91,84,92,83,93,83,94,82,95,82,96,81,97,80,97,79,96,78,96,77,95,76,95,75,94,74,93,73,92,73,91,72,90,72,89,72,88,71,87,71,86,71,85,71,84,71,83,70,82,70,81,70,80,70,79,69,78,69,77,68,76,68,75,67,74,67,73,67,72,66,71,66,70,66
99,84,98,85,97,85,96,85,95,85,94,86,93,86,92,87,91,88,91,89,90,90,90,91,89,92,89,93,89,94,89,95,89,96,89,97,90,98,90,99,90,100,91,101,92,102,93,103,94,103,95,102,96,102,97,102,98,101,99,100,100,99,101,98,102,97,103,96,104,95,104,94,104,93,104,92,104,91,104,90,104,89,103,88,103,87,102,86,101,85,100,85
110,99,109,100,108,100,107,100,106,100,105,101,104,101,103,101,102,102,101,102,100,103,99,103,98,103,97,104,96,105,96,106,96,107,96,108,96,109,96,110,96,111,97,112,97,113,98,114,98,115,98,116,99,117,99,118,100,119,100,120,100,121,100,122,100,123,100,124,99,125,99,126,99,127,99,128,98,129,98,130,98,131,98,132,98,133,98,134,99,135,99,136,100,137,100,138,101,139,101,140,102,141,103,142,104,142,105,143,106,143,107,143,108,144,109,144,110,144,111,144,112,143,113,143,114,143,115,143,116,143,117,143,118,143,119,143,120,142,121,142,122,141,123,141,124,140,125,140,126,139,127,138,127,137,128,136,129,135,129,134,130,133,130,132,130,131,130,130,130,129,130,128,129,128,128,127,127,126,126,125,125,124,124,123,123,122,123,121,122,120,122,119,121,118,121,117,121,116,120,115,120,114,120,113,119,112,119,111,119,110,118,109,118,108,118,107,118,106,118,105,117,104,117,103,117,102,117,101,117,100,116,99,115,99,114,99,113,99,112,99,111,99
118,100,118,101,118,102,118,103,118,104,119,105,119,106,119,107,119,108,119,109,120,110,120,111,120,112,121,113,121,114,121,115,122,116,122,117,122,118,123,119,123,120,124,121,124,122,125,123,126,124,127,125,128,126,129,127,130,127,131,128,132,128,133,128,134,127,135,127,136,127,137,127,138,126,139,126,140,125,141,124,142,123,143,122,143,121,143,120,144,119,144,118,145,117,145,116,145,115,145,114,145,113,145,112,145,111,145,110,145,109,145,108,144,107,143,106,143,105,142,104,141,103,140,103,139,102,138,101,137,101,136,101,135,101,134,101,133,101,132,101,131,100,130,101,129,101,128,100,127,100,126,101,125,101,124,101,123,100,122,100,121,100,120,100,119,100
171,115,170,116,169,116,168,117,167,117,166,118,165,119,165,120,165,121,165,122,165,123,165,124,165,125,166,126,166,127,167,128,167,129,168,130,169,131,170,132,170,133,171,134,172,134,173,135,174,136,175,136,176,137,177,137,178,137,179,137,180,136,181,136,182,136,183,135,184,135,185,134,186,133,187,132,187,131,187,130,187,129,187,128,188,127,187,126,187,125,187,124,187,123,186,122,186,121,186,120,185,119,184,118,183,118,182,117,181,116,180,116,179,116,178,115,177,115,176,115,175,115,174,115,173,115,172,115
78,118,77,119,76,120,75,120,75,121,75,122,74,123,74,124,74,125,75,126,75,127,76,128,77,129,78,129,79,130,80,130,81,130,82,130,83,130,84,129,85,128,86,127,86,126,87,125,87,124,87,123,87,122,86,121,85,120,84,119,83,119,82,119,81,118,80,118,79,118
150,133,149,134,148,134,147,134,146,134,145,135,144,136,143,136,143,137,142,138,141,138,141,139,140,140,140,141,140,142,139,143,138,144,137,144,138,144,139,145,138,146,139,147,139,148,138,149,138,150,139,151,140,152,141,153,141,154,141,155,141,156,142,157,142,158,142,159,143,160,143,161,144,162,144,163,145,164,145,165,146,166,147,167,148,168,149,169,150,169,151,170,152,170,153,171,154,171,155,171,156,171,157,172,158,172,159,172,160,172,161,172,162,172,163,171,164,171,165,171,166,171,167,170,167,169,168,168,168,167,169,166,170,165,170,164,171,163,171,162,171,161,172,160,172,159,173,158,173,157,173,156,173,155,173,154,173,153,173,152,172,151,172,150,171,149,171,148,171,147,171,146,171,145,170,144,169,143,169,142,168,141,168,140,167,139,166,138,165,137,164,137,163,136,162,136,161,135,160,135,159,134,158,134,157,134,156,133,155,133,154,133,153,133,152,133,151,133
214,140,213,141,212,142,211,142,210,143,210,144,209,145,209,146,209,147,209,148,209,149,209,150,208,151,209,152,209,153,209,154,209,155,209,156,209,157,209,158,209,159,208,160,209,161,209,162,209,163,209,164,209,165,209,166,209,167,210,168,210,169,211,170,211,171,212,172,213,173,214,174,215,175,216,175,217,175,218,176,218,177,219,177,220,176,221,176,222,176,223,175,224,175,225,175,226,175,227,175,228,174,229,173,230,172,231,171,232,170,233,169,234,169,235,168,236,167,237,166,238,165,239,164,240,163,240,162,240,161,240,160,240,159,240,158,240,157,239,156,239,155,238,154,238,153,237,152,236,151,236,150,235,149,234,148,233,147,232,146,231,145,230,144,229,143,228,143,227,142,226,142,225,141,224,141,223,140,222,140,221,140,220,140,219,140,218,140,217,140,216,140,215,140
124,147,123,148,122,148,121,148,120,149,119,150,118,150,117,151,116,152,115,152,114,153,113,154,112,155,111,155,110,156,109,157,108,158,108,159,108,160,108,161,108,162,108,163,108,164,108,165,108,166,109,167,109,168,109,169,110,170,111,171,111,172,112,173,113,174,114,175,115,176,116,176,117,177,118,177,119,177,120,178,121,178,122,178,123,179,124,179,125,179,126,179,127,178,128,178,129,178,130,178,131,177,132,177,133,177,134,176,135,175,136,174,136,173,137,172,137,171,138,170,138,169,138,168,139,167,139,166,139,165,140,164,140,163,140,162,140,161,141,160,141,159,141,158,141,157,140,156,140,155,140,154,139,153,139,152,138,151,137,150,137,149,136,149,135,148,134,149,133,148,132,147,131,147,130,147,129,147,128,147,127,147,126,147,125,147
184,152,183,153,182,153,181,154,180,154,179,154,178,155,177,155,176,156,175,157,174,156,174,157,174,158,173,159,173,160,172,161,172,162,172,163,171,164,171,165,170,166,169,167,169,168,168,169,168,170,167,171,168,172,168,173,168,174,168,175,168,176,168,177,168,178,169,179,169,180,170,181,170,182,171,183,171,184,172,184,173,185,174,185,175,185,176,186,177,186,178,186,179,186,180,186,181,186,182,186,183,186,184,187,185,187,186,186,187,186,188,186,189,185,190,185,191,184,192,184,193,184,194,184,195,183,196,182,197,182,196,181,197,180,197,179,198,178,198,177,199,176,200,175,200,174,201,173,201,172,201,171,202,170,202,169,202,168,203,167,203,166,203,165,203,164,204,163,204,162,205,161,205,160,205,159,205,158,205,157,204,156,203,156,202,155,201,154,200,153,199,153,198,153,197,152,196,152,195,152,194,152,193,152,192,152,191,152,190,152,189,152,188,152,187,152,186,152,185,152
247,173,246,174,245,174,244,174,243,175,242,175,241,175,240,176,239,176,238,177,237,177,236,177,235,177,234,177,233,177,232,177,231,177,230,177,229,177,228,177,227,176,226,176,225,176,224,176,223,176,222,177,221,177,220,177,219,178,218,178,217,179,217,180,216,181,216,182,216,183,217,184,217,185,217,186,217,187,217,188,217,189,217,190,218,191,218,192,219,193,219,194,219,195,220,196,221,196,222,197,223,198,224,199,224,200,225,201,226,202,227,203,227,204,228,205,229,206,230,206,231,206,232,207,233,207,234,208,235,209,236,210,237,211,237,212,238,213,239,213,240,213,241,214,242,214,243,215,244,214,245,214,246,215,247,215,248,214,249,213,250,212,251,211,252,210,253,209,253,208,254,207,255,206,255,205,256,204,256,203,257,202,257,201,257,200,257,199,257,198,257,197,257,196,257,195,257,194,257,193,257,192,258,191,258,190,258,189,258,188,258,187,258,186,258,185,259,184,259,183,259,182,260,181,260,180,259,180,258,179,257,178,257,177,256,176,255,176,254,175,253,175,252,174,251,175,250,174,249,173,248,174
144,179,143,180,142,180,141,180,140,181,139,181,138,182,137,183,136,184,135,185,134,186,134,187,133,188,133,189,133,190,133,191,133,192,133,193,133,194,134,195,134,196,134,197,135,198,135,199,135,200,136,201,136,202,137,202,138,203,138,204,139,205,140,206,141,206,142,207,143,207,144,207,145,207,146,207,147,207,148,207,149,207,150,207,151,206,152,206,153,206,154,205,155,205,156,205,157,204,158,203,159,203,160,203,160,202,161,201,161,200,162,199,162,198,163,197,163,196,164,195,164,194,164,193,164,192,163,191,163,190,163,189,162,188,162,187,161,186,160,185,159,184,158,183,157,183,156,182,155,182,154,181,153,181,152,181,151,180,150,180,149,180,148,180,147,179,146,179,145,179
261,180,261,181,260,182,260,183,260,184,259,185,259,186,259,187,259,188,259,189,259,190,259,191,258,192,258,193,258,194,258,195,258,196,258,197,258,198,258,199,258,200,258,201,258,202,257,203,257,204,256,205,256,206,255,207,254,208,254,209,253,210,252,211,251,212,250,213,249,214,248,215,247,216,246,216,245,217,244,218,243,218,242,219,241,219,240,220,239,220,238,221,237,221,236,222,235,223,235,224,234,225,234,226,234,227,234,228,234,229,234,230,234,231,234,232,234,233,234,234,234,235,235,235,236,235,237,235,238,235,239,235,240,235,241,235,242,234,243,234,244,234,245,234,246,233,247,233,248,232,249,232,250,232,251,231,252,231,253,230,254,229,255,229,256,228,257,227,258,226,259,225,260,225,260,224,261,223,262,222,263,221,264,220,265,219,266,218,267,218,268,217,269,217,269,216,270,215,271,215,272,215,273,215,274,216,275,216,276,217,276,218,277,218,278,217,278,216,279,215,279,214,279,213,279,212,278,212,277,211,278,210,277,209,278,208,278,207,279,206,278,205,279,204,279,203,279,202,278,201,278,200,278,199,278,198,278,197,277,196,277,195,277,194,276,193,275,192,275,191,275,190,274,189,274,188,273,187,272,186,272,185,271,184,270,183,269,182,268,182,267,181,266,181,265,181,264,180,263,180,262,180
170,192,169,193,168,193,167,193,166,194,165,195,164,196,164,197,163,198,163,199,162,200,162,201,161,202,161,203,162,204,162,205,163,206,164,207,164,208,165,208,166,209,167,210,168,210,169,210,170,210,171,211,172,211,173,210,174,209,175,209,176,208,177,207,178,206,179,205,180,204,181,203,181,202,182,201,182,200,181,199,181,198,182,197,181,196,181,195,180,194,179,193,178,193,177,193,176,193,175,192,174,192,173,192,172,192,171,192
211,196,210,197,209,198,208,199,208,200,207,201,207,202,206,203,205,204,205,205,205,206,204,207,204,208,204,209,204,210,205,211,205,212,206,213,206,214,207,215,207,216,208,216,209,217,210,217,211,217,212,216,213,216,214,216,215,216,216,216,217,217,218,217,219,216,220,215,221,214,222,213,223,212,223,211,224,210,225,209,226,208,226,207,227,206,227,205,226,204,226,203,225,202,224,201,223,200,223,199,222,198,221,197,220,197,219,196,218,196,217,196,216,196,215,196,214,196,213,197,212,197
228,206,227,207,227,208,226,209,225,210,224,211,224,212,223,213,222,214,221,215,220,216,219,217,220,218,221,218,222,219,223,220,224,220,225,221,226,222,227,222,228,223,229,223,230,223,231,224,232,224,233,224,234,224,234,223,235,222,236,221,237,220,236,219,236,218,236,217,236,216,236,215,236,214,237,213,236,212,236,211,235,210,234,209,233,208,232,208,231,207,230,207,229,207
133,209,132,210,131,210,130,210,129,210,128,211,127,212,126,212,125,213,126,214,125,215,126,216,126,217,127,218,128,219,128,220,129,221,129,222,130,223,130,224,131,225,131,226,132,227,133,228,133,229,134,230,134,231,135,231,136,232,137,233,138,233,139,234,140,234,141,234,142,235,143,236,144,236,145,236,146,236,147,236,148,236,149,236,150,235,151,235,152,235,153,235,154,234,155,234,156,234,157,233,158,232,159,232,160,232,160,231,161,230,161,229,161,228,161,227,162,226,162,225,162,224,162,223,162,222,162,221,162,220,162,219,162,218,161,217,161,216,160,215,160,214,159,214,158,213,157,212,156,212,155,211,154,211,153,211,152,211,151,211,150,211,149,210,148,210,147,210,146,210,145,209,144,209,143,209,142,209,141,209,140,209,139,209,138,209,137,209,136,209,135,209,134,209
212,217,211,218,210,218,209,218,208,219,208,220,208,221,208,222,208,223,207,224,207,225,206,226,206,227,206,228,207,229,208,229,209,230,210,231,211,232,212,233,213,233,214,234,215,235,216,236,217,236,218,237,219,238,220,238,221,239,222,239,223,238,224,237,225,237,226,236,227,236,228,236,229,235,230,235,231,235,232,235,233,235,233,234,233,233,233,232,233,231,233,230,233,229,233,228,233,227,233,226,233,225,232,225,231,225,230,224,229,224,228,224,227,223,226,223,225,222,224,221,223,221,222,220,221,219,220,219,219,218,218,218,217,218,216,217,215,217,214,217,213,217
278,218,277,219,277,220,276,221,275,221,274,221,273,222,272,222,271,222,270,223,269,223,268,224,267,224,266,224,265,225,264,225,263,225,262,225,261,226,260,227,259,227,258,227,257,228,256,229,255,230,254,230,253,231,252,232,251,232,251,233,251,234,250,235,250,236,249,237,250,238,251,239,252,240,253,241,254,242,255,243,256,244,257,244,258,244,259,245,260,245,261,245,262,245,263,244,264,244,265,244,266,244,267,244,268,244,269,243,270,243,271,242,272,241,273,241,274,240,275,240,276,239,277,238,278,238,278,237,279,236,279,235,279,234,280,233,280,232,281,231,281,230,281,229,282,228,282,227,282,226,282,225,282,224,281,223,281,222,280,221,280,220,279,219
205,229,204,230,203,231,202,232,202,233,201,234,200,235,200,236,199,237,199,238,199,239,198,240,198,241,198,242,198,243,197,244,197,245,196,246,197,247,197,248,198,249,199,250,200,251,200,252,201,253,202,254,203,255,204,256,205,257,206,257,207,258,208,257,209,257,210,256,211,256,212,255,213,254,214,254,215,253,216,252,217,251,218,250,219,249,219,248,220,247,220,246,220,245,221,244,221,243,220,242,221,241,220,240,220,239,219,239,218,238,217,237,216,237,215,236,214,235,213,234,212,234,211,233,210,232,209,231,208,230,207,230,206,229
62,230,61,231,60,232,59,233,59,234,58,235,58,236,58,237,58,238,59,239,59,240,60,241,61,242,62,242,63,242,64,242,65,242,66,242,67,242,68,242,69,241,70,240,71,239,71,238,71,237,71,236,71,235,71,234,70,233,70,232,69,231,68,231,67,231,66,230,65,230,64,230,63,230
242,238,241,239,240,239,239,240,238,240,237,241,236,242,235,242,234,243,233,244,232,245,231,246,230,247,229,248,228,249,227,250,226,251,226,252,226,253,226,254,226,255,226,256,225,257,226,258,227,258,228,259,229,259,230,260,231,260,232,261,233,262,234,262,235,263,236,263,237,264,238,264,239,264,240,264,241,263,242,263,243,263,244,263,245,263,246,263,247,262,248,261,249,261,250,261,251,260,252,259,253,258,254,257,255,256,256,255,256,254,256,253,257,252,257,251,257,250,257,249,257,248,257,247,256,246,256,245,255,244,254,243,253,242,252,241,251,240,250,239,249,238,248,238,247,238,246,238,245,238,244,238,243,238
274,242,273,243,272,244,271,244,270,244,269,245,268,246,267,247,266,247,265,248,264,248,263,249,262,250,261,251,260,252,259,253,258,253,257,254,257,255,256,256,255,257,254,258,253,259,252,260,251,261,250,262,250,263,249,264,248,265,248,266,247,267,246,267,246,268,245,269,244,270,243,271,243,272,242,273,241,274,240,274,240,275,239,276,239,277,238,278,239,278,240,279,241,279,242,279,243,279,244,279,245,279,246,279,247,279,248,279,249,279,250,279,251,278,252,277,253,276,254,276,255,275,256,274,257,274,258,273,259,272,260,271,261,271,262,270,263,270,264,269,265,269,266,268,267,268,268,267,269,267,270,266,271,266,272,266,272,265,273,264,274,263,275,262,276,261,277,260,277,259,278,258,279,257,279,256,280,255,281,254,281,253,282,252,282,251,282,250,281,249,281,248,280,247,280,246,279,245,278,244,278,243,278,242,277,243,276,242,275,242
181,244,180,245,179,246,178,247,177,248,176,249,175,250,174,251,174,252,175,253,174,254,174,255,173,256,173,257,173,258,173,259,173,260,173,261,174,262,174,263,174,264,175,265,175,266,176,267,176,268,176,269,177,270,177,271,178,272,178,273,179,274,179,275,179,276,180,277,180,278,181,278,182,278,183,279,184,279,185,278,186,278,187,277,187,276,188,275,189,275,189,274,190,273,191,272,192,271,193,270,194,270,195,270,196,270,197,270,198,270,199,271,200,270,201,270,202,270,203,269,204,268,204,267,205,266,206,265,206,264,206,263,207,262,207,261,206,260,207,259,206,258,205,258,204,257,203,256,202,255,201,254,200,253,199,252,199,251,198,250,197,249,196,248,196,247,195,247,194,246,193,246,192,246,191,245,190,245,189,245,188,245,187,245,186,245,185,245,184,245,183,245,182,245
298,250,297,251,296,251,295,251,294,252,293,252,292,253,291,253,290,254,289,255,288,256,287,257,287,258,286,259,285,260,285,261,284,262,283,263,282,264,281,265,281,266,280,267,279,268,279,269,278,270,277,271,277,272,277,273,277,274,277,275,278,275,279,276,279,277,280,278,281,279,282,279,283,280,284,280,285,280,286,280,287,279,288,279,289,278,290,278,291,277,292,277,293,276,294,276,295,275,296,275,297,275,298,274,299,273,300,272,301,272,302,271,303,270,304,269,305,268,305,267,306,266,306,265,307,264,307,263,307,262,307,261,307,260,307,259,306,258,306,257,305,256,305,255,304,254,303,253,302,252,301,251,300,251,299,251
222,259,221,260,220,260,219,260,218,261,218,262,217,263,216,264,215,265,215,266,214,267,213,268,213,269,214,270,214,271,215,272,215,273,216,274,216,275,217,276,217,277,217,278,218,279,218,280,218,281,219,281,220,281,221,281,222,281,223,281,224,281,225,282,226,282,227,282,228,282,229,281,230,281,231,280,232,280,233,279,234,279,235,278,236,279,237,278,238,277,238,276,238,275,238,274,238,273,239,272,238,271,238,270,238,269,237,268,238,267,238,266,238,265,237,265,236,264,235,264,234,263,233,263,232,262,231,261,230,261,229,260,228,260,227,259,226,259,225,259,224,259,223,259
270,267,269,268,268,268,267,269,266,269,265,270,264,270,263,271,262,271,261,272,260,272,259,273,258,274,257,275,256,275,255,276,254,277,253,277,252,278,251,279,251,280,250,281,250,282,250,283,250,284,249,285,249,286,248,287,248,288,247,289,247,290,246,291,246,292,245,293,245,294,244,295,244,296,243,297,243,298,242,299,242,300,243,301,244,302,245,302,246,302,247,302,248,302,249,302,250,301,251,301,252,301,253,300,254,300,255,300,256,300,257,299,258,299,259,298,260,297,261,296,262,295,263,294,264,293,265,293,266,292,267,291,268,291,268,290,269,289,270,288,270,287,271,286,271,285,272,284,272,283,272,282,273,281,274,280,274,279,275,278,275,277,276,276,276,275,276,274,276,273,276,272,276,271,276,270,276,269,275,269,274,268,273,267,272,267,271,267
238,279,237,280,236,280,236,281,236,282,235,283,234,283,233,284,232,284,231,284,230,285,229,285,228,285,227,286,226,286,226,287,225,288,224,288,223,289,222,289,222,290,221,291,221,292,220,293,220,294,219,295,219,296,219,297,218,298,218,299,218,300,218,301,218,302,218,303,219,304,220,305,221,305,222,306,223,306,224,306,225,306,226,306,227,306,228,306,229,306,230,306,231,306,232,305,233,305,234,304,235,303,236,302,237,301,238,301,239,300,240,300,241,300,241,299,242,298,242,297,243,296,243,295,244,294,244,293,245,292,245,291,246,290,246,289,247,288,247,287,248,286,248,285,249,284,249,283,249,282,249,281,250,280,249,280,248,280,247,280,246,280,245,280,244,280,243,280,242,280,241,280,240,280,239,279
310,280,309,281,308,281,307,282,306,282,305,283,304,284,304,285,303,286,302,287,302,288,301,289,300,290,300,291,299,292,299,293,298,294,297,295,296,296,295,297,294,298,294,299,293,300,293,301,292,302,292,303,292,304,291,305,291,306,290,307,290,308,289,309,289,310,288,311,289,312,289,313,289,314,290,315,291,316,292,316,293,316,294,316,295,316,296,316,297,316,298,315,299,315,300,314,301,313,302,312,303,312,304,311,305,310,306,309,307,308,308,307,309,306,310,305,311,304,312,303,313,302,314,301,315,300,315,299,316,298,316,297,317,296,317,295,318,294,318,293,318,292,318,291,319,290,319,289,319,288,319,287,319,286,319,285,319,284,318,283,318,282,317,281,316,281,315,280,314,280,313,280,312,280,311,280
277,290,276,291,275,291,274,291,273,291,272,291,271,292,270,292,269,292,268,292,267,292,266,293,265,294,264,294,263,295,262,296,261,297,260,298,259,299,258,300,257,300,257,301,257,302,256,303,256,304,256,305,255,306,255,307,255,308,254,309,254,310,254,311,254,312,254,313,255,314,256,315,257,316,258,317,259,317,260,317,261,318,262,318,263,318,264,318,265,318,266,318,267,318,268,318,269,318,270,317,271,317,272,317,273,317,274,317,275,317,276,316,277,316,278,315,279,315,280,314,281,314,282,313,283,313,284,312,285,311,286,311,287,310,288,310,288,309,289,308,289,307,290,306,290,305,291,304,291,303,291,302,292,301,292,300,293,299,293,298,294,297,294,296,293,295,293,294,292,293,292,292,291,292,290,291,289,290,288,290,287,290,286,290,285,290,284,290,283,290,282,290,281,290,280,290,279,290,278,290
231,309,230,310,229,310,228,310,227,310,226,310,225,311,225,312,224,313,223,314,222,315,222,316,221,317,221,318,221,319,220,320,220,321,221,322,221,323,221,324,222,325,222,326,223,326,224,327,225,328,226,328,227,328,228,329,229,329,230,329,231,329,232,329,233,329,234,329,235,329,236,328,237,328,238,328,239,328,240,327,241,326,242,326,243,325,244,324,244,323,244,322,245,321,245,320,245,319,245,318,245,317,244,316,244,315,244,314,243,313,242,312,241,311,240,310,239,310,238,310,237,310,236,310,235,309,234,310,233,309,232,309
259,323,258,324,257,324,256,324,255,325,254,325,253,326,252,327,251,328,250,329,249,330,248,331,248,332,248,333,247,334,247,335,247,336,247,337,247,338,247,339,248,340,249,341,250,342,251,343,252,343,253,344,254,344,255,344,256,344,257,344,258,345,259,345,260,345,261,345,262,345,263,345,264,344,265,344,266,344,267,343,268,343,269,342,270,341,271,340,272,339,272,338,272,337,273,336,273,335,273,334,273,333,273,332,273,331,272,330,272,329,271,328,270,327,269,326,268,325,267,325,266,324,265,324,264,323,263,323,262,323,261,323,260,323
146,423,145,424,144,424,143,424,142,424,141,425,140,426,139,426,138,427,138,428,138,429,138,430,138,431,138,432,138,433,138,434,138,435,138,436,138,437,139,438,139,439,139,440,139,441,139,442,139,443,139,444,139,445,140,445,141,445,142,446,143,446,144,447,145,447,146,447,147,447,148,448,149,448,150,448,151,448,152,448,153,448,154,447,155,447,156,447,157,446,158,446,158,445,159,444,160,443,160,442,160,441,160,440,161,439,161,438,161,437,161,436,161,435,161,434,161,433,161,432,161,431,161,430,161,429,160,428,160,427,159,426,158,425,157,425,156,424,155,424,154,424,153,424,152,424,151,424,150,423,149,423,148,423,147,423
175,423,174,424,173,424,172,424,171,425,170,425,169,426,168,427,167,428,166,429,165,430,165,431,165,432,164,433,164,434,164,435,164,436,164,437,164,438,164,439,164,440,164,441,165,442,165,443,166,444,166,445,167,446,168,447,169,447,170,447,171,447,172,448,173,448,174,447,175,447,176,447,177,447,178,447,179,446,180,446,181,446,182,445,183,445,184,444,185,444,186,443,187,442,187,441,188,440,188,439,189,438,189,437,189,436,190,435,189,434,189,433,189,432,189,431,188,430,188,429,187,428,186,427,185,426,184,425,183,425,182,424,181,424,180,424,179,424,178,424,177,423,176,423
126,426,125,427,124,427,123,427,122,428,121,428,120,429,119,430,118,431,117,432,117,433,116,434,116,435,116,436,115,437,115,438,115,439,115,440,115,441,116,442,116,443,117,444,118,445,119,446,120,447,121,448,122,449,123,449,124,450,125,450,126,450,127,451,128,450,129,450,130,449,131,449,132,449,132,448,133,447,134,447,135,447,136,446,137,446,138,445,138,444,138,443,138,442,138,441,138,440,138,439,138,438,137,437,137,436,137,435,137,434,137,433,137,432,137,431,137,430,137,429,137,428,136,428,135,427,134,427,133,427,132,427,131,426,130,426,129,426,128,426,127,426
334,427,333,428,332,428,331,428,330,429,329,430,329,431,329,432,328,433,328,434,328,435,328,436,328,437,328,438,328,439,328,440,328,441,329,442,329,443,330,444,330,445,331,446,332,447,332,448,333,449,334,449,335,450,336,450,337,450,338,451,339,451,340,451,341,451,342,451,343,451,344,451,345,451,346,451,347,452,348,451,349,451,350,451,351,451,352,451,353,451,354,450,355,450,356,449,357,448,357,447,358,446,359,445,359,444,359,443,358,442,358,441,357,440,357,439,356,438,356,437,355,436,354,435,354,434,353,433,352,432,351,431,350,430,349,429,348,428,347,428,346,428,345,427,344,427,343,427,342,427,341,427,340,427,339,427,338,427,337,427,336,427,335,427
198,435,197,436,196,436,195,436,194,437,193,438,192,439,191,440,191,441,191,442,190,443,190,444,190,445,190,446,190,447,190,448,190,449,190,450,191,451,191,452,192,453,192,454,193,455,194,456,195,457,196,458,197,458,198,459,199,460,200,460,201,460,202,461,203,461,204,461,205,461,206,461,207,461,208,461,209,460,210,460,211,459,212,459,213,458,214,458,215,457,216,456,216,455,217,454,217,453,217,452,217,451,217,450,217,449,217,448,217,447,216,446,216,445,215,444,214,443,213,442,212,441,211,440,211,439,210,439,209,438,208,437,207,437,206,436,205,436,204,436,203,435,202,435,201,435,200,435,199,435
307,436,306,437,305,437,304,437,303,437,302,437,301,438,300,438,299,438,298,438,297,439,296,440,296,441,295,442,294,443,294,444,293,445,293,446,293,447,293,448,293,449,294,450,294,451,295,452,295,453,296,454,297,455,298,456,299,457,300,458,301,459,302,460,303,460,304,460,305,460,306,461,307,461,308,462,309,462,310,462,311,462,312,462,313,462,314,461,315,461,316,460,317,459,318,459,319,458,319,457,320,456,321,455,321,454,322,453,322,452,322,451,323,450,323,449,323,448,323,447,323,446,323,445,323,444,322,443,321,442,321,441,320,441,319,440,318,439,317,439,316,438,315,438,314,437,313,437,312,437,311,437,310,437,309,436,308,436
369,437,368,438,367,438,366,438,365,438,364,439,363,440,362,441,361,442,361,443,360,444,360,445,361,446,361,447,361,448,361,449,362,450,362,451,362,452,363,453,363,454,364,455,364,456,365,457,366,458,367,458,368,459,369,459,370,459,371,459,372,459,373,459,374,459,375,460,376,459,377,459,378,459,379,459,380,458,381,457,382,457,383,456,383,455,384,454,385,453,385,452,385,451,386,450,386,449,386,448,385,447,385,446,385,445,384,444,384,443,383,442,383,441,382,440,381,439,380,439,379,438,378,438,377,437,376,437,375,437,374,437,373,437,372,437,371,437,370,437
105,441,104,442,103,442,102,442,101,443,100,443,99,444,98,445,97,446,96,447,95,447,94,448,94,449,94,450,93,451,93,452,93,453,93,454,93,455,93,456,93,457,94,458,94,459,94,460,94,461,95,462,96,463,96,464,97,464,98,464,99,465,100,465,101,465,102,466,103,466,104,466,105,466,106,466,107,466,108,466,109,466,110,465,111,465,112,465,113,466,114,466,115,465,116,465,116,464,117,463,118,462,118,461,119,460,119,459,119,458,120,457,120,456,120,455,120,454,120,453,120,452,119,451,118,450,117,450,116,449,115,448,115,447,115,446,114,445,113,444,112,443,111,442,110,442,109,442,108,442,107,442,106,442
330,455,329,456,328,456,327,456,326,456,325,457,324,458,323,459,322,460,321,461,320,462,319,463,319,464,318,465,318,466,318,467,317,468,317,469,317,470,317,471,317,472,317,473,317,474,318,475,318,476,318,477,318,478,319,479,320,480,320,481,321,482,321,483,322,484,323,485,324,486,325,487,326,488,327,488,328,489,329,489,330,490,331,490,332,491,333,491,334,491,335,491,336,491,337,491,338,491,339,491,340,491,341,491,342,491,343,491,344,490,345,490,345,489,346,488,347,487,348,486,349,485,350,484,351,483,352,483,352,482,353,481,353,480,353,479,352,478,352,477,352,476,352,475,352,474,352,473,351,472,351,471,351,470,351,469,350,468,350,467,350,466,350,465,349,464,349,463,349,462,349,461,348,461,347,461,346,460,345,459,344,459,343,458,342,458,341,457,340,456,339,456,338,455,337,455,336,455,335,455,334,455,333,455,332,455,331,455
354,457,353,458,352,459,351,459,350,460,350,461,350,462,350,463,350,464,351,465,351,466,351,467,351,468,352,469,352,470,352,471,352,472,353,473,353,474,353,475,353,476,353,477,353,478,354,479,354,480,354,481,353,482,354,482,355,482,356,482,357,482,358,482,359,482,360,482,361,483,362,483,363,483,364,483,365,483,366,483,367,482,368,482,369,482,370,482,371,482,372,481,373,481,373,480,373,479,374,478,374,477,375,476,375,475,375,474,376,473,376,472,375,471,375,470,375,469,374,468,374,467,373,466,372,465,372,464,371,463,370,462,369,461,369,460,368,460,367,459,366,459,365,458,364,457,363,457,362,457,361,457,360,457,359,457,358,457,357,457,356,457,355,457
291,459,290,460,289,460,288,461,287,462,286,462,286,463,285,464,285,465,284,466,284,467,283,468,283,469,283,470,283,471,284,472,284,473,285,474,285,475,286,476,287,477,288,478,289,479,290,479,291,480,292,481,293,481,294,481,295,482,296,482,297,483,298,483,299,483,300,482,301,482,302,481,303,481,304,480,305,479,305,478,306,477,307,477,307,476,307,475,307,474,308,473,308,472,308,471,308,470,308,469,307,468,307,467,306,466,306,465,305,464,304,463,303,462,302,461,301,460,300,460,299,460,298,459,297,459,296,459,295,459,294,459,293,459,292,459
229,460,228,461,227,461,226,461,225,462,224,462,223,463,222,464,221,465,221,466,220,467,220,468,219,469,219,470,219,471,219,472,219,473,220,474,220,475,220,476,221,477,222,478,223,479,224,480,225,480,226,481,227,481,228,482,229,482,230,482,231,482,232,483,233,483,234,483,235,482,236,482,237,482,238,481,239,480,240,479,241,478,242,477,243,476,243,475,244,474,244,473,244,472,244,471,244,470,243,469,243,468,243,467,242,466,241,465,241,464,240,463,239,462,238,462,237,461,236,461,235,460,234,460,233,460,232,460,231,460,230,460
386,461,385,462,384,462,383,463,382,464,381,465,380,466,380,467,379,468,379,469,379,470,378,471,377,472,377,473,377,474,378,475,378,476,378,477,379,478,379,479,380,480,380,481,381,482,382,483,383,483,384,484,385,485,386,485,387,486,388,486,389,486,390,486,391,486,392,485,393,485,394,485,395,485,396,485,397,485,398,485,399,484,399,483,400,482,401,481,401,480,402,479,402,478,402,477,403,476,403,475,403,474,402,473,403,472,403,471,403,470,402,469,402,468,401,467,401,466,401,465,400,464,399,463,398,462,397,462,396,461,395,461,394,461,393,461,392,461,391,461,390,461,389,461,388,461,387,461
136,462,135,463,134,463,133,463,132,463,131,463,130,463,129,463,128,463,127,464,126,464,125,464,124,464,123,464,122,464,121,465,120,465,119,466,118,466,117,467,116,467,115,466,114,467,113,467,114,468,113,469,112,470,111,471,110,472,109,473,109,474,108,475,108,476,107,477,107,478,107,479,107,480,106,481,107,482,107,483,106,484,107,485,106,486,107,487,107,488,107,489,107,490,107,491,107,492,108,493,108,494,108,495,109,496,109,497,110,498,111,499,112,500,113,501,114,502,114,503,115,504,116,504,117,505,118,505,119,506,120,506,121,507,122,508,123,509,124,510,124,511,125,511,126,510,127,510,128,510,129,510,130,510,131,510,132,510,133,510,134,510,135,510,136,510,137,510,138,510,139,510,140,509,141,509,142,509,143,508,144,508,145,507,146,507,147,506,148,505,149,504,150,503,150,502,151,501,152,500,153,499,154,499,155,498,155,497,156,496,156,495,156,494,156,493,156,492,156,491,156,490,156,489,156,488,156,487,156,486,156,485,156,484,155,483,155,482,155,481,154,480,154,479,154,478,153,477,153,476,152,475,152,474,151,473,150,472,149,471,149,470,148,469,147,468,146,467,145,467,144,466,143,465,142,465,141,464,140,464,139,463,138,463,137,462
88,464,88,465,87,466,86,466,86,467,85,468,84,469,83,470,83,471,82,472,82,473,82,474,81,475,80,475,79,476,78,477,77,477,76,478,75,479,74,479,73,480,72,480,71,481,70,481,70,482,70,483,70,484,70,485,70,486,70,487,70,488,70,489,70,490,70,491,70,492,70,493,70,494,70,495,70,496,70,497,70,498,70,499,70,500,70,501,71,502,72,501,73,501,74,502,75,502,76,503,77,503,78,503,79,503,80,503,81,503,82,503,83,503,84,503,85,503,86,503,87,503,88,502,89,502,90,501,91,501,92,500,93,499,94,498,95,497,95,496,96,495,96,494,97,493,97,492,98,491,98,490,98,489,98,488,98,487,98,486,98,485,97,484,97,483,97,482,97,481,97,480,97,479,97,478,97,477,98,476,98,475,99,474,99,473,99,472,99,471,98,470,98,469,98,468,97,467,96,466,96,465,95,465,94,465,93,465,92,464,91,465,90,465,89,465
181,464,180,465,179,465,178,465,177,466,176,466,175,467,174,468,173,468,173,469,172,470,171,470,171,471,170,472,169,473,168,474,168,475,167,476,167,477,167,478,166,479,166,480,166,481,167,482,167,483,167,484,167,485,167,486,167,487,167,488,168,489,169,490,169,491,169,492,170,493,170,494,171,495,171,496,172,497,172,498,173,499,173,500,174,501,174,502,175,503,176,504,176,505,177,505,178,506,179,506,180,507,181,507,182,508,183,508,184,508,185,509,186,509,187,509,188,509,189,509,190,509,191,509,192,509,193,509,194,509,195,509,196,508,197,508,198,508,199,507,200,507,201,506,202,506,203,505,204,504,205,503,206,502,207,501,207,500,208,499,209,498,209,497,209,496,210,495,210,494,211,493,211,492,211,491,211,490,211,489,211,488,211,487,211,486,211,485,211,484,211,483,211,482,211,481,211,480,210,479,210,478,210,477,209,476,209,475,208,474,207,473,207,472,206,471,205,470,204,470,203,469,202,468,201,468,200,467,199,467,198,466,197,466,196,465,195,465,194,464,193,464,192,464,191,464,190,464,189,464,188,464,187,464,186,464,185,464,184,464,183,464,182,464
278,479,277,480,276,480,275,480,274,480,273,481,272,482,271,483,271,484,270,485,270,486,269,487,269,488,269,489,269,490,269,491,268,492,268,493,268,494,268,495,268,496,269,497,269,498,269,499,270,500,270,501,271,502,272,503,273,504,274,505,275,505,276,506,277,506,278,507,279,507,280,507,281,507,282,507,283,507,284,507,285,507,286,506,287,506,288,505,289,504,290,504,291,503,292,502,292,501,293,500,293,499,293,498,293,497,293,496,293,495,293,494,293,493,293,492,292,491,292,490,292,489,291,488,291,487,290,486,289,485,289,484,288,483,287,483,286,482,285,481,284,481,283,480,282,480,281,480,280,479,279,479
372,482,371,483,370,483,369,483,368,483,367,483,366,484,365,484,364,484,363,484,362,484,361,484,360,483,359,483,358,483,357,483,356,483,355,483,354,483,353,483,353,484,353,485,352,486,351,486,350,485,349,486,348,487,347,488,346,489,346,490,346,491,346,492,346,493,346,494,345,495,345,496,345,497,345,498,345,499,345,500,345,501,345,502,345,503,345,504,345,505,346,506,346,507,346,508,347,509,348,510,349,510,350,511,351,511,352,511,353,511,354,511,355,511,356,511,357,511,358,511,359,511,360,511,361,511,362,511,363,511,364,511,365,511,366,511,367,511,368,511,369,511,370,511,371,511,372,511,373,510,374,509,375,509,376,508,377,507,378,506,378,505,379,504,380,503,380,502,380,501,380,500,381,499,381,498,381,497,381,496,382,495,382,494,382,493,382,492,382,491,381,490,381,489,380,488,380,487,379,486,378,485,377,485,376,484,375,484,374,483,373,483
242,487,241,488,240,488,239,489,238,489,237,490,236,490,235,491,234,492,233,492,232,493,232,494,231,495,231,496,231,497,230,498,230,499,230,500,230,501,230,502,230,503,230,504,230,505,230,506,230,507,231,508,231,509,232,510,233,510,234,510,235,511,236,511,237,511,238,511,239,511,240,511,241,511,242,511,243,511,244,511,245,511,246,510,247,510,248,511,249,511,250,510,251,510,252,509,253,509,254,508,254,507,255,506,254,505,254,504,254,503,254,502,253,501,253,500,253,499,252,498,252,497,252,496,251,495,251,494,250,493,250,492,250,491,249,490,248,489,247,488,246,488,245,487,244,487,243,487
313,494,312,495,311,495,310,495,309,495,308,496,307,496,306,497,305,498,305,499,304,500,304,501,304,502,304,503,303,504,303,505,303,506,304,507,304,508,305,509,305,510,306,510,307,510,308,511,309,511,310,511,311,511,312,511,313,511,314,511,315,511,316,511,317,511,318,511,319,511,320,511,321,511,322,511,323,511,324,511,325,511,326,511,327,511,328,511,329,511,330,511,331,511,332,511,333,511,334,511,335,511,336,510,337,510,338,510,337,509,338,508,337,507,336,506,336,505,335,504,335,503,334,502,333,501,332,500,331,499,330,498,329,498,328,497,327,497,326,496,325,496,324,496,323,495,322,495,321,495,320,494,319,494,318,494,317,494,316,494,315,494,314,494
107,503,106,504,105,504,104,504,103,504,102,504,101,504,100,505,99,505,98,505,97,505,96,506,95,506,94,507,93,507,92,508,91,508,90,509,90,510,90,511,91,511,92,511,93,511,94,511,95,511,96,511,97,511,98,511,99,511,100,511,101,511,102,511,103,511,104,511,105,511,106,511,107,511,108,511,109,511,110,511,111,511,112,511,113,511,114,511,115,511,116,511,117,511,118,511,119,511,120,511,121,511,122,511,123,511,123,510,122,509,121,508,120,507,119,507,118,506,117,506,116,505,115,505,114,504,113,504,112,504,111,504,110,503,109,503,108,503
