0,0,0,1,0,2,0,3,0,4,0,5,0,6,0,7,0,8,0,9,0,10,1,9,2,9,3,9,4,9,5,9,6,9,7,9,8,9,9,9,10,9,11,8,12,7,12,6,13,5,14,4,14,3,15,2,16,1,16,0,15,0,14,0,13,0,12,0,11,0,10,0,9,0,8,0,7,0,6,0,5,0,4,0,3,0,2,0,1,0
17,0,17,1,16,2,15,3,15,4,14,5,13,6,13,7,12,8,11,9,12,10,12,11,13,12,13,13,14,14,14,15,14,16,15,17,15,18,16,19,16,20,17,21,18,21,19,21,20,21,21,21,22,21,23,21,24,21,25,21,26,21,27,21,28,21,29,21,29,20,30,19,30,18,31,17,31,16,31,15,32,14,32,13,32,12,33,11,33,10,33,9,34,8,34,7,34,6,35,5,35,4,35,3,36,2,36,1,36,0,35,0,34,0,33,0,32,0,31,0,30,0,29,0,28,0,27,0,26,0,25,0,24,0,23,0,22,0,21,0,20,0,19,0,18,0
37,0,37,1,37,2,36,3,36,4,36,5,35,6,35,7,35,8,34,9,34,10,34,11,33,12,33,13,33,14,32,15,32,16,32,17,31,18,31,19,30,20,30,21,30,22,30,23,31,24,32,25,32,26,33,27,34,28,35,29,35,30,36,30,37,30,38,30,39,30,40,29,41,29,42,29,43,29,44,28,45,28,46,28,47,28,48,28,49,28,50,27,51,27,51,26,52,25,53,24,53,23,54,22,54,21,55,20,56,19,57,18,56,17,56,16,55,15,55,14,55,13,54,12,54,11,54,10,54,9,53,8,53,7,53,6,53,5,52,4,51,3,51,2,51,1,50,1,49,1,48,0,47,0,46,0,45,0,44,0,43,0,42,0,41,0,40,0,39,0,38,0
57,0,56,1,55,1,54,1,53,1,52,1,52,2,52,3,53,4,54,5,54,6,54,7,54,8,55,9,55,10,55,11,55,12,56,13,56,14,56,15,57,16,57,17,58,18,59,18,60,19,61,19,62,20,63,20,64,21,65,21,66,22,67,23,68,22,69,21,70,21,71,20,72,20,72,19,73,18,73,17,74,16,74,15,75,14,75,13,76,12,76,11,77,10,77,9,78,8,77,7,76,6,76,5,75,4,75,3,74,2,73,1,72,1,71,0,70,0,69,0,68,0,67,0,66,0,65,0,64,0,63,0,62,0,61,0,60,0,59,0,58,0
81,0,81,1,81,2,82,3,82,4,83,5,84,5,85,6,85,7,84,8,85,8,86,8,87,9,88,10,89,11,90,12,91,13,92,13,93,14,94,13,95,13,96,12,97,11,98,11,99,10,100,10,101,9,102,9,103,8,104,8,105,7,106,6,107,6,108,5,109,5,110,4,111,4,112,3,113,3,113,2,113,1,114,0,113,0,112,0,111,0,110,0,109,0,108,0,107,0,106,0,105,0,104,0,103,0,102,0,101,0,100,0,99,0,98,0,97,0,96,0,95,0,94,0,93,0,92,0,91,0,90,0,89,0,88,0,87,0,86,0,85,0,84,0,83,0,82,0
115,0,115,1,115,2,115,3,116,4,116,5,116,6,117,7,117,8,118,9,118,10,119,11,119,12,120,13,121,14,122,14,123,14,124,13,125,13,126,13,127,13,128,12,129,12,130,12,131,12,132,12,133,11,134,11,135,11,135,10,136,9,136,8,136,7,137,6,137,5,138,4,138,3,138,2,139,1,139,0,138,0,137,0,136,0,135,0,134,0,133,0,132,0,131,0,130,0,129,0,128,0,127,0,126,0,125,0,124,0,123,0,122,0,121,0,120,0,119,0,118,0,117,0,116,0
140,0,140,1,139,2,139,3,139,4,138,5,138,6,137,7,137,8,137,9,136,10,136,11,136,12,137,13,138,14,138,15,139,16,139,17,140,18,140,19,141,20,141,21,142,21,143,21,144,21,145,21,146,21,147,21,148,21,149,21,150,21,151,21,152,21,153,21,154,21,155,21,156,21,157,20,158,19,158,18,159,17,159,16,159,15,158,14,157,13,157,12,156,11,155,10,155,9,154,8,154,7,153,6,153,5,152,4,152,3,152,2,152,1,151,0,150,0,149,0,148,0,147,0,146,0,145,0,144,0,143,0,142,0,141,0
152,0,153,1,153,2,153,3,153,4,154,5,154,6,155,7,155,8,156,9,156,10,157,11,158,12,158,13,159,14,160,15,160,16,161,15,162,15,163,15,164,15,165,14,166,14,167,14,168,13,169,13,170,13,170,12,170,11,170,10,170,9,170,8,170,7,170,6,170,5,170,4,170,3,170,2,170,1,170,0,169,0,168,0,167,0,166,0,165,0,164,0,163,0,162,0,161,0,160,0,159,0,158,0,157,0,156,0,155,0,154,0,153,0
171,0,171,1,171,2,171,3,171,4,171,5,171,6,171,7,171,8,171,9,171,10,171,11,171,12,171,13,172,14,173,15,174,16,175,17,176,18,177,19,178,19,179,20,180,19,181,19,182,18,183,17,184,17,185,16,186,16,187,15,187,14,187,13,187,12,187,11,187,10,188,9,188,8,188,7,188,6,188,5,188,4,188,3,188,2,188,1,188,0,187,0,186,0,185,0,184,0,183,0,182,0,181,0,180,0,179,0,178,0,177,0,176,0,175,0,174,0,173,0,172,0
189,0,189,1,189,2,189,3,189,4,189,5,189,6,189,7,189,8,189,9,188,10,188,11,188,12,188,13,188,14,188,15,189,15,190,16,191,16,192,16,193,17,194,17,195,17,196,18,197,18,198,18,199,19,200,19,201,20,202,20,203,21,204,21,205,20,206,20,207,19,208,19,209,18,209,17,209,16,210,15,210,14,210,13,210,12,209,11,209,10,209,9,208,8,208,7,208,6,207,5,207,4,207,3,207,2,207,1,206,0,205,0,204,0,203,0,202,0,201,0,200,0,199,0,198,0,197,0,196,0,195,0,194,0,193,0,192,0,191,0,190,0
222,0,221,1,220,2,220,3,220,4,220,5,220,6,220,7,220,8,221,9,221,10,222,11,222,12,223,13,224,14,224,15,225,16,225,17,226,16,227,16,228,15,229,15,230,14,231,14,232,13,233,13,233,12,233,11,233,10,234,9,234,8,235,7,235,6,235,5,236,4,236,3,237,2,237,1,237,0,236,0,235,0,234,0,233,0,232,0,231,0,230,0,229,0,228,0,227,0,226,0,225,0,224,0,223,0
238,0,238,1,238,2,239,3,240,4,241,5,242,5,243,6,244,7,245,7,246,8,247,8,248,8,249,9,250,9,251,10,252,10,253,10,254,10,255,10,254,9,254,8,254,7,254,6,254,5,254,4,254,3,255,2,255,1,254,0,253,0,252,0,251,0,250,0,249,0,248,0,247,0,246,0,245,0,244,0,243,0,242,0,241,0,240,0,239,0
114,1,114,2,114,3,113,4,112,4,111,5,110,5,109,6,108,6,107,7,106,7,105,8,104,9,103,9,102,10,101,10,100,11,99,11,98,12,97,12,96,13,95,14,94,14,93,15,94,16,94,17,94,18,94,19,94,20,95,21,95,22,95,23,95,24,96,25,96,26,96,27,96,28,97,27,98,27,99,27,100,26,101,26,102,26,103,25,104,25,105,25,106,24,107,24,108,24,109,23,110,23,111,22,112,22,113,21,114,21,115,20,116,20,117,19,118,19,119,19,119,18,119,17,120,16,120,15,120,14,119,13,118,12,118,11,117,10,117,9,116,8,116,7,115,6,115,5,115,4,114,3,114,2
237,3,237,4,236,5,236,6,236,7,235,8,235,9,234,10,234,11,234,12,234,13,234,14,235,15,235,16,236,17,237,18,237,19,238,20,238,21,239,21,240,21,241,21,242,22,243,22,244,22,245,22,246,22,246,21,247,20,248,19,248,18,249,17,250,16,250,15,251,14,251,13,252,12,252,11,251,11,250,10,249,10,248,9,247,9,246,9,245,8,244,8,243,7,242,6,241,6,240,5,239,4,238,3
80,8,79,9,78,9,78,10,77,11,77,12,76,13,76,14,75,15,75,16,74,17,74,18,73,19,73,20,74,21,75,21,76,22,77,23,78,24,79,25,80,26,81,27,81,28,82,29,83,30,83,31,84,32,84,33,85,33,86,33,87,33,88,33,89,33,90,32,91,32,92,31,93,30,94,29,95,29,95,28,95,27,95,26,95,25,94,24,94,23,94,22,94,21,93,20,93,19,93,18,93,17,93,16,92,15,92,14,91,14,90,13,89,12,88,11,87,10,86,9,85,9,84,9,83,8,82,8,81,8
1,10,0,11,0,12,0,13,0,14,0,15,0,16,0,17,0,18,0,19,0,20,0,21,0,22,0,23,0,24,0,25,0,26,0,27,0,28,0,29,0,30,0,31,0,32,0,33,0,34,0,35,0,36,0,37,0,38,0,39,0,40,0,41,0,42,0,43,0,44,0,45,0,46,0,47,1,47,2,47,3,47,4,47,5,47,6,47,7,46,8,46,8,45,8,44,8,43,8,42,8,41,8,40,8,39,9,38,9,37,9,36,10,35,10,34,11,33,11,32,12,31,12,30,13,29,13,28,14,27,14,26,14,25,15,24,15,23,16,22,16,21,15,20,15,19,14,18,14,17,13,16,13,15,13,14,12,13,12,12,11,11,11,10,10,10,9,10,8,10,7,10,6,10,5,10,4,10,3,10,2,10
253,11,253,12,252,13,252,14,251,15,251,16,250,17,249,18,249,19,248,20,247,21,247,22,246,23,246,24,246,25,246,26,246,27,246,28,246,29,246,30,246,31,246,32,246,33,245,34,245,35,245,36,245,37,246,38,247,38,248,39,249,39,250,40,251,40,252,40,253,40,254,40,254,39,254,38,255,37,255,36,255,35,255,34,255,33,255,32,255,31,255,30,255,29,255,28,255,27,255,26,255,25,255,24,255,23,255,22,255,21,255,20,255,19,255,18,255,17,255,16,255,15,255,14,255,13,255,12,255,11,254,11
133,12,132,13,131,13,130,13,129,13,128,13,127,14,126,14,125,14,124,14,123,15,122,15,121,15,121,16,120,17,120,18,120,19,120,20,121,21,122,22,123,23,123,24,124,25,125,26,126,27,126,28,127,29,128,30,129,30,130,31,131,32,132,32,133,32,133,31,134,30,135,29,136,28,136,27,137,26,138,25,138,24,139,23,140,22,140,21,140,20,139,19,139,18,138,17,138,16,137,15,137,14,136,13,135,12,134,12
168,14,167,15,166,15,165,15,164,16,163,16,162,16,161,16,160,17,159,18,159,19,158,20,157,21,157,22,158,23,158,24,159,25,159,26,159,27,160,28,160,29,160,30,161,31,161,32,162,33,162,34,163,34,164,34,165,34,166,34,167,34,168,34,169,34,170,33,171,33,172,33,173,33,174,32,175,32,176,31,176,30,176,29,176,28,176,27,177,26,177,25,177,24,177,23,178,22,178,21,178,20,177,20,176,19,175,18,174,17,173,16,172,15,171,14,170,14,169,14
187,16,186,17,185,17,184,18,183,18,182,19,181,20,180,20,179,21,179,22,178,23,178,24,178,25,178,26,177,27,177,28,177,29,177,30,177,31,176,32,177,33,178,34,179,35,179,36,180,37,181,38,182,39,183,39,184,39,185,39,186,39,187,38,188,38,189,38,190,38,191,38,192,38,193,38,194,38,195,38,196,38,197,37,198,36,198,35,199,34,199,33,200,32,200,31,200,30,201,29,201,28,202,27,202,26,202,25,202,24,203,23,203,22,202,21,201,21,200,20,199,20,198,19,197,19,196,19,195,18,194,18,193,18,192,17,191,17,190,17,189,16,188,16
57,19,56,20,55,21,55,22,54,23,54,24,53,25,52,26,52,27,52,28,52,29,53,30,53,31,53,32,54,33,54,34,55,35,55,36,55,37,55,38,55,39,56,40,56,41,56,42,56,43,56,44,56,45,57,46,57,47,57,48,57,49,57,50,58,50,59,50,60,50,61,50,62,50,63,50,64,50,65,50,66,50,67,50,68,50,69,50,70,50,71,50,72,51,73,51,73,50,74,49,74,48,74,47,74,46,74,45,74,44,74,43,74,42,75,41,74,40,74,39,73,38,73,37,72,36,71,35,70,34,70,33,69,32,69,31,68,30,68,29,67,28,67,27,67,26,67,25,67,24,66,23,65,22,64,22,63,21,62,21,61,20,60,20,59,19,58,19
209,19,208,20,207,20,206,21,205,21,204,22,204,23,203,24,203,25,203,26,203,27,202,28,202,29,201,30,201,31,201,32,200,33,200,34,199,35,199,36,198,37,198,38,198,39,199,40,199,41,200,42,200,43,201,44,201,45,202,46,203,47,203,48,204,49,204,50,205,50,206,49,207,49,208,48,209,48,210,47,211,47,212,46,213,46,214,45,215,44,216,43,216,42,217,41,218,40,218,39,219,38,218,37,218,36,218,35,217,34,217,33,216,32,216,31,216,30,216,29,216,28,215,27,215,26,214,25,214,24,213,23,213,22,212,21,211,20,210,19
117,20,116,21,115,21,114,22,113,22,112,23,111,23,110,24,109,24,108,25,107,25,106,25,105,26,104,26,103,26,102,27,101,27,100,27,99,28,98,28,97,28,96,29,96,30,96,31,96,32,96,33,96,34,96,35,97,36,97,37,97,38,97,39,97,40,97,41,97,42,97,43,98,43,99,44,100,45,101,45,102,46,103,47,104,48,105,49,106,49,107,50,108,51,109,52,110,53,111,53,112,53,113,52,114,52,115,51,116,51,117,50,118,50,119,50,120,49,121,49,122,49,123,48,124,48,125,48,126,47,127,47,128,46,129,46,129,45,130,44,130,43,131,42,131,41,131,40,132,39,132,38,133,37,133,36,132,35,132,34,132,33,131,33,130,32,129,31,128,31,127,30,126,29,125,28,125,27,124,26,123,25,122,24,122,23,121,22,120,21,119,20,118,20
71,21,70,22,69,22,68,23,68,24,68,25,68,26,68,27,68,28,69,29,69,30,70,31,70,32,71,33,71,34,72,35,73,36,74,37,74,38,75,39,76,38,77,38,78,37,79,37,80,36,81,36,82,36,83,35,84,35,84,34,83,33,83,32,82,31,82,30,81,29,80,28,80,27,79,26,78,25,77,24,76,23,75,22,74,22,73,21,72,21
17,22,16,23,16,24,15,25,15,26,15,27,14,28,14,29,13,30,13,31,12,32,12,33,11,34,11,35,10,36,10,37,10,38,9,39,9,40,9,41,9,42,9,43,9,44,9,45,9,46,10,46,11,47,12,48,13,49,14,49,15,50,16,51,17,52,18,53,19,54,20,54,21,54,22,54,23,54,24,54,25,53,26,53,27,53,28,52,29,51,29,50,30,49,31,48,31,47,31,46,31,45,32,44,32,43,32,42,32,41,32,40,32,39,33,38,33,37,33,36,34,35,34,34,34,33,35,32,35,31,34,30,34,29,33,28,32,27,31,26,31,25,30,24,29,23,29,22,28,22,27,22,26,22,25,22,24,22,23,22,22,22,21,22,20,22,19,22,18,22
141,22,140,23,139,24,139,25,138,26,137,27,137,28,136,29,135,30,134,31,134,32,133,33,133,34,133,35,134,36,135,36,136,36,137,36,138,36,139,37,140,37,141,37,142,37,143,37,144,37,145,37,146,37,147,38,148,38,149,38,150,38,151,38,152,38,153,38,154,38,155,38,156,38,157,38,158,39,159,39,160,38,160,37,161,36,161,35,161,34,161,33,160,32,160,31,159,30,159,29,159,28,158,27,158,26,158,25,157,24,157,23,156,22,155,22,154,22,153,22,152,22,151,22,150,22,149,22,148,22,147,22,146,22,145,22,144,22,143,22,142,22
50,28,49,29,48,29,47,29,46,29,45,29,44,29,43,30,42,30,41,30,40,30,39,31,38,31,37,31,36,31,36,32,35,33,35,34,35,35,34,36,34,37,34,38,33,39,33,40,33,41,33,42,33,43,33,44,32,45,32,46,32,47,33,47,34,48,35,48,36,49,37,49,38,50,39,51,40,51,41,52,42,53,43,54,44,55,45,56,46,57,46,58,47,59,48,58,49,57,50,56,51,55,52,54,53,53,54,52,55,51,56,50,56,49,56,48,56,47,56,46,55,45,55,44,55,43,55,42,55,41,55,40,54,39,54,38,54,37,54,36,54,35,53,34,53,33,52,32,52,31,52,30,51,29,51,28
174,33,173,34,172,34,171,34,170,34,169,35,168,35,167,35,166,35,165,35,164,35,163,35,162,35,162,36,161,37,161,38,160,39,160,40,160,41,160,42,160,43,160,44,161,45,161,46,161,47,161,48,162,49,162,50,162,51,162,52,162,53,162,54,162,55,163,55,164,55,165,55,166,55,167,55,168,55,169,55,170,56,171,56,172,56,173,56,174,56,175,56,176,56,177,56,178,56,178,55,178,54,178,53,179,52,179,51,179,50,179,49,179,48,179,47,179,46,179,45,180,44,180,43,180,42,180,41,181,40,181,39,180,38,179,37,178,36,178,35,177,34,176,33,175,33
83,36,82,37,81,37,80,37,79,38,78,38,77,39,76,39,75,40,76,41,75,42,75,43,75,44,75,45,75,46,75,47,75,48,75,49,74,50,74,51,75,52,75,53,76,54,76,55,77,56,78,57,79,58,79,59,79,60,80,61,80,62,80,63,81,64,81,65,81,66,81,67,81,68,81,69,81,70,81,71,82,72,83,72,84,73,85,72,85,71,86,70,87,69,88,68,89,67,90,66,91,65,90,64,90,63,89,62,89,61,89,60,89,59,89,58,89,57,89,56,89,55,88,54,88,53,88,52,88,51,89,50,89,49,89,48,89,47,89,46,89,45,89,44,88,43,88,42,87,41,87,40,87,39,86,38,85,37,85,36,84,36
134,37,133,38,133,39,132,40,132,41,132,42,131,43,131,44,130,45,130,46,130,47,131,48,132,49,132,50,133,51,134,52,135,53,136,54,136,55,137,56,138,57,138,58,139,59,139,60,140,61,140,62,141,63,141,64,142,65,142,66,142,67,142,68,143,69,144,69,145,70,146,70,147,70,148,69,149,68,150,67,151,66,152,65,153,64,154,63,155,62,156,61,157,60,158,59,159,58,160,57,161,56,161,55,161,54,161,53,161,52,161,51,161,50,161,49,160,48,160,47,160,46,160,45,159,44,159,43,159,42,159,41,159,40,158,40,157,39,156,39,155,39,154,39,153,39,152,39,151,39,150,39,149,39,148,39,147,39,146,38,145,38,144,38,143,38,142,38,141,38,140,38,139,38,138,37,137,37,136,37,135,37
197,38,196,39,195,39,194,39,193,39,192,39,191,39,190,39,189,39,188,39,187,39,186,40,185,40,184,40,183,40,182,40,181,41,181,42,181,43,181,44,180,45,180,46,180,47,180,48,180,49,180,50,180,51,180,52,179,53,179,54,179,55,179,56,180,56,181,56,182,56,183,56,184,56,185,56,186,56,187,56,188,56,189,56,190,55,191,55,192,55,193,55,194,55,195,55,196,55,197,55,198,55,199,54,200,54,201,54,202,54,203,53,203,52,204,51,203,50,203,49,202,48,202,47,201,46,200,45,200,44,199,43,199,42,198,41,198,40,197,39
220,38,219,39,219,40,218,41,217,42,217,43,216,44,217,45,217,46,218,47,218,48,219,49,219,50,220,51,220,52,221,53,221,54,222,55,222,56,223,57,223,58,223,59,224,60,224,61,224,62,225,63,226,63,227,63,228,63,229,62,230,61,230,60,231,59,232,58,233,57,234,56,234,55,235,54,236,53,237,52,237,51,238,50,238,49,239,48,240,47,240,46,241,45,240,44,239,43,239,42,238,42,237,42,236,41,235,41,234,40,233,40,232,40,231,39,230,39,229,39,228,38,227,39,226,38,225,38,224,38,223,38,222,38,221,38
254,41,253,42,252,42,251,43,250,43,249,44,248,44,247,45,246,45,245,46,244,46,243,46,242,45,241,46,241,47,240,48,239,49,239,50,238,51,238,52,237,53,236,54,235,55,235,56,234,57,233,58,232,59,231,60,231,61,230,62,229,63,229,64,229,65,229,66,229,67,230,68,230,69,230,70,231,71,231,72,231,73,231,74,232,75,232,76,232,77,233,78,234,79,235,79,236,79,237,78,238,78,239,77,240,77,241,77,242,76,243,76,244,75,245,75,246,75,247,74,248,74,249,74,250,74,251,74,252,74,253,73,254,73,255,73,255,72,255,71,255,70,255,69,255,68,255,67,255,66,255,65,255,64,255,63,255,62,255,61,255,60,255,59,255,58,255,57,255,56,255,55,255,54,255,53,255,52,255,51,255,50,255,49,255,48,255,47,255,46,255,45,255,44,255,43,255,42,255,41
94,44,93,45,92,45,91,46,90,46,90,47,90,48,90,49,90,50,89,51,89,52,89,53,89,54,90,55,90,56,90,57,90,58,90,59,90,60,90,61,90,62,91,63,91,64,92,64,93,64,94,64,95,65,96,65,97,65,98,66,99,66,100,66,101,66,102,65,103,65,104,65,105,64,106,63,106,62,107,61,108,60,109,59,109,58,109,57,109,56,109,55,110,54,109,53,108,52,107,51,106,50,105,50,104,49,103,48,102,47,101,46,100,46,99,45,98,44,97,44,96,44,95,44
215,45,214,46,213,47,212,47,211,48,210,48,209,49,208,49,207,50,206,50,205,51,204,52,204,53,203,54,203,55,203,56,203,57,204,58,204,59,205,60,205,61,206,62,206,63,206,64,207,65,207,66,208,67,209,67,210,67,211,67,212,67,213,66,214,66,215,66,216,65,217,65,218,65,219,64,220,64,221,63,222,63,223,62,223,61,223,60,222,59,222,58,222,57,221,56,221,55,220,54,220,53,219,52,219,51,218,50,218,49,217,48,217,47,216,46,216,45
7,47,6,48,5,48,4,48,3,48,2,48,1,48,0,48,0,49,0,50,0,51,0,52,0,53,0,54,0,55,0,56,0,57,0,58,0,59,0,60,0,61,0,62,0,63,0,64,0,65,0,66,0,67,0,68,0,69,0,70,0,71,0,72,0,73,0,74,0,75,0,76,0,77,0,78,0,79,0,80,0,81,0,82,0,83,0,84,0,85,0,86,0,87,0,88,1,89,2,89,3,89,4,90,5,90,6,89,6,88,7,87,8,86,8,85,9,84,10,83,10,82,11,81,11,80,11,79,11,78,11,77,11,76,11,75,12,74,12,73,12,72,13,71,13,70,14,69,14,68,14,67,15,66,15,65,15,64,16,63,16,62,16,61,16,60,17,59,17,58,17,57,18,56,18,55,18,54,17,53,16,52,15,51,14,50,13,50,12,49,11,48,10,47,9,47,8,47
128,47,127,48,126,48,125,49,124,49,123,49,122,50,121,50,120,50,119,51,118,51,117,51,116,52,115,52,114,53,113,53,112,54,111,54,110,55,110,56,110,57,110,58,110,59,109,60,110,60,111,60,112,61,113,61,114,62,115,63,116,64,117,64,118,65,118,66,119,67,120,68,121,69,121,70,122,71,122,72,123,72,124,72,125,73,126,73,127,73,128,73,129,73,130,73,131,73,132,73,133,73,134,72,135,72,136,71,137,71,138,70,139,70,140,70,141,69,142,69,141,68,141,67,141,66,141,65,140,64,140,63,139,62,139,61,138,60,138,59,137,58,137,57,136,56,135,55,135,54,134,53,133,52,132,51,131,50,131,49,130,48,129,47
32,48,31,49,30,50,30,51,29,52,28,53,27,54,28,55,29,56,29,57,30,58,30,59,31,60,31,61,32,62,33,63,34,63,35,63,36,63,37,63,38,62,39,62,40,62,41,62,42,61,43,61,44,60,45,60,46,60,46,59,45,58,45,57,44,56,43,55,42,54,41,53,40,52,39,52,38,51,37,50,36,50,35,49,34,49,33,48
56,51,55,52,54,53,53,54,52,55,51,56,50,57,49,58,48,59,47,60,47,61,48,62,48,63,49,64,49,65,50,66,51,67,51,68,52,69,52,70,52,71,53,72,53,73,54,73,55,73,56,73,57,73,58,73,59,73,60,73,61,73,62,73,63,72,63,71,64,70,65,69,65,68,66,67,67,66,67,65,68,64,69,63,69,62,70,61,70,60,71,59,72,58,72,57,72,56,73,55,73,54,74,53,74,52,73,52,72,52,71,51,70,51,69,51,68,51,67,51,66,51,65,51,64,51,63,51,62,51,61,51,60,51,59,51,58,51,57,51
25,54,24,55,23,55,22,55,21,55,20,55,19,55,19,56,18,57,18,58,18,59,17,60,17,61,17,62,17,63,16,64,16,65,16,66,15,67,15,68,15,69,14,70,14,71,13,72,13,73,13,74,12,75,12,76,12,77,12,78,12,79,12,80,12,81,11,82,12,81,13,81,14,81,15,80,16,80,17,80,18,80,19,80,20,80,21,79,22,79,23,79,24,78,25,78,26,77,27,76,28,76,28,75,29,74,29,73,29,72,30,71,30,70,30,69,31,68,31,67,31,66,32,65,32,64,32,63,31,62,30,61,30,60,29,59,29,58,28,57,28,56,27,55,26,54
74,54,74,55,73,56,73,57,73,58,72,59,71,60,71,61,70,62,70,63,69,64,68,65,68,66,67,67,66,68,66,69,65,70,64,71,64,72,63,73,63,74,64,75,64,76,65,76,66,76,67,77,68,77,69,77,70,77,71,77,72,77,73,77,74,78,75,78,76,78,76,77,77,76,78,75,79,74,80,73,81,72,80,71,80,70,80,69,80,68,80,67,80,66,80,65,80,64,79,63,79,62,79,61,78,60,78,59,78,58,77,57,76,56,75,55,75,54
199,55,198,56,197,56,196,56,195,56,194,56,193,56,192,56,191,56,190,56,189,57,188,57,187,57,186,57,185,57,184,57,183,57,182,57,181,57,180,57,180,58,180,59,180,60,181,61,181,62,181,63,181,64,181,65,181,66,182,67,182,68,182,69,182,70,182,71,182,72,183,73,183,74,183,75,183,76,183,77,183,78,183,79,183,80,183,81,183,82,183,83,183,84,183,85,184,85,185,85,186,85,187,84,188,84,189,84,190,84,191,83,192,83,193,83,194,82,195,82,196,82,197,81,198,81,199,81,200,80,201,80,202,80,203,79,203,78,203,77,204,76,204,75,204,74,205,73,205,72,206,71,206,70,207,69,207,68,207,67,206,66,206,65,205,64,205,63,205,62,204,61,204,60,203,59,203,58,202,57,202,56,202,55,201,55,200,55
162,56,161,57,160,58,159,59,158,60,157,61,156,62,155,63,154,64,153,65,152,66,151,67,150,68,149,69,148,70,148,71,149,72,150,73,151,74,152,75,153,76,154,77,155,78,156,79,157,80,158,81,159,82,160,83,160,84,161,84,162,84,163,84,164,84,165,84,166,84,167,84,168,84,169,84,170,84,171,84,172,84,173,84,174,84,175,84,176,85,177,85,178,85,179,85,180,84,181,85,182,85,182,84,182,83,182,82,182,81,182,80,182,79,182,78,182,77,182,76,182,75,182,74,182,73,181,72,181,71,181,70,181,69,181,68,181,67,180,66,180,65,180,64,180,63,180,62,180,61,179,60,179,59,179,58,179,57,178,57,177,57,176,57,175,57,174,57,173,57,172,57,171,57,170,57,169,56,168,56,167,56,166,56,165,56,164,56,163,56
44,61,43,62,42,62,41,63,40,63,39,63,38,63,37,64,36,64,35,64,34,64,33,64,33,65,32,66,32,67,32,68,31,69,31,70,31,71,30,72,30,73,30,74,29,75,29,76,29,77,29,78,30,79,31,80,32,81,33,82,34,83,35,83,36,84,37,85,38,85,39,85,40,85,41,84,42,84,43,84,44,84,45,84,46,84,47,84,48,84,49,83,49,82,49,81,50,80,50,79,51,78,51,77,52,76,52,75,53,74,52,73,52,72,51,71,51,70,51,69,50,68,50,67,49,66,48,65,48,64,47,63,47,62,46,61,45,61
108,61,107,62,107,63,106,64,105,65,105,66,105,67,106,68,106,69,107,70,108,71,109,72,110,73,111,74,112,75,113,76,114,76,115,77,116,76,117,76,118,75,119,75,120,74,121,73,121,72,121,71,120,70,120,69,119,68,118,67,117,66,117,65,116,65,115,64,114,63,113,62,112,62,111,61,110,61,109,61
223,63,222,64,221,64,220,65,219,65,218,66,217,66,216,66,215,67,214,67,213,67,212,68,211,68,210,68,209,68,208,68,208,69,207,70,207,71,206,72,206,73,205,74,205,75,205,76,204,77,204,78,204,79,204,80,205,81,206,81,207,82,208,83,209,84,210,84,211,85,212,86,213,87,214,87,215,88,216,89,217,89,218,88,219,88,220,87,221,86,222,85,223,84,224,84,225,83,226,82,227,81,228,81,229,80,230,79,231,78,232,78,231,77,231,76,231,75,230,74,230,73,230,72,230,71,229,70,229,69,229,68,228,67,228,66,228,65,228,64,227,64,226,64,225,64,224,63
92,65,91,66,90,67,89,68,88,69,87,70,86,71,86,72,85,73,85,74,86,75,86,76,87,77,87,78,88,79,88,80,89,81,90,82,90,83,91,84,92,85,93,85,94,86,95,87,96,88,97,87,98,87,99,87,99,86,98,85,98,84,97,83,97,82,97,81,97,80,97,79,97,78,98,77,98,76,98,75,98,74,99,73,99,72,100,71,100,70,100,69,99,68,99,67,98,67,97,66,96,66,95,66,94,65,93,65
104,69,103,70,102,70,101,70,101,71,100,72,100,73,99,74,99,75,99,76,99,77,98,78,98,79,98,80,98,81,98,82,98,83,99,84,99,85,100,86,100,87,101,87,102,87,103,87,104,88,105,88,106,88,107,87,108,87,109,86,110,85,111,85,112,84,113,84,114,83,114,82,114,81,114,80,114,79,114,78,114,77,113,77,112,76,111,75,110,74,109,73,108,72,107,71,106,70,105,69
81,73,80,74,79,75,78,76,77,77,77,78,76,79,77,80,77,81,77,82,77,83,77,84,77,85,77,86,78,87,78,88,78,89,78,90,78,91,79,92,80,93,81,93,82,93,83,93,84,93,85,93,86,93,87,93,88,93,89,93,90,93,91,92,92,91,93,90,94,89,95,88,94,87,93,86,92,86,91,85,90,84,89,83,89,82,88,81,87,80,87,79,86,78,86,77,85,76,85,75,84,74,83,73,82,73
54,74,53,75,53,76,52,77,52,78,51,79,51,80,50,81,50,82,50,83,49,84,50,85,51,86,52,86,53,86,54,86,55,86,56,86,57,86,58,85,59,85,60,85,60,84,60,83,61,82,61,81,62,80,62,79,63,78,63,77,63,76,63,75,62,74,61,74,60,74,59,74,58,74,57,74,56,74,55,74
253,74,252,75,251,75,250,75,249,75,248,75,247,75,246,76,245,76,244,76,243,77,242,77,241,78,240,78,239,78,238,79,237,79,236,80,235,80,235,81,235,82,235,83,235,84,235,85,235,86,235,87,235,88,234,89,234,90,234,91,234,92,234,93,233,94,233,95,233,96,234,97,235,98,235,99,236,99,237,99,238,99,239,99,240,99,241,100,242,100,243,100,244,100,245,100,246,100,247,101,248,101,249,101,250,101,251,101,252,101,253,101,254,101,255,101,255,100,255,99,255,98,255,97,255,96,255,95,255,94,255,93,255,92,255,91,255,90,255,89,255,88,255,87,255,86,255,85,255,84,255,83,255,82,255,81,255,80,255,79,255,78,255,77,255,76,255,75,255,74,254,74
27,77,26,78,25,79,24,79,23,80,22,80,21,80,20,81,19,81,18,81,17,81,16,81,15,81,14,82,13,82,12,82,11,83,10,84,9,85,9,86,8,87,7,88,7,89,6,90,6,91,7,92,7,93,8,94,9,95,9,96,10,97,11,98,11,99,12,100,12,101,13,102,14,103,15,104,16,104,17,104,18,104,19,104,20,104,21,104,22,104,23,104,24,104,25,105,26,105,27,105,27,104,28,103,28,102,29,101,29,100,30,99,30,98,31,97,31,96,32,95,33,94,33,93,33,92,34,91,34,90,35,89,35,88,36,87,36,86,36,85,35,84,34,84,33,83,32,82,31,81,30,80,29,79,28,78,28,77
64,77,64,78,63,79,63,80,62,81,62,82,61,83,61,84,61,85,61,86,61,87,61,88,62,89,62,90,62,91,63,92,63,93,64,94,64,95,65,96,65,97,66,98,67,98,68,98,69,98,70,98,71,99,72,99,72,98,73,97,74,96,75,95,76,94,77,93,77,92,77,91,77,90,77,89,77,88,77,87,76,86,76,85,76,84,76,83,76,82,76,81,76,80,75,79,74,79,73,78,72,78,71,78,70,78,69,78,68,78,67,78,66,77,65,77
231,79,230,80,229,81,228,82,227,82,226,83,225,84,224,85,223,85,222,86,221,87,220,88,219,89,218,89,217,90,217,91,218,92,219,92,220,92,221,92,222,93,223,93,224,93,225,93,226,93,227,94,228,94,229,94,230,94,231,94,232,95,232,94,233,93,233,92,233,91,233,90,233,89,234,88,234,87,234,86,234,85,234,84,234,83,234,82,234,81,234,80,233,79,232,79
203,80,202,81,201,81,200,81,199,82,198,82,197,82,196,83,195,83,194,83,193,84,192,84,191,84,190,85,189,85,188,85,187,85,186,86,185,86,184,86,184,87,185,88,185,89,185,90,186,91,186,92,187,93,187,94,187,95,188,96,188,97,188,98,189,99,190,99,191,99,192,100,193,100,194,100,195,101,196,101,197,101,198,101,199,101,200,102,201,102,202,102,203,103,204,103,205,104,206,104,207,103,208,102,209,101,210,100,211,99,211,98,212,97,213,96,213,95,214,94,215,93,216,92,216,91,216,90,215,89,214,88,213,88,212,87,211,86,210,85,209,85,208,84,207,83,206,82,205,82,204,81
114,84,113,85,112,85,111,86,110,86,109,87,108,88,107,88,106,89,106,90,106,91,106,92,106,93,106,94,105,95,105,96,105,97,105,98,105,99,105,100,105,101,105,102,105,103,106,103,107,103,108,103,109,103,110,103,111,103,112,102,113,102,114,102,115,101,116,101,117,101,118,100,119,100,119,99,119,98,120,97,120,96,120,95,121,94,121,93,121,92,122,91,122,90,122,89,122,88,121,87,120,86,119,85,118,84,117,84,116,84,115,84
128,84,127,85,126,85,125,85,124,86,123,86,122,87,123,88,123,89,123,90,123,91,122,92,122,93,122,94,121,95,121,96,121,97,120,98,120,99,120,100,121,101,122,102,123,103,123,104,124,105,125,106,125,107,126,108,126,109,127,110,127,111,128,112,128,113,129,114,130,115,130,116,131,117,132,118,133,118,134,118,135,118,136,118,137,118,138,118,139,118,140,118,141,118,142,119,143,119,144,119,145,119,146,119,147,119,148,119,149,119,150,119,151,118,152,118,153,118,154,118,154,117,155,116,155,115,155,114,155,113,155,112,156,111,156,110,156,109,157,108,156,107,155,106,155,105,154,104,153,103,153,102,152,101,151,100,151,99,150,98,150,97,150,96,149,95,149,94,148,93,147,92,147,91,146,90,145,89,144,88,143,88,142,87,141,86,140,86,139,86,138,86,137,85,136,85,135,85,134,85,133,85,132,84,131,84,130,84,129,84
41,85,40,86,39,86,38,86,37,86,37,87,36,88,36,89,35,90,35,91,34,92,34,93,34,94,33,95,32,96,32,97,31,98,31,99,30,100,30,101,29,102,29,103,28,104,28,105,29,105,30,106,31,106,32,106,33,107,34,107,35,107,36,107,37,107,38,106,39,106,40,105,41,105,42,105,43,104,44,104,45,104,46,104,47,103,48,103,49,103,50,103,51,103,52,102,52,101,52,100,52,99,52,98,52,97,52,96,52,95,52,94,52,93,52,92,52,91,52,90,52,89,52,88,51,87,50,86,49,85,48,85,47,85,46,85,45,85,44,85,43,85,42,85
160,85,159,86,159,87,159,88,159,89,159,90,159,91,158,92,158,93,158,94,158,95,158,96,158,97,157,98,157,99,157,100,156,101,156,102,156,103,156,104,156,105,157,106,157,107,158,107,159,107,160,107,161,108,162,108,163,109,164,109,165,110,166,111,167,111,168,112,169,113,169,114,170,115,171,115,172,116,173,117,174,117,175,118,176,118,177,118,178,118,179,118,180,117,180,116,181,115,182,114,182,113,183,112,184,111,184,110,185,109,185,108,186,107,186,106,187,105,187,104,187,103,187,102,187,101,188,100,188,99,187,98,187,97,187,96,186,95,186,94,186,93,185,92,185,91,184,90,184,89,184,88,183,87,183,86,182,86,181,86,180,85,179,86,178,86,177,86,176,86,175,85,174,85,173,85,172,85,171,85,170,85,169,85,168,85,167,85,166,85,165,85,164,85,163,85,162,85,161,85
58,86,57,87,56,87,55,87,54,87,53,87,52,87,53,88,53,89,53,90,53,91,53,92,53,93,53,94,53,95,53,96,53,97,53,98,53,99,53,100,53,101,53,102,54,103,55,103,56,103,57,103,58,102,59,102,60,101,61,101,62,100,63,100,64,99,65,99,65,98,64,97,64,96,63,95,63,94,62,93,62,92,61,91,61,90,61,89,60,88,60,87,60,86,59,86
97,88,96,89,95,89,94,90,93,91,92,92,91,93,91,94,91,95,91,96,92,97,92,98,93,99,93,100,93,101,94,102,94,103,95,104,95,105,96,105,97,106,98,106,99,106,100,105,101,105,102,105,103,105,104,104,104,103,104,102,104,101,104,100,104,99,104,98,104,97,104,96,104,95,105,94,105,93,105,92,105,91,105,90,105,89,104,89,103,88,102,88,101,88,100,88,99,88,98,88
217,92,216,93,215,94,214,95,214,96,213,97,212,98,212,99,211,100,210,101,209,102,208,103,207,104,207,105,207,106,207,107,208,108,208,109,208,110,208,111,208,112,209,112,210,112,211,112,212,112,213,113,214,113,215,113,216,114,217,114,218,115,219,116,220,116,221,117,222,118,223,118,224,118,225,118,226,117,227,116,227,115,228,114,228,113,229,112,230,111,230,110,231,109,231,108,232,107,232,106,233,105,233,104,233,103,234,102,234,101,235,100,234,99,234,98,233,97,232,96,231,95,230,95,229,95,228,95,227,95,226,94,225,94,224,94,223,94,222,94,221,93,220,93,219,93,218,93
80,94,79,95,78,96,78,97,77,98,77,99,76,100,75,100,74,100,75,101,75,102,76,103,76,104,77,105,77,106,77,107,77,108,77,109,78,110,78,111,78,112,79,112,80,113,81,114,81,115,82,115,83,115,84,114,85,114,86,113,87,113,88,112,89,112,90,111,91,110,92,110,93,109,94,108,95,107,96,106,95,106,94,105,94,104,93,103,93,102,92,101,92,100,92,99,91,98,91,97,90,96,90,95,90,94,89,94,88,94,87,94,86,94,85,94,84,94,83,94,82,94,81,94
0,98,0,99,0,100,0,101,0,102,0,103,0,104,0,105,0,106,0,107,0,108,0,109,0,110,0,111,0,112,0,113,0,114,0,115,0,116,0,117,0,118,0,119,0,120,0,121,1,121,2,120,3,120,4,120,5,119,6,119,7,118,7,117,8,116,8,115,9,114,9,113,10,112,10,111,11,110,11,109,12,108,13,107,14,107,13,106,12,106,11,105,10,104,9,103,8,102,7,102,6,101,5,100,4,99,3,99,2,98,1,98
66,99,65,100,64,100,63,101,62,101,61,102,60,102,59,103,58,103,57,104,56,104,56,105,56,106,56,107,56,108,57,109,57,110,58,111,58,112,59,113,60,114,61,115,61,116,62,117,63,117,64,118,65,119,66,119,67,119,68,119,69,119,70,119,71,119,72,119,73,118,74,117,75,116,76,116,77,115,77,114,77,113,77,112,77,111,77,110,76,109,76,108,76,107,76,106,76,105,75,104,75,103,74,102,74,101,73,100,72,100,71,100,70,99,69,99,68,99,67,99
189,100,188,101,188,102,188,103,188,104,188,105,187,106,187,107,186,108,186,109,185,110,185,111,184,112,183,113,183,114,182,115,181,116,181,117,180,118,180,119,179,120,180,120,181,121,182,122,183,123,183,124,184,125,185,126,186,126,187,126,188,126,189,126,190,126,191,126,192,126,193,126,194,126,195,127,196,126,197,125,198,124,199,123,199,122,200,121,201,120,202,119,203,118,203,117,204,116,205,115,206,114,207,113,207,112,207,111,207,110,207,109,207,108,206,107,206,106,206,105,205,105,204,104,203,104,202,103,201,103,200,103,199,102,198,102,197,102,196,102,195,102,194,101,193,101,192,101,191,100,190,100
236,100,235,101,235,102,234,103,234,104,234,105,233,106,233,107,232,108,232,109,231,110,231,111,230,112,229,113,229,114,228,115,228,116,227,117,226,118,225,119,224,119,224,120,225,121,226,122,227,122,228,123,229,124,230,124,231,123,232,123,233,123,234,123,235,123,236,123,237,123,238,123,239,123,240,123,241,123,242,123,243,124,244,124,245,124,246,124,247,125,248,125,249,126,250,126,251,126,252,127,253,127,254,127,255,127,255,126,255,125,255,124,255,123,255,122,255,121,255,120,255,119,255,118,255,117,255,116,255,115,255,114,255,113,255,112,255,111,255,110,255,109,255,108,255,107,255,106,255,105,255,104,255,103,255,102,254,102,253,102,252,102,251,102,250,102,249,102,248,102,247,102,246,101,245,101,244,101,243,101,242,101,241,101,240,100,239,100,238,100,237,100
118,101,117,102,116,102,115,102,114,103,113,103,112,103,111,104,110,104,109,104,108,104,107,104,106,104,105,104,104,105,104,106,103,107,102,108,101,108,100,109,100,110,100,111,99,112,99,113,99,114,99,115,99,116,100,117,100,118,100,119,100,120,100,121,100,122,100,123,100,124,100,125,100,126,100,127,101,127,102,127,103,127,104,127,105,126,106,126,107,126,108,126,109,126,110,126,111,126,112,125,113,125,114,125,115,125,116,125,117,124,118,124,119,124,120,124,121,124,122,124,123,123,124,123,125,123,126,123,127,123,128,123,129,123,130,123,131,123,132,123,132,122,132,121,132,120,132,119,131,118,130,117,129,116,129,115,128,114,127,113,127,112,126,111,126,110,125,109,125,108,124,107,124,106,123,105,122,104,122,103,121,102,120,101,119,101
13,108,12,109,12,110,11,111,11,112,10,113,10,114,9,115,9,116,8,117,8,118,7,119,6,120,6,121,7,122,7,123,7,124,7,125,7,126,7,127,7,128,7,129,7,130,7,131,6,132,6,133,6,134,7,135,8,136,8,137,9,138,9,139,9,140,10,141,10,142,11,143,11,144,12,145,12,146,13,146,14,146,15,146,16,146,17,146,18,145,19,144,20,143,21,142,22,141,22,140,23,139,24,138,24,137,25,136,25,135,25,134,25,133,25,132,26,131,26,130,25,129,25,128,26,127,26,126,26,125,26,124,26,123,26,122,25,121,25,120,25,119,24,118,23,117,23,116,22,115,21,114,20,113,20,112,19,111,18,110,17,110,16,109,15,108,14,108
36,110,35,111,34,111,33,111,32,112,31,112,30,113,29,114,28,115,27,116,27,117,26,118,26,119,26,120,26,121,27,122,27,123,27,124,27,125,27,126,27,127,26,128,26,129,27,130,27,131,26,132,26,133,26,134,26,135,26,136,26,137,27,138,28,139,28,140,29,141,30,142,31,143,32,144,33,144,34,144,35,144,36,144,37,144,38,144,39,144,40,144,41,144,42,143,43,142,44,141,44,140,45,139,44,138,44,137,44,136,43,135,43,134,43,133,43,132,43,131,43,130,43,129,43,128,43,127,43,126,43,125,43,124,43,123,43,122,44,121,44,120,44,119,44,118,45,117,45,116,44,115,44,114,43,113,42,112,41,111,40,111,39,111,38,111,37,110
208,113,207,114,206,115,205,116,204,117,204,118,203,119,202,120,201,121,200,122,200,123,199,124,198,125,197,126,196,127,197,128,198,129,198,130,199,131,200,132,201,133,202,134,203,135,203,136,204,137,205,138,206,139,207,140,207,141,208,142,209,142,210,142,211,141,212,141,213,141,214,140,215,140,216,139,217,139,218,138,219,138,220,137,221,136,222,136,223,135,223,134,224,133,224,132,224,131,224,130,225,129,225,128,225,127,225,126,224,125,224,124,224,123,224,122,223,121,223,120,223,119,222,119,221,118,220,117,219,117,218,116,217,115,216,115,215,114,214,114,213,114,212,113,211,113,210,113,209,113
46,116,46,117,45,118,45,119,45,120,45,121,44,122,44,123,44,124,44,125,44,126,44,127,44,128,44,129,44,130,44,131,44,132,44,133,44,134,44,135,45,136,45,137,45,138,46,138,47,138,48,138,49,138,50,138,51,138,52,137,53,137,54,136,55,135,56,134,56,133,56,132,56,131,56,130,56,129,56,128,56,127,56,126,56,125,56,124,56,123,56,122,56,121,55,120,54,119,53,118,52,117,51,117,50,116,49,116,48,116,47,116
133,119,133,120,133,121,133,122,133,123,133,124,133,125,133,126,133,127,133,128,133,129,133,130,133,131,133,132,132,133,132,134,132,135,132,136,132,137,133,137,134,137,135,137,136,137,137,137,138,137,139,137,140,136,141,136,142,136,143,136,144,135,145,135,146,135,147,134,148,134,149,134,150,134,151,134,152,134,153,134,154,134,154,133,153,132,154,131,154,130,154,129,154,128,154,127,154,126,154,125,154,124,154,123,154,122,154,121,154,120,154,119,153,119,152,119,151,119,150,120,149,120,148,120,147,120,146,120,145,120,144,120,143,120,142,120,141,119,140,119,139,119,138,119,137,119,136,119,135,119,134,119
60,120,59,121,58,121,57,121,57,122,57,123,57,124,57,125,57,126,57,127,57,128,57,129,57,130,57,131,57,132,57,133,57,134,58,135,59,135,60,135,61,135,62,135,63,135,64,136,65,135,66,135,67,134,68,133,69,132,69,131,69,130,69,129,69,128,69,127,68,126,68,125,68,124,68,123,67,122,66,121,65,120,64,120,63,120,62,120,61,120
178,121,177,122,176,123,175,123,175,124,175,125,174,126,174,127,175,128,175,129,175,130,175,131,175,132,176,133,177,134,178,135,179,136,180,135,180,134,181,133,182,132,182,131,183,130,184,129,184,128,185,127,184,126,183,125,182,124,182,123,181,122,180,121,179,121
123,124,122,125,121,125,120,125,119,125,118,125,117,125,116,126,115,126,114,126,113,126,112,126,111,127,110,127,109,127,108,127,107,127,106,127,105,127,104,128,103,128,102,128,101,128,100,128,100,129,101,130,101,131,102,132,102,133,102,134,102,135,102,136,102,137,102,138,102,139,103,140,103,141,103,142,103,143,103,144,103,145,104,146,104,147,104,148,105,149,105,150,106,151,107,151,108,151,109,151,110,151,111,151,112,152,113,152,114,152,115,152,116,153,117,153,118,154,119,154,120,153,121,152,121,151,122,150,123,149,123,148,124,147,125,146,125,145,126,144,127,143,128,142,128,141,129,140,130,139,130,138,131,137,131,136,131,135,131,134,131,133,132,132,132,131,132,130,132,129,132,128,132,127,132,126,132,125,132,124,131,124,130,124,129,124,128,124,127,124,126,124,125,124,124,124
231,124,230,125,230,126,230,127,230,128,230,129,230,130,230,131,231,132,232,131,233,131,234,130,235,130,236,130,237,130,238,130,239,131,240,130,241,130,242,130,243,130,244,130,245,130,246,130,247,130,248,130,249,129,250,129,251,129,252,129,253,128,254,128,255,128,254,128,253,128,252,128,251,127,250,127,249,127,248,126,247,126,246,125,245,125,244,125,243,125,242,124,241,124,240,124,239,124,238,124,237,124,236,124,235,124,234,124,233,124,232,124
186,127,185,128,185,129,184,130,183,131,183,132,182,133,181,134,181,135,180,136,181,137,182,138,182,139,183,140,183,141,184,142,185,143,185,144,185,145,186,146,186,147,187,148,187,149,188,150,188,151,188,152,188,153,188,154,189,155,189,156,189,157,190,157,191,156,192,156,193,155,194,155,195,155,196,154,197,154,198,154,199,153,200,153,201,153,202,152,203,152,204,151,205,151,206,150,206,149,206,148,207,147,207,146,207,145,208,144,208,143,207,142,206,141,206,140,205,139,204,138,203,137,202,136,202,135,201,134,200,133,199,132,198,131,197,130,197,129,196,128,195,128,194,127,193,127,192,127,191,127,190,127,189,127,188,127,187,127
253,129,252,130,251,130,250,130,249,130,248,131,247,131,246,131,245,131,244,131,243,131,242,131,241,131,240,131,239,132,238,131,237,131,236,131,235,131,234,131,233,132,232,132,231,133,230,134,229,135,229,136,228,137,229,138,229,139,230,140,230,141,231,142,231,143,232,144,232,145,233,146,233,147,234,148,234,149,235,150,235,151,235,152,236,153,236,154,237,154,238,154,239,154,240,154,241,154,242,153,243,153,244,153,245,153,246,153,247,153,248,153,249,153,250,153,251,153,252,153,253,153,254,153,255,153,255,152,255,151,255,150,255,149,255,148,255,147,255,146,255,145,255,144,255,143,255,142,255,141,255,140,255,139,255,138,255,137,255,136,255,135,255,134,255,133,255,132,255,131,255,130,255,129,254,129
147,135,146,136,145,136,144,136,143,137,142,137,141,137,140,137,139,138,138,138,137,138,136,138,135,138,134,138,133,138,132,138,131,138,131,139,130,140,129,141,129,142,128,143,127,144,126,145,126,146,125,147,124,148,124,149,123,150,122,151,122,152,121,153,120,154,120,155,120,156,120,157,120,158,120,159,121,160,121,161,121,162,121,163,122,164,122,165,122,166,123,167,124,167,125,168,126,168,127,168,128,169,129,169,130,169,131,169,132,169,133,169,134,169,135,169,136,169,137,169,138,169,139,169,140,168,141,168,142,168,143,167,144,167,145,167,146,166,146,165,146,164,147,163,147,162,147,161,147,160,148,159,148,158,149,157,149,156,150,155,150,154,151,153,151,152,152,151,153,150,154,149,155,148,156,147,156,146,156,145,155,144,155,143,156,142,156,141,156,140,155,139,155,138,154,137,154,136,154,135,153,135,152,135,151,135,150,135,149,135,148,135
65,136,64,137,63,138,62,139,61,139,60,140,59,141,59,142,58,143,57,144,56,145,56,146,56,147,56,148,56,149,56,150,56,151,57,152,58,153,59,153,60,154,61,154,62,155,63,155,64,156,65,156,66,156,67,156,68,156,69,156,70,156,71,156,72,156,73,155,74,154,75,153,75,152,75,151,76,150,76,149,76,148,76,147,77,146,77,145,77,144,77,143,78,142,78,141,77,140,76,139,75,138,74,138,73,137,72,137,71,136,70,136,69,136,68,136,67,136,66,136
178,136,177,137,176,137,175,137,174,138,173,139,172,139,171,140,170,141,169,142,168,143,167,143,166,144,165,145,164,146,163,147,162,147,161,147,160,148,160,149,160,150,160,151,160,152,160,153,160,154,161,155,161,156,161,157,161,158,161,159,161,160,161,161,161,162,161,163,161,164,161,165,161,166,161,167,161,168,161,169,161,170,162,170,163,170,164,170,165,170,166,170,167,169,168,169,169,169,170,169,171,169,172,169,173,169,174,169,175,168,176,168,177,168,178,168,179,168,180,169,181,169,182,169,182,168,183,167,183,166,184,165,184,164,185,163,185,162,186,161,187,160,187,159,188,158,188,157,188,156,188,155,187,154,187,153,187,152,187,151,187,150,186,149,186,148,185,147,185,146,184,145,184,144,184,143,183,142,182,141,182,140,181,139,181,138,180,137,179,137
223,136,222,137,221,137,220,138,219,139,218,139,217,140,216,140,215,141,214,141,213,142,212,142,211,142,210,143,209,143,209,144,208,145,208,146,208,147,207,148,207,149,207,150,207,151,208,152,209,153,210,154,210,155,211,156,212,157,213,158,213,159,214,160,215,161,216,162,216,163,217,163,218,163,219,163,220,163,221,162,222,162,223,162,224,162,225,162,226,161,227,161,228,161,229,160,230,160,231,159,232,159,233,158,233,157,234,156,235,155,235,154,235,153,234,152,234,151,234,150,233,149,233,148,232,147,232,146,231,145,231,144,230,143,230,142,229,141,229,140,228,139,228,138,227,137,226,137,225,137,224,137
82,140,81,141,80,141,79,141,79,142,78,143,78,144,78,145,78,146,77,147,77,148,77,149,77,150,76,151,76,152,76,153,75,154,75,155,76,156,77,157,78,158,78,159,79,160,80,161,81,161,82,161,83,161,84,161,85,161,86,161,87,161,88,161,89,160,89,159,90,158,90,157,90,156,91,155,91,154,92,153,92,152,93,151,93,150,94,149,93,148,92,147,92,146,91,145,91,144,90,143,89,143,88,142,87,141,86,141,85,141,84,140,83,140
157,147,156,148,155,149,154,150,153,151,152,152,152,153,151,154,151,155,150,156,150,157,149,158,149,159,148,160,148,161,148,162,148,163,147,164,147,165,147,166,148,167,149,167,150,168,151,169,152,169,153,169,154,170,155,170,156,170,157,170,158,170,159,170,160,171,160,170,160,169,160,168,160,167,160,166,160,165,160,164,160,163,160,162,160,161,160,160,160,159,160,158,160,157,160,156,160,155,159,154,159,153,159,152,159,151,159,150,159,149,159,148,158,147
17,148,16,149,15,150,14,151,13,152,12,153,11,154,10,155,10,156,9,157,9,158,8,159,7,160,6,161,6,162,5,163,4,164,3,165,4,166,5,167,6,168,7,169,8,170,9,171,10,171,11,172,12,173,13,173,14,173,15,173,16,173,17,173,18,173,19,173,20,173,21,174,22,174,23,174,24,174,25,174,26,174,27,174,28,174,29,173,30,173,31,173,32,172,33,171,34,171,35,170,35,169,35,168,34,167,34,166,33,165,33,164,32,163,32,162,31,161,31,160,31,159,31,158,30,157,30,156,30,155,30,154,29,153,29,152,28,151,28,150,27,150,26,150,25,150,24,150,23,150,22,150,21,150,20,150,19,150,18,150,17,150,16,149
33,148,32,149,31,149,30,149,29,150,29,151,30,152,30,153,31,154,31,155,31,156,31,157,32,158,32,159,32,160,32,161,33,162,33,163,34,164,34,165,35,166,35,167,36,168,36,169,37,169,38,169,39,169,40,169,41,169,42,169,43,168,44,168,45,168,46,168,47,168,48,168,49,168,50,168,50,167,50,166,50,165,51,164,51,163,51,162,52,161,52,160,52,159,52,158,52,157,52,156,53,155,53,154,53,153,52,153,51,152,50,152,49,152,48,151,47,151,46,151,45,151,44,151,43,151,42,150,41,150,40,150,39,150,38,149,37,149,36,148,35,148,34,148
94,150,94,151,93,152,93,153,92,154,92,155,91,156,91,157,91,158,90,159,90,160,91,161,92,162,93,163,94,164,95,165,95,166,96,167,97,167,98,167,99,168,100,168,101,167,102,167,103,167,104,166,105,166,105,165,105,164,105,163,105,162,105,161,105,160,105,159,105,158,105,157,104,156,104,155,104,154,105,153,104,152,103,152,102,151,101,151,100,151,99,150,98,150,97,150,96,150,95,150
206,151,205,152,204,152,203,153,202,153,201,154,200,154,199,154,198,155,197,155,196,155,195,156,194,156,193,156,192,157,191,157,190,158,189,158,188,159,188,160,187,161,186,162,186,163,185,164,185,165,184,166,184,167,183,168,184,168,185,169,186,169,187,169,188,169,189,169,190,170,191,170,192,170,193,171,194,171,195,171,196,172,197,172,198,173,199,173,200,173,201,174,202,174,203,174,204,174,205,173,206,172,207,171,208,170,209,169,210,168,211,168,212,167,213,166,214,165,215,164,215,163,215,162,214,161,213,160,212,159,212,158,211,157,210,156,209,155,209,154,208,153,207,152
54,152,54,153,54,154,54,155,53,156,53,157,53,158,53,159,53,160,53,161,52,162,52,163,52,164,51,165,51,166,51,167,51,168,51,169,52,170,53,170,54,170,55,170,56,170,57,170,58,170,59,170,60,170,59,169,59,168,59,167,59,166,59,165,60,164,60,163,61,162,62,161,62,160,63,159,63,158,64,157,63,156,62,156,61,155,60,155,59,154,58,154,57,153,56,152,55,152
106,152,106,153,105,154,105,155,105,156,106,157,106,158,106,159,106,160,106,161,106,162,106,163,106,164,106,165,106,166,107,167,108,167,109,168,110,168,111,169,112,170,113,170,114,171,115,171,116,171,117,171,118,170,119,170,120,169,121,168,121,167,121,166,121,165,121,164,120,163,120,162,120,161,120,160,119,159,119,158,119,157,119,156,119,155,118,155,117,154,116,154,115,153,114,153,113,153,112,153,111,152,110,152,109,152,108,152,107,152
242,154,241,155,240,155,239,155,238,155,237,155,236,155,235,156,234,157,234,158,233,159,234,160,234,161,234,162,234,163,235,164,235,165,235,166,235,167,235,168,235,169,235,170,235,171,235,172,235,173,235,174,235,175,236,175,237,175,238,176,239,176,240,176,241,177,242,177,243,177,244,178,245,178,246,178,247,179,248,179,249,180,250,180,251,180,252,181,253,181,254,181,255,181,255,180,255,179,255,178,255,177,255,176,255,175,255,174,255,173,255,172,255,171,255,170,255,169,255,168,255,167,255,166,255,165,255,164,255,163,255,162,255,161,255,160,255,159,255,158,255,157,255,156,255,155,255,154,254,154,253,154,252,154,251,154,250,154,249,154,248,154,247,154,246,154,245,154,244,154,243,154
65,157,64,158,64,159,63,160,63,161,62,162,61,163,61,164,60,165,60,166,60,167,60,168,60,169,61,170,61,171,61,172,61,173,62,174,62,175,63,176,63,177,63,178,64,177,65,177,66,177,67,177,68,177,69,176,70,176,71,176,72,176,73,176,74,176,75,175,76,175,76,174,76,173,76,172,76,171,77,170,77,169,77,168,77,167,77,166,78,165,78,164,77,163,76,162,75,161,74,160,73,159,72,158,72,157,71,157,70,157,69,157,68,157,67,157,66,157
231,160,230,161,229,161,228,162,227,162,226,162,225,163,224,163,223,163,222,163,221,163,220,164,219,164,218,164,219,165,220,166,221,167,222,168,223,168,224,169,225,170,226,171,227,172,228,173,229,173,230,174,231,175,232,176,233,176,234,175,234,174,234,173,234,172,234,171,234,170,234,169,234,168,234,167,234,166,234,165,234,164,233,163,233,162,233,161,233,160,232,160
89,161,88,162,87,162,86,162,85,162,84,162,83,162,82,162,81,162,80,162,79,163,79,164,79,165,78,166,78,167,78,168,78,169,78,170,77,171,77,172,77,173,77,174,77,175,76,176,77,177,78,178,78,179,79,180,79,181,80,182,81,183,82,182,83,182,84,182,84,181,85,180,85,179,86,178,86,177,87,176,87,175,88,174,89,173,90,172,91,171,92,170,93,169,94,168,95,168,95,167,94,166,94,165,93,164,92,163,91,162,90,161
216,164,215,165,214,166,213,167,212,168,211,169,210,169,209,170,208,171,207,172,206,173,205,174,204,175,203,175,203,176,204,177,204,178,204,179,205,180,205,181,206,182,206,183,206,184,207,185,207,186,208,186,209,186,210,187,211,187,212,187,213,187,214,187,215,188,216,188,217,188,218,189,219,189,220,190,221,190,222,190,223,191,224,191,225,191,226,191,227,190,228,189,228,188,228,187,229,186,229,185,229,184,230,183,230,182,230,181,231,180,231,179,231,178,232,177,231,176,230,175,229,174,228,174,227,173,226,172,225,171,224,170,223,169,222,169,221,168,220,167,219,166,218,165,217,164
0,165,0,166,0,167,0,168,0,169,0,170,0,171,0,172,0,173,0,174,0,175,0,176,0,177,0,178,0,179,0,180,0,181,0,182,0,183,0,184,0,185,0,186,0,187,0,188,0,189,0,190,0,191,0,192,0,193,0,194,0,195,0,196,0,197,0,198,0,199,0,200,0,201,0,202,0,203,0,204,0,205,0,206,1,206,2,206,3,207,4,207,5,207,6,207,7,207,8,208,9,208,10,208,11,207,12,207,13,206,14,205,15,204,16,204,17,203,18,202,18,201,18,200,18,199,17,198,17,197,17,196,16,195,16,194,16,193,15,192,15,191,15,190,14,189,14,188,14,187,13,186,13,185,13,184,13,183,12,182,12,181,12,180,11,179,11,178,11,177,11,176,11,175,11,174,11,173,10,172,9,172,8,171,7,170,6,169,5,168,4,167,3,166,2,165,1,165
104,167,103,168,102,168,101,168,100,169,99,170,99,171,98,172,98,173,98,174,98,175,98,176,99,177,99,178,99,179,100,180,100,181,100,182,101,183,101,184,102,185,102,186,103,186,104,186,105,186,106,185,107,184,108,183,109,182,110,181,111,180,112,180,113,179,114,178,115,177,115,176,114,175,114,174,114,173,114,172,113,171,112,171,111,170,110,169,109,169,108,168,107,168,106,167,105,167
122,167,122,168,121,169,120,170,119,171,118,171,117,172,116,172,115,172,115,173,115,174,115,175,116,176,117,176,118,177,119,177,120,178,121,179,122,180,123,181,124,182,125,182,126,182,127,182,128,182,129,182,130,182,131,182,132,182,133,183,134,183,135,183,136,184,137,184,138,185,139,185,140,186,141,187,142,186,143,186,144,186,145,186,146,186,147,185,148,185,149,184,150,183,151,182,151,181,152,180,153,179,154,178,155,177,156,176,156,175,157,174,158,173,159,172,159,171,158,171,157,171,156,171,155,171,154,171,153,170,152,170,151,170,150,169,149,168,148,168,147,167,146,167,145,168,144,168,143,168,142,169,141,169,140,169,139,170,138,170,137,170,136,170,135,170,134,170,133,170,132,170,131,170,130,170,129,170,128,170,127,169,126,169,125,169,124,168,123,168
96,168,95,169,94,169,93,170,92,171,91,172,90,173,89,174,88,175,88,176,87,177,87,178,86,179,86,180,85,181,85,182,86,183,86,184,87,185,88,186,88,187,89,188,90,189,91,190,92,190,93,190,94,190,95,189,96,189,97,189,98,189,99,188,100,188,101,188,100,187,101,186,101,185,100,184,100,183,99,182,99,181,99,180,98,179,98,178,98,177,97,176,97,175,97,174,97,173,97,172,98,171,98,170,99,169,98,168,97,168
43,169,42,170,41,170,40,170,39,170,38,170,37,170,36,170,35,171,34,172,33,172,32,173,32,174,31,175,31,176,31,177,30,178,30,179,30,180,31,181,31,182,31,183,31,184,32,185,32,186,32,187,33,188,33,189,34,190,34,191,35,191,36,191,37,191,38,191,39,191,40,192,41,192,42,192,43,193,44,193,45,194,46,194,46,193,46,192,47,191,47,190,48,189,49,188,49,187,50,186,50,185,51,184,52,183,52,182,53,181,54,180,53,179,53,178,53,177,52,176,52,175,52,174,51,173,51,172,51,171,50,170,50,169,49,169,48,169,47,169,46,169,45,169,44,169
175,169,174,170,173,170,172,170,171,170,170,170,169,170,168,170,167,170,166,171,165,171,164,171,163,171,162,171,161,171,160,172,159,173,158,174,157,175,157,176,156,177,155,178,154,179,153,180,152,181,152,182,151,183,150,184,149,185,149,186,150,187,151,188,152,189,153,190,154,191,155,192,156,193,157,194,158,195,159,196,160,196,161,197,162,198,163,198,164,198,165,198,166,198,167,198,168,197,169,197,170,197,171,197,172,197,173,197,174,197,175,197,176,197,177,197,178,197,179,197,179,196,179,195,179,194,179,193,179,192,179,191,179,190,180,189,180,188,180,187,180,186,180,185,180,184,180,183,180,182,181,181,181,180,181,179,181,178,181,177,181,176,181,175,181,174,181,173,181,172,181,171,181,170,180,170,179,169,178,169,177,169,176,169
183,169,182,170,182,171,182,172,182,173,182,174,182,175,182,176,182,177,182,178,182,179,182,180,182,181,181,182,181,183,181,184,181,185,181,186,181,187,181,188,181,189,180,190,180,191,180,192,180,193,180,194,180,195,180,196,180,197,180,198,181,198,182,198,183,198,184,198,185,198,186,198,187,198,188,198,189,198,190,198,191,198,192,198,193,198,194,198,195,199,196,199,197,199,198,199,199,199,200,199,201,199,202,199,202,198,202,197,202,196,203,195,203,194,204,193,204,192,205,191,205,190,206,189,206,188,206,187,206,186,206,185,205,184,205,183,205,182,204,181,204,180,203,179,203,178,203,177,202,176,202,175,201,175,200,174,199,174,198,174,197,173,196,173,195,172,194,172,193,172,192,171,191,171,190,171,189,170,188,170,187,170,186,170,185,170,184,169
12,174,12,175,12,176,12,177,12,178,12,179,13,180,13,181,13,182,14,183,14,184,14,185,14,186,15,187,15,188,15,189,16,190,16,191,16,192,17,193,17,194,17,195,18,196,18,197,18,198,19,199,19,200,19,201,20,201,21,201,22,202,23,202,24,202,25,202,26,202,27,202,28,201,28,200,28,199,29,198,29,197,30,196,31,195,31,194,32,193,33,192,33,191,33,190,32,189,32,188,31,187,31,186,31,185,30,184,30,183,30,182,30,181,29,180,29,179,29,178,30,177,30,176,30,175,31,174,30,174,29,174,28,175,27,175,26,175,25,175,24,175,23,175,22,175,21,175,20,174,19,174,18,174,17,174,16,174,15,174,14,174,13,174
75,176,74,177,73,177,72,177,71,177,70,177,69,177,68,178,67,178,66,178,65,178,64,178,63,179,63,180,64,181,64,182,65,183,65,184,66,185,67,186,67,187,68,188,69,189,69,190,70,191,71,192,71,193,72,194,72,195,73,196,73,197,74,198,74,199,75,199,75,198,76,197,76,196,77,195,77,194,78,193,78,192,79,191,79,190,79,189,79,188,79,187,80,186,80,185,80,184,80,183,79,182,78,181,78,180,77,179,77,178,76,177
234,176,233,177,232,178,232,179,232,180,231,181,231,182,231,183,230,184,230,185,230,186,229,187,229,188,229,189,228,190,229,191,229,192,230,193,231,194,232,195,233,196,234,197,235,198,235,199,236,200,236,201,237,202,237,203,238,204,238,205,238,206,239,207,239,208,239,209,240,210,241,209,242,209,243,209,244,210,245,210,246,210,247,211,248,212,249,212,250,213,251,213,252,213,253,213,254,214,255,213,255,212,255,211,255,210,255,209,255,208,255,207,255,206,255,205,255,204,255,203,255,202,255,201,255,200,255,199,255,198,255,197,255,196,255,195,255,194,255,193,255,192,255,191,255,190,255,189,255,188,255,187,255,186,255,185,255,184,255,183,255,182,254,182,253,182,252,182,251,181,250,181,249,181,248,180,247,180,246,179,245,179,244,179,243,178,242,178,241,178,240,177,239,177,238,177,237,176,236,176,235,176
116,177,115,178,114,179,113,180,112,181,111,181,110,182,109,183,108,184,107,185,106,186,105,187,106,188,106,189,107,190,107,191,107,192,108,193,109,194,110,193,111,193,112,193,113,192,114,191,115,191,116,190,117,189,118,188,119,188,120,187,120,186,121,185,122,184,123,183,123,182,122,181,121,180,120,179,119,178,118,178,117,177
60,180,59,181,58,181,57,181,56,181,55,181,54,181,53,182,53,183,52,184,51,185,51,186,50,187,50,188,49,189,48,190,48,191,47,192,47,193,47,194,47,195,48,196,49,197,50,198,51,198,52,199,52,200,53,201,54,202,55,202,56,203,57,204,58,204,59,204,60,203,61,203,62,203,63,203,64,203,65,203,66,203,67,203,68,203,69,203,70,203,71,203,72,203,73,203,73,202,74,201,74,200,73,199,73,198,72,197,72,196,71,195,71,194,70,193,70,192,69,191,68,190,68,189,67,188,66,187,66,186,65,185,64,184,64,183,63,182,63,181,62,180,61,180
82,183,81,184,81,185,81,186,80,187,80,188,80,189,80,190,80,191,79,192,79,193,78,194,78,195,77,196,77,197,76,198,76,199,75,200,75,201,74,202,74,203,74,204,75,205,75,206,75,207,75,208,75,209,75,210,75,211,75,212,75,213,76,214,75,215,76,216,77,216,78,217,79,217,80,218,81,218,82,218,83,219,84,219,85,219,86,218,86,217,87,216,87,215,88,214,88,213,89,212,89,211,90,210,90,209,90,208,90,207,90,206,90,205,89,204,89,203,89,202,89,201,89,200,89,199,89,198,89,197,90,196,90,195,90,194,90,193,90,192,90,191,90,190,89,189,88,188,87,187,87,186,86,185,85,184,85,183,84,183,83,183
124,183,123,184,122,185,121,186,121,187,120,188,119,189,118,189,117,190,116,191,115,192,114,192,113,193,112,194,111,194,110,194,109,195,109,196,109,197,109,198,109,199,110,200,110,201,111,201,112,202,113,202,114,202,115,203,116,203,117,203,118,204,119,204,120,204,121,205,122,205,123,205,124,206,125,206,126,206,127,207,128,207,129,207,130,206,131,205,132,204,132,203,133,202,134,201,134,200,135,199,135,198,136,197,137,196,137,195,138,194,138,193,138,192,139,191,139,190,140,189,140,188,140,187,139,186,138,186,137,185,136,185,135,184,134,184,133,184,132,183,131,183,130,183,129,183,128,183,127,183,126,183,125,183
147,186,146,187,145,187,144,187,143,187,142,187,141,188,141,189,140,190,140,191,139,192,139,193,139,194,138,195,138,196,137,197,136,198,136,199,135,200,135,201,134,202,133,203,133,204,132,205,131,206,130,207,130,208,130,209,131,210,131,211,131,212,132,213,132,214,132,215,133,216,133,217,134,217,135,217,136,217,137,217,138,216,139,216,140,216,141,216,142,216,143,216,144,215,145,215,146,215,147,215,148,215,149,215,150,215,151,215,152,215,153,215,154,215,155,215,156,215,157,215,158,215,159,215,159,214,159,213,159,212,159,211,160,210,160,209,160,208,160,207,161,206,161,205,161,204,161,203,161,202,161,201,162,200,162,199,161,198,160,197,159,197,158,196,157,195,156,194,155,193,154,192,153,191,152,190,151,189,150,188,149,187,148,186
207,187,207,188,207,189,206,190,206,191,205,192,205,193,204,194,204,195,203,196,203,197,203,198,203,199,203,200,203,201,204,202,204,203,205,204,206,205,207,205,208,206,209,206,210,207,211,207,212,208,213,208,214,209,215,209,216,208,216,207,217,206,218,205,218,204,219,203,219,202,220,201,221,200,221,199,222,198,222,197,223,196,223,195,224,194,224,193,224,192,223,192,222,191,221,191,220,191,219,190,218,190,217,189,216,189,215,189,214,188,213,188,212,188,211,188,210,188,209,187,208,187
99,189,98,190,97,190,96,190,95,190,94,191,93,191,92,191,91,191,91,192,91,193,91,194,91,195,91,196,90,197,90,198,90,199,90,200,90,201,90,202,90,203,90,204,91,205,91,206,91,207,91,208,91,209,92,210,93,210,94,211,95,211,96,211,97,211,98,210,99,210,100,209,101,208,102,207,103,207,104,206,105,205,106,204,107,203,108,202,109,201,109,200,108,199,108,198,108,197,108,196,108,195,108,194,107,193,106,193,105,192,104,191,103,191,102,190,102,189,101,189,100,189
227,191,226,192,225,192,225,193,225,194,224,195,224,196,223,197,223,198,222,199,222,200,221,201,220,202,220,203,219,204,219,205,218,206,217,207,217,208,216,209,216,210,216,211,216,212,217,213,217,214,217,215,218,216,219,217,220,217,221,217,222,218,222,217,223,216,224,216,225,217,226,217,227,217,228,218,229,218,230,218,231,218,232,217,231,216,232,215,233,214,234,213,235,213,236,213,237,212,238,211,239,210,238,209,238,208,238,207,237,206,237,205,237,204,236,203,236,202,235,201,235,200,234,199,234,198,233,197,232,196,231,195,230,194,229,193,228,192,228,191
34,192,33,193,32,194,32,195,31,196,30,197,30,198,29,199,29,200,29,201,28,202,29,203,30,204,31,205,32,206,33,206,34,205,35,204,36,204,37,203,38,202,39,202,40,201,41,200,41,199,42,198,43,197,44,196,45,195,44,194,43,194,42,193,41,193,40,193,39,192,38,192,37,192,36,192,35,192
46,195,45,196,44,197,43,198,42,199,42,200,41,201,40,202,39,203,38,203,37,204,36,205,35,205,34,206,33,207,33,208,33,209,33,210,33,211,34,212,34,213,34,214,34,215,34,216,34,217,35,218,35,219,35,220,35,221,36,222,36,223,37,223,38,223,39,223,40,224,41,224,42,224,43,224,44,225,45,225,46,225,47,226,48,226,49,226,50,226,51,226,51,225,52,224,52,223,52,222,53,221,53,220,53,219,53,218,54,217,54,216,54,215,54,214,54,213,55,212,55,211,55,210,55,209,55,208,56,207,56,206,56,205,56,204,55,203,54,203,53,202,52,201,51,200,51,199,50,199,49,198,48,197,47,196
168,198,167,199,166,199,165,199,164,199,163,199,163,200,162,201,162,202,162,203,162,204,162,205,162,206,161,207,161,208,161,209,161,210,160,211,160,212,160,213,160,214,160,215,160,216,161,217,162,218,162,219,163,220,164,220,165,220,166,220,167,220,168,221,169,221,170,221,171,221,172,221,173,222,174,222,175,222,176,222,177,221,178,220,179,219,180,218,181,217,182,216,182,215,182,214,181,213,181,212,181,211,180,210,180,209,180,208,180,207,179,206,179,205,179,204,179,203,179,202,179,201,179,200,179,199,179,198,178,198,177,198,176,198,175,198,174,198,173,198,172,198,171,198,170,198,169,198
180,199,180,200,180,201,180,202,180,203,180,204,180,205,180,206,181,207,181,208,181,209,181,210,182,211,182,212,182,213,183,214,183,215,184,215,185,215,186,215,187,215,188,215,189,215,190,215,191,215,192,215,193,215,194,215,195,215,196,216,197,216,197,215,198,214,198,213,199,212,200,211,200,210,201,209,201,208,202,207,203,206,204,205,204,204,203,203,203,202,202,201,202,200,201,200,200,200,199,200,198,200,197,200,196,200,195,200,194,199,193,199,192,199,191,199,190,199,189,199,188,199,187,199,186,199,185,199,184,199,183,199,182,199,181,199
19,202,18,203,17,204,16,205,15,205,14,206,13,207,12,208,11,208,10,209,10,210,10,211,10,212,10,213,11,214,11,215,11,216,11,217,12,218,12,219,12,220,13,221,13,222,13,223,14,224,14,225,14,226,14,227,15,228,15,229,15,230,16,231,16,232,17,233,18,233,19,233,20,232,21,232,22,232,23,232,24,232,25,232,26,232,27,232,28,232,29,232,29,231,30,230,31,229,31,228,32,227,33,226,34,225,34,224,35,223,35,222,34,221,34,220,34,219,34,218,33,217,33,216,33,215,33,214,33,213,33,212,32,211,32,210,32,209,32,208,32,207,31,206,30,205,29,204,28,203,27,203,26,203,25,203,24,203,23,203,22,203,21,202,20,202
109,202,108,203,107,204,106,205,105,206,104,207,103,208,102,208,101,209,100,210,99,211,98,211,97,212,97,213,97,214,96,215,96,216,96,217,96,218,96,219,95,220,95,221,95,222,95,223,95,224,96,225,96,226,96,227,97,227,98,227,99,227,100,227,101,228,102,228,103,228,104,228,105,228,106,229,107,229,108,229,109,230,110,230,111,231,112,231,113,232,114,232,115,233,116,233,117,234,118,234,119,235,120,234,120,233,121,232,122,231,123,230,124,229,125,228,126,227,127,226,128,225,129,224,130,223,131,222,132,221,132,220,133,219,133,218,132,217,132,216,131,215,131,214,131,213,130,212,130,211,130,210,129,209,129,208,128,208,127,208,126,207,125,207,124,207,123,206,122,206,121,206,120,205,119,205,118,205,117,204,116,204,115,204,114,203,113,203,112,203,111,202,110,202
60,204,59,205,58,205,57,205,57,206,57,207,56,208,56,209,56,210,56,211,56,212,55,213,55,214,55,215,55,216,55,217,54,218,54,219,54,220,54,221,53,222,53,223,53,224,52,225,52,226,52,227,52,228,53,229,53,230,54,231,54,232,55,233,55,234,56,235,57,236,58,236,59,235,60,235,61,234,62,233,63,233,64,232,65,232,66,231,66,230,66,229,67,228,67,227,67,226,68,225,68,224,69,223,69,222,70,221,70,220,71,219,72,218,73,217,74,216,74,215,75,214,74,213,74,212,74,211,74,210,74,209,74,208,74,207,74,206,74,205,73,204,72,204,71,204,70,204,69,204,68,204,67,204,66,204,65,204,64,204,63,204,62,204,61,204
205,205,204,206,203,207,202,208,202,209,201,210,201,211,200,212,199,213,199,214,198,215,198,216,198,217,199,218,199,219,200,220,200,221,201,222,201,223,202,224,202,225,203,226,203,227,203,228,204,229,204,230,204,231,205,232,206,233,207,233,208,234,209,234,210,234,211,234,212,233,213,233,213,232,214,231,215,230,215,229,215,228,216,227,216,226,216,225,216,224,216,223,217,222,217,221,217,220,218,219,218,218,218,217,217,216,216,215,216,214,216,213,215,212,215,211,215,210,214,210,213,209,212,209,211,208,210,208,209,207,208,207,207,206,206,206
0,207,0,208,0,209,0,210,0,211,0,212,0,213,0,214,0,215,0,216,0,217,0,218,0,219,0,220,0,221,0,222,0,223,0,224,0,225,0,226,0,227,0,228,0,229,0,230,0,231,0,232,0,233,0,234,0,235,0,236,0,237,0,238,0,239,0,240,0,241,0,242,0,243,1,243,2,243,3,243,4,244,5,244,6,244,7,244,8,244,9,244,10,244,10,243,11,242,11,241,12,240,13,239,13,238,14,237,14,236,15,235,16,234,16,233,15,232,15,231,14,230,14,229,14,228,13,227,13,226,13,225,13,224,12,223,12,222,12,221,11,220,11,219,11,218,10,217,10,216,10,215,10,214,9,213,9,212,9,211,9,210,9,209,8,209,7,208,6,208,5,208,4,208,3,208,2,207,1,207
75,216,74,217,73,218,72,219,71,220,71,221,70,222,70,223,69,224,69,225,68,226,68,227,68,228,67,229,67,230,68,231,68,232,68,233,69,233,70,234,71,234,72,234,73,235,74,234,75,233,76,232,77,231,78,230,78,229,79,228,80,227,81,226,82,225,82,224,83,223,84,222,84,221,84,220,83,220,82,219,81,219,80,219,79,218,78,218,77,217,76,217
144,216,143,217,142,217,141,217,140,217,139,217,138,217,137,218,136,218,135,218,134,218,134,219,133,220,133,221,133,222,134,223,135,224,136,225,136,226,137,227,138,228,138,229,139,230,140,231,140,232,141,233,142,233,143,233,144,233,145,233,146,233,147,232,148,232,149,233,150,233,151,233,152,233,153,232,154,232,155,232,156,232,157,231,157,230,158,229,158,228,158,227,159,226,159,225,160,224,160,223,161,222,161,221,162,220,161,219,161,218,160,217,159,216,158,216,157,216,156,216,155,216,154,216,153,216,152,216,151,216,150,216,149,216,148,216,147,216,146,216,145,216
183,216,182,217,181,218,180,219,179,220,178,221,177,222,176,223,176,224,177,225,177,226,177,227,177,228,177,229,178,230,178,231,178,232,178,233,178,234,179,234,180,235,181,235,182,235,183,236,184,236,185,237,186,237,187,238,188,238,189,238,190,238,191,237,192,237,193,237,194,236,195,236,196,235,197,235,198,235,199,234,200,234,201,233,202,233,203,232,204,232,203,231,203,230,203,229,202,228,202,227,202,226,201,225,201,224,200,223,200,222,199,221,199,220,198,219,198,218,197,217,196,217,195,216,194,216,193,216,192,216,191,216,190,216,189,216,188,216,187,216,186,216,185,216,184,216
250,217,249,218,248,218,247,219,246,220,245,221,244,221,245,222,245,223,245,224,245,225,245,226,245,227,245,228,244,229,245,230,245,231,246,232,247,233,248,234,249,235,250,236,251,237,251,238,252,239,253,240,254,241,255,242,255,241,255,240,255,239,255,238,255,237,255,236,255,235,255,234,255,233,255,232,255,231,255,230,255,229,255,228,255,227,255,226,255,225,255,224,255,223,255,222,255,221,255,220,255,219,255,218,255,217,254,217,253,217,252,217,251,217
162,221,162,222,161,223,161,224,160,225,160,226,159,227,159,228,159,229,158,230,158,231,157,232,157,233,158,234,159,235,160,236,160,237,161,238,162,239,163,239,164,239,165,239,166,240,167,240,168,240,169,241,170,241,171,240,172,239,173,238,174,237,175,237,176,236,177,235,177,234,177,233,177,232,177,231,177,230,176,229,176,228,176,227,176,226,176,225,175,224,175,223,174,223,173,223,172,222,171,222,170,222,169,222,168,222,167,221,166,221,165,221,164,221,163,221
85,222,84,223,83,224,83,225,82,226,81,227,80,228,79,229,79,230,78,231,77,232,76,233,75,234,74,235,74,236,74,237,75,238,75,239,76,240,76,241,76,242,77,243,77,244,78,245,78,246,79,247,80,246,81,246,82,246,83,246,84,245,85,245,86,244,87,243,88,243,89,242,90,242,91,241,92,240,93,239,93,238,93,237,93,236,93,235,94,234,94,233,94,232,94,231,95,230,95,229,95,228,95,227,95,226,95,225,94,224,94,223,94,222,93,223,92,223,91,223,90,222,89,222,88,222,87,222,86,222
132,222,131,223,130,224,129,225,128,226,127,227,126,228,125,229,124,230,123,231,122,232,121,233,121,234,120,235,120,236,120,237,120,238,121,239,121,240,122,240,123,240,124,240,125,240,126,241,127,241,128,241,129,241,130,241,131,241,132,242,133,242,134,242,135,242,136,241,136,240,137,239,137,238,138,237,138,236,139,235,140,234,140,233,139,232,139,231,138,230,137,229,137,228,136,227,135,226,135,225,134,224,133,223
35,224,35,225,34,226,33,227,32,228,32,229,31,230,30,231,30,232,30,233,30,234,31,235,31,236,31,237,32,238,32,239,32,240,33,241,33,242,33,243,34,244,34,245,34,246,35,247,35,248,35,249,36,250,36,251,37,252,37,253,37,254,37,255,38,255,39,255,40,255,41,255,42,255,43,255,44,255,45,255,46,255,47,255,48,255,49,255,50,254,51,254,52,254,53,254,54,254,55,254,55,253,55,252,56,251,56,250,56,249,56,248,56,247,56,246,57,245,57,244,57,243,58,242,58,241,59,240,60,239,61,238,61,237,62,236,63,235,64,234,65,233,66,232,67,231,66,232,65,233,64,233,63,234,62,234,61,235,60,236,59,236,58,237,57,237,56,236,55,235,54,234,54,233,53,232,53,231,52,230,52,229,51,228,51,227,50,227,49,227,48,227,47,227,46,226,45,226,44,226,43,225,42,225,41,225,40,225,39,224,38,224,37,224,36,224
96,228,96,229,96,230,95,231,95,232,95,233,95,234,94,235,94,236,94,237,94,238,94,239,93,240,94,240,95,241,96,242,97,242,98,243,99,243,100,244,101,244,102,245,103,246,104,247,105,247,106,248,107,249,108,249,109,250,110,250,111,250,112,251,113,251,113,250,114,249,115,248,116,247,116,246,117,245,118,244,119,243,119,242,120,241,120,240,120,239,119,238,119,237,119,236,118,235,117,235,116,234,115,234,114,233,113,233,112,232,111,232,110,231,109,231,108,230,107,230,106,230,105,229,104,229,103,229,102,229,101,229,100,228,99,228,98,228,97,228
238,230,237,231,237,232,237,233,237,234,236,235,236,236,235,237,235,238,234,239,233,240,233,241,234,242,234,243,234,244,235,245,235,246,235,247,236,248,236,249,237,250,237,251,237,252,238,251,239,251,240,250,241,249,242,249,243,248,244,248,245,247,246,247,247,247,248,246,249,246,250,246,251,246,252,246,253,245,254,244,254,243,254,242,253,241,252,240,251,239,250,238,250,237,249,236,248,235,247,234,246,233,245,232,244,231,244,230,243,230,242,230,241,230,240,230,239,230
67,232,66,233,65,234,64,235,63,236,62,237,62,238,61,239,60,240,59,241,59,242,58,243,58,244,58,245,57,246,57,247,57,248,57,249,57,250,57,251,56,252,56,253,56,254,57,255,58,255,59,255,60,255,61,255,62,255,63,255,64,255,65,255,66,255,67,255,68,255,69,255,70,255,71,254,72,254,73,253,74,253,75,252,76,251,76,250,77,249,77,248,78,247,77,246,77,245,76,244,76,243,75,242,75,241,75,240,74,239,74,238,73,237,73,236,72,235,71,235,70,235,69,234,68,234,67,233
20,233,19,234,18,234,17,234,16,235,15,236,15,237,14,238,14,239,13,240,12,241,12,242,11,243,11,244,11,245,12,246,13,247,13,248,14,249,14,250,15,251,16,252,16,253,17,254,17,255,18,255,19,255,20,255,21,255,22,255,23,255,24,255,25,255,26,255,27,255,28,255,29,255,30,255,31,255,32,255,33,255,34,255,35,255,36,255,36,254,36,253,36,252,35,251,35,250,34,249,34,248,34,247,33,246,33,245,33,244,32,243,32,242,32,241,31,240,31,239,31,238,30,237,30,236,30,235,29,234,29,233,28,233,27,233,26,233,25,233,24,233,23,233,22,233,21,233
147,233,146,234,145,234,144,234,143,234,142,234,141,234,140,235,139,236,139,237,138,238,138,239,137,240,137,241,136,242,136,243,136,244,137,245,137,246,137,247,138,248,138,249,138,250,139,251,139,252,139,253,139,254,139,255,140,255,141,255,142,255,143,255,144,255,145,255,146,255,147,255,148,255,149,255,150,255,150,254,150,253,151,252,151,251,152,250,152,249,153,248,154,247,154,246,155,245,156,244,157,243,157,242,158,241,159,240,160,239,160,238,159,237,159,236,158,235,157,234,156,233,155,233,154,233,153,233,152,234,151,234,150,234,149,234,148,233
203,233,202,234,201,234,200,235,199,235,198,236,197,236,196,236,195,237,194,237,193,238,192,238,191,238,190,239,189,239,189,240,189,241,189,242,189,243,189,244,189,245,189,246,189,247,189,248,189,249,189,250,189,251,190,252,190,253,190,254,190,255,191,255,192,255,193,255,194,255,195,255,196,255,197,255,198,255,199,255,200,255,201,255,202,255,203,255,204,255,205,255,206,255,207,255,208,255,208,254,208,253,209,252,209,251,209,250,210,249,209,248,209,247,209,246,210,245,210,244,210,243,211,242,211,241,211,240,210,239,210,238,210,237,210,236,210,235,209,235,208,235,207,234,206,234,205,233,204,233
178,235,177,236,176,237,175,238,174,238,173,239,172,240,171,241,170,242,170,243,170,244,170,245,171,246,171,247,171,248,171,249,171,250,171,251,171,252,171,253,171,254,171,255,172,255,173,255,174,255,175,255,176,255,177,255,178,255,179,255,180,255,181,255,182,255,183,255,184,255,185,255,186,255,187,255,188,255,189,255,189,254,189,253,189,252,188,251,188,250,188,249,188,248,188,247,188,246,188,245,188,244,188,243,188,242,188,241,188,240,188,239,187,239,186,238,185,238,184,237,183,237,182,236,181,236,180,236,179,235
161,239,160,240,159,241,158,242,158,243,157,244,156,245,155,246,155,247,154,248,153,249,153,250,152,251,152,252,151,253,151,254,151,255,152,255,153,255,154,255,155,255,156,255,157,255,158,255,159,255,160,255,161,255,162,255,163,255,164,255,165,255,166,255,167,255,168,255,169,255,170,255,170,254,170,253,170,252,170,251,170,250,170,249,170,248,170,247,170,246,169,245,169,244,169,243,169,242,168,241,167,241,166,241,165,240,164,240,163,240,162,240
227,239,226,240,225,241,224,241,223,242,222,243,221,244,221,245,220,246,219,247,219,248,219,249,219,250,219,251,219,252,220,253,221,254,222,255,223,255,224,255,225,255,226,255,227,255,228,255,229,255,230,255,231,255,232,255,233,255,234,255,235,255,236,254,236,253,236,252,236,251,236,250,235,249,235,248,234,247,234,246,234,245,233,244,233,243,233,242,232,241,232,240,231,240,230,240,229,240,228,239
92,241,91,242,90,243,89,243,88,244,87,244,86,245,85,246,84,246,83,247,82,247,81,247,80,247,80,248,80,249,80,250,81,251,82,252,81,253,82,254,82,255,83,255,84,255,85,255,86,255,87,255,88,255,89,255,90,255,91,255,92,255,93,255,94,255,95,255,96,255,97,255,98,255,99,255,100,255,101,255,102,255,103,255,104,255,105,255,106,255,107,255,108,255,109,255,110,255,111,255,112,255,113,255,114,255,114,254,113,253,113,252,112,252,111,251,110,251,109,251,108,250,107,250,106,249,105,248,104,248,103,247,102,246,101,245,100,245,99,244,98,244,97,243,96,243,95,242,94,241,93,241
121,241,120,242,120,243,119,244,118,245,117,246,117,247,116,248,115,249,114,250,114,251,114,252,114,253,115,254,115,255,116,255,117,255,118,255,119,255,120,255,121,255,122,255,123,255,124,255,125,255,126,255,127,255,128,255,129,255,130,255,131,255,132,255,133,255,134,255,135,255,136,255,137,255,138,255,138,254,138,253,138,252,138,251,137,250,137,249,137,248,136,247,136,246,136,245,135,244,135,243,134,243,133,243,132,243,131,242,130,242,129,242,128,242,127,242,126,242,125,241,124,241,123,241,122,241
0,244,0,245,0,246,0,247,0,248,0,249,0,250,0,251,0,252,0,253,0,254,0,255,1,255,2,255,3,255,4,255,5,255,6,255,7,255,8,255,9,255,10,255,11,255,12,255,13,255,14,255,15,255,16,255,16,254,15,253,15,252,14,251,13,250,13,249,12,248,12,247,11,246,10,245,9,245,8,245,7,245,6,245,5,245,4,245,3,244,2,244,1,244
248,247,247,248,246,248,245,248,244,249,243,249,242,250,241,250,240,251,239,252,238,252,237,253,237,254,238,254,239,255,240,255,241,255,242,255,243,255,244,255,245,255,246,255,247,255,248,255,249,255,250,255,251,255,252,255,253,255,254,255,255,254,255,253,255,252,254,251,253,250,253,249,253,248,252,247,251,247,250,247,249,247
