0,0,0,1,0,2,0,3,0,4,0,5,0,6,0,7,0,8,0,9,0,10,0,11,0,12,0,13,0,14,0,15,0,16,0,17,1,17,2,18,3,18,4,19,5,20,6,21,7,21,8,21,9,21,10,21,11,22,12,22,13,22,14,22,15,21,16,20,17,20,18,19,18,18,18,17,18,16,18,15,18,14,18,13,18,12,18,11,18,10,18,9,18,8,18,7,17,7,16,7,15,7,14,6,13,6,12,5,11,5,10,4,9,3,9,2,8,1,8,0,7,0,6,0,5,0,4,0,3,0,2,0,1,0
9,0,9,1,10,2,10,3,11,4,12,4,13,5,14,5,15,6,16,6,17,6,18,6,19,5,19,4,20,3,20,2,20,1,20,0,19,0,18,0,17,0,16,0,15,0,14,0,13,0,12,0,11,0,10,0
21,0,21,1,21,2,21,3,20,4,20,5,19,6,19,7,19,8,19,9,19,10,19,11,19,12,19,13,19,14,19,15,19,16,19,17,19,18,19,19,20,19,21,19,22,19,23,19,24,19,25,19,26,20,27,20,28,20,29,20,30,20,31,20,32,21,33,21,34,21,35,21,36,22,37,22,38,22,39,23,40,23,41,24,42,24,43,25,44,25,45,24,46,23,47,22,48,21,49,20,50,20,51,19,52,18,51,17,51,16,51,15,51,14,51,13,51,12,51,11,51,10,51,9,51,8,50,7,50,6,50,5,50,4,50,3,50,2,50,1,49,1,48,1,47,1,46,1,45,0,44,0,43,0,42,0,41,0,40,0,39,0,38,0,37,0,36,0,35,0,34,0,33,0,32,0,31,0,30,0,29,0,28,0,27,0,26,0,25,0,24,0,23,0,22,0
53,0,52,1,51,1,51,2,51,3,51,4,51,5,51,6,51,7,52,8,52,9,52,10,52,11,52,12,52,13,52,14,52,15,52,16,52,17,53,18,53,19,54,20,55,20,56,21,57,22,58,23,58,24,59,25,60,26,60,27,61,28,62,28,63,28,64,29,65,29,66,30,67,30,68,30,69,30,70,30,71,29,72,28,72,27,73,26,74,25,75,24,76,23,77,22,77,21,78,20,79,19,80,18,80,17,81,16,82,15,83,14,82,13,82,12,82,11,82,10,82,9,82,8,82,7,83,6,83,5,83,4,82,3,81,3,80,2,79,2,78,1,77,0,76,0,75,0,74,0,73,0,72,0,71,0,70,0,69,0,68,0,67,0,66,0,65,0,64,0,63,0,62,0,61,0,60,0,59,0,58,0,57,0,56,0,55,0,54,0
117,0,116,1,115,2,115,3,115,4,114,5,114,6,113,7,112,8,113,9,114,10,114,11,115,12,116,13,117,14,118,15,118,16,119,17,120,18,121,19,121,20,122,21,123,21,124,20,125,20,126,20,127,20,128,19,129,19,130,18,131,18,132,18,133,17,133,16,133,15,133,14,133,13,133,12,133,11,133,10,133,9,134,8,134,7,134,6,134,5,134,4,134,3,134,2,134,1,133,0,132,0,131,0,130,0,129,0,128,0,127,0,126,0,125,0,124,0,123,0,122,0,121,0,120,0,119,0,118,0
175,0,174,1,174,2,174,3,174,4,174,5,175,6,176,6,177,7,178,7,179,7,180,7,181,7,182,8,183,8,184,8,185,7,186,7,187,7,188,7,189,7,190,7,191,7,192,7,193,6,194,6,195,5,196,4,196,3,196,2,196,1,196,0,195,0,194,0,193,0,192,0,191,0,190,0,189,0,188,0,187,0,186,0,185,0,184,0,183,0,182,0,181,0,180,0,179,0,178,0,177,0,176,0
197,0,197,1,197,2,197,3,198,3,199,4,200,4,201,5,202,5,203,6,204,6,205,6,206,6,207,7,208,7,209,7,210,7,211,7,212,7,213,7,214,7,215,7,216,7,217,6,218,5,218,4,218,3,218,2,218,1,217,0,216,0,215,0,214,0,213,0,212,0,211,0,210,0,209,0,208,0,207,0,206,0,205,0,204,0,203,0,202,0,201,0,200,0,199,0,198,0
241,7,240,8,239,8,238,8,237,9,236,10,236,11,236,12,236,13,237,14,237,15,238,16,239,17,240,17,241,18,242,18,243,19,244,19,245,20,246,20,247,20,248,20,249,20,250,20,251,20,252,20,253,19,254,19,255,18,255,17,255,16,255,15,255,14,255,13,255,12,255,11,255,10,254,9,253,9,252,8,251,8,250,7,249,7,248,7,247,7,246,7,245,7,244,7,243,7,242,7
143,10,142,11,141,11,140,11,139,12,138,13,137,14,136,15,135,16,134,16,134,17,134,18,135,19,135,20,136,21,136,22,136,23,137,24,137,25,138,26,138,27,139,28,139,29,140,30,141,31,142,31,143,32,144,32,145,32,146,33,147,33,148,33,149,32,149,31,150,30,151,29,151,28,152,27,153,26,153,25,154,24,154,23,154,22,154,21,154,20,154,19,153,18,153,17,153,16,152,15,152,14,151,13,150,12,149,12,148,11,147,11,146,10,145,10,144,11
169,11,168,12,167,12,166,12,165,12,164,12,163,12,162,13,162,14,162,15,161,16,160,17,160,18,160,19,159,20,158,21,157,22,156,23,155,23,155,24,154,25,154,26,153,27,152,28,152,29,151,30,150,31,150,32,149,33,149,34,150,35,151,36,152,37,153,38,154,39,155,40,156,40,157,41,158,41,159,41,160,41,161,41,162,41,162,40,162,39,163,38,164,37,165,36,166,36,167,35,168,34,169,33,170,33,170,32,170,31,170,30,170,29,171,28,171,27,171,26,171,25,172,24,172,23,172,22,173,21,174,20,175,19,176,18,175,18,174,17,174,16,173,15,172,14,172,13,171,12,170,12
199,14,198,15,197,15,196,15,195,15,194,16,193,16,192,16,191,17,190,17,189,18,188,18,187,19,186,19,185,19,184,20,183,20,183,21,183,22,183,23,184,24,184,25,184,26,184,27,185,28,185,29,185,30,185,31,185,32,185,33,185,34,184,35,185,35,186,36,187,37,188,38,188,39,189,39,190,39,191,39,192,39,193,39,194,39,195,39,196,39,197,40,198,40,199,40,200,40,201,40,202,40,203,39,203,38,204,37,204,36,205,35,206,34,206,33,206,32,206,31,206,30,206,29,206,28,206,27,206,26,207,25,207,24,207,23,208,22,208,21,209,20,208,19,207,18,206,17,205,16,204,16,203,15,202,15,201,15,200,15
83,15,82,16,81,17,81,18,80,19,79,20,78,21,78,22,77,23,76,24,75,25,74,26,73,27,73,28,72,29,71,30,70,31,71,32,71,33,71,34,71,35,72,36,72,37,73,38,74,38,75,39,76,39,77,40,78,40,79,41,80,41,81,41,82,41,83,41,84,41,85,41,86,41,87,41,88,41,89,41,90,41,91,41,92,41,93,41,94,40,95,40,96,40,97,40,98,40,99,40,100,40,101,40,101,39,101,38,102,37,102,36,102,35,102,34,102,33,102,32,102,31,102,30,102,29,102,28,102,27,103,26,102,25,102,24,102,23,102,22,102,21,102,20,102,19,101,18,101,17,101,16,100,16,99,16,98,16,97,16,96,16,95,16,94,15,93,15,92,15,91,15,90,15,89,15,88,15,87,15,86,15,85,15,84,15
0,18,0,19,0,20,0,21,0,22,0,23,0,24,0,25,0,26,0,27,0,28,0,29,0,30,0,31,0,32,0,33,0,34,0,35,0,36,0,37,0,38,0,39,0,40,0,41,0,42,0,43,0,44,0,45,0,46,1,47,2,48,2,49,3,48,4,48,5,48,6,47,7,47,8,46,9,46,10,46,11,45,12,45,13,44,14,43,15,43,16,42,16,41,16,40,16,39,16,38,16,37,16,36,16,35,16,34,16,33,15,32,15,31,15,30,15,29,15,28,14,27,14,26,14,25,13,24,13,23,12,23,11,23,10,22,9,22,8,22,7,22,6,22,5,21,4,20,3,19,2,19,1,18
133,18,132,19,131,19,130,19,129,20,128,20,127,21,126,21,125,21,124,21,123,22,122,22,121,23,121,24,121,25,120,26,120,27,119,28,118,29,118,30,117,31,117,32,116,33,116,34,115,35,114,36,114,37,113,38,113,39,112,40,112,41,112,42,112,43,112,44,113,45,113,46,113,47,113,48,113,49,113,50,114,50,115,50,116,49,117,49,118,49,119,48,120,48,121,47,122,47,123,46,124,46,125,45,126,44,127,44,128,43,129,42,130,41,131,40,132,39,133,38,134,37,135,36,136,35,137,34,138,33,139,32,140,31,139,30,138,29,138,28,137,27,137,26,136,25,136,24,135,23,135,22,135,21,134,20,134,19
52,19,51,20,50,21,49,21,48,22,47,23,46,24,45,25,45,26,45,27,45,28,46,29,46,30,46,31,46,32,47,33,48,34,49,35,50,36,51,36,52,37,53,37,54,36,55,35,55,34,56,33,57,32,57,31,58,30,59,29,60,28,59,27,59,26,58,25,57,24,57,23,56,22,55,21,54,21,53,20
176,19,175,20,174,21,173,22,173,23,173,24,172,25,172,26,172,27,172,28,171,29,171,30,171,31,171,32,172,33,173,34,174,34,175,35,176,35,177,35,178,35,179,35,180,35,181,35,182,35,183,35,184,34,184,33,184,32,184,31,184,30,184,29,184,28,183,27,183,26,183,25,183,24,182,23,182,22,182,21,182,20,181,20,180,20,179,19,178,19,177,19
18,20,17,21,16,21,15,22,14,23,14,24,15,25,15,26,15,27,16,28,16,29,16,30,16,31,16,32,17,33,17,34,17,35,17,36,17,37,17,38,17,39,17,40,17,41,17,42,17,43,18,44,19,45,20,45,21,46,22,46,23,46,24,45,25,45,26,44,27,44,28,44,29,43,30,43,31,43,32,43,33,43,34,42,35,42,36,42,37,42,38,42,39,43,40,43,41,43,42,43,43,44,44,44,45,44,46,44,47,44,48,45,49,45,50,45,51,45,51,44,52,43,52,42,52,41,52,40,52,39,52,38,51,37,50,37,49,36,48,35,47,34,46,33,45,32,45,31,45,30,45,29,44,28,44,27,44,26,43,26,42,25,41,25,40,24,39,24,38,23,37,23,36,23,35,22,34,22,33,22,32,22,31,21,30,21,29,21,28,21,27,21,26,21,25,20,24,20,23,20,22,20,21,20,20,20,19,20
210,20,209,21,209,22,208,23,208,24,208,25,207,26,207,27,207,28,207,29,207,30,207,31,207,32,207,33,208,33,209,33,210,32,211,32,212,32,213,31,214,31,215,30,216,30,217,29,218,29,219,29,220,28,221,28,222,28,223,28,224,28,225,28,226,28,227,28,228,27,228,26,229,25,229,24,229,23,228,22,227,22,226,21,225,21,224,21,223,20,222,20,221,20,220,20,219,20,218,20,217,20,216,20,215,20,214,20,213,20,212,20,211,20
220,29,219,30,218,30,217,30,216,31,215,31,215,32,215,33,215,34,216,35,216,36,217,37,218,38,219,39,220,39,221,40,222,40,223,40,224,41,225,41,226,40,227,39,228,38,228,37,228,36,228,35,228,34,228,33,228,32,227,31,226,30,226,29,225,29,224,29,223,29,222,29,221,29
140,32,139,33,138,34,137,35,136,36,135,37,134,38,133,39,132,40,131,41,130,42,129,43,128,44,127,45,126,45,125,46,124,47,123,47,122,48,121,48,120,49,119,49,118,50,117,50,116,50,115,51,114,51,113,51,113,52,113,53,113,54,114,55,114,56,114,57,114,58,114,59,114,60,114,61,114,62,114,63,114,64,114,65,114,66,115,67,116,68,117,69,118,70,119,70,120,71,121,72,122,72,123,73,124,72,125,72,126,72,127,72,128,72,129,72,130,72,131,72,132,71,133,71,134,70,134,69,134,68,135,67,135,66,136,65,137,64,138,63,139,62,139,61,139,60,139,59,139,58,139,57,140,56,140,55,140,54,141,53,141,52,140,51,140,50,140,49,140,48,140,47,140,46,140,45,140,44,140,43,141,42,141,41,142,40,142,39,143,38,144,37,144,36,145,35,146,34,145,33,144,33,143,33,142,32,141,32
246,37,245,38,244,38,243,39,242,39,241,39,240,39,239,40,238,40,238,41,238,42,238,43,238,44,237,45,237,46,237,47,236,48,236,49,236,50,235,51,235,52,234,53,234,54,235,55,235,56,236,57,236,58,236,59,237,60,237,61,237,62,238,63,238,64,239,64,240,64,241,65,242,65,243,65,244,65,245,65,246,66,247,66,248,66,249,66,250,66,251,66,252,66,253,65,254,64,254,63,255,62,255,61,255,60,255,59,255,58,255,57,255,56,255,55,255,54,255,53,255,52,255,51,255,50,255,49,255,48,255,47,254,46,254,45,254,44,253,43,253,42,253,41,252,40,251,39,251,38,250,38,249,38,248,38,247,37
189,40,188,41,188,42,187,43,187,44,186,45,186,46,186,47,185,48,184,49,184,50,183,51,183,52,182,53,182,54,181,55,181,56,181,57,181,58,180,59,180,60,180,61,180,62,180,63,180,64,180,65,180,66,180,67,181,68,182,68,183,68,184,68,185,68,186,69,187,69,188,69,189,69,190,69,191,70,192,70,193,70,194,70,195,69,196,69,197,68,197,67,197,66,197,65,197,64,197,63,197,62,197,61,198,60,198,59,198,58,198,57,198,56,198,55,198,54,198,53,199,52,199,51,199,50,199,49,200,48,200,47,201,46,201,45,202,44,202,43,202,42,202,41,201,41,200,41,199,41,198,41,197,41,196,40,195,40,194,40,193,40,192,40,191,40,190,40
68,42,67,43,66,43,65,44,64,44,63,45,62,46,61,46,60,47,59,48,58,49,59,50,59,51,60,52,60,53,61,54,62,55,62,56,63,57,63,58,64,59,65,60,65,61,66,62,66,63,67,64,67,65,68,66,69,66,70,66,71,67,72,67,73,66,74,66,75,65,76,65,77,64,78,63,79,63,80,62,81,61,82,60,83,59,84,59,84,58,83,57,83,56,83,55,82,54,82,53,81,52,81,51,80,50,79,49,78,48,77,47,76,46,75,45,74,44,73,43,72,43,71,42,70,42,69,42
156,42,155,43,154,44,153,45,152,46,151,47,150,48,149,49,148,49,147,50,146,51,145,51,144,52,143,53,142,53,141,54,141,55,141,56,140,57,140,58,140,59,140,60,140,61,141,61,142,62,143,62,144,62,145,62,146,63,147,63,148,64,149,64,150,65,151,65,152,65,153,65,154,65,155,64,156,64,157,64,158,64,159,64,160,64,161,64,162,64,163,63,163,62,164,61,164,60,165,59,165,58,165,57,165,56,165,55,165,54,164,53,164,52,164,51,164,50,163,49,163,48,163,47,163,46,163,45,162,44,162,43,162,42,161,42,160,42,159,42,158,42,157,42
34,43,33,44,32,44,31,44,30,44,29,44,28,45,27,45,26,45,25,46,24,46,23,47,24,48,24,49,25,50,25,51,26,52,26,53,27,54,27,55,28,55,29,55,30,55,31,55,32,55,33,55,34,56,35,56,36,56,37,56,38,56,39,57,40,57,41,57,42,58,43,58,44,59,44,58,45,57,46,56,47,55,48,54,49,53,50,52,51,51,51,50,52,49,52,48,52,47,51,46,50,46,49,46,48,46,47,45,46,45,45,45,44,45,43,45,42,44,41,44,40,44,39,44,38,43,37,43,36,43,35,43
203,44,202,45,202,46,201,47,201,48,200,49,200,50,200,51,200,52,199,53,199,54,199,55,199,56,199,57,199,58,199,59,199,60,198,61,198,62,198,63,198,64,198,65,198,66,198,67,198,68,199,67,200,67,201,67,202,67,203,67,204,67,205,67,206,67,207,67,208,67,208,66,209,65,210,64,211,63,211,62,212,61,212,60,213,59,214,58,214,57,215,56,215,55,216,54,217,53,217,52,216,51,216,50,215,49,215,48,214,48,213,47,212,47,211,46,210,46,209,45,208,45,207,45,206,45,205,45,204,45
53,49,52,50,52,51,51,52,50,53,49,54,48,55,47,56,46,57,45,58,45,59,44,60,45,61,45,62,46,63,46,64,47,65,47,66,47,67,47,68,48,69,48,70,48,71,49,71,50,71,51,71,52,71,53,70,54,70,55,70,56,70,57,70,58,70,59,69,60,69,61,69,62,68,63,68,64,68,65,67,66,66,67,66,66,65,66,64,65,63,65,62,64,61,64,60,63,59,62,58,62,57,61,56,61,55,60,54,59,53,59,52,58,51,58,50,57,49,56,50,55,49,54,49
222,51,221,52,220,52,219,53,218,53,217,54,216,55,216,56,215,57,215,58,214,59,213,60,213,61,212,62,212,63,211,64,210,65,209,66,209,67,209,68,210,69,211,70,212,71,213,72,214,72,215,72,216,72,217,72,218,72,219,72,220,72,221,72,222,72,223,72,224,73,225,72,226,71,227,71,228,70,229,69,230,69,231,68,232,67,233,67,234,66,235,65,236,65,237,64,237,63,236,62,236,61,236,60,235,59,235,58,235,57,234,56,234,55,233,55,232,54,231,54,230,54,229,53,228,53,227,53,226,53,225,52,224,52,223,52
112,52,111,53,110,53,109,53,108,53,107,53,106,54,105,54,104,55,103,55,102,56,101,56,100,57,99,58,98,58,98,59,97,60,96,61,95,62,94,62,95,63,96,64,96,65,97,66,98,67,99,67,100,68,101,68,102,68,103,68,104,68,105,68,106,68,107,68,108,68,109,67,110,67,111,67,112,66,113,66,113,65,113,64,113,63,113,62,113,61,113,60,113,59,113,58,113,57,113,56,113,55,112,54,112,53
27,56,26,57,26,58,25,59,25,60,24,61,23,62,22,63,21,64,20,65,20,66,21,67,21,68,22,69,23,70,23,71,24,71,25,70,26,70,27,69,28,69,29,69,30,68,31,68,32,67,33,67,34,66,35,65,36,65,37,64,38,64,39,63,40,62,41,62,42,61,43,61,43,60,43,59,42,59,41,58,40,58,39,58,38,57,37,57,36,57,35,57,34,57,33,56,32,56,31,56,30,56,29,56,28,56
85,59,84,60,83,60,82,61,81,62,80,63,79,64,78,64,77,65,76,66,75,66,74,67,73,67,73,68,73,69,73,70,73,71,73,72,73,73,73,74,72,75,72,76,72,77,72,78,71,79,71,80,71,81,71,82,70,83,70,84,70,85,70,86,70,87,71,88,72,89,73,90,74,91,74,92,75,93,76,94,77,94,78,94,79,94,80,95,81,95,82,95,83,95,84,95,85,96,86,96,87,96,88,95,89,95,90,94,91,94,92,93,93,93,94,92,95,92,96,91,97,91,97,90,96,89,96,88,96,87,96,86,96,85,96,84,96,83,96,82,96,81,96,80,96,79,96,78,96,77,96,76,96,75,96,74,96,73,96,72,96,71,96,70,96,69,96,68,97,67,96,66,95,65,95,64,94,63,93,62,92,62,91,62,90,61,89,61,88,61,87,60,86,60
140,62,139,63,138,64,137,65,136,66,136,67,135,68,135,69,136,68,137,69,137,70,137,71,137,72,137,73,138,74,139,75,140,76,141,77,142,78,143,79,144,80,145,81,146,81,147,80,148,80,149,79,150,78,151,77,152,76,152,75,152,74,152,73,151,72,151,71,151,70,151,69,151,68,151,67,151,66,150,66,149,65,148,65,147,64,146,64,145,63,144,63,143,63,142,63,141,62
155,65,154,66,153,66,152,66,152,67,152,68,152,69,152,70,152,71,152,72,153,73,153,74,153,75,154,75,155,75,156,75,157,74,158,74,159,74,160,73,161,72,162,72,162,71,162,70,162,69,162,68,162,67,162,66,162,65,161,65,160,65,159,65,158,65,157,65,156,65
237,65,236,66,235,66,234,67,233,68,232,68,231,69,230,70,229,70,228,71,227,72,226,72,225,73,225,74,225,75,226,76,227,77,228,78,229,79,230,80,230,81,231,82,232,83,233,83,234,83,235,82,236,82,237,82,238,82,239,81,240,81,240,80,241,79,241,78,242,77,243,76,244,75,245,74,246,73,247,73,248,72,249,71,250,71,251,70,251,69,251,68,251,67,250,67,249,67,248,67,247,67,246,67,245,66,244,66,243,66,242,66,241,66,240,65,239,65,238,65
66,67,65,68,64,69,63,69,62,69,61,70,60,70,59,70,58,71,57,71,56,71,55,71,54,71,53,71,52,72,51,72,50,72,49,72,48,72,48,73,49,74,49,75,49,76,49,77,49,78,50,79,50,80,50,81,50,82,50,83,50,84,51,84,52,85,53,86,54,86,55,87,56,88,57,87,58,87,59,87,60,87,61,86,62,86,63,86,63,85,64,84,65,84,66,83,67,83,68,83,69,84,69,85,69,84,69,83,70,82,70,81,70,80,70,79,71,78,71,77,71,76,71,75,72,74,72,73,72,72,72,71,72,70,72,69,72,68,71,68,70,67,69,67,68,67,67,67
179,68,179,69,178,70,177,71,176,71,175,72,174,72,173,73,173,74,172,75,172,76,172,77,172,78,172,79,172,80,171,81,171,82,171,83,170,84,171,85,171,86,172,87,172,88,172,89,172,90,173,91,173,92,173,93,173,94,173,95,173,96,173,97,173,98,174,99,175,99,176,99,177,98,178,97,179,97,180,96,181,95,182,94,183,93,184,92,185,91,186,90,187,89,188,88,189,87,190,86,191,85,192,84,193,83,193,82,194,81,195,80,195,79,194,78,194,77,194,76,194,75,194,74,194,73,194,72,194,71,193,71,192,71,191,71,190,70,189,70,188,70,187,70,186,70,185,69,184,69,183,69,182,69,181,69,180,68
199,68,198,69,197,69,196,70,195,70,195,71,195,72,195,73,195,74,195,75,195,76,195,77,195,78,196,79,197,79,198,79,199,80,200,80,201,80,202,80,203,80,204,80,205,79,206,79,207,79,208,79,209,78,210,77,211,76,211,75,212,74,212,73,212,72,211,71,210,70,209,69,208,68,207,68,206,68,205,68,204,68,203,68,202,68,201,68,200,68
47,71,46,72,45,72,44,72,43,72,42,72,41,72,40,72,39,72,38,72,37,72,36,73,35,73,34,73,33,73,32,74,31,74,30,75,29,75,28,75,27,76,26,76,25,76,25,77,25,78,24,79,24,80,24,81,24,82,24,83,24,84,24,85,25,86,25,87,25,88,25,89,25,90,26,91,26,92,26,93,27,93,28,94,29,94,30,94,31,95,32,95,33,96,34,96,34,95,35,94,36,93,37,92,38,91,39,90,40,89,41,88,42,88,43,87,44,86,45,86,46,85,47,85,48,84,49,84,49,83,49,82,49,81,49,80,49,79,48,78,48,77,48,76,48,75,48,74,47,73,47,72
132,72,131,73,130,73,129,73,128,74,127,75,126,76,126,77,126,78,125,79,125,80,125,81,125,82,126,83,127,83,128,84,129,84,130,84,131,85,132,85,133,85,134,86,135,86,136,87,137,87,138,87,139,88,140,88,141,89,142,89,142,88,143,87,144,86,144,85,144,84,145,83,145,82,144,81,143,80,142,79,141,78,140,77,139,76,138,75,137,74,136,74,135,74,134,73,133,73
163,72,162,73,161,73,160,74,159,75,158,75,157,75,156,76,155,76,154,76,153,76,152,77,151,78,150,79,149,80,148,81,147,81,146,82,146,83,145,84,145,85,145,86,144,87,143,88,143,89,143,90,144,91,144,92,144,93,145,93,146,94,147,94,148,95,149,95,150,94,151,93,152,93,153,92,154,91,155,90,156,90,157,89,158,89,159,88,160,87,161,87,162,87,163,86,164,86,165,85,166,85,167,84,168,84,169,84,170,83,170,82,170,81,171,80,171,79,171,78,171,77,171,76,171,75,172,74,172,73,171,73,170,73,169,73,168,73,167,72,166,72,165,72,164,72
118,82,117,83,116,84,115,85,114,86,113,87,113,88,114,88,115,89,116,90,117,91,118,92,119,93,119,94,120,95,121,96,122,97,123,98,124,98,125,98,126,98,127,98,128,97,129,97,130,97,131,96,132,96,133,96,134,95,135,95,136,94,137,94,138,93,139,93,140,93,141,92,141,91,141,90,140,89,139,89,138,88,137,88,136,88,135,87,134,87,133,86,132,86,131,86,130,85,129,85,128,85,127,84,126,84,125,83,124,83,123,84,122,84,121,84,120,84,119,84,118,83
0,85,0,86,0,87,0,88,0,89,0,90,0,91,0,92,0,93,0,94,0,95,0,96,0,97,0,98,0,99,0,100,0,101,0,102,0,103,0,104,0,105,0,106,1,107,1,108,1,109,1,110,2,110,3,110,4,109,5,109,6,109,7,109,8,109,9,108,10,107,11,107,12,106,13,106,14,105,15,105,16,104,16,103,17,102,17,101,18,100,18,99,19,98,19,97,20,96,19,95,19,94,18,93,17,92,17,91,16,90,15,89,14,89,13,88,12,88,11,87,10,87,9,86,8,86,7,86,6,86,5,85,4,85,3,85,2,85,1,85
48,85,47,86,46,86,45,87,44,87,43,88,42,89,41,89,40,90,39,91,38,92,37,93,36,94,35,95,35,96,35,97,35,98,36,98,37,98,38,99,39,99,40,99,41,100,42,100,43,100,44,101,45,101,46,101,47,101,48,101,49,101,50,101,51,101,52,100,53,100,54,100,55,99,55,98,55,97,55,96,55,95,55,94,55,93,55,92,55,91,55,90,55,89,55,88,54,87,53,87,52,86,51,85,50,85,49,85
167,85,166,86,165,86,164,87,163,87,162,88,161,88,160,88,159,89,158,90,157,90,156,91,155,91,154,92,153,93,152,94,151,94,150,95,149,96,150,97,151,98,151,99,152,100,153,100,154,101,155,101,156,100,157,100,158,100,159,100,160,100,161,100,162,100,163,99,164,99,165,99,166,99,167,99,168,99,169,98,170,98,171,98,172,98,172,97,172,96,172,95,172,94,172,93,172,92,172,91,171,90,171,89,171,88,171,87,170,86,170,85,169,85,168,85
61,87,60,88,59,88,58,88,57,88,56,89,56,90,56,91,56,92,56,93,56,94,56,95,56,96,56,97,56,98,56,99,55,100,56,101,57,101,58,102,59,103,60,103,61,104,62,105,63,105,64,105,65,105,66,105,67,106,68,106,69,105,69,104,70,103,71,102,71,101,72,100,73,99,73,98,74,97,75,96,75,95,75,94,74,93,73,92,73,91,72,90,71,89,70,88,69,87,68,87,67,87,66,87,65,87,64,87,63,87,62,87
111,88,110,89,109,89,108,89,107,90,106,90,105,91,104,91,103,92,104,93,104,94,104,95,104,96,104,97,105,98,105,99,105,100,105,101,105,102,106,103,106,104,106,105,106,106,106,107,106,108,106,109,107,110,107,111,108,111,109,111,110,111,111,111,112,111,113,111,114,110,115,110,116,109,117,108,118,107,118,106,119,105,120,104,120,103,121,102,122,101,122,100,123,99,122,98,121,97,120,96,119,95,118,94,118,93,117,92,116,91,115,90,114,89,113,89,112,88
253,90,253,91,252,92,252,93,251,94,250,95,249,96,248,97,247,97,246,97,245,98,244,99,244,100,243,101,242,102,242,103,241,104,241,105,242,106,242,107,243,108,243,109,244,110,245,111,246,112,247,113,248,114,249,115,250,116,251,116,251,115,252,114,253,114,254,113,255,112,255,111,255,110,255,109,255,108,255,107,255,106,255,105,255,104,255,103,255,102,255,101,255,100,255,99,255,98,255,97,255,96,255,95,255,94,255,93,255,92,254,91,254,90
96,92,95,93,94,93,93,94,92,94,91,95,90,95,89,96,88,96,88,97,88,98,88,99,89,100,89,101,90,102,90,103,91,104,91,105,92,106,93,107,93,108,94,109,95,110,95,111,96,112,97,112,98,112,99,112,100,112,101,112,102,112,103,111,104,111,105,111,106,111,106,110,105,109,105,108,105,107,105,106,105,105,105,104,105,103,104,102,104,101,104,100,104,99,104,98,103,97,103,96,103,95,103,94,103,93,102,92,101,92,100,92,99,92,98,92,97,92
141,93,140,94,139,94,138,94,137,95,136,95,135,96,134,96,133,97,132,97,131,97,130,98,129,98,128,98,127,99,126,99,125,99,124,99,123,100,123,101,122,102,121,103,121,104,120,105,119,106,119,107,118,108,119,109,120,109,121,109,122,110,123,110,124,110,125,111,126,111,127,111,128,112,129,112,130,111,131,111,132,111,133,110,134,109,134,108,135,107,136,106,137,105,138,104,139,103,140,103,141,102,142,101,143,100,144,99,144,98,144,97,144,96,144,95,144,94,143,93,142,93
25,94,24,95,23,95,22,96,21,96,20,97,20,98,19,99,19,100,18,101,18,102,17,103,17,104,16,105,17,106,18,106,19,107,20,108,21,109,22,110,23,111,24,112,25,113,26,114,27,115,28,116,29,117,30,118,30,119,31,120,32,121,32,122,33,123,34,123,35,122,36,121,37,121,38,120,38,119,38,118,38,117,38,116,38,115,38,114,37,113,37,112,37,111,36,110,35,109,35,108,35,107,34,106,34,105,34,104,34,103,34,102,33,101,33,100,33,99,34,98,34,97,33,97,32,96,31,96,30,95,29,95,28,95,27,94,26,94
222,94,221,95,220,95,219,95,218,95,217,96,216,96,215,96,214,96,213,96,212,96,211,96,210,96,209,97,208,97,207,97,206,98,205,99,204,100,203,101,203,102,204,103,204,104,204,105,205,106,205,107,205,108,205,109,205,110,205,111,206,111,207,111,208,111,209,111,210,111,211,112,212,112,213,112,214,112,215,113,216,113,217,114,218,114,219,115,220,115,221,115,221,114,222,113,222,112,223,111,223,110,224,109,225,108,225,107,226,106,226,105,227,104,227,103,228,102,229,101,230,100,230,99,229,98,228,97,227,96,226,95,225,95,224,94,223,94
76,95,76,96,75,97,74,98,74,99,73,100,72,101,72,102,71,103,70,104,70,105,69,106,69,107,69,108,70,109,71,109,72,110,73,111,74,111,75,112,76,113,77,114,78,115,79,116,80,117,81,117,82,117,83,116,84,116,85,116,86,116,87,116,88,117,89,117,90,117,91,117,92,116,93,115,94,114,95,113,95,112,94,111,94,110,93,109,92,108,92,107,91,106,90,105,90,104,89,103,89,102,88,101,88,100,87,99,87,98,87,97,86,97,85,97,84,96,83,96,82,96,81,96,80,96,79,95,78,95,77,95
169,99,168,100,167,100,166,100,165,100,164,100,163,100,162,101,161,101,160,101,159,101,158,101,157,101,156,101,155,102,154,102,154,103,154,104,155,105,155,106,155,107,155,108,155,109,155,110,155,111,155,112,155,113,156,113,157,113,158,114,159,114,160,114,161,115,162,116,163,116,164,117,165,118,166,118,167,119,168,119,169,119,170,119,171,118,172,117,173,116,174,115,175,114,176,114,177,113,178,113,179,112,179,111,179,110,179,109,178,108,178,107,177,106,177,105,176,104,175,103,175,102,175,101,175,100,174,100,173,99,172,99,171,99,170,99
144,100,143,101,142,102,141,103,140,104,139,104,138,105,137,106,136,107,135,108,135,109,134,110,133,111,133,112,133,113,133,114,134,115,134,116,135,117,136,118,137,118,138,118,139,119,140,119,141,119,142,119,143,118,144,118,145,118,146,118,147,118,148,118,149,118,150,118,151,118,151,117,152,116,153,115,154,114,154,113,154,112,154,111,154,110,154,109,154,108,154,107,154,106,154,105,153,104,153,103,153,102,153,101,152,101,151,100,150,100,149,100,148,100,147,100,146,100,145,100
231,100,230,101,229,102,228,103,228,104,227,105,227,106,226,107,226,108,225,109,224,110,224,111,223,112,223,113,222,114,222,115,221,116,222,117,223,118,224,118,225,119,226,120,227,120,228,121,229,121,230,122,231,123,232,124,233,124,234,125,235,126,236,127,237,127,238,127,239,127,240,127,241,127,242,127,243,127,244,127,245,127,246,127,247,127,248,127,249,127,250,127,251,128,252,128,252,127,253,126,253,125,253,124,252,123,252,122,252,121,251,120,250,119,250,118,250,117,249,116,248,115,247,114,246,113,245,112,244,111,243,110,242,109,242,108,241,107,241,106,240,105,240,104,239,104,238,104,237,103,236,103,235,102,234,102,233,101,232,101
52,101,51,102,50,102,49,102,48,102,47,102,46,102,45,102,44,103,43,104,42,105,42,106,41,107,41,108,40,109,40,110,40,111,39,112,39,113,39,114,39,115,39,116,39,117,39,118,40,118,41,118,42,119,43,119,44,119,45,119,46,119,47,119,48,120,49,120,50,120,51,120,52,120,53,121,54,121,55,121,56,121,57,120,58,119,58,118,59,117,59,116,60,115,61,114,61,113,62,112,62,111,62,110,62,109,62,108,61,107,62,106,61,105,60,104,59,104,58,103,57,102,56,102,55,101,54,101,53,101
196,102,195,103,194,103,193,103,192,104,191,104,190,105,189,105,188,106,188,107,187,108,187,109,186,110,187,111,188,111,189,111,190,111,191,112,192,112,193,112,194,112,195,112,196,112,197,112,198,112,199,112,200,112,201,112,202,112,203,112,204,111,204,110,204,109,204,108,204,107,204,106,203,105,203,104,203,103,202,102,201,102,200,102,199,102,198,102,197,102
14,106,13,107,12,107,11,108,10,108,9,109,8,110,9,111,9,112,10,113,10,114,11,115,12,116,13,117,13,118,14,119,15,120,16,121,16,122,17,123,18,124,19,125,20,126,20,127,21,127,22,127,23,127,24,127,25,127,26,127,27,127,28,127,29,127,30,127,31,127,31,126,32,125,32,124,32,123,31,122,31,121,30,120,29,119,29,118,28,117,27,116,26,115,25,114,24,113,23,112,22,111,21,110,20,109,19,108,18,107,17,107,16,106,15,106
67,109,66,110,65,111,64,111,63,112,62,113,62,114,61,115,60,116,60,117,59,118,59,119,58,120,57,121,57,122,57,123,58,124,58,125,59,126,59,127,60,127,61,127,62,127,63,127,64,127,65,127,66,127,67,127,68,127,69,127,70,127,71,127,72,127,73,127,74,127,75,127,75,126,76,125,76,124,77,123,77,122,78,121,78,120,79,119,79,118,79,117,78,116,77,115,76,114,75,113,74,112,73,112,72,111,71,110,70,110,69,109,68,109
117,109,116,110,115,111,114,111,113,112,112,113,112,114,112,115,112,116,111,117,111,118,111,119,111,120,112,121,112,122,112,123,113,124,113,125,113,126,114,127,115,127,116,127,117,127,118,127,119,127,120,127,121,127,122,127,123,127,124,127,125,126,126,126,126,125,127,124,127,123,128,122,128,121,128,120,129,119,129,118,129,117,129,116,129,115,129,114,128,113,127,112,126,112,125,112,124,111,123,111,122,111,121,110,120,110,119,110,118,109
4,110,3,111,2,111,1,111,0,111,0,112,0,113,0,114,0,115,0,116,0,117,0,118,0,119,0,120,0,121,0,122,0,123,0,124,0,125,0,126,0,127,0,128,0,129,0,130,0,131,0,132,0,133,0,134,0,135,0,136,0,137,0,138,0,139,0,140,0,141,0,142,0,143,1,144,2,145,3,145,4,145,5,145,6,145,7,145,8,145,9,144,9,143,9,142,10,141,10,140,11,139,12,138,12,137,13,136,14,135,14,134,15,133,16,132,17,131,18,130,19,129,19,128,19,127,19,126,18,125,17,124,16,123,15,122,15,121,14,120,13,119,12,118,12,117,11,116,10,115,9,114,9,113,8,112,8,111,7,110,6,110,5,110
186,111,185,112,184,113,184,114,184,115,185,116,185,117,185,118,185,119,185,120,185,121,185,122,185,123,185,124,185,125,185,126,185,127,186,127,187,127,188,127,189,127,190,127,191,127,192,127,193,127,194,127,195,127,196,127,197,127,198,127,199,127,199,126,200,125,200,124,200,123,201,122,201,121,201,120,201,119,201,118,202,117,202,116,202,115,202,114,203,113,202,113,201,113,200,113,199,113,198,113,197,113,196,113,195,113,194,113,193,113,192,113,191,113,190,112,189,112,188,112,187,112
104,112,104,113,103,114,102,114,101,113,102,114,101,115,100,115,99,115,98,116,97,116,96,116,95,116,94,115,93,116,92,117,92,118,92,119,92,120,92,121,92,122,92,123,92,124,92,125,92,126,92,127,92,128,92,129,92,130,92,131,92,132,92,133,92,134,91,135,91,136,91,137,92,138,93,139,94,140,95,140,96,140,97,140,98,140,99,140,100,140,101,140,102,141,103,141,103,140,104,139,105,139,106,138,107,138,108,137,109,136,110,136,110,135,111,134,111,133,111,132,112,131,112,130,112,129,113,128,113,127,112,126,112,125,112,124,111,123,111,122,111,121,110,120,110,119,110,118,109,118,108,117,107,117,106,116,105,115,104,114,104,113
180,112,179,113,178,114,177,114,176,115,175,115,174,116,173,117,172,118,171,119,170,120,171,120,172,121,173,122,174,123,175,124,176,125,177,126,177,127,178,127,179,127,180,127,181,127,182,127,183,127,184,127,184,126,184,125,184,124,184,123,184,122,184,121,184,120,184,119,184,118,184,117,184,116,183,115,183,114,183,113,182,113,181,113
204,112,204,113,203,114,203,115,203,116,203,117,202,118,202,119,202,120,202,121,202,122,201,123,201,124,201,125,200,126,201,126,202,127,203,127,204,127,205,127,206,127,207,127,208,127,209,127,210,127,211,126,212,125,213,124,214,123,215,122,216,121,217,120,218,119,219,118,220,117,220,116,219,116,218,115,217,115,216,114,215,114,214,113,213,113,212,113,211,113,210,112,209,112,208,112,207,112,206,112,205,112
155,114,154,115,153,116,152,117,152,118,152,119,152,120,153,121,154,122,155,122,156,123,157,123,158,123,159,123,160,123,161,123,162,123,163,123,164,122,165,121,166,120,167,120,166,119,165,119,164,118,163,117,162,117,161,116,160,115,159,115,158,115,157,114,156,114
83,117,82,118,81,118,80,118,80,119,79,120,79,121,78,122,78,123,77,124,77,125,76,126,76,127,76,128,76,129,77,130,77,131,78,132,78,133,79,134,79,135,80,136,80,137,81,137,82,137,83,137,84,137,85,137,86,137,87,137,88,137,89,137,90,137,90,136,90,135,91,134,91,133,91,132,91,131,91,130,91,129,91,128,91,127,91,126,91,125,91,124,91,123,91,122,91,121,91,120,91,119,91,118,90,118,89,118,88,118,87,117,86,117,85,117,84,117
221,117,220,118,219,119,218,120,217,121,216,122,215,123,214,124,213,125,212,126,211,127,211,128,212,129,213,130,214,131,215,132,216,133,217,134,218,135,219,136,220,137,220,138,221,138,222,137,223,136,224,136,225,135,226,134,227,134,228,133,229,133,230,132,231,131,232,131,233,130,234,129,235,128,235,127,234,126,233,125,232,125,231,124,230,123,229,122,228,122,227,121,226,121,225,120,224,119,223,119,222,118
39,119,39,120,38,121,37,122,36,122,35,123,34,124,33,124,33,125,32,126,32,127,32,128,32,129,33,130,33,131,34,131,35,132,36,133,37,133,38,134,39,135,40,136,41,136,42,136,43,135,44,135,45,135,46,135,47,135,48,134,49,134,50,134,51,134,52,134,53,133,54,133,55,133,56,133,56,132,57,131,57,130,58,129,58,128,58,127,58,126,57,125,57,124,56,123,56,122,55,122,54,122,53,122,52,121,51,121,50,121,49,121,48,121,47,120,46,120,45,120,44,120,43,120,42,120,41,119,40,119
168,120,167,121,166,121,165,122,164,123,163,124,163,125,163,126,163,127,163,128,163,129,163,130,163,131,164,132,165,133,166,134,167,135,168,135,169,135,170,134,171,134,172,133,173,132,174,131,175,130,176,129,177,128,176,127,176,126,175,125,174,124,173,123,172,122,171,121,170,121,169,120
149,121,148,122,147,122,147,123,146,124,146,125,145,126,145,127,145,128,145,129,145,130,146,131,146,132,147,133,148,133,149,134,150,134,151,134,152,134,153,133,154,133,155,132,155,131,156,130,157,129,157,128,157,127,157,126,156,125,156,124,155,123,154,123,153,122,152,121,151,121,150,121
200,127,200,128,200,129,201,130,201,131,201,132,202,133,202,134,202,135,202,136,202,137,203,138,203,139,203,140,203,141,204,142,204,143,205,143,206,143,207,143,208,143,209,143,210,143,211,142,212,142,213,142,214,142,215,141,216,141,217,141,218,140,219,140,220,139,219,138,219,137,218,136,217,135,216,134,215,133,214,132,213,131,212,130,211,129,210,128,209,128,208,128,207,128,206,128,205,128,204,128,203,128,202,128,201,127
20,128,20,129,19,130,18,131,17,132,16,133,15,134,15,135,14,136,13,137,13,138,12,139,11,140,11,141,10,142,10,143,10,144,9,145,8,146,9,146,10,147,11,147,12,148,13,148,14,149,15,149,16,149,17,149,18,148,19,147,20,146,21,145,22,144,23,143,24,142,25,141,26,140,27,139,28,138,29,137,29,136,30,135,31,134,31,133,32,132,32,131,32,130,31,129,31,128,30,128,29,128,28,128,27,128,26,128,25,128,24,128,23,128,22,128,21,128
59,128,59,129,58,130,58,131,57,132,57,133,57,134,58,135,59,136,59,137,60,138,60,139,61,140,62,141,62,142,63,143,64,144,65,145,66,145,67,146,68,147,69,146,70,145,71,145,72,144,73,143,74,143,75,142,76,141,77,140,78,139,79,138,79,137,79,136,78,135,78,134,77,133,77,132,76,131,76,130,75,129,75,128,74,128,73,128,72,128,71,128,70,128,69,128,68,128,67,128,66,128,65,128,64,128,63,128,62,128,61,128,60,128
114,128,113,129,113,130,113,131,112,132,112,133,112,134,111,135,111,136,111,137,111,138,112,139,112,140,113,141,113,142,114,143,114,144,115,144,116,145,117,145,118,145,119,145,120,145,121,145,122,144,123,144,124,144,125,143,126,143,127,142,128,142,128,141,129,140,129,139,129,138,129,137,128,136,128,135,128,134,128,133,127,132,127,131,126,130,125,129,124,128,123,128,122,128,121,128,120,128,119,128,118,128,117,128,116,128,115,128
178,128,177,129,176,130,175,131,174,132,173,133,172,134,171,135,170,135,171,136,172,137,173,138,174,139,175,139,176,140,177,141,178,141,179,142,180,143,181,142,182,142,183,142,183,141,183,140,184,139,184,138,184,137,184,136,184,135,184,134,184,133,184,132,184,131,184,130,184,129,184,128,183,128,182,128,181,128,180,128,179,128
185,128,185,129,185,130,185,131,185,132,185,133,185,134,185,135,185,136,185,137,185,138,185,139,184,140,184,141,184,142,185,143,186,143,187,143,188,143,189,143,190,143,191,142,192,142,193,142,194,142,195,142,196,142,197,142,198,142,199,142,200,142,201,142,202,142,203,142,202,141,202,140,202,139,202,138,201,137,201,136,201,135,201,134,201,133,200,132,200,131,200,130,199,129,199,128,198,128,197,128,196,128,195,128,194,128,193,128,192,128,191,128,190,128,189,128,188,128,187,128,186,128
236,128,235,129,234,130,233,131,232,132,231,132,230,133,229,134,228,134,227,135,226,135,225,136,224,137,223,137,222,138,221,139,222,140,222,141,222,142,223,143,224,144,224,145,225,146,225,147,226,148,226,149,227,150,227,151,228,152,229,153,229,154,230,155,231,156,232,155,233,154,234,154,235,153,236,152,237,152,238,151,239,151,240,150,241,149,241,148,242,147,243,146,243,145,244,144,245,143,246,142,247,141,248,140,249,140,250,139,250,138,250,137,250,136,251,135,251,134,251,133,251,132,252,131,252,130,252,129,251,129,250,128,249,128,248,128,247,128,246,128,245,128,244,128,243,128,242,128,241,128,240,128,239,128,238,128,237,128
33,132,32,133,32,134,31,135,30,136,30,137,29,138,28,139,27,140,26,141,25,142,24,143,23,144,22,145,21,146,20,147,19,148,18,149,17,150,16,150,17,151,17,152,18,153,18,154,19,155,19,156,20,157,20,158,21,159,22,159,23,160,24,160,25,161,26,161,27,160,28,160,29,160,30,159,31,159,32,159,33,158,34,157,35,156,34,155,34,154,34,153,34,152,34,151,34,150,34,149,35,148,35,147,35,146,36,145,36,144,37,143,37,142,38,141,38,140,39,139,39,138,39,137,39,136,38,135,37,134,36,134,35,133,34,132
158,132,157,133,156,133,155,133,154,134,153,134,152,135,151,136,152,137,153,138,153,139,154,140,155,141,156,141,157,141,158,140,159,140,160,140,161,139,162,139,163,138,164,137,165,136,166,135,165,134,164,133,163,132,162,132,161,132,160,132,159,132
53,134,52,135,51,135,50,135,49,135,48,135,47,136,46,136,45,136,44,136,43,136,42,137,41,137,40,137,40,138,40,139,40,140,40,141,40,142,40,143,40,144,41,145,41,146,41,147,42,148,42,149,42,150,43,151,44,152,45,153,46,153,47,153,48,153,49,153,50,153,51,154,52,154,53,154,54,154,55,154,56,153,57,153,58,152,59,151,60,150,60,149,61,148,61,147,61,146,62,145,62,144,62,143,61,142,61,141,60,140,59,139,59,138,58,137,58,136,57,135,56,134,55,134,54,134
139,136,138,137,137,137,136,137,135,138,134,139,134,140,133,141,133,142,133,143,133,144,134,145,135,146,135,147,136,148,137,149,138,150,139,151,140,152,141,152,142,153,143,154,144,155,145,156,146,157,147,157,148,157,149,156,150,156,151,155,152,155,153,154,154,153,154,152,154,151,154,150,154,149,154,148,154,147,154,146,154,145,154,144,155,143,155,142,154,141,153,140,152,139,152,138,151,137,150,137,149,136,148,136,147,136,146,136,145,136,144,136,143,136,142,136,141,136,140,136
166,136,165,137,164,138,163,139,162,140,161,140,160,141,159,141,158,141,157,142,156,142,156,143,155,144,155,145,155,146,155,147,155,148,155,149,155,150,155,151,155,152,155,153,154,154,155,154,156,154,157,154,158,154,159,154,160,154,161,154,162,155,163,155,164,155,165,155,166,155,167,155,168,156,169,156,170,156,171,156,172,156,173,156,174,155,175,155,175,154,175,153,176,152,176,151,177,150,177,149,178,148,178,147,179,146,179,145,179,144,179,143,178,142,177,142,176,141,175,140,174,140,173,139,172,138,171,137,170,136,169,136,168,136,167,136
80,138,79,139,78,140,77,141,76,142,75,143,74,144,73,144,72,145,71,146,70,146,69,147,68,148,69,149,70,150,70,151,71,152,72,153,73,154,73,155,74,156,74,157,75,158,76,159,76,160,77,160,78,160,79,160,80,160,81,159,82,159,83,159,84,159,85,159,86,158,87,158,87,157,87,156,88,155,88,154,89,153,89,152,90,151,90,150,91,149,92,148,92,147,93,146,94,145,94,144,95,143,95,142,94,141,93,140,92,139,91,138,90,138,89,138,88,138,87,138,86,138,85,138,84,138,83,138,82,138,81,138
250,140,249,141,248,141,247,142,246,143,245,144,244,145,244,146,243,147,242,148,242,149,241,150,242,151,243,152,243,153,244,154,244,155,245,156,246,156,247,157,248,158,249,158,250,158,251,159,252,159,253,159,254,159,254,158,255,157,255,156,255,155,255,154,255,153,255,152,255,151,255,150,255,149,255,148,255,147,255,146,255,145,255,144,255,143,254,142,253,141,252,141,251,140
218,141,217,142,216,142,215,142,214,143,213,143,212,143,211,143,210,144,209,144,208,144,207,144,206,144,205,144,205,145,205,146,205,147,205,148,205,149,204,150,204,151,204,152,203,153,203,154,204,155,205,156,205,157,206,157,207,158,208,158,209,159,210,159,211,159,212,159,213,159,214,159,215,159,216,159,217,160,218,160,219,160,220,161,221,161,222,161,223,161,224,161,225,160,226,160,227,159,228,158,229,157,230,157,230,156,229,155,228,154,228,153,227,152,226,151,226,150,225,149,225,148,224,147,224,146,223,145,223,144,222,143,221,142,220,142,219,141
96,143,95,144,95,145,94,146,93,147,93,148,92,149,91,150,91,151,90,152,90,153,89,154,89,155,88,156,88,157,88,158,88,159,89,159,90,160,91,161,92,161,93,162,94,162,95,163,96,163,97,163,98,163,99,163,100,163,101,163,102,163,102,162,103,161,103,160,103,159,103,158,104,157,104,156,104,155,104,154,104,153,104,152,104,151,104,150,105,149,105,148,105,147,105,146,105,145,105,144,104,144,103,144,102,143,101,143,100,143,99,143,98,143,97,143
127,143,126,144,125,144,124,145,123,145,122,145,121,146,120,146,119,146,118,146,118,147,119,148,119,149,120,150,120,151,121,152,122,153,122,154,123,155,123,156,124,156,125,156,126,156,127,157,128,157,129,157,130,157,131,158,132,158,133,159,134,159,135,159,136,160,137,160,138,161,139,161,140,162,141,162,142,162,143,162,144,162,145,161,145,160,146,159,146,158,145,157,144,156,143,155,142,154,141,153,140,153,139,152,138,151,137,150,136,149,135,148,134,147,134,146,133,145,132,144,131,144,130,144,129,143,128,143
191,143,190,144,189,144,188,144,187,144,186,144,186,145,186,146,186,147,187,148,188,149,189,150,190,151,191,151,192,152,193,152,194,152,195,153,196,153,197,153,198,153,199,153,200,153,201,153,202,153,203,152,203,151,203,150,204,149,204,148,204,147,204,146,204,145,204,144,203,143,202,143,201,143,200,143,199,143,198,143,197,143,196,143,195,143,194,143,193,143,192,143
108,144,107,145,106,145,106,146,106,147,106,148,106,149,105,150,105,151,105,152,105,153,105,154,105,155,105,156,105,157,104,158,104,159,104,160,104,161,103,162,103,163,104,163,105,164,106,165,107,165,108,166,109,166,110,166,111,167,112,167,113,167,114,166,115,165,116,164,117,163,118,162,118,161,119,160,120,159,121,158,122,157,122,156,122,155,121,154,121,153,120,152,119,151,119,150,118,149,118,148,117,147,117,146,116,146,115,145,114,145,113,144,112,144,111,144,110,144,109,144
3,146,3,147,2,148,1,149,0,150,0,151,0,152,0,153,0,154,0,155,0,156,0,157,0,158,0,159,0,160,0,161,0,162,0,163,0,164,0,165,0,166,0,167,0,168,0,169,0,170,1,170,2,170,3,170,4,170,5,170,6,169,7,169,8,169,9,169,10,168,11,168,12,167,13,167,14,166,15,165,16,165,17,164,17,163,18,162,19,161,19,160,20,159,19,158,19,157,18,156,18,155,17,154,17,153,16,152,16,151,15,150,14,150,13,149,12,149,11,148,10,148,9,147,8,147,7,146,6,146,5,146,4,146
68,149,67,150,66,150,65,150,64,150,63,150,62,151,61,151,60,151,59,152,58,153,57,154,56,154,55,155,55,156,56,157,56,158,56,159,56,160,56,161,56,162,56,163,56,164,57,165,57,166,58,166,59,167,60,167,61,167,62,167,63,167,64,167,65,167,66,167,67,167,68,167,69,167,70,167,71,166,72,165,73,164,74,163,74,162,75,161,75,160,75,159,74,158,73,157,73,156,72,155,72,154,71,153,70,152,69,151,69,150
43,154,42,155,41,155,40,155,39,156,38,156,37,156,36,156,35,157,34,158,34,159,35,160,36,161,37,162,38,163,39,164,40,165,41,166,42,166,43,167,44,168,45,168,46,169,47,169,48,170,49,170,50,170,51,170,52,169,53,168,54,168,55,167,56,166,56,165,55,164,55,163,55,162,55,161,55,160,55,159,55,158,55,157,54,156,54,155,53,155,52,155,51,155,50,154,49,154,48,154,47,154,46,154,45,154,44,154
153,155,152,156,151,156,150,157,149,157,148,158,147,158,147,159,148,160,149,160,150,161,151,161,152,162,153,163,154,163,155,164,156,164,157,165,158,166,159,166,160,167,161,167,162,167,163,168,164,168,165,169,166,169,167,169,168,170,169,170,170,170,170,169,170,168,171,167,171,166,171,165,171,164,171,163,171,162,171,161,171,160,171,159,171,158,171,157,170,157,169,157,168,157,167,156,166,156,165,156,164,156,163,156,162,156,161,155,160,155,159,155,158,155,157,155,156,155,155,155,154,155
174,156,173,157,172,157,172,158,172,159,172,160,172,161,172,162,172,163,172,164,172,165,172,166,172,167,171,168,171,169,171,170,171,171,171,172,171,173,171,174,172,175,172,176,172,177,172,178,172,179,172,180,172,181,172,182,173,183,174,183,175,184,176,184,177,185,178,186,179,186,180,186,181,186,182,186,183,185,184,185,185,185,186,185,187,185,188,185,189,184,190,184,191,184,192,184,193,184,194,183,194,182,194,181,194,180,194,179,194,178,194,177,195,176,194,175,194,174,193,173,192,172,192,171,191,170,190,169,189,168,188,167,187,166,186,165,185,164,184,163,183,162,182,161,181,160,180,159,179,158,178,157,177,157,176,156,175,156
123,157,122,158,121,159,120,160,119,161,119,162,118,163,117,164,116,165,115,166,114,167,114,168,114,169,115,170,115,171,116,172,117,171,118,171,119,170,120,170,121,171,122,171,123,171,124,171,125,171,126,171,127,171,128,170,129,170,130,170,131,169,132,169,133,169,134,168,135,168,136,167,137,167,138,167,139,166,140,166,140,165,140,164,140,163,139,162,138,162,137,161,136,161,135,160,134,160,133,160,132,159,131,159,130,158,129,158,128,158,127,158,126,157,125,157,124,157
33,159,32,160,31,160,30,160,29,161,28,161,27,161,26,162,26,163,26,164,25,165,25,166,25,167,25,168,25,169,25,170,24,171,24,172,24,173,24,174,24,175,24,176,25,177,25,178,24,179,25,179,26,179,27,179,28,180,29,180,30,180,31,181,32,181,33,181,34,181,35,182,36,182,37,182,38,182,39,183,40,183,41,183,42,183,43,183,44,183,45,184,46,184,47,184,47,183,47,182,47,181,48,180,48,179,48,178,48,177,48,176,49,175,49,174,49,173,49,172,49,171,48,171,47,170,46,170,45,169,44,169,43,168,42,167,41,167,40,166,39,165,38,164,37,163,36,162,35,161,34,160
86,159,85,160,84,160,83,160,82,160,81,160,80,161,79,161,78,161,77,161,76,161,75,162,75,163,74,164,73,165,72,166,71,167,70,168,70,169,71,170,71,171,71,172,71,173,71,174,72,175,72,176,72,177,72,178,73,179,73,180,73,181,73,182,73,183,73,184,73,185,73,186,73,187,74,188,75,189,76,189,77,190,78,191,79,192,80,192,81,193,82,194,83,195,84,195,85,196,86,196,87,195,88,195,89,194,90,194,91,194,92,193,93,193,94,192,94,191,95,190,96,189,96,188,96,187,95,186,95,185,95,184,95,183,95,182,95,181,95,180,95,179,95,178,95,177,95,176,95,175,95,174,95,173,95,172,95,171,95,170,95,169,96,168,96,167,96,166,96,165,96,164,95,164,94,163,93,163,92,162,91,162,90,161,89,160,88,160,87,159
146,160,146,161,145,162,145,163,146,164,146,165,146,166,146,167,145,168,145,169,146,170,146,171,146,172,147,173,148,174,149,175,150,176,151,177,152,178,153,179,154,179,155,179,156,179,157,180,158,180,159,180,160,181,161,182,162,182,163,183,164,183,165,183,166,183,167,183,168,183,169,183,170,182,171,182,171,181,171,180,171,179,171,178,171,177,171,176,171,175,170,174,170,173,170,172,170,171,169,171,168,171,167,170,166,170,165,170,164,169,163,169,162,168,161,168,160,168,159,167,158,167,157,166,156,165,155,165,154,164,153,164,152,163,151,162,150,162,149,161,148,161,147,160
97,164,97,165,97,166,97,167,97,168,96,169,96,170,96,171,96,172,96,173,96,174,96,175,96,176,96,177,96,178,96,179,96,180,96,181,96,182,96,183,96,184,96,185,96,186,97,187,97,188,98,187,99,187,100,187,101,186,102,186,103,186,104,186,105,186,106,186,107,186,108,187,109,187,110,187,111,187,112,188,113,188,114,188,115,187,116,186,117,185,118,184,119,183,120,182,121,182,122,181,122,180,121,179,121,178,120,177,119,176,118,176,117,175,116,174,115,173,115,172,114,171,114,170,113,169,113,168,112,168,111,168,110,167,109,167,108,167,107,166,106,166,105,165,104,164,103,164,102,164,101,164,100,164,99,164,98,164
56,167,55,168,54,169,53,169,52,170,51,171,50,171,50,172,50,173,50,174,50,175,49,176,49,177,49,178,49,179,49,180,48,181,48,182,48,183,49,183,50,183,51,183,52,183,53,184,54,184,55,184,56,184,57,184,58,184,59,184,60,185,61,185,62,185,63,186,64,186,65,187,66,187,67,188,68,188,69,188,70,188,71,187,72,187,72,186,72,185,72,184,72,183,72,182,72,181,72,180,72,179,71,178,71,177,71,176,71,175,70,174,70,173,70,172,70,171,70,170,69,169,69,168,68,168,67,168,66,168,65,168,64,168,63,168,62,168,61,168,60,168,59,168,58,167,57,167
139,167,138,168,137,168,136,168,135,169,134,169,133,170,132,170,131,170,130,171,129,171,128,171,127,172,126,172,126,173,126,174,125,175,124,176,124,177,124,178,125,179,126,180,127,181,128,182,128,183,129,183,130,183,131,183,132,183,133,183,134,182,135,182,136,182,137,181,138,180,139,179,140,178,141,177,142,176,143,175,144,174,145,173,145,172,145,171,145,170,144,169,143,169,142,168,141,167,140,167
235,170,234,171,233,171,232,171,231,172,230,172,230,173,229,174,229,175,228,176,227,177,227,178,226,179,225,180,225,181,225,182,226,183,227,183,228,184,229,185,230,185,231,186,232,187,233,187,234,188,235,189,236,189,237,190,238,190,239,190,240,190,241,189,242,189,243,189,244,189,245,188,246,188,247,188,248,188,249,188,250,187,251,187,250,186,249,185,248,184,247,183,246,182,245,181,244,181,243,180,242,179,241,178,241,177,241,176,240,176,239,175,238,174,238,173,237,172,236,171
146,173,145,174,144,175,143,176,142,177,141,178,140,179,139,180,138,181,137,182,137,183,137,184,137,185,136,186,135,187,136,188,136,189,137,190,138,191,138,192,139,193,140,193,141,193,142,192,143,192,144,192,145,192,146,191,147,191,148,190,149,190,150,189,151,189,151,188,151,187,151,186,151,185,151,184,151,183,152,182,152,181,152,180,152,179,151,178,150,177,149,176,148,175,147,174
200,175,199,176,198,176,197,176,196,176,195,177,195,178,195,179,195,180,195,181,195,182,195,183,195,184,196,185,197,185,198,186,199,186,200,187,201,187,202,187,203,187,204,187,205,187,206,187,207,187,208,187,209,186,210,185,211,184,212,183,212,182,212,181,211,180,211,179,210,178,209,177,208,176,207,176,206,176,205,175,204,175,203,175,202,175,201,175
24,180,24,181,24,182,24,183,25,183,26,184,27,185,28,185,29,186,30,186,31,187,32,188,33,188,34,189,35,189,36,189,37,190,38,190,39,190,40,191,41,191,42,192,43,192,44,193,44,192,45,191,45,190,46,189,46,188,46,187,47,186,47,185,46,185,45,185,44,184,43,184,42,184,41,184,40,184,39,184,38,183,37,183,36,183,35,183,34,182,33,182,32,182,31,182,30,181,29,181,28,181,27,180,26,180,25,180
153,180,153,181,153,182,152,183,152,184,152,185,152,186,152,187,152,188,152,189,153,189,154,189,155,190,156,190,157,190,158,190,159,190,160,190,161,190,162,190,162,189,162,188,162,187,162,186,162,185,162,184,162,183,161,183,160,182,159,181,158,181,157,181,156,180,155,180,154,180
122,182,121,183,120,183,119,184,118,185,117,186,116,187,115,188,114,189,114,190,114,191,114,192,114,193,114,194,114,195,114,196,114,197,114,198,114,199,114,200,114,201,113,202,113,203,113,204,114,204,115,204,116,204,117,205,118,205,119,205,120,206,121,206,122,207,123,208,124,208,125,209,126,210,127,210,128,211,129,212,130,213,131,214,132,215,133,216,134,217,135,218,136,219,137,220,138,221,139,222,140,223,141,222,142,222,143,221,144,221,144,220,144,219,143,218,143,217,142,216,141,215,141,214,140,213,140,212,140,211,140,210,139,209,139,208,139,207,140,206,140,205,140,204,140,203,140,202,140,201,140,200,139,199,139,198,139,197,139,196,139,195,139,194,138,193,137,192,137,191,136,190,135,189,135,188,134,187,134,186,134,185,133,184,132,184,131,184,130,184,129,184,128,184,127,183,126,183,125,183,124,183,123,183
224,182,223,183,222,183,221,183,220,183,219,183,218,183,217,183,216,183,215,183,214,184,213,183,212,184,211,185,210,186,209,187,209,188,209,189,210,190,211,191,212,192,212,193,213,194,213,195,214,196,215,197,215,198,216,199,216,200,217,201,218,202,219,202,220,203,221,203,222,203,223,203,224,203,225,203,226,202,227,202,228,202,229,202,230,201,231,201,232,200,233,200,234,199,235,198,235,197,235,196,236,195,236,194,236,193,237,192,237,191,236,190,235,190,234,189,233,188,232,188,231,187,230,186,229,186,228,185,227,184,226,184,225,183
23,184,23,185,22,186,21,187,21,188,20,189,20,190,21,191,22,192,23,193,24,194,25,195,25,196,26,197,27,198,27,199,28,199,29,199,30,199,31,199,32,199,33,199,34,198,35,198,36,198,37,198,38,198,39,197,40,197,41,197,42,197,43,196,44,196,44,195,44,194,43,193,42,193,41,192,40,192,39,191,38,191,37,191,36,190,35,190,34,190,33,189,32,189,31,188,30,187,29,187,28,186,27,186,26,185,25,184,24,184
48,184,48,185,48,186,47,187,47,188,47,189,46,190,46,191,45,192,45,193,45,194,45,195,45,196,45,197,46,198,47,199,48,200,49,201,50,202,51,203,51,204,52,205,53,206,54,206,55,206,56,206,57,206,57,205,58,204,59,203,59,202,60,201,60,200,61,199,62,198,62,197,63,196,64,195,64,194,65,193,65,192,66,191,67,190,67,189,66,188,65,188,64,187,63,187,62,186,61,186,60,186,59,185,58,185,57,185,56,185,55,185,54,185,53,185,52,184,51,184,50,184,49,184
194,184,193,185,192,185,191,185,190,185,189,185,188,186,187,186,186,186,185,186,184,186,183,186,182,187,181,187,180,187,179,187,179,188,179,189,179,190,179,191,179,192,180,193,180,194,180,195,180,196,180,197,181,198,181,199,181,200,182,201,182,202,183,203,183,204,184,205,185,206,185,207,186,208,186,209,187,210,187,211,187,212,188,213,188,214,188,215,189,215,190,215,191,215,192,215,193,215,194,215,195,215,196,215,197,215,198,215,199,215,200,215,201,215,202,215,203,215,203,214,204,213,203,212,202,211,201,210,201,209,200,208,200,207,199,206,199,205,199,204,198,203,198,202,198,201,198,200,198,199,198,198,198,197,198,196,197,195,197,194,197,193,197,192,197,191,197,190,197,189,197,188,198,187,197,186,196,186,195,185
101,187,100,188,99,188,98,188,97,189,96,190,95,191,95,192,94,193,95,194,96,195,97,196,98,197,99,197,100,198,101,199,102,200,103,200,104,201,105,201,106,202,107,202,108,202,109,203,110,203,111,203,112,204,112,203,112,202,113,201,113,200,113,199,113,198,113,197,113,196,113,195,113,194,113,193,113,192,113,191,113,190,113,189,112,189,111,188,110,188,109,188,108,188,107,187,106,187,105,187,104,187,103,187,102,187
199,187,198,188,198,189,198,190,198,191,198,192,198,193,198,194,198,195,199,196,199,197,199,198,199,199,199,200,199,201,199,202,199,203,200,204,200,205,200,206,201,207,201,208,202,209,202,210,203,211,204,212,205,212,206,211,207,211,208,211,209,210,210,210,211,210,212,209,213,209,214,208,215,208,216,207,216,206,217,205,217,204,217,203,217,202,216,201,215,200,215,199,214,198,214,197,213,196,212,195,212,194,211,193,211,192,210,191,209,190,208,189,208,188,207,188,206,188,205,188,204,188,203,188,202,188,201,188,200,188
71,188,70,189,69,189,68,189,68,190,67,191,66,192,66,193,65,194,65,195,64,196,63,197,63,198,62,199,61,200,61,201,60,202,60,203,59,204,58,205,58,206,59,207,60,208,61,209,62,210,63,210,64,211,65,212,66,212,67,213,68,213,69,213,70,214,71,214,72,214,73,214,74,214,75,213,76,212,77,212,78,212,79,212,78,211,78,210,79,209,80,209,80,208,81,207,81,206,82,205,82,204,83,203,83,202,83,201,83,200,84,199,84,198,84,197,84,196,83,196,82,195,81,194,80,193,79,193,78,192,77,191,76,190,75,190,74,189,73,188,72,188
250,188,249,189,248,189,247,189,246,189,245,189,244,190,243,190,242,190,241,190,240,191,239,191,238,191,238,192,237,193,237,194,237,195,236,196,236,197,236,198,235,199,234,200,233,201,232,201,231,202,230,202,229,203,228,203,227,203,226,203,225,204,224,204,223,204,222,204,222,205,222,206,222,207,222,208,222,209,222,210,223,211,223,212,224,213,225,214,226,214,227,215,228,216,229,217,230,217,231,217,232,216,233,216,234,216,235,216,236,216,237,217,238,217,239,218,240,219,241,219,242,220,243,220,244,220,245,221,246,221,247,222,248,223,249,224,250,224,250,223,251,222,251,221,251,220,251,219,251,218,252,217,253,216,253,215,253,214,254,213,254,212,255,211,255,210,255,209,255,208,255,207,255,206,255,205,255,204,255,203,255,202,255,201,255,200,255,199,255,198,255,197,255,196,255,195,255,194,255,193,254,192,254,191,253,190,253,189,253,188,252,188,251,188
19,190,18,191,17,192,16,192,15,193,14,194,13,195,13,196,13,197,13,198,13,199,13,200,14,201,14,202,14,203,15,204,15,205,16,206,16,207,17,208,18,209,19,210,19,211,20,210,21,209,22,209,22,208,23,207,23,206,24,205,25,204,25,203,26,202,26,201,27,200,26,199,26,198,25,197,24,196,24,195,23,194,22,193,21,192,20,191
150,190,149,191,148,191,147,192,146,192,145,193,144,193,143,193,142,193,141,194,140,194,140,195,140,196,140,197,140,198,140,199,141,200,141,201,141,202,142,202,143,203,144,203,145,203,146,204,147,205,148,205,149,206,150,207,151,208,152,209,153,210,154,211,155,212,156,212,157,213,158,213,159,213,160,213,161,213,162,213,162,212,162,211,163,210,163,209,163,208,163,207,164,206,164,205,164,204,165,203,165,202,165,201,165,200,165,199,165,198,165,197,165,196,165,195,164,194,164,193,163,192,162,191,161,191,160,191,159,191,158,191,157,191,156,191,155,191,154,190,153,190,152,190,151,190
43,197,42,198,41,198,40,198,39,198,38,199,37,199,36,199,35,199,34,199,33,200,32,200,31,200,30,200,29,200,28,200,27,201,27,202,26,203,26,204,25,205,24,206,24,207,23,208,23,209,24,209,25,209,26,210,27,210,28,210,29,211,30,211,31,211,32,211,33,211,34,211,35,211,36,211,37,211,38,211,39,211,40,211,41,210,42,210,43,210,44,209,45,209,46,209,47,209,48,208,49,208,50,208,51,208,52,208,52,207,52,206,51,205,50,204,50,203,49,202,48,201,47,200,46,199,45,198,44,197
112,205,112,206,112,207,112,208,112,209,112,210,112,211,111,212,111,213,111,214,112,215,112,216,113,217,113,218,114,219,115,220,115,221,116,222,116,223,117,224,117,225,118,226,118,227,119,228,119,229,120,230,120,231,121,232,121,233,122,233,123,233,124,234,125,234,126,234,127,234,128,235,129,235,130,235,131,235,132,236,132,235,133,234,134,233,135,232,135,231,136,230,136,229,137,228,137,227,138,226,138,225,139,224,139,223,138,222,137,221,136,220,135,219,134,218,133,217,132,216,131,215,130,214,129,213,128,212,127,211,126,211,125,210,124,209,123,209,122,208,121,207,120,207,119,206,118,206,117,206,116,205,115,205,114,205,113,205
1,207,0,208,0,209,0,210,0,211,0,212,0,213,0,214,0,215,0,216,0,217,0,218,0,219,0,220,0,221,0,222,0,223,0,224,0,225,0,226,0,227,0,228,0,229,0,230,0,231,0,232,0,233,0,234,0,235,0,236,0,237,1,237,2,236,3,236,4,235,5,234,6,233,7,233,8,233,9,233,10,233,11,232,12,232,13,232,13,231,14,230,14,229,14,228,14,227,15,226,15,225,15,224,15,223,15,222,16,221,16,220,16,219,16,218,16,217,16,216,17,215,17,214,16,213,15,213,14,212,13,211,12,210,11,210,10,210,9,209,8,208,7,208,6,207,5,207,4,207,3,207,2,207
48,209,47,210,46,210,45,210,44,210,43,211,42,211,41,211,40,212,39,212,38,212,37,212,36,212,35,212,34,212,33,212,32,212,31,212,30,212,29,212,28,211,27,211,26,211,25,210,24,210,23,210,22,210,21,210,20,211,19,212,18,213,18,214,18,215,17,216,17,217,17,218,17,219,17,220,17,221,16,222,16,223,16,224,16,225,16,226,15,227,15,228,15,229,15,230,14,231,14,232,15,233,16,234,17,235,18,235,19,235,20,235,21,235,22,235,23,235,24,235,25,235,26,235,27,234,28,234,29,234,30,234,31,234,32,234,33,233,34,233,35,233,36,232,37,232,38,231,39,231,40,231,41,230,42,230,43,230,43,229,44,228,44,227,44,226,45,225,45,224,45,223,46,222,47,221,48,221,49,220,50,220,51,219,52,218,53,218,53,217,53,216,53,215,53,214,53,213,52,212,52,211,52,210,51,209,50,209,49,209
78,213,77,214,76,214,75,214,74,215,73,215,72,215,72,216,72,217,72,218,71,219,71,220,70,221,70,222,70,223,70,224,70,225,71,226,72,227,73,228,74,229,75,230,76,231,77,232,77,233,78,234,79,235,80,236,81,237,81,238,82,239,83,239,84,239,85,239,86,239,87,239,88,240,89,240,90,240,91,240,92,240,93,240,94,239,95,239,96,239,97,239,98,239,99,239,100,239,101,239,102,239,103,240,104,240,105,241,106,241,107,242,108,243,109,244,109,245,110,246,111,247,112,246,113,245,114,244,115,243,115,242,116,241,117,240,118,239,118,238,119,237,120,236,120,235,120,234,120,233,120,232,119,231,119,230,118,229,118,228,117,227,117,226,116,225,116,224,115,223,115,222,114,221,114,220,113,219,112,218,112,217,111,216,111,215,110,214,109,214,108,214,107,215,106,215,105,215,104,215,103,215,102,215,101,215,100,215,99,215,98,215,97,215,96,215,95,215,94,214,93,214,92,214,91,214,90,214,89,214,88,214,87,213,86,213,85,213,84,213,83,213,82,213,81,213,80,214,79,214
223,213,223,214,222,215,221,215,220,216,219,216,218,217,217,218,216,219,216,220,215,221,215,222,215,223,215,224,216,224,217,225,218,225,219,226,220,226,221,226,222,226,223,226,224,226,225,226,226,226,227,226,228,226,228,225,228,224,228,223,229,222,229,221,229,220,229,219,229,218,228,217,227,216,226,215,225,215,224,214
156,214,155,215,154,216,153,217,152,218,151,219,150,220,149,221,148,221,149,222,150,223,150,224,151,225,152,226,152,227,153,228,153,229,154,230,155,231,155,232,156,233,157,234,158,234,159,235,160,236,161,237,162,237,163,237,164,237,165,237,166,237,167,236,168,236,169,236,170,236,171,235,172,235,173,235,172,234,172,233,171,232,171,231,171,230,171,229,171,228,170,227,170,226,170,225,170,224,170,223,170,222,169,222,168,221,167,220,166,219,165,218,164,218,163,217,163,216,162,215,162,214,161,214,160,214,159,214,158,214,157,214
188,216,188,217,187,218,186,219,185,220,185,221,185,222,185,223,185,224,185,225,185,226,185,227,185,228,184,229,184,230,184,231,183,232,183,233,183,234,183,235,184,236,185,236,186,237,187,237,188,237,189,238,190,238,191,239,192,239,193,240,194,240,195,241,196,241,197,241,198,241,199,241,200,241,201,241,202,240,203,240,204,239,205,239,206,238,207,237,208,236,209,236,209,235,209,234,208,233,208,232,207,231,207,230,207,229,207,228,206,227,206,226,206,225,206,224,206,223,206,222,206,221,206,220,205,219,205,218,204,217,204,216,203,216,202,216,201,216,200,216,199,216,198,216,197,216,196,216,195,216,194,216,193,216,192,216,191,216,190,216,189,216
52,219,51,220,50,221,49,221,48,222,47,222,46,223,46,224,46,225,45,226,45,227,45,228,44,229,45,230,46,231,47,232,48,233,49,234,50,235,51,236,52,236,53,235,54,235,55,234,56,233,57,232,58,231,58,230,59,229,59,228,60,227,61,226,61,225,60,225,59,224,58,223,57,222,56,221,55,221,54,220,54,219,53,219
176,220,175,221,174,221,173,221,172,222,171,223,171,224,171,225,171,226,171,227,172,228,172,229,172,230,172,231,172,232,173,233,173,234,174,234,175,234,176,234,177,234,178,235,179,235,180,235,181,235,182,235,182,234,182,233,182,232,183,231,183,230,183,229,184,228,184,227,184,226,184,225,184,224,184,223,184,222,184,221,183,221,182,221,181,220,180,220,179,220,178,220,177,220
145,221,144,222,143,222,142,223,141,223,140,224,139,225,139,226,138,227,138,228,137,229,137,230,136,231,136,232,135,233,134,234,133,235,133,236,133,237,133,238,133,239,134,240,135,240,136,240,137,241,137,242,138,243,138,244,139,244,140,245,141,245,142,246,143,246,144,246,145,245,146,245,147,244,148,244,149,243,150,242,151,241,151,240,152,239,153,238,154,237,154,236,155,235,155,234,155,233,154,232,154,231,153,230,152,229,152,228,151,227,151,226,150,225,149,224,149,223,148,222,147,222,146,221
207,221,207,222,207,223,207,224,207,225,207,226,207,227,208,228,208,229,208,230,208,231,209,232,209,233,210,234,210,235,211,235,212,235,213,235,214,235,215,235,216,235,217,235,218,235,219,235,220,235,221,235,222,235,223,235,224,234,225,234,226,234,227,234,228,233,229,233,230,232,231,231,232,230,231,229,230,229,229,228,229,227,228,227,227,227,226,227,225,227,224,227,223,227,222,227,221,227,220,227,219,227,218,226,217,226,216,225,215,225,214,224,213,224,212,223,211,223,210,223,209,222,208,222
68,224,67,225,66,225,65,225,64,226,63,226,62,226,61,227,60,228,60,229,59,230,59,231,58,232,57,233,56,234,55,235,54,236,53,236,52,237,52,238,52,239,52,240,52,241,52,242,52,243,52,244,52,245,52,246,52,247,51,248,51,249,51,250,51,251,51,252,51,253,51,254,51,255,52,255,53,255,54,255,55,255,56,255,57,255,58,255,59,255,60,255,61,255,62,255,63,255,64,255,65,255,66,255,67,255,68,255,69,255,70,255,71,255,72,255,73,255,74,255,75,255,76,255,77,255,78,255,79,254,80,254,81,254,82,254,82,253,83,252,84,252,85,252,85,251,85,250,85,249,84,248,83,247,82,246,82,245,82,244,82,243,82,242,82,241,82,240,81,239,80,238,80,237,79,236,78,235,77,234,76,233,76,232,75,231,74,230,73,229,72,228,71,227,70,226,69,225,69,224
44,230,43,231,42,231,41,231,40,232,39,232,38,232,37,233,36,233,35,234,34,234,33,234,32,235,31,235,30,235,29,235,28,235,27,235,26,236,25,236,24,236,23,236,22,236,21,236,20,236,19,236,19,237,19,238,19,239,19,240,19,241,19,242,19,243,19,244,19,245,19,246,19,247,19,248,19,249,20,250,21,251,21,252,22,253,22,254,22,255,23,255,24,255,25,255,26,255,27,255,28,255,29,255,30,255,31,255,32,255,33,255,34,255,35,255,36,255,37,255,38,255,39,255,40,255,41,255,42,255,43,255,44,255,45,255,46,255,47,255,48,255,49,255,50,255,50,254,50,253,50,252,50,251,50,250,50,249,50,248,51,247,51,246,51,245,51,244,51,243,51,242,51,241,51,240,51,239,51,238,51,237,50,236,49,235,48,234,47,233,46,232,45,231
11,233,10,234,9,234,8,234,7,234,6,234,5,235,4,236,3,237,2,237,1,238,0,238,0,239,0,240,0,241,0,242,0,243,0,244,0,245,0,246,0,247,0,248,0,249,0,250,0,251,0,252,0,253,0,254,0,255,1,255,2,255,3,255,4,255,5,255,6,255,7,255,8,255,8,254,9,253,10,252,11,251,12,250,13,250,14,249,15,249,16,248,17,248,18,248,18,247,18,246,18,245,18,244,18,243,18,242,18,241,18,240,18,239,18,238,18,237,18,236,17,236,16,235,15,234,14,233,13,233,12,233
122,234,121,235,121,236,120,237,119,238,119,239,118,240,117,241,116,242,116,243,115,244,114,245,113,246,112,247,112,248,112,249,113,250,114,251,114,252,115,253,116,254,117,255,118,255,119,255,120,255,121,255,122,255,123,255,124,255,125,255,126,255,127,255,128,255,129,255,130,255,131,255,132,255,133,255,134,254,134,253,135,252,134,251,134,250,134,249,134,248,134,247,134,246,133,245,133,244,133,243,133,242,133,241,133,240,132,239,132,238,132,237,131,236,130,236,129,236,128,236,127,235,126,235,125,235,124,235,123,234
246,234,245,235,244,235,243,235,242,236,241,236,240,237,239,238,238,238,237,239,237,240,236,241,236,242,236,243,236,244,236,245,237,246,238,247,239,247,240,247,241,248,242,248,243,248,244,248,245,248,246,248,247,247,248,247,249,247,250,247,251,247,252,247,253,246,254,246,255,245,255,244,255,243,255,242,255,241,255,240,255,239,255,238,255,237,254,236,253,235,252,235,251,235,250,234,249,234,248,234,247,234
183,247,182,248,181,248,180,248,179,248,178,249,177,249,176,250,176,251,175,252,175,253,175,254,176,255,177,255,178,255,179,255,180,255,181,255,182,255,183,255,184,255,185,255,186,255,187,255,188,255,189,255,190,255,191,255,192,255,193,255,194,255,195,255,196,255,196,254,196,253,196,252,197,251,196,250,195,249,194,249,193,248,192,248,191,248,190,248,189,247,188,247,187,247,186,247,185,247,184,247
206,248,205,249,204,249,203,249,202,250,201,250,200,251,199,251,198,251,197,252,197,253,197,254,197,255,198,255,199,255,200,255,201,255,202,255,203,255,204,255,205,255,206,255,207,255,208,255,209,255,210,255,211,255,212,255,213,255,214,255,215,255,216,255,217,255,218,254,219,253,219,252,219,251,219,250,219,249,218,249,217,248,216,248,215,248,214,248,213,248,212,248,211,248,210,248,209,248,208,248,207,248
