1,0,0,1,0,2,0,3,0,4,0,5,0,6,0,7,0,8,0,9,0,10,0,11,0,12,0,13,0,14,0,15,0,16,1,17,1,18,1,19,2,19,3,20,4,20,5,21,6,21,7,21,8,22,9,22,10,22,11,22,12,23,13,23,14,23,15,23,16,22,17,21,18,21,19,20,19,19,19,18,19,17,19,16,19,15,19,14,19,13,19,12,19,11,19,10,19,9,19,8,19,7,19,6,20,5,20,4,21,3,21,2,21,1,20,1,19,0,18,0,17,0,16,0,15,0,14,0,13,0,12,0,11,0,10,0,9,0,8,0,7,0,6,0,5,0,4,0,3,0,2,0
24,0,23,1,22,1,22,2,22,3,21,4,21,5,20,6,20,7,20,8,20,9,20,10,20,11,20,12,20,13,20,14,20,15,20,16,20,17,20,18,20,19,20,20,21,20,22,20,23,20,24,20,25,20,26,20,27,21,28,21,29,21,30,21,31,21,32,21,33,21,34,22,35,22,36,22,37,22,38,23,39,23,40,23,41,24,42,24,43,25,44,25,45,24,46,23,47,22,48,21,49,21,50,20,51,19,51,18,51,17,51,16,51,15,51,14,51,13,51,12,51,11,51,10,51,9,51,8,51,7,51,6,51,5,51,4,51,3,50,2,49,1,48,0,47,0,46,0,45,0,44,0,43,0,42,0,41,0,40,0,39,0,38,0,37,0,36,0,35,0,34,0,33,0,32,0,31,0,30,0,29,0,28,0,27,0,26,0,25,0
55,0,54,1,53,1,52,2,52,3,52,4,52,5,52,6,52,7,52,8,52,9,52,10,52,11,52,12,52,13,52,14,52,15,52,16,52,17,52,18,53,19,54,20,55,21,56,22,57,23,58,24,59,25,60,26,60,27,61,28,62,28,63,29,64,29,65,29,66,29,67,30,68,30,69,30,70,30,71,30,72,29,72,28,73,27,74,26,75,25,76,24,77,23,77,22,78,21,79,20,80,19,81,18,81,17,82,16,83,15,83,14,83,13,83,12,83,11,83,10,83,9,83,8,83,7,83,6,83,5,83,4,83,3,83,2,83,1,82,1,81,1,80,1,79,1,78,1,77,0,76,0,75,0,74,0,73,0,72,0,71,0,70,0,69,0,68,0,67,0,66,0,65,0,64,0,63,0,62,0,61,0,60,0,59,0,58,0,57,0,56,0
86,0,85,1,84,1,84,2,84,3,84,4,84,5,84,6,84,7,84,8,84,9,84,10,84,11,84,12,84,13,84,14,85,14,86,14,87,14,88,14,89,14,90,14,91,14,92,15,93,15,94,15,95,15,96,15,97,15,98,16,99,16,100,16,101,16,102,16,103,15,104,14,105,14,106,13,107,12,108,11,109,11,110,10,111,10,112,10,112,9,112,8,112,7,113,6,113,5,114,4,114,3,114,2,114,1,113,1,112,0,111,0,110,0,109,0,108,0,107,0,106,0,105,0,104,0,103,0,102,0,101,0,100,0,99,0,98,0,97,0,96,0,95,0,94,0,93,0,92,0,91,0,90,0,89,0,88,0,87,0
117,0,116,1,115,1,115,2,115,3,115,4,114,5,114,6,113,7,113,8,113,9,113,10,113,11,114,12,115,13,115,14,116,15,117,16,118,17,119,18,120,19,120,20,121,21,122,22,123,21,124,21,125,21,126,21,127,20,128,20,129,20,130,19,131,19,132,19,133,18,133,17,133,16,133,15,133,14,133,13,133,12,133,11,134,10,134,9,134,8,134,7,134,6,134,5,134,4,134,3,134,2,134,1,133,0,132,0,131,0,130,0,129,0,128,0,127,0,126,0,125,0,124,0,123,0,122,0,121,0,120,0,119,0,118,0
172,0,172,1,172,2,172,3,172,4,172,5,173,6,174,7,175,7,176,8,177,8,178,8,179,9,180,9,181,9,182,9,183,8,184,8,185,8,186,8,187,8,188,8,189,8,190,8,191,7,192,7,193,7,194,6,195,6,196,5,197,5,197,4,196,3,196,2,196,1,195,0,194,0,193,0,192,0,191,0,190,0,189,0,188,0,187,0,186,0,185,0,184,0,183,0,182,0,181,0,180,0,179,0,178,0,177,0,176,0,175,0,174,0,173,0
197,0,197,1,197,2,197,3,198,4,198,5,199,5,200,6,201,7,202,7,203,7,204,8,205,8,206,8,207,9,208,9,209,9,210,9,211,9,212,9,213,9,214,9,215,9,216,9,217,8,218,9,218,8,219,7,219,6,219,5,219,4,219,3,218,2,218,1,217,0,216,0,215,0,214,0,213,0,212,0,211,0,210,0,209,0,208,0,207,0,206,0,205,0,204,0,203,0,202,0,201,0,200,0,199,0,198,0
145,8,144,9,143,10,142,10,141,11,140,11,139,12,138,13,137,14,136,14,135,15,134,16,134,17,134,18,134,19,134,20,135,21,135,22,136,23,136,24,137,25,137,26,138,27,138,28,138,29,139,30,140,31,140,32,141,32,142,32,143,32,144,33,145,33,146,33,147,33,148,33,149,32,150,31,150,30,151,29,151,28,152,27,153,26,153,25,154,24,154,23,155,22,156,21,155,20,155,19,154,18,153,17,153,16,152,15,151,14,150,13,149,12,148,11,147,10,146,9,146,8
238,8,237,9,236,9,235,10,234,11,233,12,233,13,232,14,232,15,232,16,232,17,232,18,233,18,234,19,235,19,236,19,237,19,238,19,239,20,240,20,241,20,242,20,243,21,244,21,245,21,246,21,247,22,248,22,249,22,250,22,251,22,252,22,253,22,254,22,255,22,255,21,255,20,255,19,255,18,255,17,255,16,255,15,255,14,255,13,255,12,255,11,255,10,255,9,254,9,253,8,252,8,251,8,250,8,249,8,248,8,247,8,246,8,245,8,244,8,243,8,242,8,241,8,240,8,239,8
110,11,109,12,108,12,107,13,106,14,105,15,104,15,103,16,102,17,102,18,103,19,103,20,103,21,103,22,103,23,103,24,103,25,104,26,104,27,104,28,104,29,104,30,104,31,104,32,104,33,104,34,104,35,104,36,103,37,103,38,102,39,102,40,101,41,100,41,99,42,98,43,97,43,96,43,95,43,94,43,93,43,92,44,92,45,93,46,93,47,94,48,94,49,95,50,96,51,96,52,97,51,98,51,99,51,100,52,101,52,102,52,103,53,104,52,105,52,106,52,107,52,108,52,109,52,110,52,111,52,112,52,113,51,112,50,112,49,112,48,112,47,111,46,111,45,111,44,111,43,112,42,112,41,112,40,113,39,113,38,114,37,114,36,115,35,115,34,116,33,116,32,117,31,117,30,118,29,119,28,119,27,120,26,120,25,121,24,121,23,121,22,120,21,119,20,119,19,118,18,117,17,116,16,115,15,114,14,114,13,113,12,112,11,111,11
165,12,164,13,163,13,162,14,161,15,161,16,160,17,160,18,159,19,158,20,157,21,156,22,155,23,155,24,154,25,154,26,153,27,152,28,152,29,151,30,151,31,150,32,149,33,149,34,150,35,151,36,152,37,153,38,154,39,155,40,156,41,157,40,158,41,159,41,160,41,161,41,162,40,163,39,164,38,165,37,166,36,167,35,168,35,169,34,169,33,169,32,169,31,170,30,170,29,170,28,170,27,171,26,171,25,171,24,171,23,172,22,172,21,173,20,174,19,174,18,173,17,173,16,172,15,171,14,170,13,169,12,168,12,167,12,166,12
84,15,83,16,82,17,82,18,81,19,80,20,79,21,78,22,78,23,77,24,76,25,75,26,74,27,73,28,73,29,72,30,71,31,71,32,71,33,71,34,72,35,72,36,72,37,73,38,73,39,74,40,75,41,76,42,77,42,78,42,79,42,80,42,81,42,82,42,83,42,84,42,85,42,86,42,87,42,88,43,89,43,90,43,91,43,92,43,93,42,94,42,95,42,96,42,97,42,98,42,99,41,100,40,101,40,101,39,102,38,102,37,103,36,103,35,103,34,103,33,103,32,103,31,103,30,103,29,103,28,103,27,103,26,102,25,102,24,102,23,102,22,102,21,102,20,102,19,101,18,101,17,100,17,99,17,98,17,97,16,96,16,95,16,94,16,93,16,92,16,91,15,90,15,89,15,88,15,87,15,86,15,85,15
198,15,197,16,196,16,195,16,194,16,193,17,192,17,191,17,190,18,189,18,188,19,187,19,186,20,185,20,184,21,184,22,184,23,184,24,184,25,185,26,185,27,185,28,185,29,185,30,185,31,185,32,185,33,185,34,185,35,185,36,185,37,186,38,187,39,188,40,189,40,190,40,191,40,192,40,193,40,194,40,195,40,196,40,197,40,198,40,199,40,200,40,201,41,201,40,202,39,203,38,203,37,204,36,205,35,205,34,206,33,206,32,206,31,206,30,206,29,206,28,206,27,207,26,207,25,207,24,207,23,208,22,208,21,208,20,208,19,207,18,206,17,205,16,204,16,203,16,202,16,201,15,200,15,199,15
52,19,51,20,50,21,49,22,48,22,47,23,46,24,45,25,45,26,45,27,45,28,45,29,46,30,46,31,47,32,47,33,48,34,48,35,49,36,50,36,51,37,52,38,53,37,54,36,55,35,56,34,56,33,57,32,58,31,59,30,60,29,60,28,59,27,59,26,58,25,57,24,56,23,55,22,54,21,53,20
133,19,132,20,131,20,130,20,129,21,128,21,127,21,126,22,125,22,124,22,123,22,122,23,122,24,121,25,121,26,120,27,120,28,119,29,118,30,118,31,117,32,117,33,116,34,116,35,115,36,115,37,114,38,114,39,113,40,113,41,113,42,112,43,112,44,112,45,112,46,113,47,113,48,113,49,113,50,114,51,113,52,114,51,115,51,116,50,117,50,118,49,119,49,120,48,121,48,122,47,123,47,124,46,125,45,126,45,127,44,128,43,129,42,130,42,131,41,132,40,133,39,134,38,135,37,136,36,137,35,138,34,139,33,139,32,139,31,138,30,137,29,137,28,137,27,136,26,136,25,135,24,135,23,134,22,134,21,133,20
175,19,174,20,173,21,173,22,172,23,172,24,172,25,172,26,171,27,171,28,171,29,171,30,170,31,170,32,170,33,170,34,170,35,171,35,172,35,173,36,174,36,175,36,176,36,177,36,178,37,179,37,180,36,181,36,182,36,183,36,184,36,184,35,184,34,184,33,184,32,184,31,184,30,184,29,184,28,184,27,184,26,183,25,183,24,183,23,183,22,183,21,182,21,181,20,180,20,179,19,178,19,177,19,176,19
228,19,227,20,227,21,228,22,228,23,228,24,228,25,228,26,228,27,227,28,227,29,228,30,228,31,229,32,229,33,229,34,230,35,230,36,231,37,231,38,232,38,233,39,234,39,235,40,236,40,237,40,238,40,239,39,240,39,241,39,242,38,243,38,244,38,245,38,246,38,247,38,248,38,249,38,250,38,251,38,252,39,253,39,254,40,255,39,255,38,255,37,255,36,255,35,255,34,255,33,255,32,255,31,255,30,255,29,255,28,255,27,255,26,255,25,255,24,255,23,254,23,253,23,252,23,251,23,250,23,249,23,248,23,247,23,246,22,245,22,244,22,243,22,242,21,241,21,240,21,239,21,238,20,237,20,236,20,235,20,234,20,233,19,232,19,231,19,230,19,229,19
0,20,0,21,0,22,0,23,0,24,0,25,0,26,0,27,0,28,0,29,0,30,0,31,0,32,0,33,0,34,0,35,0,36,0,37,0,38,0,39,0,40,0,41,0,42,0,43,0,44,0,45,0,46,1,47,1,48,2,48,3,48,4,48,5,49,6,49,7,48,8,48,9,47,10,47,11,46,12,46,13,45,14,45,15,44,16,44,17,43,17,42,17,41,17,40,17,39,17,38,17,37,17,36,17,35,17,34,16,33,16,32,16,31,16,30,16,29,16,28,15,27,15,26,15,25,14,24,13,24,12,24,11,23,10,23,9,23,8,23,7,22,6,22,5,22,4,21,3,21,2,20,1,20
212,20,211,21,210,21,209,21,209,22,208,23,208,24,208,25,208,26,207,27,207,28,207,29,207,30,207,31,207,32,207,33,208,33,209,32,210,32,211,32,212,31,213,31,214,31,215,30,216,30,217,29,218,29,219,29,220,28,221,28,222,28,223,28,224,28,225,28,226,28,227,27,227,26,227,25,227,24,227,23,227,22,226,21,225,21,224,21,223,20,222,20,221,20,220,20,219,20,218,20,217,20,216,20,215,20,214,20,213,20
19,21,18,22,17,22,16,23,15,24,16,25,16,26,16,27,17,28,17,29,17,30,17,31,17,32,17,33,18,34,18,35,18,36,18,37,18,38,18,39,18,40,18,41,18,42,18,43,19,44,20,44,21,45,22,45,23,46,24,46,25,45,26,44,27,44,28,44,29,43,30,43,31,43,32,43,33,43,34,42,35,42,36,42,37,42,38,42,39,42,40,42,41,42,42,43,43,43,44,43,45,43,46,43,47,43,48,44,49,44,50,44,51,44,51,43,52,42,52,41,52,40,51,39,51,38,50,37,49,37,48,36,47,35,47,34,46,33,46,32,45,31,45,30,44,29,44,28,44,27,44,26,43,26,42,25,41,25,40,24,39,24,38,24,37,23,36,23,35,23,34,23,33,22,32,22,31,22,30,22,29,22,28,22,27,22,26,21,25,21,24,21,23,21,22,21,21,21,20,21
61,29,60,30,59,31,58,32,57,33,57,34,56,35,55,36,54,37,53,38,52,39,53,40,53,41,53,42,52,43,52,44,52,45,53,46,53,47,53,48,53,49,54,49,55,49,56,49,57,49,58,49,59,48,60,47,61,46,62,45,63,45,64,44,65,44,66,43,67,42,68,42,69,41,70,41,71,41,72,40,73,40,72,39,72,38,71,37,71,36,71,35,70,34,70,33,70,32,69,31,68,31,67,31,66,30,65,30,64,30,63,30,62,29
220,29,219,30,218,30,217,30,216,31,215,31,214,32,213,32,212,32,211,33,210,33,209,33,208,34,207,34,206,34,206,35,205,36,204,37,204,38,203,39,202,40,202,41,202,42,202,43,202,44,203,44,204,44,205,44,206,44,207,45,208,45,209,45,210,46,211,46,212,47,213,47,214,48,215,49,216,50,217,51,217,52,218,52,219,52,220,52,221,52,222,52,223,52,224,52,225,52,226,52,227,53,228,53,229,53,230,53,231,53,232,53,233,53,234,52,234,51,235,50,235,49,236,48,236,47,236,46,236,45,237,44,237,43,237,42,237,41,236,41,235,41,234,40,233,40,232,39,231,39,230,38,230,37,229,36,229,35,228,34,228,33,228,32,227,31,227,30,226,29,225,29,224,29,223,29,222,29,221,29
140,33,139,34,138,35,137,36,136,37,135,38,134,39,133,40,132,41,131,42,130,43,129,43,128,44,127,45,126,46,125,46,124,47,123,48,122,48,121,49,120,49,119,50,118,50,117,51,116,51,115,52,114,52,113,53,114,54,114,55,114,56,115,57,115,58,115,59,115,60,115,61,115,62,115,63,115,64,115,65,115,66,115,67,115,68,116,68,117,69,118,70,119,71,120,71,121,72,122,72,123,73,124,72,125,72,126,72,127,73,128,73,129,72,130,72,131,72,132,72,133,71,133,70,134,69,134,68,135,67,136,66,136,65,137,64,138,63,139,62,139,61,139,60,139,59,140,58,140,57,140,56,140,55,140,54,140,53,140,52,139,51,139,50,139,49,139,48,139,47,139,46,139,45,139,44,139,43,140,42,140,41,140,40,141,39,141,38,142,37,143,36,144,35,144,34,143,33,142,33,141,33
145,34,145,35,144,36,143,37,142,38,142,39,141,40,141,41,141,42,140,43,140,44,140,45,140,46,140,47,140,48,140,49,140,50,140,51,141,52,141,53,142,53,143,52,144,51,145,51,146,50,147,49,148,49,149,48,150,47,151,46,152,45,153,44,154,43,155,42,155,41,154,40,153,39,152,38,151,37,150,36,149,35,148,34,147,34,146,34
169,35,168,36,167,36,166,37,165,38,164,39,163,40,162,41,163,42,163,43,163,44,164,45,164,46,164,47,165,48,165,49,165,50,165,51,165,52,165,53,165,54,165,55,165,56,165,57,165,58,165,59,165,60,165,61,164,62,163,63,163,64,163,65,163,66,163,67,164,68,164,69,164,70,164,71,164,72,165,72,166,72,167,72,168,72,169,73,170,73,171,74,172,73,173,72,174,72,175,71,176,70,177,70,178,69,179,69,179,68,179,67,179,66,179,65,179,64,179,63,179,62,179,61,179,60,180,59,180,58,180,57,180,56,180,55,181,54,181,53,181,52,182,51,182,50,183,49,184,48,184,47,185,46,185,45,186,44,186,43,187,42,188,41,187,40,186,39,185,38,184,37,183,37,182,37,181,37,180,37,179,38,178,38,177,37,176,37,175,37,174,37,173,37,172,36,171,36,170,36
242,39,241,40,240,40,239,40,238,41,238,42,238,43,238,44,237,45,237,46,237,47,237,48,236,49,236,50,235,51,235,52,234,53,233,54,234,54,235,55,234,56,235,57,235,58,236,59,236,60,236,61,237,62,237,63,238,63,239,64,240,65,241,65,242,65,243,65,244,66,245,66,246,66,247,66,248,66,249,67,250,66,251,66,252,66,253,66,254,65,255,65,254,64,255,63,255,62,255,61,255,60,255,59,255,58,255,57,255,56,255,55,255,54,255,53,255,52,255,51,255,50,255,49,255,48,254,47,254,46,254,45,254,44,254,43,254,42,254,41,253,40,252,40,251,39,250,39,249,39,248,39,247,39,246,39,245,39,244,39,243,39
72,41,71,42,70,42,69,42,68,43,67,43,66,44,65,45,64,45,63,46,62,46,61,47,60,48,59,49,59,50,59,51,60,52,60,53,61,54,61,55,62,56,63,57,63,58,64,59,64,60,65,61,66,62,66,63,67,64,67,65,67,66,68,66,69,67,70,67,71,67,72,67,73,67,74,67,75,66,76,65,77,65,78,64,79,63,80,62,81,62,82,61,83,60,84,59,85,59,85,58,85,57,85,56,84,55,84,54,83,53,83,52,82,51,81,50,80,49,80,48,79,47,78,46,77,45,76,44,76,43,75,42,74,41,73,41
189,41,188,42,187,43,187,44,186,45,186,46,185,47,185,48,184,49,183,50,183,51,182,52,182,53,182,54,181,55,181,56,181,57,181,58,181,59,180,60,180,61,180,62,180,63,180,64,180,65,180,66,180,67,180,68,181,68,182,68,183,68,184,68,185,69,186,69,187,69,188,70,189,70,190,70,191,70,192,70,193,71,194,71,195,70,196,69,197,68,197,67,197,66,197,65,197,64,198,63,198,62,198,61,198,60,198,59,198,58,198,57,198,56,198,55,198,54,198,53,198,52,199,51,199,50,199,49,200,48,200,47,200,46,201,45,201,44,201,43,201,42,200,41,199,41,198,41,197,41,196,41,195,41,194,41,193,41,192,41,191,41,190,41
156,42,155,43,154,44,153,45,152,46,151,47,150,48,149,49,148,50,147,50,146,51,145,52,144,52,143,53,142,54,141,54,141,55,141,56,141,57,141,58,140,59,140,60,140,61,141,62,142,62,143,62,144,62,145,63,146,63,147,63,148,64,149,64,150,65,151,65,152,65,153,65,154,65,155,64,156,64,157,64,158,64,159,64,160,63,161,63,162,63,163,62,164,61,164,60,164,59,164,58,164,57,164,56,164,55,164,54,164,53,164,52,164,51,164,50,164,49,164,48,163,47,163,46,163,45,162,44,162,43,162,42,161,42,160,42,159,42,158,42,157,42
34,43,33,44,32,44,31,44,30,44,29,44,28,45,27,45,26,45,25,46,24,47,24,48,25,49,25,50,25,51,26,52,26,53,27,54,27,55,28,55,29,55,30,55,31,55,32,55,33,55,34,56,35,56,36,56,37,56,38,56,39,56,40,57,41,57,42,57,43,58,44,58,45,57,46,56,47,55,48,54,49,53,50,52,51,51,52,50,52,49,52,48,52,47,52,46,51,45,50,45,49,45,48,45,47,44,46,44,45,44,44,44,43,44,42,44,41,43,40,43,39,43,38,43,37,43,36,43,35,43
77,43,77,44,78,45,79,46,80,47,81,48,81,49,82,50,83,51,84,52,84,53,85,54,85,55,86,56,86,57,86,58,87,59,88,59,89,59,90,59,91,59,92,60,93,60,94,59,95,58,95,57,95,56,94,55,94,54,95,53,95,52,95,51,94,50,93,49,93,48,92,47,92,46,91,45,91,44,90,44,89,44,88,44,87,43,86,43,85,43,84,43,83,43,82,43,81,43,80,43,79,43,78,43
17,44,16,45,15,45,14,46,13,46,12,47,11,47,10,48,9,48,8,49,7,49,6,50,5,50,4,50,3,50,2,51,1,51,1,52,1,53,1,54,1,55,1,56,1,57,1,58,1,59,1,60,1,61,2,62,2,63,2,64,3,64,4,64,5,64,6,64,7,65,8,65,9,66,9,67,8,68,7,69,8,69,9,70,10,70,11,71,12,71,13,71,14,71,15,71,16,71,17,70,18,70,19,70,20,70,21,70,20,69,20,68,20,67,20,66,20,65,21,64,21,63,22,62,22,61,23,60,24,59,25,58,25,57,26,56,26,55,26,54,25,53,25,52,24,51,24,50,24,49,23,48,23,47,22,46,21,46,20,45,19,45,18,44
202,45,201,46,201,47,201,48,200,49,200,50,200,51,199,52,199,53,199,54,199,55,199,56,199,57,199,58,199,59,199,60,199,61,199,62,199,63,198,64,198,65,198,66,198,67,199,67,200,67,201,67,202,67,203,67,204,67,205,67,206,67,207,67,208,67,208,66,209,65,210,64,210,63,211,62,212,61,212,60,213,59,214,58,214,57,215,56,216,55,216,54,217,53,216,52,216,51,215,50,214,49,213,48,212,48,211,47,210,47,209,46,208,46,207,46,206,45,205,45,204,45,203,45
53,50,52,51,51,52,50,53,49,54,48,55,47,56,46,57,45,58,45,59,45,60,45,61,46,62,46,63,46,64,46,65,47,66,47,67,47,68,47,69,48,70,48,71,49,71,50,72,51,72,52,72,53,71,54,71,55,71,56,70,57,70,58,70,59,70,60,69,61,69,62,69,63,68,64,68,65,67,66,67,66,66,66,65,66,64,65,63,65,62,64,61,63,60,63,59,62,58,62,57,61,56,60,55,60,54,59,53,59,52,58,51,58,50,57,50,56,50,55,50,54,50
104,53,103,54,102,54,101,54,100,55,99,55,98,56,97,56,97,57,96,58,95,59,94,60,94,61,95,62,95,63,96,64,96,65,96,66,97,67,98,68,99,68,100,68,101,68,102,68,103,68,104,68,105,68,106,68,107,68,108,68,109,68,110,68,111,68,112,67,113,67,113,66,114,65,114,64,114,63,114,62,114,61,114,60,114,59,114,58,114,57,113,56,113,55,113,54,112,53,111,53,110,53,109,53,108,53,107,53,106,53,105,53
218,53,217,54,217,55,216,56,215,57,215,58,214,59,213,60,213,61,212,62,211,63,211,64,210,65,209,66,209,67,210,68,210,69,211,70,211,71,212,72,213,72,214,72,215,72,216,72,217,72,218,72,219,72,220,72,221,72,222,73,223,73,224,73,225,72,226,71,227,71,228,70,229,69,230,69,231,68,232,67,233,66,234,66,235,65,236,64,236,63,236,62,235,61,235,60,235,59,234,58,234,57,233,56,233,55,232,54,231,54,230,54,229,54,228,54,227,54,226,53,225,53,224,53,223,53,222,53,221,53,220,53,219,53
27,56,26,57,26,58,25,59,24,60,23,61,23,62,22,63,22,64,21,65,21,66,21,67,21,68,21,69,22,70,22,71,23,72,23,73,24,74,25,75,26,75,27,75,28,74,29,74,30,73,31,73,32,73,33,72,34,72,35,72,36,72,37,71,38,71,39,71,40,71,41,70,42,70,43,70,44,70,45,70,46,70,47,70,46,69,46,68,46,67,46,66,45,65,45,64,45,63,45,62,44,61,44,60,44,59,43,59,42,58,41,58,40,58,39,57,38,57,37,57,36,57,35,57,34,57,33,56,32,56,31,56,30,56,29,56,28,56
86,59,85,60,84,60,83,61,82,62,81,63,80,63,79,64,78,65,77,66,76,66,75,67,74,68,73,68,73,69,73,70,73,71,73,72,73,73,73,74,73,75,72,76,72,77,72,78,72,79,71,80,71,81,71,82,71,83,70,84,70,85,70,86,71,87,71,88,72,89,73,90,74,91,75,92,75,93,76,94,77,94,78,94,79,94,80,94,81,95,82,95,83,95,84,95,85,95,86,96,87,96,88,96,89,95,90,95,91,94,92,93,93,93,94,92,95,91,95,90,95,89,95,88,95,87,95,86,95,85,95,84,95,83,95,82,95,81,95,80,95,79,95,78,95,77,95,76,95,75,95,74,96,73,96,72,96,71,96,70,97,69,97,68,96,67,95,66,95,65,95,64,94,63,94,62,93,61,92,61,91,60,90,60,89,60,88,60,87,60
140,62,139,63,138,64,137,65,137,66,136,67,135,68,135,69,134,70,134,71,133,72,134,72,135,73,136,74,137,74,138,75,139,76,140,77,141,78,142,79,143,79,144,80,145,81,146,81,147,81,148,80,149,79,150,78,151,77,152,76,152,75,152,74,152,73,152,72,152,71,152,70,152,69,152,68,151,67,151,66,150,66,149,65,148,65,147,64,146,64,145,64,144,63,143,63,142,63,141,63
160,64,159,65,158,65,157,65,156,65,155,65,154,66,153,66,152,66,152,67,153,68,153,69,153,70,153,71,153,72,153,73,153,74,153,75,153,76,154,75,155,75,156,75,157,75,158,74,159,74,160,74,161,73,162,73,163,72,163,71,163,70,163,69,163,68,162,67,162,66,162,65,162,64,161,64
236,65,235,66,234,67,233,67,232,68,231,69,230,70,229,70,228,71,227,72,226,72,225,73,224,74,225,75,225,76,226,77,227,78,227,79,228,80,229,81,230,82,231,82,232,82,233,83,234,83,235,83,236,82,237,83,238,83,239,83,240,83,241,83,242,84,243,84,244,84,245,84,246,84,247,84,248,84,249,84,250,85,251,85,252,85,253,85,254,85,255,85,255,84,255,83,255,82,255,81,255,80,255,79,255,78,255,77,255,76,255,75,255,74,255,73,255,72,255,71,255,70,255,69,255,68,255,67,255,66,254,66,253,67,252,67,251,67,250,67,249,68,248,67,247,67,246,67,245,67,244,67,243,66,242,66,241,66,240,66,239,65,238,65,237,65
67,67,66,68,65,68,64,69,63,69,62,70,61,70,60,70,59,71,58,71,57,71,56,71,55,72,54,72,53,72,52,73,51,73,51,74,51,75,51,76,51,77,51,78,51,79,51,80,51,81,51,82,50,83,50,84,51,84,52,85,53,86,54,86,55,87,56,88,57,88,58,87,59,87,60,87,61,86,62,86,63,86,64,86,65,85,66,85,67,85,68,85,69,85,69,84,70,83,70,82,70,81,70,80,71,79,71,78,71,77,71,76,72,75,72,74,72,73,72,72,72,71,72,70,71,69,71,68,70,68,69,68,68,67
112,68,111,69,110,69,109,69,108,69,107,69,106,69,105,69,104,69,103,69,102,69,101,69,100,69,99,69,98,69,97,70,97,71,97,72,97,73,96,74,96,75,96,76,96,77,96,78,96,79,96,80,96,81,96,82,96,83,96,84,96,85,96,86,96,87,96,88,96,89,96,90,96,91,97,91,98,91,99,91,100,91,101,91,102,91,103,92,104,91,105,90,106,90,107,89,108,89,109,88,110,88,111,88,112,88,113,88,114,87,115,86,116,85,117,84,118,84,119,83,120,83,121,83,122,83,123,82,123,81,124,80,124,79,124,78,124,77,124,76,123,75,123,74,122,73,121,73,120,72,119,72,118,71,117,70,116,69,115,69,114,68,113,68
198,68,197,69,196,70,195,71,194,72,195,73,195,74,195,75,195,76,195,77,195,78,195,79,196,80,197,80,198,80,199,80,200,80,201,80,202,80,203,80,204,80,205,79,206,79,207,79,208,79,209,78,210,78,211,77,211,76,212,75,212,74,213,73,212,73,211,72,210,71,210,70,209,69,208,68,207,68,206,68,205,68,204,68,203,68,202,68,201,68,200,68,199,68
180,69,179,70,178,70,177,71,176,71,175,72,174,73,173,73,172,74,172,75,171,76,171,77,171,78,171,79,171,80,170,81,170,82,170,83,170,84,170,85,171,86,171,87,172,88,172,89,172,90,173,91,173,92,173,93,173,94,173,95,174,96,174,97,174,98,175,99,176,98,177,97,178,97,179,96,180,95,181,94,182,93,183,92,184,92,185,91,186,90,187,89,188,88,189,87,190,86,191,85,192,84,193,83,194,82,194,81,195,80,194,79,194,78,194,77,194,76,194,75,194,74,194,73,193,72,192,71,191,71,190,71,189,71,188,71,187,70,186,70,185,70,184,69,183,69,182,69,181,69
41,71,40,72,39,72,38,72,37,72,36,73,35,73,34,73,33,73,32,74,31,74,30,74,29,75,28,75,27,76,26,76,25,77,25,78,25,79,24,80,24,81,24,82,24,83,24,84,25,85,25,86,25,87,25,88,25,89,26,90,26,91,26,92,26,93,27,93,28,94,29,94,30,94,31,95,32,95,33,95,34,95,35,94,36,93,37,92,38,91,39,90,40,89,41,89,42,88,43,87,44,87,45,86,46,85,47,85,48,84,49,84,49,83,50,82,50,81,50,80,50,79,50,78,50,77,50,76,50,75,50,74,50,73,49,72,48,72,47,71,46,71,45,71,44,71,43,71,42,71
129,73,128,74,127,74,126,75,125,76,125,77,125,78,125,79,125,80,125,81,125,82,126,83,126,84,127,84,128,85,129,85,130,85,131,86,132,86,133,87,134,87,135,87,136,88,137,88,138,88,139,88,140,89,141,89,142,89,142,88,143,87,144,86,144,85,144,84,145,83,145,82,144,81,143,80,142,80,141,79,140,78,139,77,138,76,137,75,136,75,135,74,134,73,133,73,132,73,131,73,130,73
163,73,162,74,161,74,160,75,159,75,158,75,157,76,156,76,155,76,154,76,153,77,152,77,151,78,150,79,149,80,148,81,147,82,146,82,146,83,145,84,145,85,145,86,144,87,143,88,143,89,142,90,143,91,143,92,144,93,145,94,145,95,146,96,147,96,148,96,149,95,150,94,151,93,152,93,153,92,154,91,155,91,156,90,157,90,158,89,159,88,160,88,161,87,162,87,163,86,164,86,165,85,166,85,167,84,168,84,169,84,169,83,169,82,169,81,170,80,170,79,170,78,170,77,170,76,171,75,170,74,169,74,168,73,167,73,166,73,165,73,164,73
214,73,213,74,213,75,213,76,213,77,213,78,214,79,214,80,214,81,215,82,215,83,215,84,215,85,215,86,215,87,215,88,215,89,216,89,217,89,218,89,219,90,220,90,221,91,222,91,223,92,224,93,225,94,226,95,227,96,228,97,229,98,230,99,230,100,231,101,232,101,233,101,234,102,235,102,236,102,237,103,238,103,239,103,240,103,241,102,241,101,242,100,243,99,244,98,245,98,246,97,247,96,248,95,249,94,250,93,251,92,252,91,253,90,254,90,255,90,255,89,255,88,255,87,255,86,254,86,253,86,252,86,251,86,250,86,249,85,248,85,247,85,246,85,245,85,244,85,243,85,242,85,241,84,240,84,239,84,238,84,237,84,236,83,235,84,234,84,233,84,232,83,231,83,230,83,229,82,228,81,227,80,226,79,226,78,225,77,224,76,224,75,223,74,222,74,221,73,220,73,219,73,218,73,217,73,216,73,215,73
212,76,212,77,211,78,210,79,209,79,208,80,207,80,206,80,205,80,204,81,203,81,202,81,201,81,200,81,199,81,198,81,197,81,196,81,195,81,195,82,194,83,193,84,192,85,191,86,190,87,189,88,188,89,187,90,186,91,185,92,184,93,183,93,182,94,181,95,180,96,179,97,178,98,177,98,176,99,175,100,176,101,176,102,177,103,177,104,178,105,178,106,179,107,179,108,180,109,180,110,181,111,182,111,183,111,184,111,185,110,185,109,186,108,187,107,188,106,189,105,190,104,191,103,192,103,193,103,194,102,195,102,196,102,197,101,198,101,199,101,200,101,200,100,200,99,200,98,201,97,201,96,202,95,203,94,204,93,205,93,206,92,207,92,208,92,209,91,210,91,211,91,212,90,213,90,214,89,214,88,214,87,214,86,214,85,214,84,214,83,214,82,213,81,213,80,213,79,212,78,212,77
119,84,118,85,117,85,116,86,115,87,114,88,115,89,116,90,117,91,118,92,119,93,120,94,120,95,121,96,122,97,123,98,124,99,125,98,126,98,127,98,128,97,129,97,130,97,131,96,132,96,133,95,134,95,135,95,136,94,137,94,138,93,139,93,140,92,141,92,142,91,141,90,140,90,139,89,138,89,137,89,136,89,135,88,134,88,133,88,132,87,131,87,130,86,129,86,128,86,127,85,126,85,125,84,124,84,123,84,122,84,121,84,120,84
0,85,0,86,0,87,0,88,0,89,0,90,0,91,0,92,0,93,0,94,0,95,0,96,0,97,0,98,0,99,0,100,0,101,0,102,0,103,0,104,0,105,0,106,0,107,0,108,1,109,1,110,2,110,3,110,4,110,5,110,6,110,7,110,8,110,9,109,10,108,11,108,12,107,13,106,14,106,15,105,16,105,17,104,17,103,18,102,18,101,19,100,19,99,20,98,20,97,21,96,21,95,20,94,20,93,19,92,18,91,17,90,16,90,15,89,14,88,13,88,12,87,11,87,10,87,9,86,8,86,7,86,6,86,5,85,4,85,3,85,2,85,1,85
48,85,47,86,46,86,45,87,44,88,43,88,42,89,41,90,40,90,39,91,38,92,37,93,36,94,35,95,34,96,35,97,35,98,36,99,37,100,37,101,38,102,39,103,40,104,41,104,42,103,43,102,44,102,45,102,46,102,47,102,48,101,49,101,50,101,51,101,52,101,53,100,54,100,55,100,55,99,55,98,55,97,55,96,55,95,55,94,55,93,55,92,56,91,56,90,56,89,55,88,54,87,53,87,52,86,51,85,50,85,49,85
167,85,166,86,165,86,164,87,163,87,162,88,161,88,160,89,159,89,158,90,157,91,156,91,155,92,154,92,153,93,152,94,151,94,150,95,149,96,149,97,150,98,151,99,152,100,153,101,154,101,155,101,156,101,157,101,158,101,159,100,160,100,161,100,162,100,163,100,164,100,165,99,166,99,167,99,168,99,169,99,170,98,171,98,172,98,173,98,173,97,173,96,172,95,172,94,172,93,172,92,172,91,171,90,171,89,171,88,170,87,170,86,169,85,168,85
65,86,64,87,63,87,62,87,61,87,60,88,59,88,58,88,57,89,57,90,57,91,56,92,56,93,56,94,56,95,56,96,56,97,56,98,56,99,56,100,56,101,57,102,58,102,59,103,60,104,61,105,62,106,62,107,63,108,64,109,65,109,66,109,67,108,68,107,68,106,69,105,70,104,70,103,71,102,72,101,72,100,73,99,74,98,74,97,75,96,76,95,75,94,74,93,74,92,73,91,72,90,71,89,70,88,70,87,69,86,68,86,67,86,66,86
109,89,108,90,107,90,106,91,105,91,104,92,104,93,104,94,104,95,104,96,105,97,105,98,105,99,105,100,106,101,106,102,106,103,106,104,106,105,106,106,106,107,106,108,107,109,107,110,107,111,107,112,108,113,109,113,110,113,111,112,112,112,113,111,114,110,115,110,116,109,117,109,118,108,118,107,119,106,120,105,120,104,121,103,121,102,122,101,122,100,123,99,122,98,121,97,120,96,119,95,119,94,118,93,117,92,116,91,115,90,114,89,113,89,112,89,111,89,110,89
214,90,213,91,212,91,211,92,210,92,209,92,208,93,207,93,206,93,205,94,204,94,203,95,202,96,202,97,201,98,201,99,201,100,201,101,202,102,203,103,204,104,204,105,204,106,205,107,205,108,205,109,205,110,205,111,206,111,207,111,208,111,209,111,210,111,211,111,212,112,213,112,214,112,215,113,216,113,217,114,218,114,219,115,220,115,221,114,221,113,222,112,222,111,223,110,224,109,224,108,225,107,226,106,226,105,227,104,227,103,228,102,229,101,229,100,229,99,228,98,227,97,226,96,225,95,224,94,223,93,222,92,221,92,220,91,219,91,218,90,217,90,216,90,215,90
253,91,252,92,251,93,250,94,249,95,248,96,247,97,246,98,245,99,244,99,243,100,242,101,242,102,241,103,240,104,241,105,241,106,242,107,242,108,243,109,244,110,245,111,245,112,246,113,247,114,248,115,249,115,250,116,251,116,252,117,253,117,254,117,254,116,255,115,255,114,255,113,255,112,255,111,255,110,255,109,255,108,255,107,255,106,255,105,255,104,255,103,255,102,255,101,255,100,255,99,255,98,255,97,255,96,255,95,255,94,255,93,255,92,255,91,254,91
95,92,94,93,93,94,92,94,91,95,90,96,89,96,88,97,88,98,88,99,89,100,89,101,90,102,90,103,91,104,91,105,91,106,92,107,93,108,93,109,94,110,94,111,95,112,95,113,96,114,97,114,98,114,99,114,100,114,101,114,102,114,103,113,104,113,105,113,106,112,106,111,106,110,106,109,105,108,105,107,105,106,105,105,105,104,105,103,105,102,105,101,104,100,104,99,104,98,104,97,103,96,103,95,103,94,103,93,102,92,101,92,100,92,99,92,98,92,97,92,96,92
142,92,141,93,140,93,139,94,138,94,137,95,136,95,135,96,134,96,133,96,132,97,131,97,130,98,129,98,128,98,127,99,126,99,125,99,124,100,123,100,123,101,122,102,122,103,121,104,121,105,120,106,119,107,119,108,118,109,119,109,120,109,121,109,122,110,123,110,124,110,125,111,126,111,127,111,128,112,129,112,130,112,131,112,132,111,133,110,133,109,134,108,135,107,136,106,137,105,138,104,139,103,140,102,141,101,142,100,143,99,144,98,145,97,145,96,144,95,144,94,143,93
25,94,24,95,23,95,22,96,21,97,21,98,20,99,20,100,19,101,19,102,18,103,18,104,17,105,18,106,19,107,20,108,21,109,22,109,23,110,24,111,25,112,26,113,27,114,28,115,29,116,30,117,31,118,32,119,33,120,34,121,34,122,35,121,36,121,37,120,38,119,39,118,39,117,39,116,39,115,39,114,39,113,39,112,39,111,39,110,39,109,39,108,40,107,40,106,40,105,39,104,38,103,37,102,36,101,36,100,35,99,34,98,34,97,33,96,32,96,31,96,30,95,29,95,28,95,27,94,26,94
77,95,76,96,75,97,75,98,74,99,73,100,73,101,72,102,71,103,71,104,70,105,69,106,69,107,69,108,70,109,71,109,72,110,73,111,74,112,75,112,76,113,77,114,78,115,79,116,80,117,81,117,82,117,83,116,84,116,85,116,86,116,87,117,88,117,89,117,90,117,91,117,92,117,93,116,94,115,95,115,95,114,94,113,94,112,93,111,93,110,92,109,92,108,91,107,90,106,90,105,90,104,89,103,89,102,88,101,88,100,87,99,87,98,87,97,86,97,85,96,84,96,83,96,82,96,81,96,80,95,79,95,78,95
146,97,145,98,144,99,143,100,142,101,141,102,140,103,139,104,138,105,137,106,136,107,135,108,134,109,134,110,133,111,132,112,131,113,131,114,131,115,132,116,132,117,132,118,132,119,133,119,134,120,135,120,136,120,137,120,138,120,139,120,140,120,141,120,142,120,143,119,144,119,145,119,146,119,147,119,148,119,149,119,150,118,151,117,152,116,153,115,154,114,155,113,155,112,154,111,154,110,154,109,154,108,154,107,154,106,154,105,154,104,154,103,153,102,152,101,151,100,150,99,149,98,148,97,147,97
170,99,169,100,168,100,167,100,166,100,165,100,164,101,163,101,162,101,161,101,160,101,159,101,158,102,157,102,156,102,155,102,155,103,155,104,155,105,155,106,155,107,155,108,155,109,155,110,155,111,156,112,156,113,157,113,158,113,159,114,160,114,161,115,162,116,163,117,164,117,165,118,166,119,167,119,168,119,169,119,170,119,171,118,172,117,173,116,174,115,175,114,176,113,177,113,178,112,179,112,180,111,179,110,179,109,178,108,178,107,177,106,177,105,176,104,176,103,175,102,175,101,174,100,174,99,173,99,172,99,171,99
53,101,52,102,51,102,50,102,49,102,48,102,47,103,46,103,45,103,44,103,43,103,42,104,41,105,41,106,41,107,40,108,40,109,40,110,40,111,40,112,40,113,40,114,40,115,40,116,40,117,40,118,41,118,42,118,43,118,44,118,45,119,46,119,47,119,48,119,49,119,50,119,51,120,52,120,53,120,54,120,55,120,56,121,57,120,58,119,58,118,59,117,60,116,60,115,61,114,62,113,62,112,63,111,64,110,63,109,62,108,61,107,61,106,60,105,59,104,58,103,57,103,56,102,55,101,54,101
230,101,229,102,228,103,228,104,227,105,227,106,226,107,225,108,225,109,224,110,223,111,223,112,222,113,222,114,222,115,222,116,222,117,223,117,224,118,225,119,226,120,227,120,228,121,229,122,230,122,231,123,232,124,233,125,234,126,235,127,236,127,237,127,238,127,239,127,240,127,241,127,242,127,243,127,244,127,245,127,246,127,247,127,248,126,249,126,250,126,251,126,252,126,253,126,254,126,255,126,255,125,255,124,255,123,255,122,255,121,254,120,254,119,254,118,253,118,252,118,251,117,250,117,249,116,248,116,247,115,246,114,245,113,244,112,244,111,243,110,242,109,241,108,241,107,240,106,240,105,239,104,238,104,237,104,236,103,235,103,234,103,233,102,232,102,231,102
15,106,14,107,13,107,12,108,11,109,10,109,9,110,9,111,10,112,10,113,11,114,11,115,12,116,13,117,14,118,14,119,15,120,16,121,17,122,18,123,19,124,19,125,20,126,21,127,22,126,23,126,24,126,25,126,26,126,27,126,28,126,29,126,30,126,31,126,32,125,33,124,34,123,33,122,33,121,32,120,31,119,30,118,29,117,28,116,27,115,26,114,25,113,24,112,23,111,22,110,21,110,20,109,19,108,18,107,17,106,16,106
67,109,66,110,65,110,64,111,63,112,63,113,62,114,61,115,61,116,60,117,59,118,59,119,58,120,57,121,57,122,58,123,58,124,59,125,59,126,60,127,61,127,62,127,63,127,64,127,65,127,66,127,67,127,68,127,69,127,70,127,71,127,72,127,73,127,74,127,75,127,75,126,76,125,76,124,77,123,77,122,78,121,78,120,79,119,79,118,79,117,78,116,77,115,76,114,75,113,74,113,73,112,72,111,71,110,70,110,69,110,68,109
116,110,115,111,114,111,113,112,112,113,111,113,110,114,110,115,110,116,110,117,111,118,111,119,111,120,112,121,112,122,112,123,113,124,113,125,114,126,114,127,115,127,116,127,117,127,118,127,119,127,120,127,121,127,122,127,123,127,124,127,125,127,126,127,126,126,127,125,127,124,128,123,129,122,130,121,131,120,131,119,131,118,130,117,130,116,130,115,129,114,129,113,128,113,127,112,126,112,125,112,124,111,123,111,122,111,121,110,120,110,119,110,118,110,117,110
1,111,0,112,0,113,0,114,0,115,0,116,0,117,0,118,0,119,0,120,0,121,0,122,0,123,0,124,0,125,0,126,0,127,0,128,0,129,0,130,0,131,0,132,0,133,0,134,0,135,0,136,0,137,0,138,0,139,0,140,0,141,0,142,0,143,1,144,2,144,3,145,4,145,5,145,6,144,7,144,8,144,9,144,9,143,9,142,10,141,11,140,11,139,12,138,12,137,13,136,14,135,14,134,15,133,16,132,17,131,18,130,19,129,20,128,20,127,19,126,18,125,18,124,17,123,16,122,15,121,14,120,13,119,13,118,12,117,11,116,10,115,10,114,9,113,9,112,8,111,7,111,6,111,5,111,4,111,3,111,2,111
180,112,179,113,178,113,177,114,176,114,175,115,174,116,173,117,172,118,171,119,170,120,171,120,172,121,173,122,174,123,175,124,176,125,176,126,177,127,178,127,179,127,180,127,181,127,182,127,183,127,184,127,185,127,185,126,185,125,185,124,185,123,185,122,185,121,184,120,184,119,184,118,184,117,184,116,183,115,183,114,183,113,182,112,181,112
204,112,204,113,203,114,202,115,202,116,202,117,202,118,202,119,201,120,201,121,201,122,200,123,200,124,200,125,200,126,200,127,201,128,202,128,203,128,204,128,205,127,206,127,207,127,208,127,209,127,210,127,211,126,212,125,212,124,213,123,214,122,215,121,216,120,217,119,218,118,218,117,219,116,218,115,217,115,216,114,215,114,214,113,213,113,212,113,211,112,210,112,209,112,208,112,207,112,206,112,205,112
106,113,105,114,104,114,103,114,102,115,101,115,100,115,99,115,98,115,97,115,96,115,95,116,94,116,93,117,93,118,93,119,93,120,93,121,93,122,93,123,93,124,93,125,93,126,93,127,93,128,93,129,93,130,93,131,93,132,93,133,92,134,92,135,92,136,91,137,92,138,93,139,94,140,95,140,96,141,97,141,98,141,99,141,100,141,101,141,102,141,103,142,104,142,105,142,106,142,107,142,108,141,108,140,109,139,109,138,110,137,110,136,111,135,111,134,111,133,112,132,112,131,113,130,113,129,113,128,113,127,113,126,112,125,112,124,111,123,111,122,111,121,110,120,110,119,110,118,109,117,109,116,109,115,109,114,108,114,107,113
155,114,154,115,153,116,152,117,151,118,150,119,151,119,152,120,153,121,154,122,155,123,156,123,157,123,158,124,159,124,160,124,161,124,162,123,163,122,164,121,165,120,165,119,164,118,163,118,162,117,161,116,160,115,159,115,158,114,157,114,156,114
220,116,219,117,219,118,218,119,217,120,216,121,215,122,214,123,213,124,213,125,212,126,211,127,211,128,212,129,213,130,214,131,215,132,216,133,217,134,217,135,218,136,219,137,220,138,221,138,222,137,223,136,224,136,225,135,226,134,227,134,228,133,229,132,230,132,231,131,232,130,233,129,234,128,234,127,233,126,232,125,231,124,230,123,229,123,228,122,227,121,226,121,225,120,224,119,223,118,222,118,221,117
83,117,82,118,81,118,80,118,80,119,79,120,79,121,78,122,78,123,77,124,77,125,76,126,76,127,76,128,76,129,77,130,77,131,78,132,78,133,79,134,79,135,80,136,80,137,81,137,82,137,83,137,84,137,85,137,86,137,87,137,88,137,89,137,90,137,91,136,91,135,91,134,92,133,92,132,92,131,92,130,92,129,92,128,92,127,92,126,92,125,92,124,92,123,92,122,92,121,92,120,92,119,92,118,91,118,90,118,89,118,88,118,87,118,86,117,85,117,84,117
39,119,38,120,37,121,36,122,35,122,35,123,34,124,33,125,32,126,32,127,32,128,33,129,33,130,34,131,34,132,35,133,36,133,37,134,38,135,39,136,40,136,41,136,42,136,43,136,44,136,45,135,46,135,47,135,48,135,49,135,50,134,51,134,52,134,53,134,54,134,55,133,56,133,56,132,57,131,58,130,58,129,59,128,59,127,58,126,58,125,57,124,57,123,56,122,55,121,54,121,53,121,52,121,51,121,50,120,49,120,48,120,47,120,46,120,45,120,44,119,43,119,42,119,41,119,40,119
132,120,131,121,130,122,129,123,128,124,128,125,127,126,127,127,127,128,127,129,128,130,129,131,129,132,130,133,130,134,131,135,132,135,133,135,134,135,135,134,136,134,137,134,138,134,139,134,140,134,141,134,142,134,143,135,144,135,145,135,146,135,147,135,148,135,149,136,150,136,151,137,152,138,153,139,154,140,155,141,156,141,157,141,158,140,159,140,160,139,161,138,162,138,163,137,164,136,164,135,164,134,163,133,162,132,161,131,161,130,161,129,161,128,161,127,161,126,161,125,160,125,159,125,158,125,157,124,156,124,155,124,154,123,153,122,152,121,151,120,150,120,149,120,148,120,147,120,146,120,145,120,144,120,143,120,142,121,141,121,140,121,139,121,138,121,137,121,136,121,135,121,134,121,133,120
166,120,165,121,164,122,163,123,162,124,162,125,162,126,162,127,162,128,162,129,162,130,162,131,163,132,164,133,165,134,165,135,166,135,167,135,168,135,169,135,170,135,171,134,171,133,172,132,173,131,174,130,175,129,176,128,176,127,175,126,175,125,174,124,173,123,172,122,171,121,170,121,169,120,168,120,167,120
22,127,21,128,20,129,19,130,18,131,17,132,16,133,15,134,15,135,14,136,13,137,13,138,12,139,12,140,11,141,10,142,10,143,10,144,10,145,10,146,11,146,12,147,13,147,14,148,15,148,16,149,17,149,18,148,19,147,20,146,21,145,22,144,23,143,24,142,25,141,26,140,27,139,28,138,29,137,30,136,31,135,32,134,33,133,33,132,33,131,32,130,32,129,31,128,31,127,30,127,29,127,28,127,27,127,26,127,25,127,24,127,23,127
186,127,186,128,186,129,185,130,185,131,185,132,186,133,186,134,186,135,186,136,186,137,186,138,185,139,185,140,185,141,185,142,186,143,187,143,188,142,189,142,190,142,191,142,192,142,193,142,194,142,195,142,196,141,197,141,198,141,199,141,200,141,201,141,201,140,201,139,201,138,201,137,201,136,201,135,201,134,201,133,201,132,201,131,201,130,201,129,200,128,199,127,198,127,197,127,196,127,195,127,194,127,193,127,192,127,191,127,190,127,189,127,188,127,187,127
248,127,247,128,246,128,245,128,244,128,243,128,242,128,241,128,240,128,239,128,238,128,237,128,236,128,235,128,234,129,233,130,232,131,231,132,230,133,229,133,228,134,227,135,226,135,225,136,224,137,223,137,222,138,221,139,221,140,221,141,222,142,222,143,223,144,224,145,224,146,225,147,226,148,226,149,227,150,227,151,228,152,229,153,229,154,230,155,231,155,232,154,233,154,234,153,235,153,236,152,237,152,238,151,239,151,240,150,240,149,241,148,242,147,242,146,243,145,244,144,245,143,246,142,247,141,248,140,249,140,250,139,251,138,252,138,253,138,254,138,255,137,255,136,255,135,255,134,255,133,255,132,255,131,255,130,255,129,255,128,255,127,254,127,253,127,252,127,251,127,250,127,249,127
60,128,59,129,59,130,58,131,57,132,57,133,57,134,57,135,58,136,59,137,59,138,60,139,60,140,61,141,62,142,62,143,63,144,64,145,65,145,66,146,67,146,68,147,69,146,70,145,71,145,72,144,73,144,74,143,75,142,76,141,77,140,78,139,79,138,79,137,79,136,78,135,78,134,77,133,77,132,76,131,76,130,75,129,75,128,74,128,73,128,72,128,71,128,70,128,69,128,68,128,67,128,66,128,65,128,64,128,63,128,62,128,61,128
114,128,114,129,114,130,113,131,113,132,112,133,112,134,112,135,111,136,111,137,110,138,110,139,109,140,109,141,108,142,109,142,110,142,111,142,112,143,113,143,114,144,115,144,116,145,117,145,118,146,119,146,120,145,121,145,122,145,123,144,124,144,125,143,126,143,127,143,128,142,129,142,130,142,131,141,131,140,131,139,131,138,131,137,131,136,130,135,129,134,129,133,128,132,128,131,127,130,126,129,126,128,125,128,124,128,123,128,122,128,121,128,120,128,119,128,118,128,117,128,116,128,115,128
177,128,176,129,175,130,174,131,173,132,172,133,172,134,171,135,171,136,172,137,173,138,174,139,175,140,176,140,177,141,178,142,179,143,180,143,181,143,182,143,183,143,184,142,184,141,184,140,184,139,185,138,185,137,185,136,185,135,185,134,185,133,184,132,184,131,184,130,185,129,185,128,184,128,183,128,182,128,181,128,180,128,179,128,178,128
205,128,204,129,203,129,202,129,202,130,202,131,202,132,202,133,202,134,202,135,202,136,202,137,202,138,202,139,202,140,202,141,203,142,204,143,205,144,206,143,207,144,208,144,209,143,210,143,211,143,212,143,213,142,214,142,215,142,216,141,217,141,218,141,219,140,220,140,220,139,219,138,218,137,217,136,216,135,216,134,215,133,214,132,213,131,212,130,211,129,210,128,209,128,208,128,207,128,206,128
34,133,33,134,32,135,31,136,30,137,29,138,28,139,27,140,26,141,25,142,24,143,23,144,22,145,21,146,20,147,19,148,18,149,17,150,18,151,18,152,19,153,19,154,20,155,20,156,20,157,21,158,21,159,22,160,22,161,23,161,24,162,25,162,26,161,27,161,28,160,29,160,30,160,31,159,32,159,33,159,34,158,35,157,36,156,37,155,38,154,39,154,39,153,40,152,40,151,40,150,40,149,40,148,40,147,40,146,40,145,40,144,40,143,40,142,40,141,40,140,40,139,40,138,40,137,39,137,38,136,37,135,36,134,35,134
55,134,54,135,53,135,52,135,51,135,50,135,49,136,48,136,47,136,46,136,45,136,44,137,43,137,42,137,41,137,41,138,41,139,41,140,41,141,41,142,41,143,41,144,41,145,41,146,41,147,41,148,41,149,41,150,41,151,41,152,42,152,43,152,44,152,45,152,46,153,47,153,48,153,49,153,50,153,51,153,52,153,53,153,54,154,55,154,56,153,57,152,58,151,59,150,60,149,61,148,62,147,63,146,63,145,62,144,61,143,61,142,60,141,59,140,59,139,58,138,58,137,57,136,56,135,56,134
135,135,134,136,133,136,132,136,132,137,132,138,132,139,132,140,132,141,132,142,132,143,133,144,134,145,134,146,135,147,136,148,137,149,138,150,139,151,140,152,141,153,142,154,143,155,144,156,145,157,146,157,147,158,148,157,149,156,150,156,151,155,152,155,153,154,154,154,154,153,154,152,154,151,154,150,154,149,154,148,154,147,154,146,154,145,154,144,155,143,155,142,154,141,153,140,152,139,151,138,150,137,149,137,148,136,147,136,146,136,145,136,144,136,143,136,142,135,141,135,140,135,139,135,138,135,137,135,136,135
165,136,164,137,163,138,162,139,161,139,160,140,159,141,158,141,157,142,156,142,156,143,155,144,155,145,155,146,155,147,155,148,155,149,155,150,155,151,155,152,155,153,155,154,156,154,157,154,158,154,159,154,160,154,161,154,162,154,163,155,164,155,165,155,166,155,167,156,168,156,169,156,170,157,171,157,172,156,173,156,174,155,175,155,176,155,177,154,177,153,178,152,178,151,179,150,179,149,179,148,180,147,180,146,180,145,180,144,179,144,178,143,177,142,176,141,175,141,174,140,173,139,172,138,171,137,170,136,169,136,168,136,167,136,166,136
80,138,79,139,78,140,77,141,76,142,75,143,74,144,73,145,72,145,71,146,70,146,69,147,69,148,69,149,70,150,71,151,71,152,72,153,73,154,73,155,74,156,74,157,75,158,76,159,76,160,77,160,78,160,79,160,80,160,81,160,82,160,83,159,84,159,85,159,86,159,87,159,87,158,87,157,87,156,88,155,88,154,89,153,89,152,90,151,90,150,91,149,92,148,92,147,93,146,93,145,94,144,95,143,96,142,95,141,94,141,93,140,92,139,91,138,90,138,89,138,88,138,87,138,86,138,85,138,84,138,83,138,82,138,81,138
251,139,250,140,249,141,248,141,247,142,246,143,245,144,244,145,243,146,243,147,242,148,241,149,241,150,240,151,241,152,241,153,242,154,243,155,244,156,245,157,246,157,247,158,248,158,249,159,250,159,251,159,252,159,253,159,254,160,255,159,255,158,255,157,255,156,255,155,255,154,255,153,255,152,255,151,255,150,255,149,255,148,255,147,255,146,255,145,255,144,255,143,255,142,255,141,255,140,254,139,253,139,252,139
219,141,218,142,217,142,216,142,215,143,214,143,213,143,212,144,211,144,210,144,209,144,208,145,207,145,206,146,205,147,205,148,205,149,204,150,204,151,204,152,203,153,203,154,204,155,205,156,206,157,207,158,208,158,209,159,210,159,211,159,212,159,213,159,214,159,215,160,216,160,217,160,218,160,219,160,220,161,221,161,222,161,223,161,224,161,225,160,226,159,227,159,228,158,229,157,229,156,229,155,228,154,228,153,227,152,226,151,226,150,225,149,225,148,224,147,223,146,223,145,222,144,221,143,221,142,220,141
97,142,96,143,95,144,94,145,94,146,93,147,93,148,92,149,91,150,91,151,90,152,90,153,89,154,89,155,88,156,88,157,88,158,88,159,89,160,90,161,91,161,92,162,93,162,94,163,95,163,96,164,97,164,98,164,99,163,100,163,101,163,102,163,103,163,103,162,103,161,103,160,103,159,103,158,103,157,104,156,104,155,104,154,104,153,104,152,104,151,105,150,105,149,105,148,105,147,105,146,105,145,105,144,106,143,105,143,104,143,103,143,102,142,101,142,100,142,99,142,98,142
107,143,106,144,106,145,106,146,106,147,106,148,106,149,106,150,105,151,105,152,105,153,105,154,105,155,105,156,104,157,104,158,104,159,104,160,104,161,104,162,104,163,105,164,106,164,107,165,108,165,109,166,110,166,111,166,112,167,113,167,114,166,115,165,116,164,117,163,117,162,118,161,119,160,120,159,121,158,122,157,122,156,121,155,121,154,121,153,120,152,120,151,119,150,119,149,118,148,118,147,117,146,116,146,115,145,114,145,113,144,112,144,111,143,110,143,109,143,108,143
128,143,127,144,126,144,125,144,124,145,123,145,122,146,121,146,120,146,119,147,119,148,120,149,120,150,121,151,121,152,122,153,122,154,122,155,123,156,124,156,125,156,126,156,127,157,128,157,129,157,130,158,131,158,132,158,133,159,134,159,135,159,136,160,137,160,138,160,139,161,140,161,141,161,142,161,143,162,144,161,145,161,146,160,146,159,146,158,145,158,144,157,143,156,142,155,141,154,140,153,139,152,138,151,137,150,136,149,135,148,134,147,133,146,133,145,132,144,131,143,130,143,129,143
181,144,181,145,181,146,181,147,180,148,180,149,180,150,179,151,179,152,178,153,178,154,177,155,178,155,179,156,180,157,181,158,182,159,183,160,184,161,185,162,186,163,187,164,188,165,189,166,190,167,191,168,192,169,192,170,193,171,194,172,194,173,195,174,195,175,196,175,197,175,198,175,199,174,200,174,201,174,202,174,203,174,204,174,205,174,206,175,207,175,208,175,209,176,210,177,211,178,212,179,213,180,213,181,214,181,215,181,216,181,217,181,218,181,219,181,220,181,221,181,222,181,222,180,222,179,223,178,223,177,224,176,225,175,225,174,226,173,227,172,227,171,228,170,229,169,228,168,227,167,226,166,226,165,225,164,225,163,224,162,223,162,222,162,221,162,220,162,219,161,218,161,217,161,216,161,215,161,214,160,213,160,212,160,211,160,210,160,209,160,208,159,207,159,206,158,205,157,204,156,203,155,202,154,202,153,202,152,201,152,200,152,199,152,198,152,197,152,196,152,195,152,194,152,193,152,192,151,191,151,190,151,189,150,188,150,187,149,186,148,185,147,184,146,184,145,183,144,182,144
6,145,5,146,4,146,3,146,2,147,1,148,0,149,0,150,0,151,0,152,0,153,0,154,0,155,0,156,0,157,0,158,0,159,0,160,0,161,0,162,0,163,0,164,0,165,0,166,0,167,0,168,0,169,0,170,1,170,2,170,3,170,4,170,5,169,6,169,7,169,8,169,9,169,10,168,11,168,12,167,13,167,14,167,15,166,16,166,17,165,18,164,19,164,20,163,21,163,22,162,21,161,21,160,20,159,20,158,19,157,19,156,19,155,18,154,18,153,17,152,17,151,16,150,15,149,14,149,13,148,12,148,11,147,10,147,9,147,8,146,7,146
64,146,63,147,62,148,61,149,60,150,59,151,58,152,57,153,56,154,56,155,56,156,56,157,56,158,56,159,57,160,57,161,57,162,57,163,57,164,57,165,57,166,58,167,59,167,60,167,61,167,62,167,63,167,64,167,65,167,66,168,67,168,68,168,69,168,70,168,70,167,71,166,72,165,73,164,74,163,75,162,75,161,75,160,75,159,74,158,73,157,73,156,72,155,72,154,71,153,70,152,70,151,69,150,68,149,68,148,67,147,66,147,65,146
238,152,237,153,236,153,235,154,234,154,233,155,232,155,231,156,230,156,230,157,229,158,228,159,227,160,226,160,225,161,225,162,226,163,226,164,227,165,227,166,228,167,229,168,230,168,231,169,232,169,233,169,234,169,235,170,236,171,237,172,238,173,239,174,239,175,240,176,241,177,242,178,243,179,244,180,245,181,246,182,247,183,248,184,249,185,250,186,251,187,252,187,253,188,254,188,255,189,255,188,255,187,255,186,255,185,255,184,255,183,255,182,255,181,255,180,255,179,255,178,255,177,255,176,255,175,255,174,255,173,255,172,255,171,255,170,255,169,255,168,255,167,255,166,255,165,255,164,255,163,255,162,255,161,254,161,253,160,252,160,251,160,250,160,249,160,248,159,247,159,246,158,245,158,244,157,243,156,242,155,241,154,240,153,240,152,239,152
42,153,41,154,40,154,39,155,38,155,37,156,36,157,35,158,34,159,35,160,36,161,37,162,38,163,39,164,40,164,41,165,42,166,43,167,44,167,45,168,46,168,47,169,48,169,49,170,50,170,51,170,52,169,53,169,54,168,55,167,56,167,57,167,56,166,56,165,56,164,56,163,56,162,56,161,56,160,55,159,55,158,55,157,55,156,55,155,54,155,53,154,52,154,51,154,50,154,49,154,48,154,47,154,46,154,45,153,44,153,43,153
153,155,152,156,151,156,150,157,149,157,148,158,147,159,147,160,148,160,149,160,150,161,151,161,152,162,153,162,154,162,155,163,156,163,157,164,158,164,159,164,160,165,161,165,162,165,163,165,164,166,165,166,166,166,167,167,168,167,169,167,169,166,169,165,169,164,169,163,170,162,170,161,170,160,170,159,170,158,169,157,168,157,167,157,166,156,165,156,164,156,163,156,162,155,161,155,160,155,159,155,158,155,157,155,156,155,155,155,154,155
174,156,173,157,172,157,171,158,171,159,171,160,171,161,171,162,170,163,170,164,170,165,170,166,170,167,170,168,170,169,170,170,170,171,170,172,171,173,171,174,171,175,171,176,171,177,171,178,171,179,172,180,172,181,172,182,173,183,174,183,175,184,176,185,177,185,178,186,179,186,180,186,181,186,182,186,183,185,184,185,185,185,186,185,187,185,188,184,189,184,190,184,191,184,192,183,193,183,193,182,193,181,193,180,194,179,194,178,194,177,194,176,194,175,194,174,193,173,193,172,192,171,191,170,191,169,190,168,189,167,188,166,187,165,186,164,185,163,184,162,183,161,182,160,181,159,180,158,179,157,178,156,177,156,176,156,175,156
123,157,122,158,121,159,120,160,119,161,118,162,118,163,117,164,116,165,115,166,114,167,114,168,114,169,115,170,116,171,117,172,118,173,119,174,120,175,121,176,122,175,123,174,124,173,125,172,126,171,127,171,128,170,129,170,130,169,131,169,132,168,133,168,134,168,135,167,136,167,137,166,138,166,139,166,140,166,141,165,142,165,143,165,143,164,143,163,142,162,141,162,140,162,139,162,138,161,137,161,136,161,135,160,134,160,133,160,132,159,131,159,130,159,129,158,128,158,127,158,126,157,125,157,124,157
31,160,30,161,29,161,28,161,27,162,26,162,25,163,25,164,25,165,25,166,25,167,25,168,24,169,24,170,24,171,24,172,24,173,24,174,24,175,24,176,25,177,25,178,25,179,25,180,25,181,25,182,25,183,26,183,27,183,28,184,29,184,30,184,31,184,32,184,33,184,34,184,35,185,36,185,37,185,38,185,39,186,40,186,41,186,42,187,43,187,44,187,45,187,46,187,46,186,47,185,48,184,49,183,49,182,49,181,49,180,50,179,50,178,50,177,50,176,50,175,50,174,50,173,50,172,50,171,49,171,48,170,47,170,46,169,45,169,44,168,43,168,42,167,41,166,40,165,39,165,38,164,37,163,36,162,35,161,34,160,33,160,32,160
83,160,82,161,81,161,80,161,79,161,78,161,77,161,76,161,76,162,75,163,74,164,73,165,72,166,71,167,71,168,71,169,71,170,71,171,71,172,72,173,72,174,72,175,72,176,72,177,72,178,73,179,73,180,73,181,73,182,73,183,73,184,73,185,73,186,73,187,74,188,75,188,76,189,77,190,78,190,79,191,80,192,81,192,82,193,83,194,84,195,85,195,86,195,87,194,88,194,89,194,90,193,91,193,92,193,93,192,94,191,94,190,95,189,96,188,97,187,96,186,96,185,96,184,96,183,96,182,95,181,95,180,95,179,95,178,95,177,95,176,95,175,95,174,95,173,95,172,95,171,95,170,95,169,95,168,96,167,96,166,96,165,95,164,94,164,93,163,92,163,91,162,90,162,89,161,88,160,87,160,86,160,85,160,84,160
146,161,145,162,144,162,144,163,144,164,144,165,144,166,145,167,145,168,145,169,146,170,146,171,146,172,146,173,147,174,148,174,149,175,150,176,151,177,152,178,153,179,154,180,155,180,156,180,157,180,158,180,159,180,160,181,161,182,162,182,163,182,164,182,165,182,166,182,167,182,168,182,169,182,170,182,171,181,171,180,170,179,170,178,170,177,170,176,170,175,170,174,170,173,169,172,169,171,169,170,169,169,169,168,168,168,167,168,166,167,165,167,164,167,163,166,162,166,161,166,160,166,159,165,158,165,157,165,156,164,155,164,154,163,153,163,152,163,151,162,150,162,149,161,148,161,147,161
23,162,22,163,21,164,20,164,19,165,18,165,17,166,16,167,15,167,14,168,13,168,12,168,11,169,10,169,9,170,8,170,7,170,6,170,5,170,4,171,3,171,2,171,1,171,0,171,0,172,0,173,0,174,0,175,0,176,0,177,0,178,0,179,0,180,0,181,0,182,0,183,0,184,0,185,0,186,0,187,0,188,0,189,0,190,0,191,0,192,0,193,0,194,0,195,0,196,0,197,0,198,0,199,0,200,0,201,0,202,0,203,0,204,0,205,0,206,1,206,2,206,3,206,4,206,5,206,6,206,7,206,8,207,9,207,10,207,11,208,12,208,12,207,12,206,12,205,12,204,12,203,12,202,12,201,12,200,12,199,12,198,12,197,12,196,13,195,13,194,14,193,15,192,16,191,17,190,18,189,19,189,20,189,20,188,21,187,21,186,22,185,23,184,24,183,24,182,24,181,24,180,24,179,24,178,24,177,23,176,23,175,23,174,23,173,23,172,23,171,23,170,23,169,24,168,24,167,24,166,24,165,24,164,24,163
99,164,98,165,97,165,97,166,97,167,96,168,96,169,96,170,96,171,96,172,96,173,96,174,96,175,96,176,96,177,96,178,96,179,96,180,96,181,97,182,97,183,97,184,97,185,97,186,98,187,99,186,100,186,101,186,102,186,103,186,104,186,105,186,106,186,107,186,108,186,109,186,110,186,111,187,112,187,113,187,114,187,115,187,116,186,117,185,118,184,119,183,120,183,121,182,122,181,122,180,121,179,121,178,121,177,120,176,119,175,118,174,117,173,116,172,115,171,114,170,113,169,113,168,112,168,111,167,110,167,109,167,108,166,107,166,106,165,105,165,104,164,103,164,102,164,101,164,100,164
141,166,140,167,139,167,138,167,137,167,136,168,135,168,134,169,133,169,132,169,131,170,130,170,129,171,128,171,127,172,126,172,125,173,124,174,123,175,122,176,122,177,122,178,122,179,123,180,123,181,123,182,124,182,125,182,126,182,127,183,128,183,129,183,130,183,131,183,132,183,133,184,134,183,135,182,136,181,137,180,138,179,139,178,140,177,141,176,142,175,143,174,144,174,145,173,145,172,145,171,145,170,144,169,144,168,144,167,143,166,142,166
55,168,54,169,53,170,52,170,51,171,51,172,51,173,51,174,51,175,51,176,51,177,51,178,51,179,50,180,50,181,50,182,51,183,52,183,53,183,54,183,55,183,56,183,57,184,58,184,59,184,60,184,61,185,62,185,63,185,64,186,65,187,66,187,67,188,68,188,69,187,70,187,71,187,72,186,72,185,72,184,72,183,72,182,72,181,72,180,72,179,71,178,71,177,71,176,71,175,71,174,71,173,70,172,70,171,70,170,70,169,69,169,68,169,67,169,66,169,65,168,64,168,63,168,62,168,61,168,60,168,59,168,58,168,57,168,56,168
230,169,229,170,228,171,228,172,227,173,226,174,226,175,225,176,224,177,224,178,223,179,223,180,223,181,224,182,225,183,226,183,227,184,228,185,229,185,230,186,231,186,232,187,233,188,234,188,235,189,236,190,237,190,238,190,239,190,240,190,241,189,242,189,243,189,244,188,245,188,246,188,247,188,248,187,249,187,250,187,249,186,248,185,247,184,246,183,245,182,244,181,243,180,242,179,241,178,240,177,239,176,238,175,238,174,237,173,236,172,235,171,234,170,233,170,232,170,231,170
145,174,144,175,143,175,142,176,141,177,140,178,139,179,138,180,137,181,136,182,135,183,134,184,134,185,134,186,135,187,136,188,136,189,137,190,138,191,139,192,140,193,141,193,142,192,143,192,144,192,145,191,146,191,147,191,148,190,149,190,150,189,151,188,151,187,152,186,152,185,152,184,152,183,152,182,152,181,152,180,152,179,151,178,150,177,149,176,148,175,147,175,146,174
199,175,198,176,197,176,196,176,195,176,195,177,195,178,195,179,194,180,194,181,194,182,194,183,194,184,195,185,196,186,197,186,198,187,199,187,200,187,201,187,202,187,203,187,204,187,205,187,206,187,207,187,208,187,209,186,210,185,211,184,212,183,213,182,212,181,212,180,211,179,210,178,209,177,208,176,207,176,206,176,205,175,204,175,203,175,202,175,201,175,200,175
154,181,153,182,153,183,153,184,153,185,153,186,152,187,153,188,154,188,155,188,156,188,157,189,158,189,159,189,160,189,161,189,161,188,161,187,161,186,161,185,161,184,162,183,161,183,160,182,159,181,158,181,157,181,156,181,155,181
122,182,121,183,120,184,119,184,118,185,117,186,116,187,115,188,114,188,114,189,114,190,114,191,114,192,115,193,115,194,115,195,115,196,115,197,115,198,114,199,114,200,114,201,114,202,114,203,115,203,116,204,117,204,118,204,119,205,120,205,121,206,122,206,123,207,124,208,125,208,126,209,127,210,128,211,129,211,130,212,131,213,132,214,133,215,134,216,135,217,136,218,137,219,138,220,139,221,140,221,141,220,142,220,143,220,143,219,143,218,142,217,142,216,141,215,141,214,141,213,140,212,140,211,140,210,140,209,140,208,140,207,141,206,141,205,142,204,142,203,141,202,141,201,140,200,140,199,140,198,140,197,140,196,140,195,140,194,139,193,138,192,137,191,136,190,135,189,135,188,134,187,133,186,133,185,132,184,131,184,130,184,129,184,128,184,127,184,126,183,125,183,124,183,123,183
171,182,170,183,169,183,168,183,167,183,166,183,165,183,164,183,163,183,162,184,162,185,162,186,162,187,162,188,162,189,163,190,163,191,164,192,164,193,165,194,165,195,165,196,166,197,166,198,166,199,166,200,166,201,166,202,165,203,165,204,165,205,165,206,164,207,164,208,164,209,163,210,163,211,162,212,162,213,163,214,164,215,165,216,166,217,167,218,168,219,169,219,170,220,171,220,172,219,173,219,174,219,175,219,176,218,177,218,178,218,179,218,180,218,181,218,182,218,183,219,184,219,185,218,185,217,186,216,187,215,188,214,187,213,187,212,186,211,186,210,185,209,185,208,184,207,184,206,183,205,183,204,182,203,181,202,181,201,180,200,180,199,180,198,180,197,180,196,179,195,179,194,179,193,179,192,179,191,179,190,179,189,178,188,178,187,177,186,176,186,175,185,174,184,173,184,172,183
214,182,213,183,212,184,211,185,210,186,209,187,209,188,210,189,210,190,211,191,212,192,212,193,213,194,213,195,214,196,215,197,215,198,216,199,216,200,217,201,218,202,218,203,219,203,220,203,221,203,222,203,223,203,224,203,225,203,226,202,227,202,228,202,229,201,230,201,231,200,232,199,233,198,234,197,235,196,235,195,236,194,236,193,237,192,237,191,236,191,235,190,234,189,233,189,232,188,231,187,230,187,229,186,228,186,227,185,226,184,225,184,224,183,223,182,222,182,221,182,220,182,219,182,218,182,217,182,216,182,215,182
50,183,49,184,48,185,47,186,47,187,46,188,46,189,46,190,45,191,45,192,45,193,45,194,45,195,45,196,46,197,47,198,48,199,48,200,49,201,50,202,51,203,52,204,53,205,53,206,54,206,55,205,56,205,57,205,58,204,59,203,59,202,60,201,61,200,61,199,62,198,62,197,63,196,64,195,64,194,65,193,65,192,66,191,66,190,67,189,66,188,65,188,64,187,63,186,62,186,61,186,60,185,59,185,58,185,57,185,56,184,55,184,54,184,53,184,52,184,51,184
24,184,23,185,22,186,22,187,21,188,21,189,21,190,22,191,23,192,24,193,25,194,26,195,26,196,27,197,28,198,29,198,30,198,31,198,32,198,33,198,34,198,35,197,36,197,37,197,38,197,39,196,40,196,41,196,42,196,43,196,44,196,44,195,44,194,44,193,44,192,44,191,45,190,45,189,45,188,44,188,43,188,42,188,41,187,40,187,39,187,38,186,37,186,36,186,35,186,34,185,33,185,32,185,31,185,30,185,29,185,28,185,27,184,26,184,25,184
192,184,191,185,190,185,189,185,188,185,187,186,186,186,185,186,184,186,183,186,182,187,181,187,180,187,179,187,179,188,180,189,180,190,180,191,180,192,180,193,180,194,180,195,181,196,181,197,181,198,181,199,181,200,182,201,182,202,183,203,184,204,184,205,185,206,185,207,186,208,186,209,187,210,187,211,188,212,188,213,189,214,190,214,191,214,192,214,193,214,194,214,195,214,196,214,197,213,198,213,199,213,200,213,201,213,201,212,200,211,200,210,200,209,199,208,199,207,199,206,198,205,198,204,198,203,198,202,198,201,198,200,198,199,198,198,197,197,197,196,197,195,197,194,197,193,197,192,197,191,197,190,197,189,197,188,197,187,196,187,195,186,194,185,193,184
72,187,71,188,70,188,69,188,68,189,67,190,67,191,66,192,66,193,65,194,65,195,64,196,63,197,63,198,62,199,62,200,61,201,60,202,60,203,59,204,58,205,58,206,59,206,60,207,61,208,62,209,63,209,64,210,65,210,66,211,67,212,68,212,69,213,70,213,71,214,72,214,73,214,74,214,75,214,76,213,77,213,78,212,79,212,79,211,79,210,80,209,81,208,81,207,82,206,83,205,83,204,84,203,84,202,84,201,84,200,84,199,85,198,85,197,84,196,83,195,82,194,81,193,80,193,79,192,78,191,77,191,76,190,75,189,74,189,73,188
99,187,98,188,97,188,96,189,95,190,95,191,94,192,94,193,95,194,96,194,97,195,98,196,99,197,100,198,101,199,102,199,103,200,104,201,105,201,106,202,107,202,108,203,109,203,110,203,111,204,112,204,113,203,113,202,113,201,113,200,113,199,114,198,114,197,114,196,114,195,114,194,114,193,113,192,113,191,113,190,113,189,112,188,111,188,110,187,109,187,108,187,107,187,106,187,105,187,104,187,103,187,102,187,101,187,100,187
198,188,198,189,198,190,198,191,198,192,198,193,198,194,198,195,198,196,198,197,199,198,199,199,199,200,199,201,199,202,199,203,199,204,199,205,200,206,200,207,200,208,201,209,201,210,201,211,202,212,203,212,204,212,205,212,206,212,207,211,208,211,209,210,210,210,211,209,212,209,213,208,214,208,215,207,216,206,217,205,218,204,217,203,217,202,216,201,215,200,215,199,214,198,214,197,213,196,212,195,212,194,211,193,211,192,210,191,209,190,209,189,208,188,207,188,206,188,205,188,204,188,203,188,202,188,201,188,200,188,199,188
248,188,247,189,246,189,245,189,244,189,243,190,242,190,241,190,240,191,239,191,238,191,238,192,237,193,237,194,236,195,236,196,235,197,234,198,233,199,232,200,231,201,230,202,229,202,228,203,227,203,226,203,225,204,224,204,223,204,222,204,222,205,221,206,221,207,221,208,222,209,222,210,222,211,223,212,224,213,225,214,226,214,227,215,228,215,229,216,230,216,231,216,232,216,233,216,234,216,235,216,236,217,237,217,238,217,239,218,240,218,241,219,242,219,243,220,244,220,245,221,246,221,247,222,248,222,249,222,250,223,251,223,252,223,253,223,254,223,255,223,255,222,255,221,255,220,255,219,255,218,255,217,255,216,255,215,255,214,255,213,255,212,255,211,255,210,255,209,255,208,255,207,255,206,255,205,255,204,255,203,255,202,255,201,255,200,255,199,255,198,255,197,255,196,255,195,255,194,255,193,255,192,255,191,254,190,254,189,253,189,252,188,251,188,250,188,249,188
151,189,150,190,149,191,148,191,147,192,146,192,145,192,144,193,143,193,142,193,141,194,141,195,141,196,141,197,141,198,141,199,141,200,142,201,142,202,143,203,143,204,144,204,145,204,146,205,147,205,148,206,149,207,150,208,151,208,152,209,153,210,154,211,155,212,156,212,157,212,158,212,159,212,160,212,161,212,162,211,162,210,163,209,163,208,163,207,164,206,164,205,164,204,164,203,165,202,165,201,165,200,165,199,165,198,165,197,164,196,164,195,164,194,163,193,163,192,162,191,162,190,161,190,160,190,159,190,158,190,157,190,156,189,155,189,154,189,153,189,152,189
18,190,17,191,16,192,15,193,14,194,14,195,13,196,13,197,13,198,13,199,13,200,13,201,13,202,13,203,13,204,13,205,13,206,13,207,13,208,14,209,15,209,16,210,17,211,18,211,19,211,20,210,21,210,22,209,22,208,23,207,24,206,24,205,25,204,25,203,26,202,27,201,27,200,28,199,27,198,26,197,25,196,25,195,24,194,23,193,22,192,21,191,20,190,19,190
93,193,92,194,91,194,90,194,89,195,88,195,87,195,86,196,85,196,86,197,86,198,85,199,85,200,85,201,85,202,85,203,84,204,84,205,83,206,82,207,82,208,81,209,80,210,80,211,80,212,81,212,82,212,83,212,84,212,85,212,86,212,87,212,88,212,89,212,90,212,91,212,92,212,93,212,94,212,95,212,96,212,97,212,98,212,99,212,100,212,101,212,102,212,103,212,104,211,105,211,106,211,107,211,108,211,109,211,110,212,110,211,111,210,111,209,111,208,111,207,111,206,111,205,110,204,109,204,108,204,107,203,106,203,105,202,104,202,103,201,102,200,101,200,100,199,99,198,98,197,97,196,96,195,95,195,94,194
39,197,38,198,37,198,36,198,35,198,34,199,33,199,32,199,31,199,30,199,29,199,28,200,28,201,27,202,26,203,26,204,25,205,25,206,24,207,23,208,23,209,24,209,25,210,26,210,27,210,28,211,29,211,30,211,31,211,32,211,33,211,34,211,35,211,36,211,37,211,38,211,39,211,40,211,41,211,42,211,43,210,44,210,45,210,46,209,47,209,48,209,49,208,50,208,51,208,52,208,53,207,52,206,52,205,51,204,50,203,49,202,48,201,47,200,47,199,46,198,45,197,44,197,43,197,42,197,41,197,40,197
113,204,112,205,112,206,112,207,112,208,112,209,112,210,111,211,111,212,111,213,111,214,112,215,112,216,113,217,113,218,114,219,114,220,115,221,116,222,116,223,116,224,117,225,117,226,118,227,119,228,119,229,120,230,120,231,121,232,121,233,122,233,123,233,124,233,125,233,126,234,127,234,128,234,129,234,130,234,131,234,132,234,133,233,134,232,135,231,135,230,136,229,136,228,137,227,137,226,137,225,138,224,138,223,138,222,138,221,137,220,136,219,135,218,134,217,133,216,132,215,131,214,130,213,129,212,128,212,127,211,126,210,125,209,124,209,123,208,122,207,121,207,120,206,119,206,118,205,117,205,116,205,115,204,114,204
219,204,218,205,217,206,216,207,215,208,214,209,213,209,212,210,211,210,210,211,209,211,208,212,207,212,206,213,205,213,204,213,204,214,204,215,205,216,206,217,206,218,207,219,207,220,207,221,208,222,209,222,210,222,211,223,212,223,213,223,214,224,215,224,216,225,217,225,218,226,219,226,220,226,221,227,222,227,223,227,224,227,225,227,226,227,227,227,228,227,228,226,228,225,228,224,229,223,229,222,229,221,229,220,229,219,229,218,229,217,228,216,227,216,226,215,225,215,224,214,223,213,222,212,221,211,221,210,221,209,220,208,220,207,220,206,221,205,221,204,220,204
142,205,142,206,141,207,141,208,141,209,141,210,141,211,141,212,142,213,142,214,142,215,143,216,143,217,144,218,144,219,145,219,146,220,147,220,148,220,149,219,150,218,151,217,152,216,153,215,154,214,155,213,154,212,153,211,152,210,151,209,150,209,149,208,148,207,147,206,146,206,145,205,144,205,143,205
55,206,54,207,53,208,53,209,53,210,53,211,53,212,53,213,53,214,53,215,53,216,53,217,53,218,54,218,55,219,56,220,57,221,58,221,59,222,60,223,61,224,62,225,63,225,64,225,65,224,66,224,67,224,68,223,69,223,69,222,70,221,70,220,71,219,71,218,71,217,72,216,72,215,71,215,70,214,69,214,68,213,67,213,66,212,65,211,64,211,63,210,62,210,61,209,60,208,59,207,58,207,57,206,56,206
0,207,0,208,0,209,0,210,0,211,0,212,0,213,0,214,0,215,0,216,0,217,0,218,0,219,0,220,0,221,0,222,0,223,0,224,0,225,0,226,0,227,0,228,0,229,0,230,0,231,0,232,0,233,0,234,0,235,0,236,0,237,1,236,2,236,3,235,4,235,5,234,6,234,7,233,8,233,9,233,10,232,11,232,12,232,13,231,14,231,14,230,14,229,14,228,15,227,15,226,16,225,16,224,16,223,16,222,17,221,17,220,17,219,17,218,17,217,17,216,18,215,18,214,18,213,18,212,17,212,16,211,15,210,14,210,13,209,12,209,11,209,10,208,9,208,8,208,7,207,6,207,5,207,4,207,3,207,2,207,1,207
49,209,48,210,47,210,46,210,45,211,44,211,43,211,42,212,41,212,40,212,39,212,38,212,37,212,36,212,35,212,34,212,33,212,32,212,31,212,30,212,29,212,28,212,27,211,26,211,25,211,24,210,23,210,22,210,21,211,20,211,19,212,19,213,19,214,19,215,18,216,18,217,18,218,18,219,18,220,18,221,17,222,17,223,17,224,17,225,16,226,16,227,15,228,15,229,15,230,15,231,15,232,16,233,17,233,18,234,19,235,20,235,21,235,22,235,23,235,24,235,25,235,26,234,27,234,28,234,29,234,30,234,31,234,32,233,33,233,34,233,35,232,36,232,37,232,38,231,39,231,40,230,41,230,42,230,43,229,44,228,44,227,44,226,45,225,45,224,46,223,46,222,47,221,48,220,49,219,50,218,51,218,52,217,52,216,52,215,52,214,52,213,52,212,52,211,52,210,52,209,51,209,50,209
104,212,103,213,102,213,101,213,100,213,99,213,98,213,97,213,96,213,95,213,94,213,93,213,92,213,91,213,90,213,89,213,88,213,87,213,86,213,85,213,84,213,83,213,82,213,81,213,80,213,79,213,78,213,77,214,76,214,75,215,74,215,73,215,73,216,72,217,72,218,72,219,71,220,71,221,70,222,70,223,70,224,71,225,72,226,73,227,74,228,75,229,76,230,77,231,77,232,78,233,79,234,80,235,81,236,82,237,82,238,83,239,84,239,85,239,86,239,87,239,88,239,89,239,90,239,91,238,92,238,93,238,94,238,95,238,96,238,97,238,98,238,99,238,100,238,101,238,102,238,103,238,104,239,105,239,106,240,107,240,108,241,109,242,110,242,111,243,112,244,113,244,113,243,114,242,115,241,116,240,117,239,118,238,118,237,119,236,120,235,121,234,120,233,120,232,119,231,119,230,118,229,118,228,117,227,116,226,116,225,115,224,115,223,115,222,114,221,113,220,113,219,112,218,112,217,111,216,111,215,110,214,110,213,109,212,108,212,107,212,106,212,105,212
156,213,155,214,154,215,153,216,152,217,151,218,150,219,149,220,149,221,150,222,150,223,151,224,151,225,152,226,152,227,153,228,154,229,154,230,155,231,155,232,156,233,156,234,157,235,158,235,159,236,160,236,161,236,162,236,163,236,164,236,165,236,166,236,167,236,168,235,169,235,170,235,171,234,172,234,172,233,171,232,171,231,171,230,171,229,171,228,171,227,171,226,170,225,170,224,170,223,170,222,170,221,169,220,168,220,167,219,166,218,165,217,164,216,163,215,162,214,161,213,160,213,159,213,158,213,157,213
202,213,201,214,200,214,199,214,198,214,197,214,196,215,195,215,194,215,193,215,192,215,191,215,190,215,189,215,188,215,187,216,186,217,186,218,185,219,185,220,185,221,185,222,185,223,185,224,185,225,185,226,185,227,185,228,185,229,184,230,184,231,184,232,183,233,183,234,183,235,184,235,185,236,186,236,187,237,188,237,189,238,190,238,191,239,192,239,193,240,194,240,195,240,196,241,197,241,198,241,199,241,200,241,201,241,202,240,203,239,204,239,205,238,206,237,207,236,208,235,208,234,208,233,208,232,207,231,207,230,207,229,207,228,206,227,206,226,206,225,206,224,206,223,206,222,206,221,206,220,206,219,205,218,205,217,204,216,203,215,203,214,203,213
230,217,230,218,230,219,230,220,230,221,230,222,230,223,229,224,229,225,229,226,229,227,229,228,230,229,231,230,231,231,232,232,233,232,234,233,235,233,236,234,237,234,238,234,239,233,240,233,241,232,242,232,243,232,244,232,245,232,246,232,247,232,248,232,249,231,250,231,251,231,252,231,253,231,254,231,255,231,255,230,255,229,255,228,255,227,255,226,255,225,255,224,254,224,253,224,252,224,251,224,250,224,249,223,248,223,247,223,246,222,245,222,244,221,243,221,242,220,241,220,240,219,239,219,238,218,237,218,236,218,235,217,234,217,233,217,232,217,231,217
52,218,51,219,50,219,49,220,48,221,47,222,47,223,46,224,46,225,45,226,45,227,45,228,44,229,45,230,46,231,47,232,48,233,49,233,50,234,51,235,52,236,53,235,54,235,55,234,56,233,57,232,58,231,59,230,59,229,60,228,61,227,61,226,61,225,60,224,59,223,58,222,57,222,56,221,55,220,54,219,53,219
176,219,175,220,174,220,173,220,172,220,171,221,171,222,171,223,171,224,171,225,172,226,172,227,172,228,172,229,172,230,172,231,172,232,173,233,174,234,175,234,176,234,177,234,178,234,179,235,180,235,181,235,182,234,182,233,183,232,183,231,183,230,184,229,184,228,184,227,184,226,184,225,184,224,184,223,184,222,184,221,184,220,183,220,182,219,181,219,180,219,179,219,178,219,177,219
144,220,143,221,142,221,141,221,140,222,139,222,139,223,139,224,138,225,138,226,138,227,137,228,137,229,136,230,136,231,135,232,134,233,133,234,133,235,133,236,133,237,134,238,134,239,134,240,135,241,135,242,135,243,135,244,136,245,136,246,136,247,136,248,136,249,137,250,137,251,137,252,137,253,138,254,138,255,139,255,140,255,141,255,142,255,143,255,143,254,143,253,144,252,144,251,145,250,145,249,146,248,147,247,148,246,148,245,149,244,150,243,151,242,152,241,152,240,153,239,154,238,154,237,155,236,156,235,155,234,155,233,154,232,154,231,153,230,153,229,152,228,151,227,151,226,150,225,150,224,149,223,149,222,148,221,147,221,146,221,145,220
207,222,207,223,207,224,207,225,207,226,207,227,208,228,208,229,208,230,208,231,209,232,209,233,209,234,210,234,211,234,212,234,213,234,214,234,215,234,216,234,217,234,218,234,219,234,220,234,221,234,222,234,223,234,224,233,225,233,226,233,227,232,228,232,229,231,230,231,230,230,229,229,228,228,227,228,226,228,225,228,224,228,223,228,222,228,221,228,220,227,219,227,218,227,217,226,216,226,215,225,214,225,213,224,212,224,211,224,210,223,209,223,208,223
68,224,67,225,66,225,65,225,64,226,63,226,62,226,62,227,61,228,60,229,60,230,59,231,58,232,57,233,56,234,55,235,54,236,53,236,53,237,53,238,53,239,53,240,53,241,53,242,53,243,53,244,52,245,52,246,52,247,52,248,52,249,52,250,52,251,52,252,52,253,52,254,53,255,54,255,55,255,56,255,57,255,58,255,59,255,60,255,61,255,62,255,63,255,64,255,65,255,66,255,67,255,68,255,69,255,70,255,71,255,72,255,73,255,74,255,75,255,76,255,77,255,78,255,79,255,80,254,81,254,82,255,83,255,84,255,84,254,84,253,84,252,84,251,84,250,84,249,84,248,84,247,83,246,83,245,83,244,83,243,83,242,83,241,83,240,82,239,81,238,81,237,80,236,79,235,78,234,77,233,76,232,76,231,75,230,74,229,73,228,72,227,71,226,70,225,69,224
43,230,42,231,41,231,40,231,39,232,38,232,37,233,36,233,35,233,34,234,33,234,32,234,31,235,30,235,29,235,28,235,27,235,26,235,25,236,24,236,23,236,22,236,21,236,20,236,20,237,20,238,20,239,20,240,21,241,21,242,21,243,21,244,21,245,21,246,21,247,21,248,21,249,22,250,22,251,23,252,23,253,24,254,24,255,25,255,26,255,27,255,28,255,29,255,30,255,31,255,32,255,33,255,34,255,35,255,36,255,37,255,38,255,39,255,40,255,41,255,42,255,43,255,44,255,45,255,46,255,47,255,48,255,49,255,50,255,50,254,50,253,50,252,51,251,51,250,51,249,51,248,51,247,51,246,51,245,52,244,52,243,52,242,52,241,52,240,52,239,52,238,52,237,51,237,50,236,50,235,49,234,48,234,47,233,46,232,45,231,44,230
13,232,12,233,11,233,10,233,9,234,8,234,7,234,6,235,5,235,4,236,3,236,2,237,1,237,0,238,0,239,0,240,0,241,0,242,0,243,0,244,0,245,0,246,0,247,0,248,0,249,0,250,0,251,0,252,0,253,0,254,1,255,2,255,3,255,4,255,5,255,6,255,7,255,8,255,9,255,10,255,11,255,12,255,13,255,14,255,15,255,16,255,17,255,18,255,19,255,20,255,21,255,22,255,23,255,23,254,22,253,22,252,21,251,21,250,20,249,20,248,19,247,19,246,19,245,19,244,19,243,20,242,20,241,19,240,19,239,19,238,18,237,18,236,18,235,17,234,16,234,15,233,14,233
229,232,228,233,227,233,226,234,225,234,224,234,223,235,222,235,221,235,220,235,219,235,218,235,217,235,216,235,215,235,214,235,213,235,212,235,211,235,210,235,209,235,208,236,207,237,206,238,205,239,204,240,203,240,202,241,201,242,200,242,200,243,201,244,201,245,201,246,202,246,203,246,204,246,205,246,206,246,207,246,208,246,209,246,210,246,211,246,212,246,213,246,214,246,215,246,216,246,217,246,218,246,219,247,220,248,221,249,221,250,221,251,221,252,221,253,221,254,221,255,222,255,223,255,224,255,225,255,226,255,227,255,228,255,229,255,230,255,231,255,232,255,233,255,234,255,235,255,236,255,237,255,238,255,239,255,240,255,241,255,241,254,240,253,240,252,239,251,238,250,237,249,236,248,235,247,235,246,234,245,233,244,233,243,233,242,233,241,233,240,234,239,234,238,234,237,235,236,236,235,235,234,234,234,233,233,232,233,231,232,230,232
249,232,248,233,247,233,246,233,245,233,244,233,243,233,242,233,241,233,240,234,239,234,238,235,237,235,236,236,235,237,235,238,235,239,234,240,234,241,234,242,234,243,234,244,235,245,236,246,236,247,237,248,238,249,239,250,240,251,241,252,241,253,242,254,242,255,243,255,244,255,245,255,246,255,247,255,248,255,249,255,250,255,251,255,252,255,253,255,254,255,255,255,255,254,255,253,255,252,255,251,255,250,255,249,255,248,255,247,255,246,255,245,255,244,255,243,255,242,255,241,255,240,255,239,255,238,255,237,255,236,255,235,255,234,255,233,255,232,254,232,253,232,252,232,251,232,250,232
122,234,121,235,120,236,119,237,119,238,118,239,117,240,116,241,115,242,114,243,114,244,113,245,113,246,113,247,113,248,113,249,113,250,114,251,114,252,115,253,115,254,116,254,117,255,118,255,119,255,120,255,121,255,122,255,123,255,124,255,125,255,126,255,127,255,128,255,129,255,130,255,131,255,132,255,133,255,134,255,135,255,136,255,137,255,137,254,136,253,136,252,136,251,136,250,135,249,135,248,135,247,135,246,135,245,134,244,134,243,134,242,134,241,133,240,133,239,133,238,132,237,132,236,132,235,131,235,130,235,129,235,128,235,127,235,126,235,125,234,124,234,123,234
173,234,172,235,171,235,170,236,169,236,168,236,167,237,166,237,165,237,164,237,163,237,162,237,161,237,160,237,159,237,158,236,157,236,156,236,155,237,155,238,154,239,153,240,153,241,152,242,151,243,150,244,149,245,149,246,148,247,147,248,146,249,146,250,145,251,145,252,144,253,144,254,144,255,145,255,146,255,147,255,148,255,149,255,150,255,151,255,152,255,153,255,154,255,155,255,156,255,157,255,158,255,159,255,160,255,161,255,162,255,163,255,164,255,165,255,166,255,167,255,168,255,169,255,170,255,171,255,172,255,173,254,173,253,174,252,174,251,175,250,176,249,177,248,178,247,179,247,180,246,181,246,182,246,183,245,184,245,185,245,186,245,187,244,188,244,189,244,190,244,191,244,192,244,193,243,194,243,195,242,195,241,194,241,193,241,192,240,191,240,190,239,189,239,188,238,187,238,186,237,185,237,184,236,183,236,182,235,181,236,180,236,179,236,178,235,177,235,176,235,175,235,174,235
91,239,90,240,89,240,88,240,87,240,86,240,85,240,84,240,84,241,84,242,84,243,84,244,84,245,84,246,85,247,85,248,85,249,85,250,85,251,85,252,85,253,85,254,85,255,86,255,87,255,88,255,89,255,90,255,91,255,92,255,93,255,94,255,95,255,96,255,97,255,98,255,99,255,100,255,101,255,102,255,103,255,104,255,105,255,106,255,107,255,108,255,109,255,110,255,111,255,112,255,113,255,114,254,114,253,113,252,113,251,112,250,112,249,112,248,112,247,112,246,112,245,111,244,110,243,109,243,108,242,107,241,106,241,105,240,104,240,103,239,102,239,101,239,100,239,99,239,98,239,97,239,96,239,95,239,94,239,93,239,92,239
196,242,195,243,194,244,193,244,192,245,191,245,190,245,189,245,188,245,187,245,186,246,185,246,184,246,183,246,182,247,181,247,180,247,179,248,178,248,177,249,176,250,175,251,175,252,174,253,174,254,173,255,174,255,175,255,176,255,177,255,178,255,179,255,180,255,181,255,182,255,183,255,184,255,185,255,186,255,187,255,188,255,189,255,190,255,191,255,192,255,193,255,194,255,195,255,195,254,195,253,195,252,195,251,196,250,197,249,198,248,199,247,200,247,200,246,200,245,200,244,199,243,199,242,198,242,197,242
201,247,200,248,199,248,198,249,197,250,196,251,196,252,196,253,196,254,196,255,197,255,198,255,199,255,200,255,201,255,202,255,203,255,204,255,205,255,206,255,207,255,208,255,209,255,210,255,211,255,212,255,213,255,214,255,215,255,216,255,217,255,218,255,219,255,220,255,220,254,220,253,220,252,220,251,220,250,220,249,219,248,218,247,217,247,216,247,215,247,214,247,213,247,212,247,211,247,210,247,209,247,208,247,207,247,206,247,205,247,204,247,203,247,202,247
