1,0,0,1,0,2,0,3,0,4,1,5,2,5,3,6,4,6,5,7,6,8,7,9,7,10,8,11,9,11,10,10,11,10,12,10,13,10,14,10,15,9,16,9,17,9,18,9,19,9,20,9,21,8,22,8,23,8,24,7,24,6,24,5,24,4,24,3,24,2,24,1,23,1,22,0,21,0,20,0,19,0,18,0,17,0,16,0,15,0,14,0,13,0,12,0,11,0,10,0,9,0,8,0,7,0,6,0,5,0,4,0,3,0,2,0
27,0,26,1,25,1,25,2,25,3,25,4,25,5,25,6,25,7,24,8,25,9,25,10,26,11,26,12,27,13,28,14,28,15,29,15,30,16,31,16,32,17,33,17,34,18,35,18,36,18,37,19,38,20,39,20,40,19,41,19,42,18,43,17,44,16,45,15,46,14,46,13,46,12,47,11,46,10,46,9,46,8,46,7,45,6,45,5,45,4,44,3,44,2,44,1,43,1,42,0,41,0,40,0,39,0,38,0,37,0,36,0,35,0,34,0,33,0,32,0,31,0,30,0,29,0,28,0
47,0,46,1,45,1,45,2,45,3,46,4,46,5,46,6,47,7,47,8,47,9,48,10,49,11,50,12,51,12,52,12,53,12,54,12,55,12,55,11,56,10,57,10,57,9,57,8,58,7,58,6,58,5,58,4,58,3,58,2,58,1,57,1,56,0,55,0,54,0,53,0,52,0,51,0,50,0,49,0,48,0
61,0,60,1,59,1,59,2,59,3,59,4,59,5,59,6,59,7,58,8,58,9,58,10,57,11,58,12,58,13,59,14,60,15,61,15,62,15,63,16,64,16,65,15,66,15,67,15,68,15,68,14,69,13,70,13,71,13,72,12,72,11,73,10,73,9,74,8,75,7,76,6,77,5,76,4,77,3,77,2,77,1,77,0,76,0,75,0,74,0,73,0,72,0,71,0,70,0,69,0,68,0,67,0,66,0,65,0,64,0,63,0,62,0
92,0,92,1,92,2,92,3,91,4,91,5,91,6,92,7,93,8,93,9,94,10,95,11,95,12,96,13,97,13,98,13,99,13,100,12,101,12,102,11,103,10,104,10,105,9,106,8,107,8,108,7,109,6,110,6,111,5,112,5,112,4,112,3,112,2,112,1,112,0,111,0,110,0,109,0,108,0,107,0,106,0,105,0,104,0,103,0,102,0,101,0,100,0,99,0,98,0,97,0,96,0,95,0,94,0,93,0
147,0,146,1,145,1,144,1,143,1,142,2,143,3,143,4,144,5,144,6,145,7,145,8,146,9,146,10,147,11,147,12,148,13,149,13,150,14,151,14,152,15,153,15,154,16,155,16,156,16,157,15,158,15,159,14,160,13,160,12,161,11,162,10,162,9,162,8,162,7,162,6,162,5,161,4,161,3,161,2,161,1,160,0,159,0,158,0,157,0,156,0,155,0,154,0,153,0,152,0,151,0,150,0,149,0,148,0
163,0,162,1,162,2,162,3,162,4,163,5,163,6,163,7,163,8,164,8,165,8,166,9,166,10,167,10,168,9,169,10,170,10,171,10,172,10,173,9,174,10,175,9,176,9,176,8,177,7,178,6,179,5,179,4,179,3,180,2,180,1,179,1,178,0,177,0,176,0,175,0,174,0,173,0,172,0,171,0,170,0,169,0,168,0,167,0,166,0,165,0,164,0
183,0,182,1,181,1,181,2,180,3,180,4,180,5,179,6,179,7,178,8,178,9,177,10,177,11,177,12,177,13,177,14,178,15,178,16,179,15,180,15,181,16,182,15,183,15,184,15,185,14,186,13,187,13,188,13,189,13,190,13,191,12,192,12,193,11,194,11,195,10,196,10,196,9,197,8,197,7,197,6,197,5,197,4,197,3,197,2,197,1,196,0,195,0,194,0,193,0,192,0,191,0,190,0,189,0,188,0,187,0,186,0,185,0,184,0
208,0,207,1,206,1,205,1,204,1,203,1,202,1,201,1,200,1,199,1,198,1,198,2,198,3,198,4,198,5,198,6,199,7,199,8,200,8,201,9,202,9,203,10,204,10,205,11,206,11,207,11,208,10,209,9,209,8,209,7,209,6,210,5,210,4,210,3,210,2,209,1,209,0
210,0,210,1,211,2,211,3,211,4,211,5,210,6,210,7,210,8,210,9,209,10,208,11,207,12,207,13,207,14,208,15,208,16,209,16,210,16,211,16,212,16,213,16,214,16,215,16,216,17,217,17,218,18,219,19,220,19,221,20,222,21,223,22,223,23,223,22,223,21,224,20,224,19,224,18,224,17,224,16,224,15,224,14,225,13,225,12,226,11,226,10,225,9,224,8,223,7,222,6,221,5,221,4,220,3,220,2,220,1,220,0,219,0,218,0,217,0,216,0,215,0,214,0,213,0,212,0,211,0
222,0,221,1,221,2,221,3,222,4,222,5,223,6,224,7,225,8,226,9,227,9,228,8,229,7,230,7,231,7,232,7,233,6,234,5,235,4,236,4,237,3,238,2,238,1,237,0,236,0,235,0,234,0,233,0,232,0,231,0,230,0,229,0,228,0,227,0,226,0,225,0,224,0,223,0
241,0,240,1,239,1,239,2,240,3,241,3,242,4,243,4,244,5,245,6,246,7,246,8,247,9,248,10,249,10,250,10,251,9,252,9,253,9,254,9,255,9,255,8,255,7,255,6,255,5,255,4,255,3,255,2,255,1,254,0,253,0,252,0,251,0,250,0,249,0,248,0,247,0,246,0,245,0,244,0,243,0,242,0
238,3,237,4,236,5,235,5,234,6,233,7,232,8,231,8,230,9,229,9,228,10,227,11,227,12,226,13,225,14,225,15,225,16,225,17,225,18,225,19,225,20,224,21,224,22,225,23,226,24,227,25,228,25,229,26,230,26,231,26,232,26,233,26,234,27,235,27,236,27,237,28,238,28,239,29,240,29,241,29,242,28,243,28,244,28,244,27,244,26,244,25,244,24,244,23,244,22,244,21,244,20,244,19,244,18,245,17,245,16,245,15,246,14,246,13,247,12,247,11,247,10,246,9,245,8,245,7,244,6,243,5,242,5,241,4,240,4,239,3
77,6,76,7,75,8,74,9,74,10,73,11,73,12,72,13,71,14,71,15,71,16,72,17,72,18,73,19,73,20,74,21,74,22,75,22,76,22,77,22,78,22,79,22,80,21,81,21,82,21,83,20,84,20,85,20,86,20,87,19,88,19,89,19,90,19,91,19,92,19,93,18,93,17,94,16,95,15,96,14,95,13,94,12,94,11,93,10,92,9,92,8,91,7,90,6,89,6,88,6,87,6,86,6,85,6,84,6,83,6,82,6,81,6,80,6,79,6,78,6
111,6,110,7,109,7,108,8,107,9,106,9,105,10,104,11,103,11,102,12,101,13,100,13,99,14,98,14,99,15,100,16,101,16,102,17,103,17,104,18,105,18,106,19,107,19,108,18,109,18,110,18,111,18,112,18,113,18,114,17,115,17,116,17,117,17,117,16,117,15,118,14,118,13,118,12,117,11,117,10,117,9,116,8,115,7,114,6,113,6,112,6
21,9,20,10,19,10,18,10,17,10,16,10,15,10,14,11,13,11,12,11,11,11,10,11,9,12,8,12,7,13,6,14,6,15,5,16,5,17,4,18,4,19,3,20,2,21,2,22,1,23,2,24,2,25,3,24,4,25,5,25,6,26,7,26,8,26,9,26,10,26,11,27,12,27,13,27,14,27,15,27,16,27,17,27,18,26,19,25,20,25,21,24,22,23,23,22,23,21,24,20,25,19,26,18,26,17,27,16,27,15,27,14,26,13,25,12,25,11,24,10,24,9,23,9,22,9
163,10,162,11,161,12,161,13,160,14,159,15,158,16,158,17,158,18,158,19,158,20,158,21,159,22,159,23,160,23,161,23,162,23,163,23,164,23,165,23,166,23,167,23,168,23,169,22,170,23,171,23,172,23,173,23,174,23,175,24,176,24,177,24,177,23,177,22,177,21,177,20,177,19,178,18,178,17,177,16,177,15,176,14,176,13,175,12,174,11,173,11,172,11,171,11,170,11,169,11,168,11,167,11,166,11,165,10,164,10
197,10,196,11,195,11,194,12,193,12,192,13,191,13,190,14,189,14,188,14,187,15,186,15,185,15,184,16,183,16,182,16,181,17,180,17,179,17,179,18,178,19,178,20,178,21,178,22,178,23,179,23,180,23,181,23,182,23,183,23,184,23,185,23,186,23,187,23,188,23,189,23,190,24,191,24,192,24,193,24,194,24,195,24,196,24,197,25,198,25,199,25,200,24,201,24,202,23,202,22,203,21,204,20,204,19,205,18,206,17,207,16,207,15,206,14,206,13,205,13,204,12,203,12,202,11,201,11,200,10,199,10,198,10
251,10,250,11,249,11,248,11,248,12,247,13,247,14,247,15,246,16,246,17,246,18,246,19,246,20,246,21,246,22,245,23,245,24,245,25,245,26,246,27,247,28,248,29,249,29,250,29,251,29,252,28,253,28,254,28,255,28,255,27,255,26,255,25,255,24,255,23,255,22,255,21,255,20,255,19,255,18,255,17,255,16,255,15,255,14,255,13,255,12,255,11,255,10,254,10,253,10,252,10
48,13,47,14,46,15,45,16,44,17,43,18,42,19,41,20,40,20,39,21,38,22,38,23,38,24,38,25,38,26,39,26,40,26,41,26,42,26,43,26,44,27,45,27,46,28,47,28,48,28,49,29,50,29,51,29,52,29,53,30,54,30,55,30,56,30,57,30,58,29,59,28,60,27,61,26,61,25,61,24,61,23,61,22,61,21,61,20,61,19,61,18,61,17,60,16,59,15,58,14,57,13,56,13,55,13,54,13,53,13,52,13,51,13,50,13,49,13
146,14,145,15,144,15,143,16,142,17,141,18,140,19,139,20,139,21,139,22,138,23,139,24,139,25,140,26,140,27,140,28,141,29,141,30,141,31,140,32,140,33,140,34,141,34,142,34,143,35,144,35,145,36,146,36,147,37,148,38,149,39,150,40,151,40,152,40,153,40,154,40,154,39,154,38,154,37,154,36,155,35,156,34,157,33,157,32,157,31,157,30,158,29,158,28,158,27,158,26,159,25,159,24,158,23,158,22,157,21,157,20,157,19,156,18,155,17,154,17,153,16,152,16,151,15,150,15,149,14,148,14,147,14
28,16,27,17,27,18,26,19,25,20,24,21,24,22,23,23,22,24,21,25,20,26,19,26,18,27,18,28,19,29,20,30,20,31,21,32,22,33,23,32,24,32,25,32,26,32,27,32,28,33,29,33,30,33,31,32,32,31,33,30,34,29,35,28,36,27,37,26,37,25,37,24,37,23,37,22,38,21,37,20,36,19,35,19,34,19,33,18,32,18,31,17,30,17,29,16
207,17,206,18,205,19,205,20,204,21,203,22,203,23,202,24,201,25,200,26,200,27,201,28,201,29,202,30,203,30,204,31,205,32,206,33,207,34,208,35,209,36,210,37,211,38,212,38,213,37,214,37,215,37,216,36,217,35,218,34,219,33,219,32,220,31,220,30,221,29,222,28,222,27,223,26,223,25,223,24,222,23,222,22,221,21,220,20,219,20,218,19,217,18,216,18,215,17,214,17,213,17,212,17,211,17,210,17,209,17,208,17
114,18,113,19,112,19,111,19,110,19,109,19,108,19,107,20,106,20,106,21,105,22,105,23,104,24,103,25,102,26,101,27,100,27,100,28,100,29,100,30,100,31,101,32,102,33,103,33,104,34,105,34,106,35,107,35,108,36,109,36,110,37,111,37,112,36,113,37,114,36,115,36,116,35,117,34,118,33,118,32,119,31,119,30,119,29,120,28,120,27,121,26,122,25,121,24,121,23,121,22,120,21,119,20,119,19,118,18,117,18,116,18,115,18
87,20,86,21,85,21,84,21,83,21,82,22,81,22,80,22,79,23,78,23,77,24,77,25,77,26,77,27,77,28,77,29,76,30,76,31,76,32,76,33,77,34,78,34,79,35,79,36,80,37,81,38,82,38,83,38,84,38,85,38,86,39,87,39,88,39,89,39,90,38,91,39,92,38,93,37,94,36,95,35,96,34,97,33,98,33,99,32,99,31,99,30,99,29,99,28,99,27,98,26,97,25,97,24,96,23,95,22,94,21,93,20,92,20,91,20,90,20,89,20,88,20
75,23,74,24,73,24,72,24,71,25,70,25,69,25,68,25,67,25,66,25,65,25,64,25,63,25,62,25,62,26,61,27,60,28,59,29,58,30,57,31,57,32,58,33,59,34,59,35,60,35,61,35,62,35,63,35,64,35,65,35,66,35,67,35,68,35,69,34,70,34,71,34,72,34,73,33,74,33,75,33,75,32,75,31,75,30,76,29,76,28,76,27,76,26,76,25,76,24,77,23,76,23
133,23,132,24,131,24,130,24,129,24,128,24,127,25,126,25,125,25,124,25,123,25,122,26,121,27,121,28,120,29,120,30,120,31,119,32,119,33,120,34,121,34,122,35,123,35,124,35,125,35,126,35,127,35,128,35,129,35,130,35,131,35,132,35,133,35,134,35,135,35,136,35,137,35,138,35,139,34,139,33,139,32,140,31,140,30,140,29,139,28,139,27,139,26,138,25,138,24,137,23,136,23,135,23,134,23
178,24,177,25,177,26,176,27,176,28,176,29,176,30,175,31,175,32,175,33,176,34,176,35,177,36,178,37,178,38,179,39,179,40,180,40,181,39,182,39,183,39,184,39,185,39,186,39,187,39,188,39,189,38,190,38,191,38,192,37,193,36,193,35,194,34,194,33,195,32,196,31,197,30,198,29,199,28,199,27,199,26,198,26,197,26,196,25,195,25,194,25,193,25,192,25,191,25,190,25,189,24,188,24,187,24,186,24,185,24,184,24,183,24,182,24,181,24,180,24,179,24
1,26,1,27,1,28,0,29,0,30,0,31,0,32,0,33,0,34,0,35,1,35,2,35,3,36,4,37,5,38,5,39,6,40,7,41,7,42,8,43,8,44,9,45,9,46,10,47,10,48,10,49,11,50,11,51,11,52,11,53,11,54,11,55,11,56,12,57,13,58,14,58,15,59,16,59,17,60,18,60,19,61,20,62,21,62,22,63,23,63,24,63,25,62,24,61,24,60,24,59,23,58,23,57,23,56,22,55,22,54,21,53,21,52,21,51,21,50,20,49,20,48,20,47,20,46,19,45,19,44,19,43,19,42,19,41,19,40,20,39,20,38,20,37,20,36,20,35,21,34,21,33,20,32,19,31,19,30,18,29,17,28,16,28,15,28,14,28,13,28,12,28,11,28,10,27,9,27,8,27,7,27,6,27,5,26,4,26,3,26,2,26
226,26,225,27,224,27,223,28,222,29,221,30,221,31,220,32,220,33,219,34,218,35,217,36,217,37,217,38,218,39,218,40,219,41,219,42,220,43,220,44,221,44,222,43,223,43,224,43,225,43,226,43,227,43,228,42,229,42,230,43,231,43,232,43,233,43,234,43,235,43,236,43,237,43,238,43,239,43,240,43,241,42,242,42,242,41,242,40,242,39,242,38,242,37,242,36,242,35,242,34,242,33,242,32,242,31,241,30,240,30,239,30,238,29,237,29,236,28,235,28,234,28,233,27,232,27,231,27,230,27,229,27,228,26,227,26
37,27,36,28,35,29,34,30,33,31,32,32,31,33,30,34,30,35,31,36,31,37,32,38,32,39,33,40,34,41,34,42,35,43,35,44,36,45,37,46,37,47,38,48,39,49,39,50,40,51,41,52,41,53,42,54,42,55,43,56,43,57,44,56,45,56,46,56,47,55,48,55,49,55,50,55,51,54,52,54,53,54,53,53,54,52,54,51,54,50,55,49,55,48,55,47,55,46,55,45,55,44,54,43,54,42,54,41,53,40,53,39,53,38,52,37,52,36,51,35,51,34,51,33,50,32,49,31,48,30,47,29,46,29,45,28,44,28,43,27,42,27,41,27,40,27,39,27,38,27
200,28,199,29,198,30,197,31,196,32,195,33,195,34,194,35,194,36,193,37,192,38,192,39,193,40,194,41,195,42,196,43,197,44,198,44,199,43,200,43,201,43,202,43,203,43,204,43,205,43,206,43,207,43,208,43,209,42,210,41,210,40,211,39,210,38,209,37,208,36,207,35,206,34,205,33,204,32,203,31,202,31,201,30,200,29
252,29,251,30,250,30,249,30,248,30,247,30,246,30,245,31,244,32,244,33,244,34,244,35,244,36,244,37,244,38,244,39,245,40,245,41,246,42,245,43,246,44,247,44,248,45,249,44,250,44,251,44,252,44,253,44,254,44,255,43,255,42,255,41,255,40,255,39,255,38,255,37,255,36,255,35,255,34,255,33,255,32,255,31,255,30,255,29,254,29,253,29
23,33,22,34,21,35,21,36,21,37,21,38,21,39,20,40,20,41,20,42,20,43,20,44,20,45,21,46,21,47,21,48,21,49,22,50,22,51,22,52,22,53,23,54,23,55,24,56,24,57,24,58,25,59,25,60,25,61,26,62,27,61,28,61,29,61,30,61,31,60,32,60,33,60,34,60,35,60,36,59,37,59,38,59,39,59,40,58,41,58,42,58,42,57,42,56,41,55,41,54,40,53,40,52,39,51,38,50,38,49,37,48,36,47,36,46,35,45,34,44,34,43,33,42,33,41,32,40,31,39,31,38,30,37,30,36,29,35,29,34,28,34,27,33,26,33,25,33,24,33
99,33,98,34,97,34,96,35,95,36,94,37,93,38,92,39,91,40,90,40,90,41,90,42,91,43,91,44,91,45,91,46,91,47,91,48,91,49,92,50,92,51,93,52,93,53,94,54,95,54,96,53,97,53,98,53,99,53,100,52,101,52,102,52,103,52,104,52,105,53,106,53,107,53,108,53,109,53,110,53,111,53,112,53,113,52,114,52,114,51,113,50,113,49,113,48,113,47,113,46,112,45,112,44,112,43,112,42,112,41,111,40,111,39,110,38,109,37,108,37,107,36,106,36,105,35,104,35,103,34,102,34,101,33,100,33
159,33,158,34,157,34,156,35,155,36,155,37,155,38,155,39,155,40,156,41,157,41,158,42,159,43,160,44,161,44,162,45,163,46,164,47,164,48,165,49,166,49,167,49,168,48,169,48,170,48,171,48,172,47,173,47,174,47,175,46,176,46,176,45,177,44,177,43,178,42,178,41,178,40,178,39,177,38,177,37,176,36,175,35,175,34,174,33,173,33,172,33,171,33,170,33,169,34,168,34,167,34,166,34,165,34,164,34,163,34,162,34,161,33,160,33
73,34,72,35,71,35,70,35,69,35,68,36,67,36,66,36,65,36,64,36,63,36,62,36,61,36,60,37,60,38,60,39,60,40,60,41,60,42,60,43,60,44,60,45,60,46,61,47,61,48,62,49,63,50,64,51,65,51,66,52,67,52,68,52,69,52,70,52,71,51,72,51,73,51,74,50,74,49,75,48,75,47,76,46,76,45,77,44,77,43,78,42,78,41,79,40,80,39,80,38,79,37,78,36,78,35,77,35,76,34,75,34,74,34
117,35,116,36,115,37,114,37,113,38,113,39,112,40,113,41,113,42,113,43,113,44,113,45,114,46,114,47,114,48,114,49,114,50,115,50,116,51,117,52,118,52,119,52,120,52,121,53,122,53,123,54,124,54,125,53,126,53,127,52,128,52,129,52,130,52,131,51,132,51,133,51,134,51,135,51,135,50,136,49,137,48,138,47,139,46,139,45,139,44,139,43,139,42,139,41,139,40,138,39,138,38,137,37,137,36,136,36,135,36,134,36,133,36,132,36,131,36,130,36,129,36,128,36,127,36,126,36,125,36,124,36,123,36,122,36,121,35,120,35,119,35,118,35
0,36,0,37,0,38,0,39,0,40,0,41,0,42,0,43,0,44,0,45,0,46,0,47,0,48,0,49,0,50,0,51,0,52,0,53,0,54,0,55,0,56,0,57,1,57,2,57,3,57,4,57,5,57,6,57,7,56,8,56,9,56,10,56,10,55,10,54,10,53,10,52,10,51,10,50,9,49,9,48,9,47,8,46,8,45,7,44,7,43,6,42,6,41,5,40,4,39,4,38,3,37,2,36,1,36
81,39,80,40,79,41,79,42,78,43,78,44,77,45,77,46,76,47,76,48,75,49,75,50,76,51,77,51,78,51,79,52,80,52,81,53,82,53,83,54,84,55,85,55,86,56,87,56,88,57,89,57,90,57,91,58,92,57,92,56,93,55,93,54,92,53,92,52,91,51,91,50,90,49,90,48,90,47,90,46,90,45,90,44,90,43,89,42,89,41,89,40,88,40,87,40,86,40,85,39,84,39,83,39,82,39
189,39,188,40,187,40,186,40,185,40,184,40,183,40,182,40,181,40,180,41,179,41,179,42,178,43,178,44,177,45,177,46,177,47,178,48,178,49,179,50,179,51,180,52,180,53,180,54,181,55,181,56,182,56,183,57,184,57,185,58,186,58,187,58,188,58,189,57,190,56,191,55,192,54,193,54,194,53,195,52,196,52,196,51,196,50,196,49,196,48,196,47,196,46,196,45,196,44,195,43,194,42,193,41,192,40,191,39,190,39
151,41,150,42,149,43,148,44,147,45,147,46,147,47,148,48,148,49,149,50,150,51,151,52,152,52,153,53,154,54,155,55,156,55,157,56,158,56,159,56,160,56,161,57,162,56,162,55,163,54,164,53,164,52,164,51,165,50,164,49,163,48,163,47,162,46,161,45,160,45,159,44,158,43,157,42,156,42,155,41,154,41,153,41,152,41
241,43,240,44,239,44,239,45,238,46,238,47,237,48,237,49,236,50,236,51,235,52,235,53,234,54,234,55,233,56,233,57,233,58,233,59,234,59,235,60,236,60,237,60,238,60,239,61,240,61,241,62,242,62,243,61,244,60,245,59,246,59,247,58,248,58,249,57,250,57,250,56,250,55,250,54,250,53,249,52,249,51,249,50,249,49,249,48,249,47,249,46,248,46,247,45,246,45,245,44,244,43,243,43,242,43
199,44,198,45,197,45,197,46,197,47,197,48,197,49,197,50,197,51,197,52,198,53,199,53,200,54,201,54,202,54,203,55,204,54,204,53,205,52,206,51,207,50,207,49,208,48,209,47,209,46,209,45,208,44,207,44,206,44,205,44,204,44,203,44,202,44,201,44,200,44
222,44,221,45,220,45,219,45,218,46,217,47,217,48,217,49,217,50,217,51,218,52,218,53,218,54,218,55,218,56,218,57,218,58,217,59,217,60,218,61,218,62,219,63,220,62,221,62,222,62,223,62,224,62,225,62,226,62,227,62,228,62,229,61,230,60,231,59,232,59,232,58,232,57,232,56,233,55,233,54,234,53,234,52,235,51,235,50,236,49,236,48,237,47,237,46,238,45,238,44,237,44,236,44,235,44,234,44,233,44,232,44,231,44,230,44,229,44,228,44,227,44,226,44,225,44,224,44,223,44
141,46,140,47,139,47,138,48,137,49,136,50,136,51,135,52,135,53,136,54,136,55,137,56,137,57,138,58,138,59,139,60,139,61,140,62,140,63,141,64,142,64,143,65,143,66,144,66,145,66,146,66,147,66,148,66,149,66,150,66,151,66,152,67,153,67,154,67,155,67,156,67,157,67,158,66,159,65,160,65,161,64,162,64,162,63,162,62,162,61,161,60,161,59,161,58,160,57,159,57,158,57,157,57,156,56,155,56,154,55,153,54,152,53,151,53,150,52,149,51,148,50,147,49,147,48,146,47,145,47,144,47,143,47,142,47
175,47,174,48,173,48,172,48,171,49,170,49,169,49,168,49,167,50,166,50,165,51,165,52,165,53,164,54,163,55,163,56,162,57,162,58,162,59,162,60,163,61,163,62,163,63,163,64,164,64,165,64,166,65,167,65,168,65,169,66,170,66,171,66,172,65,173,64,174,63,175,62,176,62,177,61,178,60,179,59,180,59,181,58,181,57,180,56,180,55,179,54,179,53,179,52,178,51,178,50,177,49,177,48,176,47
210,47,209,48,208,49,208,50,207,51,206,52,205,53,205,54,204,55,204,56,205,57,205,58,206,59,207,60,207,61,208,61,209,61,210,60,211,60,212,60,213,60,214,60,215,60,216,60,216,59,217,58,217,57,217,56,217,55,217,54,217,53,217,52,216,51,216,50,216,49,216,48,215,48,214,47,213,47,212,47,211,47
74,51,73,52,72,52,71,52,70,53,69,53,68,53,68,54,67,55,67,56,67,57,67,58,67,59,67,60,67,61,68,62,68,63,69,64,70,65,70,66,71,67,72,67,73,67,74,68,75,68,76,69,77,69,78,70,79,71,80,71,81,71,82,71,83,70,84,70,85,70,86,70,87,69,87,68,88,67,89,66,89,65,90,64,91,63,91,62,91,61,91,60,91,59,90,58,89,58,88,58,87,57,86,57,85,56,84,56,83,55,82,54,81,54,80,53,79,53,78,52,77,52,76,52,75,51
115,52,114,53,113,53,112,54,111,55,111,56,111,57,111,58,111,59,111,60,110,61,110,62,110,63,109,64,109,65,109,66,108,67,108,68,107,69,106,70,107,71,107,72,107,73,107,74,108,74,109,74,110,75,111,75,112,76,113,76,114,77,115,77,116,77,117,76,118,76,119,75,120,75,121,74,121,73,121,72,121,71,122,70,122,69,123,68,123,67,124,66,124,65,124,64,125,63,125,62,126,61,125,60,125,59,125,58,125,57,124,56,124,55,123,55,122,54,121,54,120,53,119,53,118,53,117,53,116,52
100,53,99,54,98,54,97,54,96,54,95,55,94,55,93,56,93,57,92,58,92,59,92,60,92,61,92,62,93,63,94,63,95,63,96,64,97,64,98,65,99,65,100,66,101,66,102,67,103,68,104,68,105,68,106,68,107,68,107,67,108,66,108,65,108,64,109,63,109,62,109,61,110,60,110,59,110,58,110,57,110,56,110,55,111,54,110,54,109,54,108,54,107,54,106,54,105,54,104,53,103,53,102,53,101,53
195,53,194,54,193,55,192,55,191,56,190,57,189,58,188,59,189,60,189,61,189,62,190,63,190,64,191,65,191,66,192,67,193,67,194,67,195,67,196,67,197,67,198,67,199,68,200,67,201,67,202,67,203,67,204,67,204,66,205,65,205,64,206,63,207,62,206,61,206,60,205,59,204,58,204,57,203,56,202,55,201,55,200,55,199,54,198,54,197,53,196,53
51,55,50,56,49,56,48,56,47,56,46,57,45,57,44,57,43,58,43,59,43,60,43,61,43,62,43,63,43,64,43,65,43,66,43,67,44,68,44,69,44,70,44,71,44,72,45,73,45,74,45,75,45,76,45,77,45,78,45,79,45,80,45,81,46,82,47,82,48,82,49,82,50,83,51,83,52,83,53,83,54,83,55,83,56,84,57,84,58,84,58,83,59,82,59,81,59,80,60,79,60,78,60,77,61,76,60,75,60,74,60,73,59,72,59,71,59,70,58,69,58,68,58,67,58,66,58,65,58,64,58,63,58,62,58,61,59,60,58,59,57,58,56,57,55,56,54,55,53,55,52,55
7,57,6,58,5,58,4,58,3,58,2,58,1,58,0,58,0,59,0,60,0,61,0,62,0,63,0,64,0,65,0,66,0,67,0,68,0,69,0,70,0,71,0,72,0,73,1,74,2,75,3,75,4,75,5,76,6,76,7,77,8,77,9,78,10,79,11,79,12,80,13,80,14,80,15,80,16,80,17,81,18,81,19,81,20,81,21,82,22,82,22,81,23,80,23,79,23,78,23,77,23,76,23,75,23,74,23,73,23,72,23,71,23,70,23,69,23,68,23,67,23,66,23,65,23,64,22,64,21,63,20,63,19,62,18,61,17,61,16,60,15,60,14,59,13,59,12,58,11,57,10,57,9,57,8,57
251,57,250,58,249,58,248,59,247,59,246,60,245,60,244,61,243,62,242,63,242,64,242,65,242,66,242,67,242,68,242,69,242,70,242,71,242,72,242,73,243,74,244,75,245,75,246,75,247,75,248,75,249,75,250,75,251,75,252,75,253,75,254,75,255,75,255,74,255,73,255,72,255,71,255,70,255,69,255,68,255,67,255,66,255,65,255,64,255,63,255,62,255,61,255,60,255,59,254,58,253,58,252,58
136,58,135,59,134,60,133,61,132,61,131,61,130,61,129,62,128,62,127,62,126,62,126,63,125,64,125,65,125,66,124,67,124,68,123,69,123,70,122,71,122,72,122,73,122,74,123,74,124,74,125,74,126,74,127,74,128,73,129,73,130,73,131,73,132,73,133,73,134,72,135,72,136,72,136,71,137,70,138,69,139,68,140,67,141,66,141,65,140,64,139,63,139,62,138,61,138,60,137,59,137,58
40,59,39,60,38,60,37,60,36,60,35,61,34,61,33,61,32,61,31,61,30,62,29,62,28,62,27,62,26,63,25,63,24,64,24,65,24,66,24,67,24,68,24,69,24,70,24,71,24,72,24,73,24,74,24,75,24,76,24,77,24,78,24,79,24,80,23,81,23,82,23,83,24,84,25,85,26,85,27,86,28,86,29,86,30,86,31,86,32,86,33,86,34,86,35,86,36,86,37,86,38,86,39,86,40,85,41,84,42,83,43,82,44,82,44,81,44,80,44,79,44,78,44,77,44,76,44,75,44,74,44,73,43,72,43,71,43,70,43,69,43,68,42,67,42,66,42,65,42,64,42,63,42,62,42,61,42,60,42,59,41,59
181,59,180,60,179,60,178,61,177,62,176,63,175,63,174,64,173,65,172,66,171,67,171,68,172,69,172,70,172,71,173,72,173,73,173,74,173,75,174,76,174,77,175,77,176,78,176,79,177,80,178,81,179,82,180,82,181,82,182,82,183,82,184,82,185,81,186,80,187,79,188,79,189,78,190,78,190,77,190,76,190,75,191,74,191,73,192,72,192,71,192,70,193,69,192,68,191,67,190,66,190,65,189,64,189,63,188,62,188,61,187,60,186,60,185,59,184,59,183,59,182,59
60,60,59,61,59,62,59,63,59,64,59,65,59,66,59,67,59,68,59,69,60,70,60,71,60,72,61,73,61,74,61,75,62,74,63,73,64,73,65,72,66,71,67,70,68,69,69,68,70,67,69,66,69,65,68,64,67,63,67,62,66,61,66,60,65,60,64,60,63,60,62,60,61,60
231,60,230,61,229,62,228,63,228,64,228,65,229,66,229,67,229,68,230,69,230,70,231,71,231,72,232,73,232,74,232,75,233,75,234,75,235,75,236,75,237,74,238,74,239,74,240,73,241,73,241,72,241,71,241,70,241,69,241,68,241,67,241,66,241,65,241,64,241,63,240,62,239,62,238,61,237,61,236,61,235,61,234,60,233,60,232,60
210,61,209,62,208,62,207,63,206,64,206,65,205,66,205,67,205,68,206,69,207,70,207,71,208,72,208,73,209,74,210,75,211,76,211,77,212,78,213,78,214,78,215,78,216,78,217,78,218,78,218,77,218,76,218,75,218,74,218,73,218,72,218,71,218,70,218,69,218,68,218,67,218,66,218,65,218,64,218,63,217,62,217,61,216,61,215,61,214,61,213,61,212,61,211,61
92,63,91,64,90,65,90,66,89,67,88,68,88,69,87,70,87,71,87,72,87,73,87,74,88,75,88,76,89,76,90,77,91,78,92,78,93,79,94,78,95,78,96,78,97,78,98,77,99,77,100,77,101,76,102,76,103,76,104,75,105,75,106,74,106,73,106,72,105,71,104,70,104,69,103,69,102,68,101,67,100,67,99,66,98,66,97,65,96,65,95,64,94,64,93,64
220,63,219,64,219,65,219,66,219,67,219,68,219,69,219,70,219,71,219,72,219,73,219,74,219,75,219,76,219,77,219,78,220,79,221,79,222,80,223,81,224,81,225,81,226,80,227,79,228,78,229,77,230,76,231,75,231,74,231,73,230,72,230,71,229,70,229,69,228,68,228,67,228,66,227,65,227,64,227,63,226,63,225,63,224,63,223,63,222,63,221,63
161,65,160,66,159,66,158,67,157,68,156,68,156,69,156,70,157,71,157,72,157,73,157,74,157,75,157,76,158,77,159,77,160,78,161,79,162,79,163,79,164,78,165,78,166,78,167,77,168,77,169,77,170,76,171,76,172,76,173,76,172,75,172,74,172,73,172,72,171,71,171,70,171,69,170,68,170,67,169,67,168,66,167,66,166,66,165,65,164,65,163,65,162,65
141,67,140,68,139,69,138,70,137,71,137,72,137,73,137,74,138,75,138,76,139,77,139,78,140,79,140,80,140,81,141,81,142,81,143,81,144,81,145,81,146,81,147,81,148,80,149,79,150,79,151,78,152,78,153,77,154,77,155,76,156,76,156,75,156,74,156,73,156,72,156,71,155,70,155,69,155,68,154,68,153,68,152,68,151,67,150,67,149,67,148,67,147,67,146,67,145,67,144,67,143,67,142,67
70,68,69,69,68,70,67,71,66,72,65,73,64,74,63,74,62,75,62,76,61,77,61,78,61,79,60,80,60,81,60,82,59,83,59,84,59,85,60,86,60,87,61,88,61,89,61,90,62,91,63,92,64,92,65,91,66,90,67,89,68,88,69,87,70,86,71,85,72,84,73,83,74,82,75,81,76,80,77,79,77,78,78,77,79,76,80,75,80,74,81,73,80,72,79,72,78,71,77,70,76,70,75,69,74,69,73,68,72,68,71,68
200,68,199,69,198,69,197,69,196,69,195,69,194,70,193,70,193,71,193,72,192,73,192,74,191,75,191,76,191,77,192,78,191,79,192,79,193,80,194,81,195,81,196,81,197,82,198,82,199,83,200,83,201,83,202,84,203,84,204,85,205,85,206,84,207,83,208,82,209,81,210,80,211,79,211,78,210,77,210,76,209,75,208,74,207,73,207,72,206,71,206,70,205,69,204,68,203,68,202,68,201,68
134,73,133,74,132,74,131,74,130,74,129,74,128,74,127,75,126,75,125,75,124,75,123,75,122,75,121,75,120,76,119,76,118,77,117,77,117,78,117,79,118,79,119,79,120,80,121,80,122,81,123,81,124,81,125,82,126,82,127,82,128,83,129,83,130,84,131,84,132,84,133,85,134,85,135,85,136,84,137,83,138,82,139,82,139,81,139,80,139,79,138,78,138,77,137,76,137,75,136,74,136,73,135,73
81,74,81,75,80,76,79,77,78,78,78,79,77,80,76,81,75,82,74,83,73,84,72,85,71,86,70,87,69,88,68,89,67,90,66,91,65,92,65,93,66,94,66,95,67,96,68,97,69,98,70,99,71,100,71,101,72,102,73,103,74,104,75,104,76,104,77,104,78,104,79,104,80,104,81,104,82,104,83,103,84,103,85,103,86,103,87,103,88,102,89,102,90,101,90,100,90,99,91,98,91,97,91,96,92,95,92,94,93,93,93,92,94,91,94,90,95,89,95,88,96,87,96,86,95,85,94,84,94,83,93,82,92,81,92,80,91,80,90,79,89,78,88,77,87,76,86,76,85,75,84,74,83,74,82,74
240,74,239,75,238,75,237,75,236,76,235,76,234,76,233,76,232,76,231,76,230,77,229,78,228,79,227,80,226,81,226,82,227,83,228,84,229,84,230,84,231,84,232,84,233,85,234,85,235,85,236,85,237,85,238,86,239,86,240,86,241,85,242,85,243,85,244,84,244,83,244,82,244,81,244,80,244,79,244,78,244,77,244,76,243,75,242,74,241,74
106,75,105,76,104,76,103,77,102,77,101,77,100,78,99,78,98,78,97,79,96,79,95,79,94,79,93,80,93,81,94,82,95,83,95,84,96,85,97,86,98,86,99,86,100,86,101,86,102,86,103,86,104,86,105,86,106,86,107,86,108,86,109,86,110,86,111,87,112,87,113,86,113,85,114,84,114,83,115,82,115,81,116,80,116,79,116,78,115,78,114,78,113,77,112,77,111,76,110,76,109,75,108,75,107,75
245,76,245,77,245,78,245,79,245,80,245,81,245,82,245,83,245,84,245,85,246,85,247,85,248,85,249,86,250,86,251,87,252,87,253,87,254,87,255,87,255,86,255,85,255,84,255,83,255,82,255,81,255,80,255,79,255,78,255,77,255,76,254,76,253,76,252,76,251,76,250,76,249,76,248,76,247,76,246,76
155,77,154,78,153,78,152,79,151,79,150,80,149,80,148,81,147,82,146,82,147,83,147,84,148,85,148,86,149,87,149,88,150,89,150,90,151,91,151,92,152,93,153,93,154,93,155,93,156,93,157,93,158,93,159,93,160,93,161,93,162,93,163,93,164,92,163,91,163,90,163,89,163,88,162,87,162,86,162,85,162,84,162,83,162,82,161,81,161,80,160,79,159,78,158,78,157,77,156,77
170,77,169,78,168,78,167,78,166,79,165,79,164,79,163,80,162,80,162,81,163,82,163,83,163,84,163,85,163,86,163,87,164,88,164,89,164,90,164,91,165,92,166,92,167,92,168,92,169,92,170,92,171,93,172,92,173,91,174,90,175,89,175,88,176,87,176,86,177,85,177,84,178,83,178,82,177,81,176,80,175,79,175,78,174,78,173,77,172,77,171,77
189,79,188,80,187,80,186,81,186,82,186,83,187,84,187,85,188,86,189,87,189,88,190,89,191,90,192,91,192,92,193,93,194,94,194,95,195,96,196,97,196,98,197,99,198,100,198,101,199,102,200,103,201,102,202,101,203,101,204,100,205,99,206,98,207,97,208,96,207,95,207,94,207,93,206,92,206,91,206,90,205,89,205,88,205,87,204,86,203,85,202,85,201,84,200,84,199,84,198,83,197,83,196,82,195,82,194,82,193,81,192,80,191,80,190,79
212,79,211,80,210,81,209,82,208,83,207,84,206,85,205,86,206,87,206,88,206,89,207,90,207,91,207,92,208,93,208,94,208,95,209,95,210,96,211,96,212,96,213,96,214,96,215,97,216,97,217,97,218,97,219,97,220,97,220,96,221,95,222,95,222,94,222,93,223,92,223,91,223,90,224,89,224,88,225,87,225,86,226,85,226,84,225,83,224,82,223,82,222,81,221,80,220,80,219,79,218,79,217,79,216,79,215,79,214,79,213,79
11,81,10,82,9,83,8,84,7,84,6,85,5,86,4,86,3,87,2,87,1,88,0,89,0,90,0,91,0,92,0,93,0,94,0,95,0,96,0,97,0,98,1,99,1,100,1,101,2,102,3,102,4,102,5,102,6,101,7,101,8,101,9,101,10,101,11,102,12,102,13,102,14,101,15,101,16,100,17,99,18,98,19,97,20,96,21,96,22,95,23,95,22,94,23,93,23,92,24,91,24,90,25,89,25,88,26,87,25,86,24,85,23,84,22,83,21,83,20,82,19,82,18,82,17,82,16,81,15,81,14,81,13,81,12,81
116,81,116,82,115,83,115,84,114,85,114,86,113,87,113,88,113,89,114,90,114,91,115,92,115,93,116,94,116,95,117,96,117,97,118,98,118,99,119,100,119,101,120,102,120,103,121,104,122,105,123,105,124,105,125,105,126,105,127,105,128,105,129,105,130,105,131,106,132,105,133,105,134,104,135,103,136,102,136,101,136,100,136,99,136,98,135,97,135,96,135,95,135,94,134,93,134,92,134,91,134,90,134,89,134,88,133,87,133,86,132,85,131,85,130,85,129,84,128,84,127,83,126,83,125,83,124,82,123,82,122,82,121,81,120,81,119,81,118,81,117,81
45,82,44,83,43,83,42,84,41,85,40,86,40,87,40,88,41,89,42,90,42,91,43,92,44,93,45,94,45,95,46,96,47,97,48,98,48,99,49,98,50,98,51,98,52,97,53,97,54,96,55,96,56,95,57,94,58,93,59,92,60,92,61,91,60,90,60,89,60,88,59,87,59,86,58,85,57,85,56,85,55,84,54,84,53,84,52,84,51,84,50,84,49,83,48,83,47,83,46,83
140,82,139,83,138,83,137,84,136,85,135,86,134,86,134,87,135,88,135,89,135,90,135,91,135,92,135,93,136,94,136,95,136,96,136,97,137,98,137,99,137,100,138,100,139,100,140,100,141,100,142,100,143,100,144,100,145,100,146,100,147,100,148,99,148,98,149,97,150,96,151,95,151,94,151,93,150,92,150,91,149,90,149,89,148,88,148,87,147,86,147,85,146,84,146,83,145,82,144,82,143,82,142,82,141,82
179,83,178,84,178,85,177,86,177,87,176,88,176,89,175,90,174,91,173,92,173,93,173,94,174,95,174,96,175,97,176,97,177,97,178,98,179,98,180,98,181,99,182,99,183,99,184,100,185,101,186,101,187,102,188,102,189,103,190,103,191,103,192,103,193,103,194,103,195,102,196,102,197,102,198,102,197,101,197,100,196,99,195,98,195,97,194,96,193,95,193,94,192,93,191,92,191,91,190,90,189,89,188,88,188,87,187,86,186,85,186,84,185,83,184,83,183,83,182,83,181,83,180,83
227,85,226,86,226,87,225,88,225,89,224,90,224,91,224,92,223,93,223,94,223,95,223,96,223,97,223,98,223,99,224,99,225,100,226,100,227,100,228,100,229,100,230,100,231,99,232,99,233,99,234,98,235,98,236,97,237,97,238,96,239,95,240,94,241,93,242,93,242,92,241,91,241,90,241,89,240,88,240,87,239,87,238,87,237,86,236,86,235,86,234,86,233,86,232,85,231,85,230,85,229,85,228,85
27,87,26,88,26,89,25,90,25,91,24,92,24,93,24,94,24,95,25,96,25,97,26,98,26,99,27,100,27,101,28,102,29,103,30,103,31,104,32,104,33,105,34,106,35,106,36,107,37,108,38,107,39,107,40,107,41,106,42,105,43,105,44,104,45,104,46,103,47,103,47,102,47,101,47,100,47,99,47,98,46,97,45,96,44,95,44,94,43,93,42,92,41,91,41,90,40,89,39,88,39,87,38,87,37,87,36,87,35,87,34,87,33,87,32,87,31,87,30,87,29,87,28,87
97,87,96,88,96,89,95,90,95,91,94,92,94,93,93,94,93,95,92,96,92,97,92,98,91,99,91,100,91,101,90,102,91,103,91,104,92,105,93,106,94,106,95,107,96,108,97,109,98,109,99,109,100,109,101,109,102,109,103,109,104,109,105,109,106,109,107,109,108,110,109,110,110,110,111,110,112,111,113,110,114,110,115,110,116,109,117,109,118,108,119,107,120,106,121,105,120,104,119,103,119,102,118,101,118,100,117,99,117,98,116,97,116,96,115,95,115,94,114,93,114,92,113,91,113,90,112,89,112,88,111,88,110,87,109,87,108,87,107,87,106,87,105,87,104,87,103,87,102,87,101,87,100,87,99,87,98,87
61,92,60,93,59,93,58,94,57,95,56,96,55,97,54,97,53,98,52,98,51,99,50,99,49,99,48,100,48,101,48,102,49,103,50,103,51,104,52,104,53,105,54,105,55,106,56,106,57,107,58,107,59,108,60,108,61,109,62,109,63,110,64,110,65,111,66,112,67,112,68,112,69,111,70,111,71,111,71,110,72,109,72,108,72,107,73,106,73,105,73,104,72,103,71,102,70,101,70,100,69,99,68,98,67,97,66,96,65,95,65,94,64,93,63,93,62,92
247,92,246,93,245,93,244,93,243,93,242,94,241,94,240,95,239,96,238,97,237,98,236,98,235,99,234,99,233,100,232,100,231,100,230,101,229,101,228,102,227,103,227,104,227,105,228,106,229,107,230,107,231,108,232,109,233,109,234,109,235,109,236,110,237,110,238,110,239,111,240,111,241,112,242,112,243,112,244,113,245,113,246,113,247,114,248,113,249,113,250,113,251,113,252,113,253,114,254,114,254,113,254,112,254,111,254,110,254,109,254,108,254,107,254,106,254,105,254,104,254,103,255,102,255,101,255,100,255,99,255,98,255,97,255,96,255,95,254,94,254,93,255,92,254,92,253,92,252,92,251,92,250,92,249,92,248,92
164,93,163,94,162,94,161,94,160,94,159,94,158,95,157,95,156,95,155,95,154,95,153,95,152,95,151,96,150,97,149,98,149,99,148,100,147,101,148,102,149,103,150,104,150,105,151,106,152,107,152,108,153,109,154,110,154,111,155,112,155,113,156,114,156,115,157,116,157,117,158,118,159,118,160,118,161,117,162,116,163,115,164,114,165,114,166,113,167,112,168,112,169,111,170,111,171,111,172,110,172,109,173,108,173,107,173,106,173,105,173,104,173,103,173,102,172,101,172,100,173,99,172,98,172,97,171,96,171,95,171,94,170,93,169,93,168,93,167,93,166,93,165,93
208,97,207,98,206,99,205,100,204,101,203,102,202,102,201,103,201,104,202,105,203,106,203,107,203,108,204,109,204,110,204,111,205,111,206,112,206,113,207,113,208,114,209,114,210,115,211,115,212,116,213,116,214,116,215,116,216,116,217,116,218,116,219,116,220,115,221,115,222,114,222,113,223,112,224,111,225,110,226,109,227,108,227,107,227,106,226,105,226,104,226,103,226,102,225,101,224,100,223,100,222,99,222,98,221,98,220,98,219,98,218,98,217,98,216,98,215,98,214,98,213,98,212,97,211,97,210,97,209,97
175,98,174,99,173,100,173,101,174,102,174,103,174,104,174,105,174,106,174,107,174,108,173,109,174,110,173,111,174,112,175,112,176,113,177,114,178,115,179,114,180,114,181,114,182,113,183,113,184,112,185,112,186,111,187,111,188,111,188,110,188,109,189,108,189,107,189,106,189,105,190,104,189,104,188,103,187,103,186,102,185,102,184,101,183,100,182,100,181,100,180,99,179,99,178,99,177,98,176,98
137,101,137,102,136,103,135,104,134,105,133,106,132,106,133,107,133,108,133,109,133,110,133,111,133,112,133,113,133,114,134,115,134,116,134,117,134,118,134,119,134,120,135,121,135,122,135,123,135,124,135,125,136,126,137,126,138,127,139,127,140,127,141,127,142,127,143,127,144,127,145,127,146,127,147,126,148,126,149,125,150,124,151,123,152,122,153,121,154,120,155,119,156,118,157,118,156,117,156,116,155,115,155,114,154,113,154,112,153,111,153,110,152,109,151,108,151,107,150,106,149,105,149,104,148,103,147,102,146,101,145,101,144,101,143,101,142,101,141,101,140,101,139,101,138,101
1,102,1,103,1,104,1,105,0,106,0,107,0,108,0,109,0,110,0,111,0,112,0,113,0,114,0,115,1,116,1,117,1,118,1,119,1,120,1,121,1,122,2,122,3,122,4,122,5,122,6,123,7,123,8,122,9,122,10,121,11,121,12,120,13,120,14,119,14,118,14,117,14,116,14,115,14,114,15,113,15,112,15,111,15,110,16,109,16,108,17,107,16,106,15,105,14,104,14,103,13,103,12,103,11,103,10,103,9,103,8,103,7,103,6,103,5,103,4,103,3,103,2,103
27,103,26,104,25,104,24,105,23,105,22,106,21,106,20,107,19,107,18,107,17,108,17,109,16,110,16,111,16,112,16,113,15,114,15,115,15,116,15,117,15,118,15,119,16,120,17,120,18,120,19,121,20,121,21,121,22,122,23,122,24,123,25,123,26,124,27,123,28,122,29,121,30,120,31,120,32,119,33,118,34,117,35,116,36,115,37,115,38,114,37,113,37,112,37,111,37,110,37,109,36,108,35,107,34,107,33,106,32,105,31,105,30,104,29,104,28,103
48,103,47,104,46,104,45,105,44,105,43,106,42,106,41,107,40,108,39,108,38,109,38,110,38,111,38,112,38,113,39,114,40,115,41,116,42,116,43,117,44,118,45,119,46,120,47,121,48,122,49,123,50,124,50,125,51,126,52,126,53,126,54,126,55,126,56,126,57,126,58,126,59,126,60,126,61,126,62,126,63,126,64,126,65,126,66,125,67,125,67,124,67,123,67,122,67,121,67,120,67,119,67,118,67,117,67,116,67,115,67,114,67,113,66,113,65,112,64,111,63,111,62,110,61,110,60,109,59,109,58,108,57,108,56,107,55,107,54,106,53,106,52,105,51,105,50,104,49,104
88,103,87,104,86,104,85,104,84,104,83,104,82,105,81,105,80,105,79,105,78,105,77,105,76,105,75,105,74,105,74,106,73,107,73,108,73,109,72,110,72,111,73,112,74,113,75,114,75,115,76,116,77,117,78,118,78,119,79,120,80,121,80,122,80,123,81,124,81,125,82,125,83,126,84,126,85,126,86,126,87,126,88,126,89,126,90,126,91,126,92,126,93,126,94,125,95,125,96,125,97,125,97,124,97,123,96,122,96,121,96,120,96,119,96,118,96,117,96,116,96,115,96,114,96,113,96,112,96,111,97,110,96,109,95,108,94,107,93,107,92,106,91,105,90,104,90,103,89,103
195,103,194,104,193,104,192,104,191,104,190,105,190,106,190,107,190,108,189,109,189,110,189,111,190,112,190,113,191,114,192,115,193,116,194,117,195,116,196,117,197,116,198,115,199,115,200,114,201,113,202,113,203,112,204,112,203,111,203,110,203,109,202,108,202,107,202,106,201,105,200,104,199,103,198,103,197,103,196,103
121,106,120,107,119,108,118,109,117,110,116,110,115,111,114,112,114,113,114,114,114,115,114,116,114,117,114,118,114,119,114,120,114,121,114,122,114,123,114,124,114,125,114,126,115,127,116,127,117,127,118,127,119,127,120,127,121,127,122,127,123,127,124,127,125,127,126,127,127,127,128,126,129,126,130,126,131,126,132,126,133,126,134,126,135,127,135,126,134,125,134,124,134,123,134,122,134,121,133,120,133,119,133,118,133,117,133,116,133,115,132,114,132,113,132,112,132,111,132,110,132,109,132,108,132,107,131,107,130,106,129,106,128,106,127,106,126,106,125,106,124,106,123,106,122,106
227,109,226,110,225,111,224,112,223,113,223,114,222,115,222,116,223,117,223,118,223,119,224,120,225,121,226,122,227,123,228,124,229,125,230,125,231,125,232,125,233,124,234,123,235,123,236,122,237,121,238,121,239,120,240,120,241,119,242,119,243,119,244,118,245,118,246,117,246,116,246,115,245,115,244,114,243,114,242,114,241,114,240,114,239,113,238,113,237,112,236,112,235,111,234,111,233,110,232,110,231,109,230,109,229,109,228,109
98,110,97,111,97,112,97,113,97,114,97,115,97,116,97,117,97,118,97,119,97,120,97,121,97,122,98,123,98,124,98,125,98,126,99,126,100,126,101,126,102,126,103,126,104,126,105,126,106,126,107,126,108,126,109,126,110,126,111,126,112,126,113,126,113,125,113,124,113,123,113,122,113,121,113,120,113,119,113,118,113,117,113,116,113,115,112,114,112,113,112,112,111,111,110,111,109,111,108,111,107,110,106,110,105,110,104,110,103,110,102,110,101,110,100,110,99,110
172,111,171,112,170,112,169,112,168,113,167,113,166,114,165,115,164,115,163,116,162,117,161,118,161,119,161,120,162,121,163,122,164,123,164,124,165,125,166,126,166,127,167,127,168,127,169,127,170,126,171,126,172,126,173,126,174,126,175,126,176,126,177,126,178,126,179,125,179,124,179,123,179,122,179,121,179,120,179,119,179,118,179,117,178,116,177,115,176,114,175,113,174,113,173,112
69,112,68,113,68,114,68,115,68,116,68,117,68,118,68,119,68,120,68,121,68,122,68,123,68,124,69,124,70,124,71,124,72,124,73,124,74,124,75,124,76,124,77,124,78,124,79,124,80,124,79,123,79,122,79,121,78,120,77,119,77,118,76,117,75,116,74,115,74,114,73,113,72,112,71,112,70,112
186,112,185,113,184,113,183,114,182,114,181,115,180,116,180,117,180,118,180,119,180,120,180,121,180,122,180,123,180,124,180,125,179,126,179,127,179,128,180,129,180,130,180,131,181,132,181,133,181,134,181,135,181,136,181,137,180,138,181,139,181,140,182,141,183,141,184,142,185,142,186,143,187,143,188,142,189,142,190,141,191,140,192,139,193,138,194,138,194,137,194,136,194,135,194,134,193,133,193,132,193,131,194,130,194,129,194,128,194,127,194,126,194,125,194,124,194,123,194,122,194,121,194,120,194,119,194,118,193,117,192,116,191,115,190,114,189,113,189,112,188,112,187,112
203,113,202,114,201,114,200,115,199,116,198,116,197,117,196,118,195,118,195,119,195,120,195,121,195,122,195,123,195,124,195,125,195,126,195,127,196,127,197,126,198,126,199,126,200,126,201,126,202,126,203,126,204,126,205,126,206,126,207,126,208,126,209,126,210,125,210,124,211,123,211,122,211,121,211,120,212,119,212,118,212,117,211,116,210,116,209,115,208,115,207,114,206,114,205,113,204,113
248,114,247,115,247,116,247,117,247,118,247,119,248,120,248,121,249,122,249,123,249,124,250,125,250,126,250,127,249,128,249,129,249,130,249,131,249,132,248,133,248,134,247,135,246,136,247,137,247,138,247,139,247,140,247,141,248,142,248,143,249,144,249,145,249,146,250,147,250,148,250,149,250,150,250,151,251,151,252,151,253,152,254,152,255,152,255,151,255,150,255,149,255,148,255,147,255,146,255,145,255,144,255,143,255,142,255,141,255,140,255,139,255,138,255,137,255,136,255,135,255,134,255,133,255,132,255,131,255,130,255,129,255,128,255,127,255,126,255,125,255,124,255,123,255,122,255,121,255,120,255,119,255,118,255,117,255,116,254,115,253,115,252,114,251,114,250,114,249,114
38,115,37,116,36,116,35,117,34,118,33,119,32,120,31,121,30,121,29,122,28,123,27,124,26,125,26,126,26,127,26,128,26,129,26,130,26,131,27,132,28,132,29,133,30,134,31,134,32,135,33,136,34,137,35,138,36,138,37,139,38,140,39,140,40,140,41,139,42,138,43,137,44,136,45,135,46,134,47,133,48,132,48,131,49,130,50,129,50,128,51,127,50,126,49,125,49,124,48,123,47,122,46,121,45,120,44,119,43,118,42,117,41,117,40,116,39,115
214,117,213,118,213,119,212,120,212,121,212,122,212,123,211,124,211,125,210,126,210,127,210,128,211,129,211,130,212,131,212,132,213,133,213,134,213,135,213,136,214,137,215,138,216,138,217,138,218,138,219,138,220,138,221,138,222,137,222,136,223,135,224,134,225,133,226,132,227,131,228,130,229,129,230,128,230,127,230,126,229,126,228,125,227,124,226,123,225,122,224,121,223,120,222,119,222,118,221,117,220,117,219,117,218,117,217,117,216,117,215,117
246,118,245,119,244,119,243,120,242,120,241,120,240,121,239,121,238,122,237,122,236,123,235,124,234,124,233,125,232,126,231,127,231,128,231,129,232,130,233,130,234,131,235,132,236,132,237,133,238,133,239,134,240,134,241,134,242,135,243,135,244,135,245,135,246,135,247,134,247,133,248,132,248,131,248,130,248,129,248,128,249,127,249,126,249,125,248,124,248,123,248,122,247,121,247,120,246,119
156,119,155,120,154,121,153,122,152,123,151,124,150,125,149,126,149,127,149,128,150,129,151,130,152,131,153,132,154,132,155,133,156,134,157,134,158,135,159,135,160,135,160,134,161,133,162,132,163,131,164,130,164,129,165,128,165,127,165,126,164,125,163,124,163,123,162,122,161,121,160,120,160,119,159,119,158,119,157,119
14,120,13,121,12,121,11,122,10,122,9,123,8,123,7,124,7,125,7,126,7,127,7,128,7,129,7,130,7,131,8,132,9,133,10,133,11,133,12,134,13,134,14,134,15,134,16,134,17,134,18,134,19,134,20,133,21,133,22,132,23,132,24,131,25,131,25,130,25,129,25,128,25,127,25,126,25,125,25,124,24,124,23,123,22,123,21,122,20,122,19,122,18,121,17,121,16,121,15,120
68,125,67,126,66,126,66,127,66,128,67,129,67,130,67,131,67,132,67,133,67,134,67,135,68,136,68,137,68,138,68,139,68,140,68,141,68,142,68,143,68,144,68,145,69,145,70,145,70,144,71,143,72,142,73,141,74,140,75,139,76,138,77,137,78,136,79,135,80,134,81,133,82,132,82,131,83,130,83,129,83,128,83,127,82,126,81,126,80,125,79,125,78,125,77,125,76,125,75,125,74,125,73,125,72,125,71,125,70,125,69,125
94,126,93,127,92,127,91,127,90,127,89,127,88,127,87,127,86,127,85,127,84,127,84,128,84,129,84,130,83,131,83,132,82,133,81,134,80,135,79,136,78,137,77,138,76,139,75,140,74,141,73,142,72,143,71,144,71,145,70,146,71,147,72,148,73,149,73,150,74,150,75,150,76,150,77,150,78,150,79,150,80,150,81,150,82,150,83,151,84,151,85,151,86,151,87,151,88,151,89,151,90,151,91,150,92,149,93,148,94,147,95,147,95,146,96,145,96,144,96,143,96,142,96,141,96,140,97,139,97,138,97,137,97,136,97,135,97,134,97,133,98,132,98,131,98,130,98,129,99,128,99,127,98,127,97,126,96,126,95,126
52,127,51,128,51,129,50,130,49,131,49,132,48,133,47,134,46,135,45,136,44,137,43,138,42,139,41,140,40,141,39,141,39,142,39,143,38,144,38,145,38,146,39,147,40,147,41,148,42,149,43,149,44,150,45,151,46,151,47,152,48,152,49,152,50,151,51,150,52,150,53,149,54,149,55,148,56,147,57,147,58,146,59,146,60,146,61,145,62,145,63,145,64,145,65,144,66,144,67,145,67,144,67,143,67,142,67,141,67,140,67,139,67,138,67,137,67,136,66,135,66,134,66,133,66,132,66,131,66,130,66,129,65,128,65,127,64,127,63,127,62,127,61,127,60,127,59,127,58,127,57,127,56,127,55,127,54,127,53,127
100,127,100,128,99,129,99,130,99,131,99,132,98,133,98,134,98,135,98,136,98,137,98,138,98,139,97,140,97,141,97,142,97,143,97,144,98,145,99,145,100,145,101,145,102,145,103,145,104,145,105,145,106,145,107,145,108,145,109,144,110,144,111,144,112,144,113,143,113,142,113,141,114,140,114,139,114,138,114,137,114,136,114,135,114,134,114,133,114,132,114,131,114,130,115,129,115,128,114,127,113,127,112,127,111,127,110,127,109,127,108,127,107,127,106,127,105,127,104,127,103,127,102,127,101,127
128,127,127,128,126,128,125,128,124,128,123,128,122,128,121,128,120,128,119,128,118,128,117,128,116,128,116,129,115,130,115,131,115,132,115,133,115,134,115,135,115,136,115,137,115,138,115,139,115,140,114,141,114,142,114,143,115,144,116,145,117,146,118,147,119,148,120,149,121,149,122,150,123,150,124,149,125,149,126,149,127,149,128,149,129,149,130,149,131,148,131,147,131,146,131,145,132,144,132,143,132,142,132,141,133,140,133,139,133,138,134,137,134,136,134,135,135,134,135,133,135,132,135,131,135,130,135,129,135,128,134,127,133,127,132,127,131,127,130,127,129,127
170,127,169,128,168,128,167,128,166,128,165,129,165,130,164,131,163,132,162,133,161,134,161,135,161,136,161,137,162,138,162,139,163,140,164,140,165,141,166,141,167,142,168,142,169,143,170,143,171,143,172,144,173,143,174,143,175,142,176,141,177,141,178,140,179,139,179,138,180,137,180,136,180,135,180,134,180,133,180,132,179,131,179,130,179,129,178,128,178,127,177,127,176,127,175,127,174,127,173,127,172,127,171,127
197,127,196,128,195,128,195,129,195,130,194,131,194,132,194,133,195,134,195,135,195,136,196,137,197,138,198,139,199,140,200,141,201,141,202,141,203,141,204,141,205,142,206,141,207,141,208,141,209,140,210,140,211,139,212,139,213,138,213,137,212,136,212,135,212,134,212,133,211,132,211,131,210,130,210,129,209,128,209,127,208,127,207,127,206,127,205,127,204,127,203,127,202,127,201,127,200,127,199,127,198,127
136,128,136,129,136,130,136,131,136,132,136,133,136,134,135,135,135,136,135,137,134,138,134,139,134,140,133,141,133,142,133,143,133,144,132,145,132,146,132,147,132,148,132,149,133,150,134,151,135,152,136,153,137,154,138,154,139,154,140,154,141,154,142,154,143,154,144,154,145,153,146,153,147,152,148,152,148,151,149,150,150,149,150,148,151,147,152,146,153,145,153,144,154,143,155,142,155,141,156,140,157,139,157,138,157,137,158,136,157,135,156,135,155,134,154,133,153,133,152,132,151,131,150,130,149,129,148,128,147,128,146,128,145,128,144,128,143,128,142,128,141,128,140,128,139,128,138,128,137,128
230,129,229,130,228,131,227,132,226,133,225,134,224,135,223,136,223,137,222,138,222,139,222,140,223,141,223,142,224,143,224,144,225,145,226,146,227,147,228,147,229,147,230,147,231,146,232,146,233,146,234,145,235,145,236,144,237,144,238,144,239,143,240,143,241,143,242,142,243,142,244,142,245,141,246,141,246,140,246,139,246,138,246,137,245,136,244,136,243,136,242,136,241,135,240,135,239,135,238,134,237,134,236,133,235,133,234,132,233,131,232,131,231,130
24,132,23,133,22,133,21,134,20,134,19,135,18,135,17,135,16,136,15,137,15,138,15,139,15,140,16,141,16,142,16,143,16,144,17,145,17,146,17,147,17,148,17,149,17,150,17,151,16,152,16,153,16,154,17,155,18,156,19,157,20,157,21,158,22,158,23,157,24,157,24,156,25,155,26,154,27,153,28,152,29,151,30,151,31,150,32,149,33,149,34,148,35,148,36,147,37,146,37,145,37,144,38,143,38,142,37,141,36,140,36,139,35,139,34,138,33,137,32,136,31,135,30,135,29,134,28,133,27,133,26,132,25,132
6,133,5,134,4,134,3,134,2,134,1,134,1,135,0,136,0,137,0,138,0,139,0,140,0,141,0,142,0,143,0,144,0,145,0,146,0,147,0,148,0,149,0,150,0,151,0,152,0,153,1,153,2,153,3,153,4,153,5,153,6,153,7,153,8,153,9,153,10,153,11,153,12,153,13,153,14,153,15,153,15,152,16,151,16,150,16,149,16,148,16,147,16,146,16,145,15,144,15,143,15,142,15,141,14,140,14,139,14,138,14,137,13,136,13,135,12,135,11,134,10,134,9,134,8,133,7,133
158,139,157,140,156,141,156,142,155,143,154,144,154,145,153,146,152,147,151,148,151,149,150,150,149,151,149,152,148,153,148,154,148,155,148,156,149,157,150,158,150,159,151,160,152,161,153,161,154,161,155,161,156,161,157,161,158,161,159,161,160,161,161,161,162,160,163,160,164,160,165,159,166,159,167,158,168,158,169,158,170,158,171,157,172,156,173,155,173,154,173,153,174,152,174,151,174,150,174,149,173,148,173,147,173,146,172,145,171,144,170,144,169,144,168,143,167,143,166,142,165,142,164,141,163,141,162,140,161,140,160,139,159,139
193,139,192,140,191,141,190,142,189,143,190,144,189,145,190,146,190,147,190,148,190,149,191,150,191,151,192,151,193,151,194,151,195,151,196,152,197,152,198,152,199,152,200,151,201,150,201,149,202,148,202,147,202,146,203,145,203,144,202,143,201,142,200,142,199,141,198,140,197,139,196,139,195,139,194,139
213,139,212,140,211,140,210,141,209,141,208,142,207,142,206,143,205,143,204,144,204,145,203,146,203,147,203,148,202,149,202,150,201,151,202,152,202,153,203,154,204,155,205,156,206,157,207,157,208,157,209,158,210,158,211,158,212,158,213,158,214,158,215,158,216,158,217,158,218,158,219,158,220,158,221,157,222,157,223,156,224,155,225,154,226,154,226,153,226,152,226,151,226,150,226,149,227,148,226,147,225,146,224,145,223,144,223,143,222,142,222,141,221,140,220,139,219,139,218,139,217,139,216,139,215,139,214,139
178,141,177,142,176,142,175,143,174,144,173,144,173,145,174,146,174,147,174,148,175,149,175,150,175,151,175,152,174,153,174,154,174,155,173,156,173,157,174,158,175,157,176,156,177,156,178,156,179,156,180,156,181,155,182,155,183,155,184,154,185,154,186,153,187,153,188,152,189,151,190,151,190,150,189,149,189,148,189,147,189,146,188,145,187,144,186,144,185,143,184,143,183,142,182,142,181,141,180,141,179,141
245,142,244,143,243,143,242,143,241,144,240,144,239,144,238,145,237,145,236,145,235,146,234,146,233,147,232,147,231,147,230,148,229,148,228,149,227,149,227,150,227,151,227,152,227,153,228,154,229,154,230,154,231,154,232,155,233,155,234,155,235,155,236,155,237,156,238,156,239,156,240,157,241,157,242,156,243,155,244,154,245,154,246,153,247,152,248,151,249,151,249,150,249,149,249,148,249,147,248,146,248,145,248,144,247,143,247,142,246,142
113,144,112,145,111,145,110,145,109,145,108,146,107,146,106,146,105,146,104,147,103,147,102,147,101,147,100,147,99,147,98,147,97,147,96,147,95,148,94,148,93,149,92,150,91,151,91,152,91,153,91,154,92,155,92,156,92,157,93,158,93,159,93,160,94,161,94,162,95,163,95,164,96,165,97,165,98,165,99,165,100,165,101,165,102,165,103,165,104,165,105,165,106,165,107,165,108,165,109,165,110,165,111,165,112,165,113,164,114,163,114,162,115,161,115,160,116,159,116,158,117,157,118,156,118,155,119,154,119,153,120,152,121,151,121,150,120,150,119,149,118,148,117,147,116,146,115,145,114,144
65,145,64,146,63,146,62,146,61,146,60,147,59,147,58,147,57,148,56,148,55,149,54,150,53,150,52,151,51,151,50,152,49,153,48,153,48,154,49,155,49,156,50,156,51,156,52,157,53,157,54,157,55,158,56,158,57,159,58,159,59,160,60,161,61,162,62,162,63,161,63,160,64,159,65,158,66,157,67,156,68,155,69,154,70,153,71,152,72,151,72,150,72,149,71,148,70,147,69,146,68,146,67,146,66,145
37,147,36,148,35,149,34,149,33,150,32,150,31,151,30,152,29,152,28,153,27,154,26,155,25,156,25,157,24,158,24,159,24,160,24,161,24,162,24,163,24,164,25,165,25,166,25,167,25,168,26,168,27,168,28,168,29,168,30,168,31,168,32,168,33,168,34,168,35,168,36,168,37,168,38,168,39,167,40,166,40,165,41,164,42,163,43,162,44,161,44,160,45,159,46,158,47,157,48,156,48,155,47,154,47,153,46,152,45,152,44,151,43,150,42,150,41,149,40,148,39,148,38,148
131,149,130,150,129,150,128,150,127,150,126,150,125,150,124,150,123,151,122,151,121,152,120,153,120,154,119,155,119,156,118,157,117,158,117,159,116,160,116,161,115,162,115,163,114,164,114,165,114,166,114,167,115,168,115,169,116,170,117,171,117,172,118,173,119,174,120,175,121,174,122,174,123,173,124,173,125,173,126,172,127,172,128,171,129,171,130,170,131,170,132,169,133,169,134,168,134,167,134,166,134,165,134,164,134,163,134,162,135,161,135,160,135,159,135,158,135,157,136,156,136,155,136,154,135,153,134,152,133,151,132,150
73,151,72,152,71,153,70,154,69,155,68,156,67,157,66,158,65,159,64,160,64,161,63,162,64,163,65,164,66,165,67,165,68,166,69,167,70,168,71,169,72,170,73,170,74,171,75,172,76,173,76,174,77,175,78,176,79,177,80,178,80,179,81,180,81,181,82,181,83,181,84,180,85,180,86,180,87,180,88,179,89,178,89,177,89,176,90,175,90,174,91,173,92,172,92,171,93,170,93,169,94,168,95,167,95,166,95,165,94,164,94,163,93,162,93,161,92,160,92,159,92,158,91,157,91,156,91,155,90,154,89,153,89,152,88,152,87,152,86,152,85,152,84,152,83,152,82,151,81,151,80,151,79,151,78,151,77,151,76,151,75,151,74,151
189,152,188,153,187,154,186,154,185,155,184,155,183,156,182,156,181,156,180,157,179,158,178,158,177,159,176,159,175,160,175,161,175,162,175,163,175,164,175,165,176,166,176,167,177,168,178,169,178,170,179,171,179,172,180,172,181,172,182,172,183,172,184,172,185,171,186,170,187,169,187,168,188,167,189,166,190,165,191,164,191,163,192,162,192,161,193,160,194,159,194,158,195,157,196,156,196,155,197,154,197,153,196,153,195,152,194,152,193,152,192,152,191,152,190,152
200,152,199,153,198,153,198,154,197,155,197,156,196,157,195,158,195,159,194,160,193,161,193,162,192,163,192,164,191,165,190,166,189,167,188,168,188,169,187,170,186,171,185,172,186,173,186,174,187,175,188,176,189,176,190,176,191,176,192,175,193,175,194,174,195,173,196,173,197,172,198,172,199,171,200,171,201,170,202,170,203,169,204,169,204,168,205,167,205,166,205,165,205,164,206,163,206,162,206,161,207,160,207,159,207,158,206,158,205,157,204,156,203,155,202,154,201,153
248,152,247,153,246,154,245,155,244,155,243,156,242,157,242,158,242,159,242,160,242,161,242,162,242,163,241,164,241,165,240,166,240,167,239,168,240,169,241,169,242,169,243,169,244,170,245,170,246,170,247,170,248,170,249,170,250,170,251,170,252,170,253,170,254,170,255,170,255,169,255,168,255,167,255,166,255,165,255,164,255,163,255,162,255,161,255,160,255,159,255,158,255,157,255,156,255,155,254,154,254,153,253,153,252,152,251,152,250,152,249,152
1,154,0,155,0,156,0,157,0,158,0,159,0,160,0,161,0,162,0,163,0,164,0,165,0,166,0,167,1,168,2,168,3,169,4,169,5,170,6,171,7,172,8,173,9,174,9,175,10,175,11,175,12,175,13,175,14,175,15,175,16,175,17,175,18,175,19,175,20,174,21,173,22,172,23,171,23,170,24,169,24,168,24,167,24,166,24,165,23,164,23,163,23,162,23,161,22,160,21,159,20,158,19,158,18,157,17,156,16,155,15,154,14,154,13,154,12,154,11,154,10,154,9,154,8,154,7,154,6,154,5,154,4,154,3,154,2,154
137,155,137,156,136,157,136,158,136,159,136,160,136,161,135,162,135,163,135,164,135,165,135,166,135,167,135,168,135,169,136,170,137,171,138,172,139,172,140,173,141,173,142,173,143,173,144,172,145,171,146,171,146,170,147,169,147,168,148,167,149,166,149,165,150,164,150,163,150,162,150,161,150,160,149,159,148,158,147,157,146,156,145,155,144,155,143,155,142,155,141,155,140,155,139,155,138,155
225,155,224,156,223,157,223,158,223,159,222,160,223,161,223,162,224,163,224,164,224,165,225,166,225,167,226,168,226,169,226,170,227,171,228,171,229,171,230,170,231,170,232,170,233,169,234,169,235,169,236,168,237,168,238,168,239,167,239,166,240,165,240,164,241,163,241,162,241,161,241,160,241,159,241,158,240,158,239,157,238,157,237,157,236,156,235,156,234,156,233,156,232,156,231,155,230,155,229,155,228,155,227,155,226,155
48,157,47,158,46,159,45,160,45,161,44,162,43,163,42,164,41,165,41,166,40,167,39,168,38,169,39,170,40,170,41,171,42,172,43,173,44,173,45,174,46,173,47,173,48,173,49,172,50,172,51,172,52,171,53,171,54,171,55,170,56,170,57,170,58,169,59,168,60,167,60,166,60,165,61,164,61,163,60,162,59,161,58,160,57,160,56,159,55,159,54,158,53,158,52,158,51,157,50,157,49,157
209,159,209,160,208,161,207,161,207,162,207,163,206,164,206,165,206,166,206,167,205,168,205,169,206,170,207,171,208,172,209,173,210,174,211,175,212,176,213,175,214,175,215,175,216,175,217,176,218,176,219,175,220,175,221,174,222,174,223,173,224,173,225,172,226,171,225,170,225,169,225,168,224,167,224,166,223,165,223,164,223,163,222,162,222,161,221,160,221,159,220,159,219,159,218,159,217,159,216,159,215,159,214,159,213,159,212,159,211,159,210,159
153,162,152,163,151,163,151,164,150,165,150,166,149,167,148,168,148,169,147,170,147,171,147,172,147,173,148,174,149,174,150,175,151,176,152,176,153,177,154,177,155,178,156,178,157,177,158,177,159,177,160,176,160,175,161,174,161,173,161,172,161,171,162,170,162,169,162,168,162,167,162,166,162,165,162,164,162,163,162,162,161,162,160,162,159,162,158,162,157,162,156,162,155,162,154,162
62,163,62,164,61,165,61,166,61,167,60,168,59,169,59,170,60,171,60,172,60,173,61,174,61,175,61,176,61,177,61,178,61,179,62,180,63,181,64,181,65,182,66,183,67,184,68,185,69,186,70,186,71,187,72,187,73,187,74,186,75,186,76,185,77,185,78,184,79,184,80,183,81,182,80,181,80,180,79,179,79,178,78,177,77,176,76,175,75,174,75,173,74,172,73,171,72,171,71,170,70,169,69,168,68,167,67,166,66,166,65,165,64,164,63,163
167,163,166,164,165,164,164,165,163,165,163,166,163,167,163,168,163,169,163,170,162,171,162,172,162,173,162,174,161,175,161,176,162,176,163,176,164,176,165,176,166,176,167,176,168,177,169,177,170,177,171,177,172,178,173,178,174,178,175,177,176,176,177,175,178,174,179,173,178,172,178,171,177,170,177,169,176,168,175,167,175,166,174,165,173,164,172,164,171,163,170,163,169,163,168,163
96,166,96,167,95,168,94,169,94,170,93,171,93,172,92,173,91,174,91,175,90,176,90,177,91,177,92,177,93,177,94,177,95,177,96,177,97,177,98,177,99,177,100,178,101,178,102,179,103,179,104,180,105,181,106,181,107,181,108,181,109,181,110,180,111,180,112,179,113,179,114,178,115,178,116,178,117,178,118,178,119,178,119,177,119,176,119,175,118,174,117,173,116,172,116,171,115,170,114,169,114,168,113,167,112,166,111,166,110,166,109,166,108,166,107,166,106,166,105,166,104,166,103,166,102,166,101,166,100,166,99,166,98,166,97,166
37,169,36,170,35,170,34,170,33,170,32,170,31,170,30,170,29,170,28,170,27,170,26,170,25,170,24,171,23,172,22,173,21,174,21,175,21,176,21,177,21,178,21,179,21,180,21,181,22,182,22,183,22,184,22,185,22,186,22,187,22,188,23,189,23,190,24,191,25,192,26,193,27,193,28,193,29,193,30,193,31,194,32,194,33,194,34,194,35,194,36,195,37,195,38,195,39,195,40,196,41,196,42,195,42,194,42,193,42,192,43,191,43,190,43,189,44,188,44,187,44,186,44,185,44,184,45,183,45,182,45,181,45,180,45,179,45,178,45,177,44,176,44,175,44,174,43,174,42,173,41,172,40,171,39,171,38,170
134,169,133,170,132,170,131,171,130,171,129,172,128,172,127,173,126,173,125,174,124,174,123,174,122,175,121,175,120,176,120,177,120,178,120,179,121,180,122,180,123,180,124,180,125,180,126,180,127,180,128,180,129,180,130,180,131,180,132,180,133,179,134,179,135,179,136,179,137,179,137,178,138,177,139,176,139,175,140,174,139,173,138,173,137,172,136,171,135,170
236,169,235,170,234,170,233,170,232,171,231,171,230,171,229,172,230,173,230,174,231,175,231,176,232,177,232,178,233,179,234,179,235,179,236,179,237,179,238,180,239,180,240,180,241,181,242,181,243,180,244,180,245,179,246,179,247,179,248,178,249,178,250,178,251,177,252,177,253,177,254,177,255,176,255,175,255,174,255,173,255,172,255,171,254,171,253,171,252,171,251,171,250,171,249,171,248,171,247,171,246,171,245,171,244,171,243,170,242,170,241,170,240,170,239,169,238,169,237,169
58,170,57,171,56,171,55,171,54,172,53,172,52,172,51,173,50,173,49,173,48,174,47,174,46,174,45,175,45,176,46,177,46,178,46,179,46,180,46,181,46,182,46,183,45,184,45,185,45,186,45,187,45,188,44,189,44,190,44,191,43,192,43,193,43,194,43,195,42,196,42,197,43,197,44,197,45,198,46,198,47,198,48,198,49,199,50,199,51,200,52,199,53,198,54,198,55,197,56,196,57,195,58,194,58,193,58,192,58,191,57,190,57,189,57,188,58,187,58,186,58,185,58,184,59,183,59,182,60,181,60,180,60,179,60,178,60,177,60,176,60,175,60,174,59,173,59,172,59,171
203,170,202,171,201,171,200,172,199,172,198,173,197,173,196,174,195,174,194,175,193,176,192,176,191,177,191,178,191,179,191,180,192,181,192,182,192,183,193,184,193,185,193,186,194,186,195,186,196,186,197,186,198,186,199,186,200,186,201,186,202,186,203,186,204,186,205,185,206,184,207,183,207,182,208,181,209,180,209,179,210,178,211,177,211,176,210,175,209,174,208,173,207,172,206,171,205,170,204,170
226,172,225,173,224,174,223,174,222,175,221,175,220,176,219,176,219,177,219,178,219,179,219,180,219,181,219,182,219,183,219,184,219,185,219,186,219,187,219,188,219,189,219,190,219,191,219,192,219,193,220,193,221,193,222,193,223,192,224,192,225,192,226,192,226,191,226,190,226,189,226,188,227,187,227,186,227,185,228,184,228,183,229,182,230,181,231,180,232,179,231,178,231,177,230,176,230,175,229,174,229,173,228,172,227,172
144,173,143,174,142,174,141,174,140,175,140,176,139,177,138,178,138,179,137,180,137,181,137,182,138,183,138,184,138,185,139,186,140,187,140,188,141,189,142,189,143,188,144,188,145,188,146,188,147,188,148,188,149,188,150,188,151,188,152,187,153,187,154,187,155,187,155,186,155,185,155,184,155,183,155,182,155,181,155,180,155,179,154,178,153,178,152,177,151,177,150,176,149,175,148,175,147,175,146,174,145,174
180,173,179,174,178,175,177,176,176,177,175,178,174,179,174,180,174,181,174,182,174,183,174,184,173,185,173,186,173,187,173,188,172,189,173,190,174,191,175,192,176,193,177,194,178,195,179,196,180,196,181,196,182,196,183,196,184,195,185,195,186,195,187,194,188,193,189,192,189,191,190,190,191,189,191,188,192,187,192,186,192,185,192,184,191,183,191,182,191,181,190,180,190,179,189,178,189,177,188,177,187,176,186,175,185,174,184,174,183,173,182,173,181,173
10,176,9,177,8,177,7,178,6,178,5,179,4,179,3,180,2,180,1,181,0,182,0,183,0,184,0,185,0,186,0,187,0,188,0,189,0,190,0,191,0,192,0,193,0,194,0,195,0,196,0,197,1,198,2,198,3,198,4,198,5,198,6,198,7,198,8,198,9,198,10,197,11,197,12,196,13,196,14,195,15,194,16,194,17,193,18,192,19,192,20,191,21,190,22,190,22,189,21,188,21,187,21,186,21,185,21,184,21,183,21,182,20,181,20,180,20,179,20,178,19,177,19,176,18,176,17,176,16,176,15,176,14,176,13,176,12,176,11,176
213,176,212,177,211,178,210,179,210,180,209,181,208,182,208,183,207,184,206,185,205,186,206,187,206,188,206,189,206,190,206,191,207,192,208,193,208,194,209,194,210,194,211,194,212,194,213,194,214,194,215,194,216,194,217,194,218,193,218,192,218,191,218,190,218,189,218,188,218,187,218,186,218,185,218,184,218,183,218,182,218,181,218,180,218,179,218,178,218,177,217,177,216,176,215,176,214,176
160,177,159,178,158,178,157,178,156,179,156,180,156,181,156,182,156,183,156,184,156,185,156,186,156,187,157,188,158,188,159,189,160,190,161,190,162,191,163,192,164,192,165,192,166,192,167,191,168,191,169,190,170,190,171,190,171,189,172,188,172,187,172,186,172,185,173,184,173,183,173,182,173,181,173,180,173,179,172,179,171,178,170,178,169,178,168,178,167,177,166,177,165,177,164,177,163,177,162,177,161,177
90,178,89,179,88,180,87,181,87,182,87,183,87,184,87,185,87,186,88,187,88,188,89,189,90,190,90,191,91,192,92,191,93,191,94,190,95,190,96,190,97,189,98,189,99,188,100,187,101,187,102,186,103,185,104,185,105,184,106,184,106,183,107,182,106,182,105,182,104,181,103,180,102,180,101,179,100,179,99,178,98,178,97,178,96,178,95,178,94,178,93,178,92,178,91,178
251,178,250,179,249,179,248,179,247,180,246,180,245,180,244,181,243,181,242,182,241,183,241,184,241,185,241,186,241,187,241,188,241,189,241,190,241,191,242,192,243,193,243,194,244,194,245,195,246,195,247,196,248,196,249,197,250,198,251,198,252,198,253,197,254,197,255,196,255,195,255,194,255,193,255,192,255,191,255,190,255,189,255,188,255,187,255,186,255,185,255,184,255,183,255,182,255,181,255,180,255,179,254,178,253,178,252,178
114,179,113,180,112,180,111,181,110,181,109,182,108,182,107,183,107,184,108,185,109,186,109,187,110,188,110,189,110,190,110,191,110,192,110,193,111,194,111,195,111,196,111,197,111,198,111,199,111,200,111,201,112,201,113,202,114,203,115,203,116,203,117,203,118,202,119,202,120,202,121,201,122,201,123,201,124,200,125,200,126,200,127,200,128,200,129,200,130,199,131,199,131,198,130,198,129,197,128,196,127,195,126,194,125,193,124,192,124,191,123,190,123,189,122,188,122,187,122,186,121,185,121,184,121,183,121,182,121,181,120,180,119,179,118,179,117,179,116,179,115,179
133,180,132,181,131,181,130,181,129,181,128,181,127,181,126,181,125,181,124,181,123,181,122,181,122,182,122,183,122,184,122,185,123,186,123,187,123,188,124,189,124,190,125,191,125,192,126,193,127,194,128,195,129,196,130,197,131,197,132,197,133,196,134,195,135,195,136,194,136,193,137,192,138,191,139,190,140,189,139,188,139,187,138,186,137,185,137,184,137,183,136,182,136,181,136,180,135,180,134,180
232,180,231,181,230,182,229,183,229,184,228,185,228,186,228,187,227,188,227,189,227,190,227,191,227,192,228,192,229,193,230,194,231,194,232,195,233,195,234,195,235,194,236,194,237,193,238,193,239,192,240,192,240,191,240,190,240,189,240,188,240,187,240,186,240,185,240,184,240,183,241,182,240,181,239,181,238,181,237,180,236,180,235,180,234,180,233,180
84,181,83,182,82,182,81,183,80,184,79,185,78,185,77,186,76,186,75,187,74,187,73,188,72,188,71,189,70,190,69,191,69,192,68,193,68,194,68,195,68,196,68,197,68,198,68,199,68,200,68,201,68,202,69,202,70,202,71,203,72,203,73,203,74,204,75,204,76,204,77,203,78,203,79,202,80,202,81,201,82,201,83,200,84,199,85,198,86,197,87,196,88,196,89,195,90,195,90,194,90,193,89,192,89,191,89,190,88,189,87,188,87,187,86,186,85,185,85,184,86,183,86,182,86,181,85,181
105,185,104,186,103,186,102,187,101,188,100,188,99,189,98,190,97,190,96,191,95,191,94,191,93,192,92,192,91,193,91,194,91,195,91,196,92,197,93,198,93,199,94,200,94,201,95,201,96,202,97,202,98,202,99,202,100,202,101,202,102,202,103,202,104,202,105,202,106,201,107,201,108,201,109,201,110,201,110,200,110,199,110,198,110,197,110,196,110,195,110,194,109,193,109,192,109,191,109,190,109,189,109,188,108,187,108,186,107,185,106,185
193,187,192,188,192,189,191,190,190,191,190,192,190,193,189,194,189,195,189,196,190,197,190,198,191,199,192,200,193,200,194,201,195,201,196,201,197,202,198,202,199,201,200,201,201,201,202,200,203,200,204,199,204,198,205,197,206,196,206,195,206,194,206,193,206,192,205,191,204,190,204,189,203,188,202,187,201,187,200,187,199,187,198,187,197,187,196,187,195,187,194,187
152,188,151,189,150,189,149,189,148,189,147,189,146,189,145,189,144,189,143,189,142,190,141,190,140,190,139,191,138,192,137,193,137,194,136,195,135,196,134,196,133,197,134,198,134,199,134,200,134,201,135,202,135,203,136,204,136,205,137,206,138,207,138,208,139,209,140,208,141,208,142,208,143,208,144,208,145,207,146,207,147,207,148,206,149,205,150,204,151,203,152,202,153,201,154,200,155,199,156,199,157,198,158,198,159,197,160,197,161,196,162,195,162,194,163,193,162,192,161,191,160,191,159,190,158,189,157,189,156,188,155,188,154,188,153,188
172,190,171,191,170,191,169,191,168,192,167,192,166,193,165,193,164,193,163,194,163,195,162,196,162,197,163,198,164,199,164,200,165,201,165,202,166,203,166,204,167,203,168,203,169,203,170,203,171,203,172,203,173,203,174,204,174,203,175,202,176,201,177,200,177,199,177,198,178,197,178,196,177,195,176,194,175,193,174,192,173,191
21,191,20,192,19,193,18,193,17,194,16,195,15,195,14,196,13,197,12,197,11,198,10,198,9,199,9,200,9,201,9,202,9,203,9,204,9,205,9,206,9,207,9,208,9,209,10,210,10,211,11,211,12,211,13,212,14,212,15,212,16,212,17,212,18,212,19,213,19,212,19,211,20,210,20,209,20,208,21,207,21,206,21,205,22,204,22,203,23,202,23,201,23,200,24,199,24,198,24,197,24,196,25,195,25,194,25,193,24,192,23,191,22,191
68,192,67,193,66,193,65,193,64,194,63,194,62,194,61,194,60,194,59,194,58,195,57,196,56,197,55,198,54,199,53,199,52,200,52,201,52,202,52,203,52,204,52,205,52,206,52,207,52,208,52,209,52,210,53,211,53,212,53,213,53,214,53,215,53,216,54,217,55,216,56,215,57,214,57,213,58,212,59,211,59,210,60,209,60,208,61,207,62,206,63,205,64,204,65,203,66,203,67,202,67,201,67,200,67,199,67,198,67,197,67,196,67,195,67,194,67,193
223,193,222,194,221,194,220,194,219,194,218,194,217,195,217,196,217,197,217,198,217,199,218,200,218,201,218,202,217,203,217,204,217,205,216,206,216,207,216,208,215,209,216,210,216,211,217,211,218,211,219,211,220,211,221,211,222,211,223,211,224,211,225,211,226,211,227,211,228,211,229,210,230,210,231,210,232,210,233,210,234,210,235,211,236,211,237,210,237,209,236,208,236,207,235,206,235,205,235,204,234,203,234,202,234,201,233,200,233,199,233,198,233,197,232,196,231,195,230,195,229,194,228,193,227,193,226,193,225,193,224,193
239,193,238,194,237,194,236,195,235,195,234,196,234,197,234,198,234,199,234,200,235,201,235,202,235,203,236,204,236,205,236,206,237,207,237,208,238,209,238,210,239,211,240,211,241,212,242,212,243,212,244,212,245,212,246,211,247,211,248,210,249,209,249,208,249,207,249,206,249,205,250,204,250,203,250,202,250,201,250,200,250,199,249,198,248,197,247,197,246,196,245,196,244,195,243,195,242,194,241,193,240,193
26,194,26,195,25,196,25,197,25,198,25,199,24,200,24,201,24,202,23,203,23,204,22,205,22,206,22,207,21,208,21,209,21,210,20,211,20,212,20,213,20,214,20,215,20,216,21,217,21,218,22,219,23,219,24,219,25,219,26,219,27,219,28,219,29,219,30,219,30,218,31,217,32,216,32,215,33,214,33,213,34,212,35,211,35,210,36,209,37,208,37,207,38,206,38,205,39,204,39,203,40,202,40,201,41,200,41,199,42,198,41,197,40,197,39,196,38,196,37,196,36,196,35,195,34,195,33,195,32,195,31,195,30,194,29,194,28,194,27,194
207,195,207,196,206,197,205,198,205,199,204,200,204,201,204,202,205,203,205,204,206,205,206,206,207,207,208,208,209,209,210,209,211,210,212,210,213,210,214,210,214,209,215,208,215,207,215,206,216,205,216,204,216,203,216,202,216,201,216,200,216,199,216,198,216,197,216,196,216,195,215,195,214,195,213,195,212,195,211,195,210,195,209,195,208,195
89,196,88,197,87,197,86,198,85,199,84,200,83,201,84,202,85,203,86,203,87,204,88,204,89,205,90,205,91,204,92,203,93,203,94,202,93,201,93,200,92,199,92,198,91,197,90,196
161,197,160,198,159,198,158,199,157,199,156,200,155,200,154,201,153,202,152,203,151,204,150,205,149,206,148,207,148,208,149,209,150,210,151,211,152,212,153,213,154,214,154,215,155,214,156,214,157,213,158,212,159,212,160,211,161,210,162,209,163,208,164,207,164,206,165,205,165,204,165,203,164,202,164,201,163,200,163,199,162,198
185,197,184,198,183,198,182,199,181,199,180,199,179,200,178,199,178,200,177,201,176,202,175,203,175,204,176,205,176,206,176,207,176,208,176,209,177,210,177,211,178,212,178,213,179,214,179,215,180,215,181,215,182,215,183,215,184,215,185,215,186,215,187,215,188,215,189,215,190,215,191,215,192,215,193,215,194,214,194,213,195,212,196,211,197,210,197,209,196,208,196,207,196,206,196,205,195,204,194,203,194,202,193,201,192,201,191,200,190,199,189,198,188,198,187,197,186,197
43,198,42,199,42,200,41,201,41,202,40,203,40,204,39,205,39,206,38,207,38,208,37,209,36,210,36,211,35,212,34,213,34,214,33,215,33,216,32,217,31,218,31,219,30,220,31,221,32,222,33,223,34,224,34,225,35,226,36,227,37,228,38,229,39,230,40,229,41,229,42,228,43,228,44,228,45,227,46,227,47,226,48,225,49,225,50,224,51,223,52,223,52,222,52,221,52,220,52,219,52,218,53,217,52,216,52,215,52,214,52,213,52,212,52,211,51,210,51,209,51,208,51,207,51,206,51,205,51,204,51,203,51,202,51,201,50,200,49,200,48,199,47,199,46,199,45,199,44,198
130,200,129,201,128,201,127,201,126,201,125,201,124,201,123,202,122,202,121,202,120,203,119,203,118,203,117,204,116,204,115,204,115,205,115,206,114,207,114,208,114,209,114,210,114,211,113,212,113,213,113,214,112,215,112,216,113,217,114,218,115,219,116,219,117,220,118,221,119,221,120,221,121,220,122,220,123,220,124,220,125,220,126,220,127,220,128,220,129,220,130,220,131,219,132,219,133,219,134,219,135,219,136,219,137,219,137,218,137,217,138,216,138,215,138,214,138,213,138,212,138,211,138,210,138,209,137,208,137,207,136,206,135,205,135,204,134,203,134,202,133,201,132,200,131,200
81,202,80,203,79,203,78,204,77,204,76,205,76,206,76,207,77,208,77,209,78,210,79,211,79,212,80,213,80,214,81,215,82,216,83,216,84,215,85,215,86,215,87,215,88,215,89,214,89,213,89,212,89,211,89,210,89,209,89,208,90,207,90,206,89,206,88,205,87,205,86,204,85,204,84,203,83,202,82,202
95,202,94,203,93,204,92,204,91,205,91,206,91,207,90,208,90,209,90,210,90,211,90,212,90,213,90,214,90,215,91,215,92,216,93,217,94,218,95,219,96,220,97,220,98,221,99,222,100,222,101,222,102,222,103,221,104,220,105,220,106,219,107,219,108,218,109,218,110,217,111,216,111,215,112,214,112,213,112,212,113,211,113,210,113,209,113,208,113,207,114,206,114,205,114,204,113,203,112,202,111,202,110,202,109,202,108,202,107,202,106,202,105,203,104,203,103,203,102,203,101,203,100,203,99,203,98,203,97,203,96,203
67,203,66,204,65,204,64,205,63,206,62,207,61,208,61,209,60,210,60,211,59,212,58,213,58,214,57,215,56,216,55,217,56,218,56,219,57,220,58,220,59,220,60,220,61,220,62,220,63,220,64,220,65,220,66,220,67,220,68,220,69,220,70,220,71,220,72,220,73,221,74,221,75,221,76,221,77,221,78,220,79,219,80,218,81,217,81,216,80,215,79,214,79,213,78,212,78,211,77,210,76,209,76,208,75,207,75,206,75,205,74,205,73,204,72,204,71,204,70,203,69,203,68,203
167,204,166,205,165,206,165,207,164,208,163,209,162,210,161,211,160,212,159,213,158,213,157,214,156,215,155,215,154,216,154,217,154,218,154,219,153,220,154,220,155,221,156,222,157,222,158,223,159,222,160,222,161,222,162,222,163,221,164,221,165,221,166,221,167,221,168,221,169,221,170,221,171,221,172,221,173,221,174,221,175,221,175,220,176,219,177,218,178,217,178,216,178,215,178,214,177,213,177,212,176,211,176,210,175,209,175,208,175,207,175,206,174,205,173,204,172,204,171,204,170,204,169,204,168,204
145,208,144,209,143,209,142,209,141,209,140,209,139,210,139,211,139,212,139,213,139,214,139,215,139,216,138,217,138,218,138,219,139,220,140,221,141,221,142,221,143,221,144,221,145,220,146,220,147,220,148,220,149,220,150,220,151,220,152,220,153,219,153,218,153,217,153,216,153,215,153,214,152,213,151,212,150,211,149,210,148,209,147,208,146,208
249,210,248,211,247,212,246,212,245,213,244,214,244,215,244,216,243,217,243,218,243,219,243,220,243,221,243,222,243,223,243,224,244,225,244,226,245,226,246,226,247,226,248,226,249,226,250,226,251,226,252,226,253,226,254,226,255,226,255,225,255,224,255,223,255,222,255,221,255,220,255,219,255,218,255,217,255,216,255,215,255,214,255,213,255,212,254,211,254,210,253,210,252,211,251,211,250,211
197,211,196,212,195,213,195,214,194,215,194,216,194,217,194,218,195,219,195,220,196,221,196,222,196,223,197,224,198,225,198,226,199,227,200,227,201,226,202,225,203,224,204,223,205,222,206,221,207,220,208,219,209,218,210,217,211,216,212,215,213,215,214,215,215,214,215,213,216,212,215,212,214,211,213,211,212,211,211,211,210,211,209,211,208,211,207,211,206,211,205,211,204,211,203,211,202,211,201,211,200,211,199,211,198,211
229,211,228,212,227,212,226,212,225,212,224,212,223,212,222,212,221,212,220,212,219,212,218,213,217,212,216,213,216,214,215,215,215,216,216,216,217,217,217,218,217,219,218,220,218,221,219,222,220,223,220,224,221,225,222,226,223,227,224,228,225,229,226,228,227,229,228,229,229,229,230,229,231,229,232,228,233,228,234,228,235,227,236,227,237,227,238,226,239,226,240,226,241,225,242,225,242,224,242,223,242,222,242,221,242,220,242,219,242,218,242,217,242,216,242,215,242,214,242,213,241,213,240,212,239,212,238,211,237,211,236,212,235,212,234,211,233,211,232,211,231,211,230,211
10,212,9,213,8,213,7,214,6,215,6,216,5,217,4,218,3,219,2,219,1,220,1,221,1,222,1,223,1,224,1,225,2,226,3,227,4,228,5,228,6,229,7,229,8,229,9,229,10,229,11,229,12,229,13,229,14,228,15,228,16,228,17,227,18,226,18,225,19,224,19,223,20,222,21,221,21,220,21,219,20,218,20,217,19,216,19,215,19,214,18,213,17,213,16,213,15,213,14,213,13,213,12,212,11,212
89,215,88,216,87,216,86,216,85,216,84,216,83,217,82,217,81,218,80,219,79,220,78,221,78,222,77,223,77,224,77,225,78,226,78,227,78,228,78,229,79,230,79,231,79,232,80,233,81,233,82,233,83,233,84,234,85,234,86,234,87,234,88,235,89,235,90,235,91,235,92,235,93,235,94,235,95,236,96,236,97,236,97,235,98,234,99,234,100,233,100,232,100,231,100,230,100,229,100,228,100,227,100,226,100,225,99,224,99,223,98,222,97,221,96,221,95,220,94,219,93,218,92,217,91,216,90,216
179,216,179,217,178,218,177,219,176,220,176,221,175,222,175,223,175,224,175,225,176,226,176,227,176,228,176,229,177,230,178,231,179,231,180,231,181,231,182,231,183,231,184,231,185,231,186,231,187,231,188,230,189,230,190,230,191,230,192,230,193,230,194,230,195,230,196,229,197,229,198,229,199,229,199,228,198,227,197,226,197,225,196,224,195,223,195,222,194,221,194,220,193,219,193,218,192,217,192,216,191,216,190,216,189,216,188,216,187,216,186,216,185,216,184,216,183,216,182,216,181,216,180,216
212,216,211,217,210,218,209,219,208,220,207,221,206,222,205,223,204,224,203,225,202,226,201,227,201,228,201,229,200,230,201,231,202,232,203,233,204,234,204,235,205,236,206,237,207,238,208,239,209,239,210,239,211,239,212,239,213,239,214,239,215,238,216,238,217,237,218,237,219,237,220,236,221,235,222,234,222,233,223,232,223,231,223,230,222,229,222,228,221,227,221,226,220,225,219,224,219,223,218,222,217,221,217,220,216,219,216,218,215,217,214,216,213,216
110,218,109,219,108,219,107,220,106,220,105,221,104,221,103,222,102,223,101,223,101,224,101,225,101,226,101,227,101,228,101,229,101,230,101,231,101,232,101,233,102,234,103,235,104,235,105,236,106,236,107,236,108,236,109,236,110,236,111,236,112,236,113,237,114,237,115,237,116,237,117,237,118,237,119,236,120,235,121,234,122,233,122,232,122,231,122,230,121,229,120,228,120,227,119,226,119,225,119,224,118,223,117,222,116,221,116,220,115,220,114,219,113,219,112,219,111,218
22,220,22,221,21,222,20,223,20,224,19,225,19,226,18,227,17,228,18,229,19,230,20,231,21,232,22,233,23,234,24,235,25,236,25,237,26,238,27,239,27,240,28,239,29,239,30,238,31,238,32,238,33,237,34,237,35,236,36,236,37,235,38,235,38,234,38,233,38,232,38,231,38,230,37,229,36,228,35,227,34,226,33,225,33,224,32,223,31,222,30,222,29,221,29,220,28,220,27,220,26,220,25,220,24,220,23,220
131,220,130,221,129,221,128,221,127,221,126,221,125,221,124,221,123,221,122,221,121,221,120,222,120,223,120,224,120,225,120,226,121,227,121,228,122,229,123,230,123,231,124,231,125,231,126,231,127,231,128,231,129,231,130,232,131,232,132,232,133,232,134,232,135,232,136,232,137,232,138,232,138,231,139,230,139,229,139,228,139,227,140,226,140,225,139,224,139,223,139,222,139,221,138,220,137,220,136,220,135,220,134,220,133,220,132,220
57,221,56,222,55,223,54,223,53,223,52,224,51,224,50,225,49,226,48,226,47,227,46,228,45,228,44,229,43,229,42,229,41,230,40,230,39,231,39,232,39,233,39,234,39,235,40,235,41,235,42,236,43,237,44,238,45,239,46,240,47,241,48,242,49,242,50,242,51,242,52,242,53,242,54,242,55,242,56,243,57,243,57,242,58,241,59,240,60,240,61,239,62,238,62,237,62,236,62,235,62,234,62,233,62,232,61,231,61,230,61,229,61,228,61,227,60,226,60,225,60,224,60,223,60,222,59,221,58,221
60,221,61,222,61,223,61,224,61,225,61,226,62,227,62,228,62,229,62,230,62,231,63,232,63,233,63,234,63,235,63,236,63,237,63,238,64,238,65,238,66,238,67,238,68,238,69,239,70,239,71,238,72,238,72,237,73,236,74,235,75,235,76,234,77,233,78,233,78,232,78,231,78,230,77,229,77,228,77,227,77,226,76,225,76,224,76,223,75,222,74,222,73,222,72,221,71,221,70,221,69,221,68,221,67,221,66,221,65,221,64,221,63,221,62,221,61,221
145,221,144,222,143,222,142,223,141,224,141,225,141,226,140,227,140,228,140,229,140,230,139,231,139,232,139,233,139,234,139,235,140,236,140,237,141,238,142,239,143,240,144,241,145,241,146,241,147,242,148,241,149,241,150,240,151,240,152,239,153,239,154,238,155,238,156,237,156,236,156,235,156,234,157,233,157,232,157,231,157,230,157,229,156,228,156,227,156,226,155,225,155,224,154,223,153,222,152,221,151,221,150,221,149,221,148,221,147,221,146,221
163,222,162,223,161,223,160,223,159,224,158,225,158,226,159,227,159,228,159,229,159,230,159,231,160,232,161,232,162,232,163,232,164,232,165,232,166,232,167,231,168,231,169,231,170,231,171,231,172,230,173,230,174,229,175,229,175,228,175,227,175,226,174,225,174,224,174,223,174,222,173,222,172,222,171,222,170,222,169,222,168,222,167,222,166,222,165,222,164,222
241,226,240,227,239,227,238,227,237,228,236,228,235,228,234,229,233,229,232,229,231,230,230,231,229,231,228,232,227,232,226,232,225,232,225,233,225,234,225,235,225,236,225,237,225,238,225,239,226,240,226,241,226,242,226,243,226,244,227,244,228,245,229,245,230,246,231,247,232,247,233,248,234,249,235,250,235,251,236,251,237,251,238,252,239,252,240,252,241,251,242,251,243,250,244,250,245,249,246,249,247,248,248,248,247,247,247,246,246,245,246,244,246,243,245,242,245,241,245,240,245,239,244,238,244,237,244,236,244,235,244,234,244,233,244,232,244,231,244,230,244,229,244,228,244,227,243,226,242,226
246,227,246,228,245,229,245,230,245,231,245,232,245,233,245,234,245,235,245,236,245,237,245,238,246,239,246,240,246,241,246,242,247,243,247,244,247,245,248,246,248,247,249,247,250,247,251,247,252,247,253,246,254,246,255,246,255,245,255,244,255,243,255,242,255,241,255,240,255,239,255,238,255,237,255,236,255,235,255,234,255,233,255,232,255,231,255,230,255,229,255,228,255,227,254,227,253,227,252,227,251,227,250,227,249,227,248,227,247,227
174,230,173,231,172,231,171,232,170,232,169,232,168,232,167,232,166,233,165,233,164,233,163,233,162,233,161,233,160,233,159,234,159,235,158,236,158,237,158,238,158,239,159,240,160,241,161,242,162,243,163,244,164,244,165,245,166,244,167,244,168,244,169,244,170,244,171,244,172,243,173,243,174,243,175,243,176,243,176,242,177,241,178,240,179,239,180,239,180,238,180,237,179,236,179,235,179,234,179,233,179,232,178,232,177,231,176,230,175,230
196,230,195,231,194,231,193,231,192,231,191,231,190,231,189,231,188,231,187,232,186,232,185,232,184,232,183,232,182,232,181,232,180,232,180,233,180,234,180,235,180,236,181,237,181,238,181,239,182,239,183,239,184,239,185,240,186,240,187,240,188,241,189,241,190,241,191,242,192,242,193,243,194,244,195,244,196,244,197,244,198,245,199,245,200,245,201,244,202,244,203,243,204,243,205,242,206,241,207,240,207,239,206,238,205,237,204,236,203,235,203,234,202,233,201,232,200,231,199,230,198,230,197,230
123,232,123,233,122,234,121,235,120,236,119,237,119,238,120,239,120,240,120,241,120,242,120,243,120,244,120,245,120,246,120,247,120,248,119,249,118,250,117,250,116,251,115,251,115,252,115,253,115,254,115,255,116,255,117,255,118,255,119,255,120,255,121,255,122,255,123,255,124,255,124,254,125,253,126,253,127,252,128,251,129,251,130,250,131,250,132,250,133,250,134,250,135,251,136,252,137,253,137,254,138,255,139,255,140,255,141,255,142,255,143,255,143,254,143,253,143,252,143,251,143,250,143,249,143,248,143,247,144,246,144,245,144,244,144,243,144,242,143,241,142,240,141,239,140,238,139,237,139,236,138,235,138,234,137,233,136,233,135,233,134,233,133,233,132,233,131,233,130,233,129,232,128,232,127,232,126,232,125,232,124,232
224,232,223,233,223,234,222,235,221,236,220,237,219,238,218,238,217,238,216,239,215,239,214,240,213,241,212,241,211,241,210,241,209,240,208,240,208,241,208,242,209,243,209,244,210,245,210,246,211,247,211,248,211,249,212,250,212,251,213,252,213,253,214,254,215,254,216,254,216,253,216,252,217,251,217,250,218,249,219,248,220,248,221,247,222,247,223,246,224,246,225,245,225,244,225,243,225,242,225,241,225,240,224,239,224,238,224,237,224,236,224,235,224,234,224,233
79,233,78,234,77,234,76,235,75,236,74,236,73,237,73,238,72,239,72,240,72,241,73,242,73,243,73,244,74,245,74,246,75,247,75,248,76,249,77,250,77,251,78,251,79,251,80,250,81,250,82,250,83,250,84,250,85,250,86,250,87,251,88,251,89,251,90,250,91,250,92,249,92,248,93,247,94,246,95,245,96,244,97,243,98,242,98,241,98,240,97,239,96,238,95,237,94,236,93,236,92,236,91,236,90,236,89,236,88,236,87,235,86,235,85,235,84,235,83,234,82,234,81,234,80,234
100,234,99,235,98,235,98,236,97,237,98,238,98,239,99,240,99,241,99,242,100,242,101,243,102,243,103,244,104,245,105,245,106,246,107,247,108,247,109,248,110,248,111,249,112,249,113,249,114,250,115,250,116,250,117,249,118,249,119,248,119,247,119,246,119,245,119,244,119,243,119,242,119,241,119,240,119,239,118,238,117,238,116,238,115,238,114,238,113,238,112,237,111,237,110,237,109,237,108,237,107,237,106,237,105,237,104,236,103,236,102,235,101,234
37,236,36,237,35,237,34,238,33,238,32,239,31,239,30,239,29,240,28,240,27,241,26,242,25,243,25,244,25,245,25,246,25,247,25,248,25,249,25,250,25,251,25,252,25,253,25,254,26,255,27,255,28,255,29,255,30,255,31,255,32,255,33,255,34,255,35,255,36,255,37,255,38,255,39,255,40,255,41,255,42,254,43,253,44,252,44,251,44,250,45,249,45,248,46,247,46,246,47,245,47,244,47,243,47,242,46,241,45,240,44,239,43,238,42,237,41,236,40,236,39,236,38,236
62,239,61,240,60,241,59,241,58,242,58,243,58,244,58,245,58,246,58,247,59,248,59,249,59,250,59,251,59,252,60,253,60,254,61,255,62,255,63,255,64,255,65,255,66,255,67,255,68,255,69,255,70,255,71,255,72,255,73,255,74,255,75,255,76,254,77,253,77,252,76,251,75,250,75,249,74,248,74,247,73,246,73,245,72,244,72,243,72,242,71,241,70,240,69,240,68,239,67,239,66,239,65,239,64,239,63,239
154,239,153,240,152,240,151,241,150,241,149,242,149,243,148,244,147,245,146,246,145,247,145,248,144,249,144,250,144,251,144,252,144,253,145,254,146,255,147,255,148,255,149,255,150,255,151,255,152,255,153,255,154,255,155,255,156,255,157,255,158,255,159,255,160,255,161,254,162,253,162,252,162,251,162,250,162,249,162,248,163,247,162,246,162,245,162,244,161,243,160,242,159,241,158,240,157,240,156,239,155,239
179,240,178,241,177,242,177,243,176,244,177,245,177,246,178,247,178,248,179,249,179,250,180,251,181,252,181,253,181,254,182,254,183,255,184,255,185,255,186,255,187,255,188,255,189,255,190,255,191,255,192,255,193,255,194,255,195,255,195,254,196,253,196,252,195,251,195,250,195,249,195,248,195,247,195,246,194,245,193,244,192,244,191,244,190,243,189,242,188,242,187,242,186,242,185,241,184,240,183,240,182,240,181,240,180,240
207,241,206,242,205,243,204,244,203,244,202,245,201,245,201,246,200,247,199,248,199,249,198,250,198,251,198,252,198,253,199,254,199,255,200,255,201,255,202,255,203,255,204,255,205,255,206,255,207,255,208,255,209,255,210,255,211,254,212,254,213,254,212,253,212,252,211,251,211,250,210,249,210,248,210,247,209,246,209,245,208,244,208,243,207,242
49,243,48,244,48,245,47,246,47,247,46,248,46,249,45,250,45,251,45,252,44,253,45,254,45,255,46,255,47,255,48,255,49,255,50,255,51,255,52,255,53,255,54,255,55,255,56,255,57,255,58,254,58,253,58,252,58,251,58,250,58,249,58,248,57,247,56,246,56,245,57,244,56,244,55,243,54,243,53,243,52,243,51,243,50,243
98,243,97,244,96,245,95,246,94,247,93,248,93,249,92,250,91,251,91,252,91,253,92,254,93,255,94,255,95,255,96,255,97,255,98,255,99,255,100,255,101,255,102,255,103,255,104,255,105,255,106,255,107,255,108,255,109,255,110,255,111,255,112,255,113,255,114,255,114,254,114,253,114,252,114,251,113,251,112,251,111,250,110,249,109,249,108,248,107,248,106,248,105,247,105,246,104,246,103,245,102,244,101,244,100,243,99,243
172,244,171,245,170,245,169,245,168,245,167,245,166,245,165,246,164,247,163,248,163,249,163,250,163,251,163,252,163,253,162,254,163,255,164,255,165,255,166,255,167,255,168,255,169,255,170,255,171,255,172,255,173,255,174,255,175,255,176,255,177,255,178,255,179,255,180,254,180,253,179,252,179,251,178,250,178,249,177,248,177,247,176,246,176,245,175,244,174,244,173,244
223,247,222,248,221,248,220,249,219,249,218,250,218,251,217,252,218,253,219,254,220,255,221,255,222,255,223,255,224,255,225,255,226,255,227,255,228,255,229,255,230,255,231,255,232,255,233,255,234,255,235,255,236,254,236,253,235,252,234,251,233,250,232,250,231,249,230,249,229,248,228,248,227,247,226,247,225,247,224,247
