0,0,0,1,0,2,0,3,0,4,0,5,0,6,0,7,0,8,0,9,0,10,0,11,0,12,0,13,0,14,0,15,1,15,2,15,3,14,4,14,5,13,6,13,7,12,8,11,9,10,10,9,11,9,12,8,12,7,12,6,12,5,11,4,11,3,11,2,11,1,11,0,10,0,9,0,8,0,7,0,6,0,5,0,4,0,3,0,2,0,1,0
12,0,12,1,12,2,12,3,12,4,13,5,13,6,13,7,14,7,15,7,16,7,17,7,18,8,19,8,20,8,21,9,22,9,23,8,24,8,25,7,26,6,27,5,26,4,26,3,26,2,26,1,26,0,25,0,24,0,23,0,22,0,21,0,20,0,19,0,18,0,17,0,16,0,15,0,14,0,13,0
27,0,27,1,27,2,27,3,27,4,28,5,29,5,30,6,31,6,32,6,33,7,34,7,35,8,36,8,37,8,38,8,39,7,40,6,41,5,42,5,42,4,42,3,42,2,42,1,42,0,41,0,40,0,39,0,38,0,37,0,36,0,35,0,34,0,33,0,32,0,31,0,30,0,29,0,28,0
43,0,43,1,43,2,43,3,43,4,44,5,45,6,46,6,47,7,48,7,49,8,50,8,51,8,52,9,53,8,54,7,54,6,54,5,54,4,54,3,55,2,55,1,55,0,54,0,53,0,52,0,51,0,50,0,49,0,48,0,47,0,46,0,45,0,44,0
56,0,56,1,56,2,55,3,55,4,55,5,55,6,55,7,54,8,55,8,56,8,57,8,58,9,59,9,60,9,61,10,62,10,63,11,64,11,65,10,66,10,67,9,68,8,68,7,69,6,69,5,69,4,70,3,70,2,69,1,68,1,67,0,66,0,65,0,64,0,63,0,62,0,61,0,60,0,59,0,58,0,57,0
78,0,77,1,76,1,75,2,74,2,73,2,72,2,72,3,73,4,73,5,72,6,73,7,73,8,73,9,73,10,74,11,74,12,75,13,75,14,76,15,77,16,78,16,79,16,80,16,81,16,82,15,83,15,84,15,85,14,86,14,87,13,88,13,89,12,90,12,91,12,91,11,91,10,91,9,92,8,92,7,91,6,91,5,90,4,90,3,90,2,89,1,88,0,87,0,86,0,85,0,84,0,83,0,82,0,81,0,80,0,79,0
99,0,98,1,98,2,98,3,98,4,99,5,100,5,101,6,102,7,103,7,104,7,105,7,106,7,107,8,108,8,109,9,110,9,111,10,112,11,113,11,114,12,115,12,116,12,117,11,118,11,119,11,120,11,121,11,122,11,123,11,124,11,125,11,126,11,127,11,128,11,129,11,130,11,131,11,132,11,133,11,134,11,135,11,136,11,137,11,138,12,138,11,137,10,137,9,137,8,137,7,137,6,136,5,136,4,136,3,136,2,136,1,136,0,135,0,134,0,133,0,132,0,131,0,130,0,129,0,128,0,127,0,126,0,125,0,124,0,123,0,122,0,121,0,120,0,119,0,118,0,117,0,116,0,115,0,114,0,113,0,112,0,111,0,110,0,109,0,108,0,107,0,106,0,105,0,104,0,103,0,102,0,101,0,100,0
137,0,137,1,137,2,137,3,137,4,137,5,138,6,138,7,138,8,138,9,138,10,139,11,139,12,140,13,141,14,142,13,143,13,144,13,145,13,146,13,147,12,148,12,149,11,150,11,151,10,152,9,153,8,153,7,154,6,154,5,154,4,154,3,154,2,154,1,154,0,153,0,152,0,151,0,150,0,149,0,148,0,147,0,146,0,145,0,144,0,143,0,142,0,141,0,140,0,139,0,138,0
176,0,175,1,175,2,175,3,174,4,174,5,174,6,175,7,175,8,176,9,176,10,177,11,178,12,179,13,179,14,180,14,181,15,182,15,183,15,184,14,185,13,186,12,187,11,187,10,188,9,188,8,188,7,188,6,188,5,188,4,187,3,187,2,187,1,187,0,186,0,185,0,184,0,183,0,182,0,181,0,180,0,179,0,178,0,177,0
188,0,188,1,188,2,188,3,189,4,189,5,190,6,191,6,192,6,193,6,194,6,195,6,196,6,197,6,198,6,199,7,200,7,201,7,202,8,203,8,204,8,205,9,206,10,207,10,208,11,209,12,210,11,211,11,212,10,213,10,214,9,215,9,216,9,217,8,218,8,219,8,220,8,221,8,222,8,223,8,224,8,224,7,225,6,225,5,225,4,226,3,226,2,226,1,226,0,225,0,224,0,223,0,222,0,221,0,220,0,219,0,218,0,217,0,216,0,215,0,214,0,213,0,212,0,211,0,210,0,209,0,208,0,207,0,206,0,205,0,204,0,203,0,202,0,201,0,200,0,199,0,198,0,197,0,196,0,195,0,194,0,193,0,192,0,191,0,190,0,189,0
227,0,227,1,227,2,227,3,226,4,226,5,226,6,225,7,225,8,225,9,225,10,225,11,226,12,226,13,227,14,227,15,228,16,228,17,229,18,229,19,230,20,230,21,230,22,231,23,231,24,231,25,232,26,232,27,233,27,234,28,235,28,236,29,237,29,238,30,239,30,240,29,241,28,242,27,243,27,244,26,245,25,246,25,247,24,248,23,249,23,248,22,248,21,248,20,248,19,248,18,248,17,247,16,247,15,247,14,247,13,247,12,247,11,247,10,247,9,247,8,247,7,247,6,248,5,248,4,248,3,249,2,249,1,249,0,248,0,247,0,246,0,245,0,244,0,243,0,242,0,241,0,240,0,239,0,238,0,237,0,236,0,235,0,234,0,233,0,232,0,231,0,230,0,229,0,228,0
250,0,250,1,250,2,249,3,249,4,249,5,248,6,248,7,248,8,248,9,248,10,248,11,248,12,248,13,248,14,248,15,248,16,249,17,249,18,249,19,249,20,249,21,249,22,250,23,251,23,252,22,253,23,254,24,255,23,255,22,255,21,255,20,255,19,255,18,255,17,255,16,255,15,255,14,255,13,255,12,255,11,255,10,255,9,255,8,255,7,255,6,255,5,255,4,255,3,255,2,255,1,254,0,253,0,252,0,251,0
160,1,159,2,158,3,157,4,157,5,156,6,156,7,156,8,156,9,157,10,157,11,157,12,158,13,158,14,158,15,159,16,159,17,160,18,160,19,161,20,161,21,162,22,162,23,162,24,163,25,164,26,164,27,165,28,166,29,167,30,168,30,169,30,170,30,171,30,172,30,173,29,174,29,175,29,175,28,175,27,175,26,174,25,174,24,174,23,174,22,175,21,175,20,175,19,175,18,176,17,176,16,175,15,175,14,174,13,173,12,173,11,172,10,171,9,170,8,170,7,169,6,168,5,167,4,166,3,165,2,164,1,163,1,162,1,161,1
43,5,42,6,41,6,40,7,39,8,38,9,37,10,37,11,37,12,37,13,37,14,37,15,37,16,37,17,37,18,37,19,37,20,37,21,37,22,38,22,39,23,40,24,41,23,42,23,43,22,44,21,45,21,46,20,47,20,48,19,49,18,50,18,51,17,52,16,52,15,52,14,52,13,52,12,52,11,52,10,51,9,50,9,49,9,48,8,47,8,46,7,45,7,44,6
27,6,26,7,25,8,24,9,23,9,22,10,22,11,22,12,22,13,23,14,23,15,23,16,23,17,23,18,23,19,24,20,24,21,24,22,25,23,25,24,25,25,26,25,27,24,28,24,29,24,30,24,31,24,32,23,33,23,34,23,35,22,36,22,36,21,36,20,36,19,36,18,36,17,36,16,36,15,36,14,36,13,36,12,36,11,36,10,37,9,36,9,35,9,34,8,33,8,32,7,31,7,30,7,29,6,28,6
13,8,12,9,11,10,10,10,9,11,8,12,7,13,6,14,5,14,4,15,3,15,2,16,1,16,0,16,0,17,0,18,0,19,0,20,0,21,0,22,0,23,0,24,0,25,0,26,0,27,0,28,0,29,0,30,0,31,0,32,0,33,0,34,0,35,0,36,0,37,0,38,0,39,0,40,0,41,0,42,1,42,2,42,3,42,4,42,5,42,6,42,7,41,8,41,9,41,10,41,11,40,12,40,13,40,14,39,15,39,16,39,17,38,18,37,18,36,19,35,19,34,20,33,20,32,21,31,22,30,22,29,23,28,24,27,24,26,24,25,24,24,24,23,23,22,23,21,23,20,22,19,22,18,22,17,22,16,22,15,22,14,21,13,21,12,21,11,21,10,20,9,19,9,18,9,17,8,16,8,15,8,14,8
102,8,101,9,101,10,100,11,100,12,99,13,98,14,98,15,97,16,96,17,96,18,97,19,98,20,98,21,98,22,99,23,99,24,100,25,99,26,100,25,101,24,102,24,103,24,104,23,105,23,106,23,107,23,108,22,109,21,110,20,111,19,112,18,112,17,113,16,113,15,113,14,114,13,113,12,112,12,111,11,110,10,109,10,108,9,107,9,106,8,105,8,104,8,103,8
217,9,216,10,215,10,214,10,213,11,212,11,211,12,210,12,209,13,208,14,208,15,207,16,207,17,206,18,205,19,205,20,204,21,203,22,203,23,203,24,204,25,204,26,204,27,204,28,204,29,204,30,204,31,204,32,205,32,206,33,207,34,208,35,209,35,210,36,211,36,212,37,213,37,214,37,215,37,216,37,217,36,218,35,219,35,220,34,221,33,222,32,223,32,224,31,225,30,226,30,227,29,228,29,229,28,230,28,231,27,231,26,230,25,230,24,230,23,229,22,229,21,229,20,228,19,228,18,227,17,227,16,226,15,226,14,225,13,225,12,224,11,224,10,224,9,223,9,222,9,221,9,220,9,219,9,218,9
92,12,91,13,90,13,89,13,88,14,87,14,86,15,85,15,84,16,83,16,82,16,81,17,80,17,79,17,79,18,78,19,78,20,79,21,79,22,80,23,80,24,81,25,82,25,83,26,84,26,85,26,86,27,87,27,88,26,89,26,90,25,91,24,92,23,93,22,93,21,94,20,94,19,95,18,95,17,94,16,93,15,93,14,92,13
117,12,116,13,115,13,114,14,114,15,114,16,113,17,113,18,112,19,111,20,110,21,109,22,108,23,107,24,106,24,105,24,104,24,103,25,102,25,101,25,100,26,101,27,101,28,102,29,102,30,102,31,103,32,102,33,101,34,102,33,103,33,104,32,105,32,106,31,107,31,108,30,109,29,110,28,111,28,112,27,113,26,114,26,115,26,116,25,117,25,118,25,119,25,120,26,121,26,122,26,123,26,124,26,125,26,126,27,127,27,128,27,129,28,130,28,131,28,132,29,133,29,134,29,135,30,136,30,137,31,138,30,139,29,139,28,139,27,140,26,140,25,141,24,141,23,141,22,141,21,141,20,141,19,141,18,141,17,141,16,141,15,140,14,139,13,138,13,137,12,136,12,135,12,134,12,133,12,132,12,131,12,130,12,129,12,128,12,127,12,126,12,125,12,124,12,123,12,122,12,121,12,120,12,119,12,118,12
179,15,178,16,177,16,177,17,176,18,176,19,176,20,176,21,175,22,175,23,175,24,175,25,176,26,176,27,176,28,176,29,177,30,178,31,179,31,180,32,181,33,182,33,183,33,184,34,185,34,186,34,187,35,187,34,188,33,189,33,189,32,189,31,189,30,189,29,190,28,190,27,190,26,190,25,190,24,191,23,191,22,190,21,189,20,188,19,187,18,186,17,185,17,184,16,183,16,182,16,181,16,180,15
52,17,51,18,50,19,49,19,48,20,47,21,46,21,45,22,44,22,43,23,42,24,41,24,41,25,41,26,42,27,42,28,43,29,43,30,44,31,44,32,45,33,45,34,46,34,47,34,48,33,48,32,49,31,49,30,50,29,51,28,51,27,52,26,52,25,53,24,53,23,54,22,55,21,55,20,54,19,53,18
69,18,68,19,67,19,66,19,65,20,65,21,65,22,64,23,64,24,64,25,64,26,64,27,63,28,63,29,63,30,63,31,63,32,64,33,64,34,65,35,66,36,67,37,68,38,69,39,70,38,71,37,72,36,73,35,74,34,74,33,75,32,76,31,77,30,77,29,78,28,79,27,80,26,80,25,79,24,79,23,78,22,78,21,77,20,77,19,76,19,75,19,74,18,73,18,72,18,71,18,70,18
62,19,61,20,60,20,59,20,58,21,57,21,56,21,55,22,54,23,54,24,53,25,53,26,52,27,52,28,51,29,50,30,50,31,49,32,49,33,48,34,48,35,49,35,50,35,51,36,52,36,53,36,54,36,55,36,56,35,57,35,58,34,59,34,60,33,61,32,62,32,62,31,62,30,62,29,62,28,63,27,63,26,63,25,63,24,63,23,64,22,64,21,64,20,64,19,63,19
195,21,194,22,193,22,192,22,192,23,191,24,191,25,191,26,191,27,191,28,190,29,190,30,190,31,190,32,191,32,192,33,193,34,194,34,195,35,196,35,197,35,198,35,199,35,200,34,201,34,202,34,203,33,203,32,203,31,203,30,203,29,203,28,203,27,203,26,203,25,202,24,202,23,202,22,201,22,200,22,199,21,198,21,197,21,196,21
35,23,34,24,33,24,32,24,31,25,30,25,29,25,28,25,27,25,26,26,25,26,25,27,24,28,23,29,23,30,22,31,21,32,21,33,20,34,20,35,19,36,19,37,18,38,17,39,18,40,19,41,20,41,21,42,22,43,23,43,24,44,25,44,26,45,27,46,28,47,29,47,30,47,31,47,32,47,33,46,34,45,35,44,36,44,37,43,38,42,39,41,40,40,41,40,41,39,41,38,41,37,42,36,43,36,44,35,44,34,44,33,43,32,43,31,42,30,42,29,41,28,41,27,40,26,40,25,39,24,38,23,37,23,36,23
81,26,80,27,79,28,78,29,78,30,77,31,76,32,75,33,75,34,74,35,73,36,72,37,71,38,70,39,69,40,69,41,70,41,71,41,72,41,73,41,74,41,75,41,76,41,77,41,78,41,79,41,80,41,81,41,82,41,83,41,84,41,85,41,86,40,86,39,87,38,88,37,88,36,89,35,89,34,90,33,90,32,90,31,89,30,88,29,87,28,86,28,85,27,84,27,83,27,82,26
116,26,115,27,114,27,113,27,112,28,111,29,110,29,109,30,108,31,107,32,106,32,105,33,104,33,103,34,102,34,103,34,104,34,105,35,106,35,107,36,108,37,109,38,110,39,110,40,111,41,112,42,112,43,113,44,114,45,115,45,116,45,117,45,118,45,119,45,120,45,121,45,122,44,123,44,124,45,125,45,126,45,127,45,128,45,129,46,130,45,131,44,132,43,133,42,134,42,134,41,134,40,134,39,135,38,135,37,135,36,135,35,136,34,136,33,136,32,136,31,135,31,134,30,133,30,132,30,131,29,130,29,129,29,128,28,127,28,126,28,125,27,124,27,123,27,122,27,121,27,120,27,119,26,118,26,117,26
144,28,143,29,142,29,141,29,140,29,139,30,138,31,137,32,137,33,137,34,136,35,136,36,136,37,136,38,135,39,135,40,135,41,135,42,136,42,137,43,138,44,139,45,140,46,141,46,142,47,143,48,144,49,145,50,146,51,147,51,148,50,149,50,150,49,150,48,150,47,150,46,150,45,150,44,150,43,150,42,150,41,150,40,150,39,150,38,150,37,150,36,150,35,150,34,150,33,151,32,151,31,151,30,150,30,149,29,148,29,147,28,146,28,145,28
231,28,230,29,229,29,228,30,227,30,226,31,225,31,224,32,223,33,222,33,221,34,220,35,219,36,218,36,217,37,216,38,217,39,217,40,217,41,217,42,217,43,218,44,218,45,219,46,219,47,220,48,220,49,219,50,220,51,221,50,222,51,222,52,223,53,224,52,225,52,226,53,227,53,228,53,229,53,230,53,231,53,232,54,233,54,234,54,235,54,236,54,237,54,238,54,239,54,240,54,241,54,242,54,243,54,244,53,245,53,245,52,246,51,246,50,246,49,246,48,246,47,245,46,244,45,243,44,242,43,241,42,240,41,239,40,239,39,239,38,239,37,239,36,239,35,239,34,238,33,238,32,238,31,237,30,236,30,235,29,234,29,233,28,232,28
157,29,156,30,155,30,154,30,153,31,152,31,152,32,151,33,151,34,151,35,151,36,151,37,151,38,151,39,151,40,151,41,151,42,151,43,151,44,151,45,151,46,151,47,151,48,152,49,153,50,154,50,155,51,156,50,157,49,158,48,159,47,160,46,161,45,162,45,163,44,164,43,165,42,165,41,165,40,165,39,165,38,165,37,165,36,165,35,165,34,164,33,164,32,163,31,163,30,162,30,161,29,160,29,159,29,158,29
101,35,101,36,100,37,100,38,99,39,99,40,98,41,99,42,99,43,99,44,99,45,99,46,99,47,100,48,100,49,100,50,100,51,101,52,101,53,102,54,102,55,102,56,103,56,104,56,105,56,106,56,107,56,108,56,109,55,110,54,110,53,110,52,111,51,111,50,112,49,112,48,113,47,113,46,113,45,112,44,111,43,111,42,110,41,109,40,109,39,108,38,107,37,106,36,105,36,104,35,103,35,102,35
191,39,190,40,189,40,189,41,188,42,188,43,188,44,187,45,187,46,187,47,186,48,187,48,188,49,189,50,190,51,191,52,192,53,192,54,193,53,194,52,195,51,196,50,197,50,198,49,199,48,198,47,198,46,198,45,198,44,198,43,197,42,196,41,195,40,194,40,193,40,192,39
14,40,13,41,12,41,11,41,10,42,9,42,8,42,7,42,6,43,5,43,4,43,3,43,2,43,1,43,0,43,0,44,0,45,0,46,0,47,0,48,0,49,0,50,0,51,0,52,0,53,0,54,0,55,0,56,1,57,2,57,3,57,4,57,5,58,6,58,7,58,8,59,9,59,10,59,11,60,12,60,13,60,14,59,15,58,16,57,17,57,18,56,19,56,20,55,21,55,22,54,23,54,24,54,25,53,26,53,27,52,27,51,27,50,28,49,28,48,27,47,26,46,25,45,24,45,23,44,22,44,21,43,20,42,19,42,18,41,17,40,16,40,15,40
42,40,41,41,40,41,39,42,38,43,37,44,36,45,35,45,34,46,33,47,34,48,35,49,36,50,37,51,38,52,38,53,39,54,40,55,41,56,41,57,42,58,43,59,44,59,45,59,46,59,47,59,48,60,49,60,50,60,51,60,52,60,53,59,53,58,53,57,54,56,53,55,52,54,52,53,52,52,52,51,52,50,52,49,52,48,51,48,50,47,51,46,52,46,52,45,51,44,51,43,50,42,49,42,48,42,47,42,46,43,45,42,44,42,43,41
69,42,68,43,67,44,66,45,65,46,66,47,66,48,67,49,67,50,67,51,68,52,68,53,68,54,69,55,69,56,69,57,70,58,71,58,72,58,73,58,74,57,75,57,76,57,77,57,78,57,79,57,80,57,81,57,82,58,83,58,84,58,85,59,86,59,87,58,87,57,88,56,88,55,89,54,89,53,89,52,89,51,90,50,90,49,90,48,90,47,90,46,89,45,88,45,87,44,86,43,85,43,84,42,83,42,82,42,81,42,80,42,79,42,78,42,77,42,76,42,75,42,74,42,73,42,72,42,71,42,70,42
96,42,95,43,94,44,93,45,92,46,91,46,91,47,91,48,91,49,91,50,90,51,90,52,90,53,90,54,89,55,89,56,88,57,88,58,87,59,86,60,86,61,86,62,86,63,86,64,86,65,86,66,86,67,86,68,85,69,85,70,85,71,86,72,86,73,87,74,87,75,87,76,88,77,88,78,88,79,88,80,88,81,89,82,90,82,91,82,92,83,93,83,94,82,95,81,95,80,96,79,96,78,97,77,97,76,97,75,98,74,98,73,98,72,98,71,98,70,98,69,98,68,98,67,98,66,98,65,98,64,99,63,99,62,99,61,99,60,100,59,100,58,101,57,101,56,101,55,101,54,100,53,100,52,99,51,99,50,99,49,99,48,98,47,98,46,98,45,98,44,98,43,98,42,97,42
166,42,165,43,164,44,163,45,162,46,161,46,160,47,159,48,158,49,157,50,156,51,156,52,156,53,157,53,158,54,159,55,159,56,160,56,161,57,162,57,163,57,164,57,165,57,166,57,167,56,168,55,168,54,169,53,169,52,170,51,170,50,171,49,171,48,171,47,170,46,170,45,169,45,168,44,167,43
133,43,132,44,131,45,130,46,130,47,130,48,130,49,130,50,130,51,130,52,131,53,132,53,133,54,134,55,135,55,136,56,137,56,138,57,139,58,140,58,141,59,142,59,143,60,144,60,145,59,146,58,146,57,146,56,146,55,146,54,146,53,146,52,145,51,144,50,143,49,142,48,141,47,140,47,139,46,138,45,137,44,136,43,135,43,134,43
122,45,121,46,120,46,119,46,118,46,117,46,116,46,115,46,114,46,114,47,113,48,113,49,112,50,112,51,111,52,111,53,111,54,110,55,109,56,110,57,110,58,111,59,111,60,112,61,112,62,113,62,114,62,115,63,116,63,117,63,118,63,118,62,119,61,120,60,121,59,122,58,123,57,124,56,125,55,126,54,127,53,128,53,129,52,129,51,129,50,129,49,129,48,129,47,128,46,127,46,126,46,125,46,124,46,123,45
29,48,29,49,28,50,28,51,28,52,27,53,27,54,28,55,29,56,29,57,30,58,30,59,30,60,31,61,32,62,32,63,33,64,33,65,34,66,35,67,36,66,37,65,38,64,38,63,39,62,40,61,41,60,42,59,41,58,40,57,40,56,39,55,38,54,37,53,37,52,36,51,35,50,34,49,33,48,32,48,31,48,30,48
172,48,172,49,171,50,171,51,170,52,170,53,169,54,169,55,168,56,167,57,168,58,168,59,169,60,169,61,170,62,171,63,172,63,173,64,174,64,175,65,176,65,177,65,178,65,179,65,180,65,181,65,182,65,183,65,184,65,185,65,186,65,187,65,188,64,189,64,190,63,191,62,191,61,191,60,192,59,192,58,192,57,192,56,192,55,191,54,191,53,190,52,189,51,188,50,187,49,186,49,185,48,184,48,183,48,182,48,181,48,180,48,179,48,178,48,177,48,176,48,175,48,174,48,173,48
199,49,198,50,197,51,196,51,195,52,194,53,193,54,193,55,193,56,193,57,193,58,193,59,192,60,192,61,193,62,194,63,194,64,195,65,196,66,196,67,197,68,198,68,199,69,200,69,201,69,202,69,203,69,204,70,205,69,206,69,207,69,208,69,208,68,208,67,208,66,208,65,208,64,208,63,208,62,208,61,208,60,208,59,208,58,208,57,208,56,208,55,208,54,208,53,208,52,208,51,207,50,206,50,205,50,204,49,203,49,202,49,201,49,200,49
212,50,211,51,210,51,209,51,209,52,209,53,209,54,209,55,209,56,209,57,209,58,209,59,209,60,209,61,209,62,209,63,209,64,209,65,209,66,209,67,209,68,209,69,210,70,211,70,212,71,213,71,214,72,215,72,216,73,217,74,218,75,219,75,220,76,221,76,222,77,223,76,224,76,223,75,223,74,222,73,222,72,222,71,223,70,223,69,223,68,223,67,223,66,223,65,224,64,224,63,224,62,224,61,224,60,224,59,224,58,224,57,224,56,224,55,223,54,222,53,221,52,220,52,219,51,218,50,217,50,216,50,215,50,214,50,213,50
129,53,128,54,127,54,126,55,125,56,124,57,123,58,122,59,121,60,120,61,119,62,119,63,118,64,119,65,119,66,120,67,120,68,121,69,121,70,122,71,122,72,123,73,123,74,124,75,125,74,126,74,127,73,128,73,129,72,130,72,131,71,132,71,133,70,134,69,135,69,136,68,137,67,138,66,139,65,140,64,141,63,142,62,143,61,142,60,141,60,140,59,139,59,138,58,137,57,136,57,135,56,134,56,133,55,132,54,131,54,130,53
25,54,24,55,23,55,22,55,21,56,20,56,19,57,18,57,17,58,16,58,15,59,14,60,13,61,13,62,14,63,14,64,15,65,15,66,16,67,16,68,16,69,17,70,17,71,18,72,19,72,20,72,21,72,22,72,23,73,24,73,25,73,26,73,27,73,28,73,29,74,30,74,31,73,32,72,33,71,34,71,34,70,34,69,34,68,34,67,33,66,32,65,32,64,31,63,31,62,30,61,29,60,29,59,29,58,28,57,28,56,27,55,26,54
225,55,225,56,225,57,225,58,225,59,225,60,225,61,225,62,225,63,225,64,224,65,224,66,224,67,224,68,224,69,224,70,223,71,223,72,223,73,224,74,224,75,225,76,226,76,227,77,228,77,229,77,230,78,231,78,232,78,233,78,234,78,234,77,235,76,236,75,237,74,238,73,239,72,240,71,240,70,241,69,241,68,242,67,242,66,243,65,242,64,241,63,240,62,239,61,238,60,237,59,236,58,235,58,234,57,233,57,232,56,231,56,230,56,229,56,228,55,227,55,226,55
0,57,0,58,0,59,0,60,0,61,0,62,0,63,0,64,0,65,0,66,0,67,0,68,0,69,0,70,0,71,0,72,0,73,0,74,0,75,0,76,0,77,0,78,0,79,0,80,0,81,1,81,2,81,3,82,4,82,5,82,6,82,7,82,8,82,9,82,10,82,11,81,12,80,13,79,13,78,14,77,15,76,15,75,16,74,17,73,17,72,16,71,16,70,15,69,15,68,15,67,14,66,14,65,13,64,13,63,12,62,12,61,11,61,10,60,9,60,8,60,7,59,6,59,5,59,4,58,3,58,2,58,1,58
102,57,101,58,101,59,100,60,100,61,100,62,100,63,99,64,99,65,99,66,99,67,99,68,99,69,99,70,99,71,99,72,100,71,101,70,102,70,103,69,104,68,105,68,106,67,107,67,108,66,109,65,110,64,111,63,111,62,111,61,110,60,110,59,109,58,109,57,108,57,107,57,106,57,105,57,104,57,103,57
74,58,73,59,72,59,71,59,70,59,69,60,69,61,69,62,68,63,68,64,68,65,68,66,68,67,68,68,69,69,70,69,71,69,72,69,73,68,74,68,75,68,76,68,77,68,78,69,79,69,80,69,81,69,82,69,83,69,84,69,85,68,85,67,85,66,85,65,85,64,85,63,85,62,85,61,85,60,84,59,83,59,82,59,81,58,80,58,79,58,78,58,77,58,76,58,75,58
42,60,41,61,40,62,39,63,39,64,38,65,37,66,36,67,35,68,35,69,35,70,35,71,36,71,37,72,38,72,39,72,40,73,41,73,42,73,43,73,44,73,45,73,46,73,47,73,48,73,49,73,50,73,51,73,52,73,53,73,54,72,55,71,56,70,56,69,55,68,55,67,55,66,54,65,54,64,53,63,53,62,53,61,53,60,52,61,51,61,50,61,49,61,48,61,47,60,46,60,45,60,44,60,43,60
145,60,144,61,143,62,142,63,141,64,140,65,139,66,138,67,137,68,136,69,135,70,134,70,133,71,132,72,131,72,130,73,129,73,128,74,127,74,126,75,125,75,124,76,124,77,124,78,124,79,124,80,123,81,124,82,124,83,124,84,125,85,125,86,126,87,126,88,127,88,128,88,129,88,130,89,131,89,132,89,133,90,134,90,135,91,136,91,137,92,138,93,139,94,140,95,141,96,141,95,141,94,142,93,142,92,143,91,143,90,143,89,144,88,144,87,144,86,145,85,145,84,146,83,146,82,147,81,147,80,147,79,148,78,148,77,149,76,149,75,149,74,149,73,150,72,150,71,151,70,151,69,152,68,153,67,153,66,154,65,153,64,152,63,151,62,150,61,149,60,148,60,147,60,146,60
112,63,111,64,110,65,109,66,108,67,107,68,106,68,105,69,104,69,103,70,102,71,101,71,100,72,99,73,99,74,98,75,98,76,98,77,97,78,97,79,96,80,96,81,95,82,94,83,94,84,95,85,95,86,96,87,97,87,98,87,99,87,100,87,101,87,102,87,103,86,104,86,105,86,106,86,107,86,108,86,109,86,110,85,111,85,112,85,113,85,114,85,115,84,116,84,117,84,118,83,119,83,120,83,121,82,122,82,122,81,123,80,123,79,123,78,123,77,123,76,123,75,122,74,122,73,121,72,121,71,120,70,120,69,119,68,119,67,118,66,118,65,117,64,116,64,115,64,114,63,113,63
154,66,154,67,153,68,152,69,152,70,151,71,151,72,150,73,150,74,150,75,150,76,149,77,149,78,148,79,148,80,148,81,147,82,147,83,146,84,146,85,145,86,145,87,145,88,144,89,144,90,144,91,143,92,143,93,142,94,142,95,142,96,142,97,142,98,142,99,143,99,144,99,145,99,146,99,147,98,148,98,149,97,150,96,151,95,152,95,153,94,154,93,155,93,156,92,157,91,158,91,159,90,160,89,161,89,162,88,163,87,164,86,165,86,166,85,167,84,167,83,168,82,169,81,170,80,171,79,171,78,172,77,173,76,174,75,175,74,176,73,177,72,178,72,177,71,176,70,175,69,174,69,173,69,172,69,171,68,170,68,169,68,168,68,167,68,166,68,165,68,164,68,163,68,162,67,161,67,160,67,159,67,158,66,157,66,156,66,155,66
243,66,243,67,242,68,242,69,241,70,241,71,240,72,239,73,238,74,237,75,236,76,235,77,235,78,235,79,236,79,237,80,238,80,239,81,240,81,241,82,242,82,243,83,244,82,245,81,246,80,246,79,247,78,248,77,249,76,250,75,251,75,252,74,251,73,251,72,250,71,249,70,248,69,247,68,246,67,245,67,244,66
61,68,60,69,59,69,58,69,57,70,56,71,55,72,54,73,54,74,54,75,54,76,54,77,54,78,54,79,54,80,54,81,54,82,54,83,54,84,54,85,54,86,55,86,56,86,57,87,58,87,59,87,60,87,61,87,62,87,63,86,64,86,65,86,66,86,67,86,68,85,69,85,69,84,69,83,69,82,69,81,69,80,69,79,69,78,69,77,69,76,69,75,69,74,69,73,69,72,69,71,69,70,68,69,67,69,66,69,65,69,64,69,63,69,62,68
196,68,195,69,194,70,193,71,192,71,191,71,190,72,189,72,188,72,187,72,186,73,185,73,184,73,185,74,186,75,186,76,187,77,187,78,188,79,188,80,188,81,189,82,189,83,190,84,190,85,191,86,191,87,191,88,191,89,192,90,192,91,192,92,192,93,193,94,193,95,194,96,195,96,196,97,197,97,198,98,199,99,200,99,201,100,202,101,203,101,204,102,205,103,206,104,207,103,208,102,209,101,210,100,211,99,212,99,213,98,214,97,215,96,216,95,217,95,218,94,219,93,219,92,219,91,219,90,219,89,219,88,219,87,219,86,219,85,219,84,219,83,220,82,220,81,220,80,220,79,220,78,221,77,220,77,219,76,218,76,217,75,216,74,215,73,214,73,213,72,212,72,211,71,210,71,209,70,208,70,207,70,206,70,205,70,204,71,203,70,202,70,201,70,200,70,199,70,198,69,197,69
73,69,72,70,71,70,70,70,70,71,70,72,70,73,70,74,70,75,70,76,70,77,70,78,70,79,70,80,70,81,70,82,70,83,70,84,70,85,70,86,70,87,71,88,71,89,72,90,72,91,72,92,72,93,73,94,73,95,73,96,74,96,75,97,76,97,77,97,78,96,79,95,80,94,81,93,82,92,83,91,83,90,84,89,85,89,86,88,86,87,87,86,87,85,87,84,88,83,88,82,87,81,87,80,87,79,87,78,87,77,86,76,86,75,86,74,85,73,85,72,84,71,84,70,83,70,82,70,81,70,80,70,79,70,78,70,77,69,76,69,75,69,74,69
33,72,32,73,31,74,31,75,31,76,32,77,32,78,32,79,33,80,33,81,33,82,33,83,34,84,34,85,35,85,36,86,37,87,38,87,39,88,40,88,41,88,42,88,43,88,44,88,45,89,46,89,47,89,48,89,49,89,50,90,51,89,52,88,53,87,53,86,53,85,53,84,53,83,53,82,53,81,53,80,53,79,53,78,53,77,53,76,53,75,53,74,52,74,51,74,50,74,49,74,48,74,47,74,46,74,45,74,44,74,43,74,42,74,41,74,40,74,39,73,38,73,37,73,36,72,35,72,34,72
179,72,178,73,177,73,176,74,175,75,174,76,173,77,172,78,172,79,171,80,170,81,169,82,168,83,168,84,167,85,166,86,165,87,164,87,163,88,162,89,161,90,160,90,159,91,158,92,157,92,156,93,155,94,154,94,153,95,152,96,151,96,150,97,149,98,148,99,147,99,148,99,149,100,150,101,151,102,152,102,153,103,154,104,155,105,156,106,157,106,158,107,159,108,160,109,161,110,162,111,163,112,164,112,165,112,166,112,167,112,168,112,169,111,170,111,171,111,172,111,173,111,174,111,175,110,175,109,176,108,176,107,177,106,178,105,178,104,179,103,180,102,180,101,181,100,182,99,182,98,183,97,183,96,183,95,182,94,182,93,182,92,182,91,181,90,181,89,181,88,181,87,180,86,180,85,180,84,180,83,180,82,180,81,180,80,180,79,180,78,180,77,180,76,181,75,180,74,180,73,180,72
18,73,17,74,16,75,16,76,15,77,14,78,14,79,13,80,12,81,11,82,11,83,11,84,12,85,12,86,13,87,13,88,13,89,14,90,14,91,14,92,15,93,15,94,15,95,15,96,16,97,16,98,16,99,17,100,17,101,17,102,18,101,18,100,19,99,20,98,21,97,21,96,22,95,23,94,24,93,25,92,26,91,27,90,28,89,29,88,30,87,31,86,32,85,33,84,32,83,32,82,32,81,32,80,31,79,31,78,31,77,30,76,30,75,29,75,28,74,27,74,26,74,25,74,24,74,23,74,22,73,21,73,20,73,19,73
181,73,181,74,182,75,181,76,181,77,181,78,181,79,181,80,181,81,181,82,181,83,181,84,181,85,181,86,182,87,182,88,182,89,182,90,183,91,183,92,183,93,183,94,184,95,184,96,184,97,185,96,186,96,187,96,188,96,189,96,190,95,191,95,192,95,192,94,191,93,191,92,191,91,191,90,190,89,190,88,190,87,190,86,189,85,189,84,188,83,188,82,187,81,187,80,187,79,186,78,186,77,185,76,185,75,184,74,183,73,182,73
252,75,251,76,250,76,249,77,248,78,247,79,247,80,246,81,245,82,244,83,244,84,245,85,246,86,246,87,247,87,248,87,249,87,250,87,251,87,252,87,253,87,254,87,255,87,255,86,255,85,255,84,255,83,255,82,255,81,255,80,255,79,255,78,255,77,255,76,254,76,253,75
223,77,222,78,221,78,221,79,221,80,221,81,221,82,220,83,220,84,220,85,220,86,220,87,220,88,220,89,220,90,220,91,220,92,220,93,221,93,222,94,223,95,224,96,225,97,226,98,227,99,228,100,229,101,230,102,231,103,231,104,232,105,233,105,234,104,235,104,236,103,237,103,238,103,239,102,240,102,241,101,242,100,243,100,244,100,244,99,244,98,244,97,244,96,244,95,244,94,244,93,245,92,245,91,245,90,245,89,246,88,245,87,245,86,244,85,243,84,242,83,241,83,240,82,239,82,238,81,237,81,236,80,235,80,234,79,233,79,232,79,231,79,230,79,229,78,228,78,227,78,226,77,225,77,224,77
0,82,0,83,0,84,0,85,0,86,0,87,0,88,0,89,0,90,0,91,0,92,0,93,0,94,0,95,0,96,0,97,0,98,0,99,0,100,0,101,0,102,0,103,0,104,0,105,0,106,0,107,0,108,0,109,0,110,0,111,0,112,0,113,0,114,1,114,2,114,3,114,4,115,5,115,6,115,7,115,8,115,9,115,10,115,11,115,12,115,12,114,13,113,13,112,13,111,14,110,14,109,15,108,15,107,16,106,16,105,17,104,17,103,16,102,16,101,16,100,15,99,15,98,15,97,14,96,14,95,14,94,14,93,13,92,13,91,13,90,12,89,12,88,12,87,11,86,11,85,10,84,10,83,9,83,8,83,7,83,6,83,5,83,4,83,3,83,2,82,1,82
123,82,122,83,121,83,120,84,119,84,118,84,117,85,116,85,115,85,114,86,113,86,112,86,111,86,110,86,109,87,108,87,107,87,106,87,105,87,104,87,103,87,102,88,101,88,100,88,99,88,98,88,97,88,96,88,95,87,95,88,95,89,95,90,95,91,95,92,95,93,95,94,95,95,95,96,96,97,97,98,98,99,99,100,100,101,101,102,102,103,103,102,104,102,105,102,106,102,107,102,108,102,109,102,110,102,111,102,112,102,113,102,114,102,115,102,116,102,117,103,118,103,119,103,120,102,121,101,121,100,121,99,121,98,122,97,122,96,122,95,122,94,123,93,123,92,124,91,125,90,125,89,125,88,125,87,124,86,124,85,123,84,123,83
89,83,88,84,88,85,88,86,87,87,87,88,86,89,85,90,84,90,84,91,83,92,82,93,81,94,80,95,79,96,78,97,77,98,78,99,78,100,79,101,80,102,80,103,81,104,82,105,83,105,84,105,85,104,86,104,87,103,88,102,89,102,90,101,91,100,92,99,93,99,94,98,95,97,94,96,94,95,94,94,94,93,94,92,94,91,94,90,94,89,94,88,94,87,94,86,94,85,93,84,92,84,91,83,90,83
33,85,32,86,31,87,30,88,29,89,28,90,27,91,26,92,25,93,24,94,23,95,22,96,22,97,21,98,20,99,19,100,19,101,18,102,18,103,19,104,20,104,21,104,22,105,23,105,24,105,25,106,26,106,27,106,28,107,29,107,30,107,31,106,32,105,33,104,34,103,35,102,36,101,37,100,38,99,37,99,36,98,36,97,36,96,36,95,37,94,37,93,37,92,37,91,37,90,37,89,37,88,36,87,35,86,34,86
68,86,67,87,66,87,65,87,64,87,63,87,62,88,61,88,60,88,59,88,58,88,57,88,56,87,55,87,54,87,53,88,52,89,51,90,50,91,50,92,50,93,49,94,49,95,49,96,50,97,50,98,50,99,51,100,51,101,52,101,53,102,54,103,55,103,56,104,57,103,58,102,59,102,60,101,61,101,62,100,63,100,64,99,65,99,66,98,67,98,68,97,69,97,70,96,71,96,72,95,72,94,71,93,71,92,71,91,71,90,70,89,70,88,69,87,69,86
247,88,246,89,246,90,246,91,246,92,245,93,245,94,245,95,245,96,245,97,245,98,245,99,245,100,246,100,247,101,248,102,249,102,250,103,251,103,252,104,253,104,254,105,255,105,255,104,255,103,255,102,255,101,255,100,255,99,255,98,255,97,255,96,255,95,255,94,255,93,255,92,255,91,255,90,255,89,255,88,254,88,253,88,252,88,251,88,250,88,249,88,248,88
126,89,126,90,125,91,124,92,124,93,123,94,123,95,123,96,123,97,122,98,122,99,122,100,122,101,123,101,124,101,125,101,126,101,127,101,128,101,129,101,130,101,131,101,132,100,133,100,134,100,135,100,136,100,137,100,138,100,139,100,140,100,141,100,141,99,141,98,141,97,140,96,139,95,138,94,137,93,136,92,135,92,134,91,133,91,132,90,131,90,130,90,129,89,128,89,127,89
219,94,218,95,217,96,216,96,215,97,214,98,213,99,212,100,211,100,210,101,209,102,208,103,207,104,207,105,207,106,206,107,206,108,206,109,206,110,206,111,206,112,206,113,206,114,206,115,206,116,205,117,205,118,205,119,206,120,206,121,207,122,208,123,209,124,210,125,211,124,212,123,213,123,214,122,215,121,216,120,217,119,218,119,219,118,220,117,221,117,222,116,223,116,224,115,225,115,226,114,227,114,228,113,229,113,229,112,230,111,230,110,230,109,230,108,231,107,231,106,231,105,230,104,230,103,229,102,228,101,227,100,226,99,225,98,224,97,223,96,222,95,221,94,220,94
72,96,71,97,70,97,69,98,68,98,67,99,66,99,65,100,64,100,63,101,62,101,61,102,60,102,59,103,58,103,57,104,57,105,57,106,58,107,58,108,59,109,59,110,60,111,60,112,61,113,61,114,61,115,62,116,62,117,63,118,64,118,65,118,66,118,67,118,68,118,69,118,70,118,71,118,72,118,73,118,74,118,75,118,76,118,77,118,78,118,79,118,80,118,81,117,81,116,81,115,81,114,81,113,81,112,82,111,82,110,82,109,82,108,82,107,83,106,82,106,81,105,80,104,79,103,79,102,78,101,77,100,77,99,76,98,75,98,74,97,73,97
190,96,189,97,188,97,187,97,186,97,185,97,184,98,183,98,183,99,182,100,181,101,181,102,180,103,179,104,179,105,178,106,177,107,177,108,176,109,176,110,175,111,176,112,177,113,178,114,179,115,179,116,180,117,181,117,182,117,183,117,184,117,185,117,186,117,187,117,188,117,189,118,190,118,191,118,192,118,193,118,194,118,195,118,196,118,197,118,198,118,199,118,200,118,201,118,202,118,203,118,204,119,204,118,204,117,205,116,205,115,205,114,205,113,205,112,205,111,205,110,205,109,205,108,205,107,206,106,206,105,205,104,204,103,203,102,202,102,201,101,200,100,199,100,198,99,197,98,196,98,195,97,194,97,193,96,192,96,191,96
95,98,94,99,93,100,92,100,91,101,90,102,89,103,88,103,87,104,86,105,85,105,84,106,83,107,83,108,83,109,83,110,83,111,82,112,82,113,82,114,82,115,82,116,82,117,83,118,84,118,85,118,86,118,87,118,88,119,89,119,90,119,91,119,92,119,93,119,94,119,95,119,96,119,97,119,98,119,99,120,99,119,99,118,99,117,99,116,99,115,99,114,99,113,99,112,99,111,99,110,100,109,100,108,100,107,100,106,101,105,101,104,101,103,100,102,99,101,98,100,97,99,96,98
39,99,38,100,37,101,36,102,35,103,34,104,33,105,32,106,31,107,30,108,30,109,30,110,30,111,30,112,30,113,30,114,30,115,30,116,31,116,32,116,33,116,34,117,35,117,36,117,37,118,38,118,39,119,40,120,41,121,42,122,43,123,44,124,45,125,46,126,46,127,47,127,48,127,49,127,50,127,51,127,52,127,53,127,54,127,55,127,56,127,57,127,58,127,59,127,60,127,61,127,62,127,61,126,61,125,61,124,61,123,61,122,61,121,62,120,62,119,62,118,61,117,61,116,60,115,60,114,60,113,59,112,59,111,58,110,58,109,57,108,57,107,56,106,56,105,55,104,54,104,53,103,52,102,51,102,50,101,49,101,48,101,47,101,46,101,45,101,44,101,43,100,42,100,41,100,40,99
142,100,141,101,140,102,140,103,140,104,140,105,140,106,140,107,140,108,139,109,139,110,139,111,138,112,138,113,138,114,137,115,137,116,137,117,137,118,136,119,136,120,135,121,136,122,136,123,137,124,138,125,138,126,139,127,140,127,141,127,142,127,143,127,144,127,145,127,146,127,147,127,148,127,149,127,150,127,151,127,152,127,153,127,154,127,155,127,156,127,157,127,157,126,158,125,158,124,159,123,159,122,159,121,160,120,160,119,161,118,161,117,162,116,162,115,162,114,163,113,162,112,161,111,160,110,159,109,158,108,157,107,156,107,155,106,154,105,153,104,152,103,151,103,150,102,149,101,148,100,147,100,146,100,145,100,144,100,143,100
132,101,131,102,130,102,129,102,128,102,127,102,126,102,125,102,124,102,123,102,122,102,121,102,120,103,119,104,119,105,119,106,119,107,120,108,120,109,120,110,120,111,120,112,121,113,121,114,121,115,121,116,122,117,122,118,122,119,123,119,124,119,125,119,126,119,127,120,128,120,129,120,130,120,131,120,132,121,133,121,134,121,135,120,135,119,136,118,136,117,136,116,136,115,137,114,137,113,137,112,138,111,138,110,138,109,139,108,139,107,139,106,139,105,139,104,139,103,139,102,140,101,139,101,138,101,137,101,136,101,135,101,134,101,133,101
242,101,241,102,240,103,239,103,238,104,237,104,236,104,235,105,234,105,233,106,232,106,232,107,231,108,231,109,231,110,231,111,230,112,230,113,231,114,231,115,232,116,232,117,233,118,234,119,234,120,235,121,236,122,236,123,237,124,237,125,238,126,239,127,240,127,241,127,242,127,243,127,244,127,245,127,246,127,247,126,248,125,249,125,250,124,251,123,252,122,253,121,254,121,255,121,255,120,255,119,255,118,255,117,255,116,255,115,255,114,255,113,255,112,255,111,255,110,255,109,255,108,255,107,255,106,254,106,253,105,252,105,251,104,250,104,249,103,248,103,247,102,246,101,245,101,244,101,243,101
103,103,102,104,102,105,101,106,101,107,101,108,101,109,100,110,100,111,100,112,100,113,100,114,100,115,100,116,100,117,100,118,100,119,100,120,101,121,101,122,102,123,103,124,104,125,105,126,106,127,107,127,108,127,109,127,110,127,111,127,112,127,113,127,114,126,115,126,116,126,117,126,118,125,118,124,119,123,119,122,120,121,121,120,121,119,121,118,121,117,120,116,120,115,120,114,120,113,119,112,119,111,119,110,119,109,119,108,118,107,118,106,118,105,118,104,117,104,116,103,115,103,114,103,113,103,112,103,111,103,110,103,109,103,108,103,107,103,106,103,105,103,104,103
169,112,168,113,167,113,166,113,165,113,164,113,163,114,163,115,163,116,162,117,162,118,161,119,161,120,160,121,160,122,160,123,159,124,159,125,158,126,158,127,158,128,159,129,159,130,160,131,160,132,161,133,161,134,162,135,162,136,163,137,163,138,163,139,164,140,164,141,164,142,165,142,166,142,167,142,168,142,169,142,170,142,171,143,172,143,173,143,174,143,175,143,176,142,176,141,177,140,178,139,179,138,179,137,179,136,179,135,179,134,179,133,179,132,179,131,179,130,179,129,179,128,179,127,179,126,179,125,179,124,179,123,179,122,179,121,179,120,179,119,179,118,179,117,178,116,178,115,177,114,176,113,175,112,174,112,173,112,172,112,171,112,170,112
228,114,227,115,226,115,225,116,224,116,223,117,222,117,221,118,220,118,219,119,218,120,217,120,216,121,215,122,214,123,213,124,212,124,211,125,210,126,210,127,210,128,210,129,209,130,210,130,211,131,212,132,213,132,214,133,215,133,216,134,217,135,218,135,219,136,220,137,221,137,222,138,223,138,224,139,225,139,226,140,227,140,228,141,229,141,229,140,230,139,231,138,231,137,232,136,233,135,233,134,234,133,235,132,235,131,236,130,237,129,237,128,238,127,237,126,236,125,236,124,235,123,235,122,234,121,233,120,233,119,232,118,231,117,231,116,230,115,230,114,229,114
0,115,0,116,0,117,0,118,0,119,0,120,0,121,0,122,0,123,0,124,0,125,0,126,0,127,0,128,0,129,0,130,0,131,0,132,0,133,0,134,0,135,0,136,0,137,0,138,0,139,0,140,0,141,1,141,2,140,3,140,4,140,5,140,6,140,7,139,8,139,9,139,10,139,11,139,12,139,13,138,13,137,13,136,13,135,13,134,13,133,13,132,13,131,13,130,13,129,13,128,13,127,13,126,13,125,13,124,13,123,12,122,12,121,12,120,12,119,12,118,12,117,12,116,11,116,10,116,9,116,8,116,7,116,6,116,5,116,4,116,3,115,2,115,1,115
29,116,28,117,28,118,27,119,26,120,26,121,25,122,25,123,25,124,24,125,24,126,24,127,24,128,24,129,24,130,24,131,24,132,25,133,25,134,26,135,27,136,28,137,29,138,30,138,31,139,32,139,33,138,34,138,35,137,36,137,37,136,38,135,39,135,40,134,41,133,42,132,43,131,44,130,45,129,45,128,45,127,45,126,44,125,43,124,42,123,41,122,40,121,39,120,38,119,37,119,36,118,35,118,34,118,33,117,32,117,31,117,30,117
81,118,81,119,80,120,80,121,79,122,79,123,79,124,78,125,78,126,78,127,77,128,78,129,78,130,78,131,79,132,79,133,80,134,80,135,81,136,82,137,83,137,84,137,85,137,86,136,87,136,88,136,89,136,90,136,91,135,92,135,93,135,94,135,95,135,96,135,97,135,98,135,99,135,100,134,101,133,102,132,103,131,103,130,104,129,105,128,105,127,104,126,103,125,102,124,101,123,100,122,100,121,99,121,98,120,97,120,96,120,95,120,94,120,93,120,92,120,91,120,90,120,89,120,88,120,87,119,86,119,85,119,84,119,83,119,82,118
180,118,180,119,180,120,180,121,180,122,180,123,180,124,180,125,180,126,180,127,180,128,180,129,180,130,180,131,180,132,180,133,180,134,180,135,180,136,180,137,181,137,182,137,183,137,184,137,185,137,186,137,187,137,188,136,189,136,190,136,191,136,192,136,193,136,194,135,195,135,196,135,197,135,198,135,199,135,200,135,201,135,202,135,203,135,204,135,205,134,206,133,207,132,208,131,208,130,209,129,209,128,209,127,209,126,209,125,208,124,207,123,206,122,205,121,205,120,204,120,203,119,202,119,201,119,200,119,199,119,198,119,197,119,196,119,195,119,194,119,193,119,192,119,191,119,190,119,189,119,188,118,187,118,186,118,185,118,184,118,183,118,182,118,181,118
63,119,63,120,62,121,62,122,62,123,62,124,62,125,62,126,63,127,64,127,65,128,66,128,67,128,68,128,69,128,70,128,71,128,72,128,73,128,74,128,75,128,76,128,77,127,77,126,77,125,78,124,78,123,78,122,79,121,79,120,80,119,79,119,78,119,77,119,76,119,75,119,74,119,73,119,72,119,71,119,70,119,69,119,68,119,67,119,66,119,65,119,64,119
122,120,121,121,120,122,120,123,119,124,119,125,118,126,118,127,119,128,119,129,120,130,120,131,121,132,122,133,122,134,123,134,124,134,125,133,126,133,127,133,128,133,129,133,130,133,131,133,132,133,133,133,134,133,135,133,135,132,136,131,137,130,137,129,138,128,138,127,137,126,137,125,136,124,135,123,135,122,134,122,133,122,132,122,131,121,130,121,129,121,128,121,127,121,126,120,125,120,124,120,123,120
253,122,252,123,251,124,250,125,249,126,248,126,247,127,248,128,249,129,250,130,251,131,252,132,253,132,254,133,255,133,255,132,255,131,255,130,255,129,255,128,255,127,255,126,255,125,255,124,255,123,255,122,254,122
114,127,113,128,112,128,111,128,110,128,109,128,108,128,107,128,106,128,105,129,104,130,104,131,103,132,102,133,101,134,100,135,100,136,100,137,101,138,101,139,101,140,101,141,101,142,101,143,101,144,102,145,102,146,102,147,102,148,102,149,103,150,103,151,104,151,105,151,106,151,107,151,108,151,109,151,110,152,111,152,112,152,113,152,114,151,115,151,116,151,117,151,118,151,118,150,118,149,118,148,118,147,119,146,119,145,119,144,119,143,119,142,120,141,120,140,120,139,120,138,121,137,121,136,121,135,121,134,121,133,120,132,119,131,119,130,118,129,118,128,117,127,116,127,115,127
46,128,46,129,45,130,44,131,43,132,42,133,41,134,40,135,39,136,38,136,37,137,36,138,35,138,34,139,33,139,32,140,32,141,32,142,32,143,31,144,31,145,31,146,31,147,32,148,33,149,34,150,35,151,36,152,36,153,37,154,38,155,39,156,40,155,41,155,42,155,43,154,44,154,45,154,46,154,47,154,48,154,49,154,50,154,51,154,52,153,53,152,54,152,55,151,56,151,56,150,57,149,58,148,58,147,58,146,59,145,59,144,60,143,60,142,61,141,61,140,61,139,62,138,62,137,62,136,63,135,63,134,63,133,63,132,63,131,63,130,63,129,63,128,62,128,61,128,60,128,59,128,58,128,57,128,56,128,55,128,54,128,53,128,52,128,51,128,50,128,49,128,48,128,47,128
64,128,64,129,64,130,64,131,64,132,64,133,64,134,64,135,63,136,63,137,63,138,62,139,62,140,62,141,61,142,61,143,60,144,60,145,59,146,59,147,59,148,58,149,57,150,57,151,56,152,55,152,56,152,57,152,58,152,59,153,60,153,61,154,62,154,63,155,64,155,65,156,66,156,67,157,68,157,69,157,70,157,71,158,72,159,73,158,74,158,75,157,76,156,77,155,77,154,78,153,79,152,79,151,80,150,81,149,82,149,83,149,83,148,83,147,83,146,83,145,82,144,82,143,82,142,82,141,82,140,81,139,81,138,81,137,80,136,79,135,79,134,78,133,78,132,77,131,77,130,77,129,76,129,75,129,74,129,73,129,72,129,71,129,70,129,69,129,68,129,67,129,66,129,65,129
139,128,138,129,138,130,137,131,136,132,136,133,136,134,136,135,137,136,137,137,137,138,138,139,138,140,138,141,138,142,139,143,139,144,139,145,139,146,140,147,140,148,140,149,140,150,140,151,141,152,141,153,141,154,142,155,143,156,144,156,145,155,146,155,147,155,148,155,149,154,150,153,151,153,152,152,153,151,154,150,155,149,156,149,157,148,158,147,159,146,160,145,161,144,162,143,163,142,163,141,163,140,162,139,162,138,162,137,161,136,161,135,160,134,160,133,159,132,159,131,158,130,158,129,157,128,156,128,155,128,154,128,153,128,152,128,151,128,150,128,149,128,148,128,147,128,146,128,145,128,144,128,143,128,142,128,141,128,140,128
238,128,238,129,237,130,236,131,236,132,235,133,234,134,234,135,233,136,232,137,232,138,231,139,230,140,230,141,229,142,230,143,230,144,230,145,231,146,231,147,231,148,232,149,233,150,234,150,235,150,236,150,237,151,238,151,239,152,240,152,241,153,242,153,243,154,244,154,245,154,246,154,247,153,248,152,249,152,250,152,251,151,252,150,253,150,254,150,255,149,255,148,255,147,255,146,255,145,255,144,255,143,255,142,255,141,255,140,255,139,255,138,255,137,255,136,255,135,255,134,254,134,253,133,252,133,251,132,250,131,249,130,248,129,247,128,246,128,245,128,244,128,243,128,242,128,241,128,240,128,239,128
209,131,208,132,207,133,206,134,205,135,206,136,206,137,206,138,207,139,207,140,207,141,207,142,207,143,208,144,208,145,208,146,208,147,208,148,208,149,208,150,209,151,210,152,211,153,212,154,213,155,214,156,215,157,216,158,217,159,218,160,219,161,220,161,221,161,222,160,223,159,224,158,225,157,226,156,227,155,228,154,229,153,229,152,230,151,231,150,231,149,230,148,230,147,230,146,229,145,229,144,229,143,228,142,227,141,226,141,225,140,224,140,223,139,222,139,221,138,220,138,219,137,218,136,217,136,216,135,215,134,214,134,213,133,212,133,211,132,210,131
125,134,124,135,123,135,122,135,122,136,122,137,121,138,121,139,121,140,121,141,120,142,120,143,120,144,120,145,120,146,119,147,119,148,119,149,119,150,119,151,120,152,121,153,122,153,123,153,124,153,125,153,126,153,127,153,128,153,129,153,130,153,131,153,132,153,133,153,134,153,135,153,136,153,137,153,138,153,139,153,140,153,140,152,139,151,139,150,139,149,139,148,139,147,138,146,138,145,138,144,138,143,137,142,137,141,137,140,137,139,136,138,136,137,136,136,135,135,135,134,134,134,133,134,132,134,131,134,130,134,129,134,128,134,127,134,126,134
91,136,90,137,89,137,88,137,87,137,86,137,85,138,84,138,83,138,82,138,82,139,83,140,83,141,83,142,83,143,83,144,84,145,84,146,84,147,84,148,84,149,85,150,86,150,87,151,88,152,89,152,90,153,91,154,92,155,93,155,94,156,95,157,96,157,97,156,98,155,99,154,100,153,101,152,102,151,102,150,101,149,101,148,101,147,101,146,101,145,100,144,100,143,100,142,100,141,100,140,100,139,100,138,99,137,99,136,98,136,97,136,96,136,95,136,94,136,93,136,92,136
194,136,193,137,192,137,191,137,190,137,189,137,188,137,187,138,186,138,185,138,184,138,183,138,182,138,181,138,180,138,179,139,178,140,177,141,177,142,176,143,175,144,176,145,177,146,177,147,178,148,178,149,179,150,179,151,180,152,180,153,181,154,181,155,182,156,183,157,183,158,184,158,185,158,186,158,187,158,188,159,189,159,190,159,191,159,192,159,193,159,194,158,195,158,196,157,197,157,198,156,199,155,200,154,201,154,202,153,203,152,204,151,205,151,206,150,207,150,207,149,207,148,207,147,207,146,207,145,207,144,206,143,206,142,206,141,206,140,206,139,205,138,205,137,205,136,204,136,203,136,202,136,201,136,200,136,199,136,198,136,197,136,196,136,195,136
13,139,12,140,11,140,10,140,9,140,8,140,7,140,6,141,5,141,4,141,3,141,2,141,1,142,0,142,0,143,0,144,0,145,0,146,0,147,0,148,0,149,0,150,0,151,0,152,0,153,0,154,0,155,0,156,0,157,0,158,0,159,0,160,0,161,0,162,0,163,0,164,0,165,0,166,0,167,0,168,0,169,0,170,0,171,0,172,1,172,2,172,3,172,4,172,5,171,6,171,7,171,8,171,9,171,10,170,11,169,11,168,11,167,12,166,12,165,12,164,13,163,13,162,13,161,14,160,14,159,14,158,15,157,15,156,15,155,16,154,16,153,17,152,17,151,18,150,18,149,17,148,17,147,17,146,16,145,16,144,15,143,15,142,15,141,14,140
163,143,162,144,161,145,160,146,159,147,158,148,157,149,156,150,155,150,154,151,153,152,152,153,151,154,150,154,149,155,148,156,149,157,150,158,151,158,152,159,153,160,154,160,155,161,156,161,157,162,158,163,159,163,160,164,161,165,162,166,163,167,164,168,165,168,166,169,167,170,168,171,169,172,170,173,171,174,172,175,173,176,174,177,175,178,176,179,177,180,177,181,178,182,179,182,180,181,180,180,180,179,180,178,180,177,180,176,180,175,180,174,180,173,179,172,179,171,180,170,180,169,180,168,180,167,180,166,180,165,180,164,181,163,181,162,182,161,182,160,182,159,182,158,182,157,181,156,180,155,180,154,179,153,179,152,178,151,178,150,177,149,177,148,176,147,176,146,175,145,174,144,173,144,172,144,171,144,170,143,169,143,168,143,167,143,166,143,165,143,164,143
26,148,25,149,24,149,23,149,22,149,21,150,20,150,19,150,19,151,20,152,20,153,21,154,22,155,22,156,23,157,23,158,24,159,25,160,25,161,26,162,27,163,28,164,29,165,29,166,30,167,31,168,32,169,33,169,34,169,35,168,36,168,37,167,36,166,36,165,36,164,36,163,36,162,37,161,37,160,37,159,37,158,37,157,38,156,37,155,36,154,35,153,35,152,34,151,33,150,32,149,31,148,30,148,29,148,28,148,27,148
81,150,80,151,80,152,79,153,78,154,78,155,77,156,76,157,77,157,78,158,79,159,80,160,81,161,82,162,83,163,84,164,85,165,86,166,87,167,87,168,87,169,87,170,87,171,87,172,88,173,89,172,90,172,91,172,92,172,93,172,93,171,93,170,93,169,92,168,92,167,92,166,93,165,93,164,93,163,93,162,94,161,94,160,94,159,95,158,94,157,93,156,92,156,91,155,90,154,89,153,88,153,87,152,86,151,85,151,84,150,83,150,82,150
232,150,231,151,230,152,230,153,229,154,228,155,227,156,226,157,225,158,224,159,223,160,222,161,221,162,220,162,220,163,220,164,220,165,220,166,220,167,220,168,220,169,221,170,221,171,221,172,221,173,221,174,221,175,221,176,222,177,222,178,223,179,224,179,225,179,226,178,227,178,228,177,229,177,230,177,231,176,232,176,233,176,234,176,235,175,236,175,237,175,238,174,239,174,240,173,241,173,242,172,243,171,243,170,244,169,244,168,245,167,245,166,245,165,245,164,245,163,245,162,245,161,245,160,244,159,244,158,244,157,244,156,244,155,243,155,242,154,241,154,240,153,239,153,238,152,237,152,236,151,235,151,234,151,233,151
255,150,254,151,253,151,252,151,251,152,250,153,249,153,248,153,247,154,246,155,245,155,245,156,245,157,245,158,245,159,246,160,246,161,246,162,246,163,246,164,246,165,246,166,246,167,245,168,245,169,244,170,244,171,243,172,243,173,244,173,245,174,246,175,247,176,248,177,249,178,250,179,251,179,252,180,253,179,254,179,255,178,255,177,255,176,255,175,255,174,255,173,255,172,255,171,255,170,255,169,255,168,255,167,255,166,255,165,255,164,255,163,255,162,255,161,255,160,255,159,255,158,255,157,255,156,255,155,255,154,255,153,255,152,255,151
18,151,18,152,17,153,17,154,16,155,16,156,16,157,15,158,15,159,15,160,14,161,14,162,14,163,13,164,13,165,13,166,12,167,12,168,12,169,11,170,11,171,12,172,13,173,14,174,14,175,15,176,16,177,16,178,17,179,18,180,18,181,19,182,20,182,21,182,22,182,23,182,24,181,25,181,26,181,27,181,28,181,29,181,30,180,30,179,30,178,31,177,31,176,31,175,31,174,32,173,32,172,32,171,33,170,32,170,31,169,30,168,29,167,28,166,28,165,27,164,26,163,25,162,24,161,24,160,23,159,22,158,22,157,21,156,21,155,20,154,19,153,19,152
206,151,205,152,204,152,203,153,202,154,201,155,200,155,199,156,198,157,197,158,196,158,195,159,194,159,193,160,192,160,191,161,191,162,190,163,190,164,189,165,189,166,188,167,188,168,188,169,187,170,187,171,187,172,186,173,186,174,185,175,184,176,183,177,182,178,182,179,182,180,182,181,181,182,180,183,179,183,178,183,179,183,180,183,181,183,182,183,183,183,184,183,185,183,186,183,187,184,188,184,189,184,190,183,191,183,192,184,193,184,194,184,195,184,196,184,197,184,198,184,199,184,200,184,201,184,202,184,203,184,204,184,205,184,206,184,207,184,208,184,209,184,210,184,211,184,212,184,213,183,214,183,215,183,216,182,217,182,218,182,219,182,220,182,221,182,222,182,223,182,223,181,224,180,223,180,222,179,221,178,221,177,220,176,220,175,220,174,220,173,220,172,220,171,220,170,219,169,219,168,219,167,219,166,219,165,219,164,219,163,219,162,218,161,217,160,216,159,215,158,214,157,213,156,212,155,211,154,210,153,209,152,208,151,207,151
102,152,101,153,100,154,99,155,98,156,97,157,96,158,95,159,95,160,95,161,94,162,94,163,94,164,94,165,93,166,93,167,93,168,94,169,94,170,94,171,94,172,94,171,95,170,95,169,96,168,97,168,98,168,99,167,100,167,101,167,102,167,103,167,104,167,105,168,106,168,107,168,108,168,109,168,110,168,111,168,112,168,113,169,114,169,115,169,116,169,117,170,118,170,119,170,120,170,121,171,122,171,123,170,123,169,124,168,125,167,125,166,124,165,124,164,124,163,123,162,123,161,123,160,122,159,122,158,122,157,122,156,122,155,121,154,120,153,119,152,118,152,117,152,116,152,115,152,114,152,113,153,112,153,111,153,110,153,109,152,108,152,107,152,106,152,105,152,104,152,103,152
53,153,52,154,51,155,50,155,51,156,51,157,51,158,50,159,50,160,50,161,50,162,50,163,51,164,51,165,51,166,52,167,53,167,54,168,55,168,56,168,57,168,58,168,59,167,60,167,61,167,62,167,63,167,64,167,65,167,66,167,67,168,68,168,69,168,70,167,70,166,70,165,71,164,71,163,71,162,71,161,71,160,71,159,70,158,69,158,68,158,67,158,66,157,65,157,64,156,63,156,62,155,61,155,60,154,59,154,58,153,57,153,56,153,55,153,54,153
122,154,123,155,123,156,123,157,123,158,123,159,124,160,124,161,124,162,125,163,125,164,125,165,126,166,127,165,128,165,129,165,130,165,131,164,132,164,133,164,134,163,135,163,136,162,137,161,138,161,139,160,140,160,141,159,142,159,142,158,142,157,142,156,141,155,140,154,139,154,138,154,137,154,136,154,135,154,134,154,133,154,132,154,131,154,130,154,129,154,128,154,127,154,126,154,125,154,124,154,123,154
145,156,144,157,143,157,143,158,143,159,143,160,144,161,144,162,144,163,145,164,145,165,145,166,146,167,146,168,146,169,147,170,147,171,147,172,148,173,148,174,148,175,148,176,149,177,149,178,150,179,150,180,150,181,150,182,151,183,151,184,151,185,152,186,152,187,153,188,154,188,155,188,156,188,157,188,158,187,159,187,160,187,161,187,162,187,163,187,164,187,165,187,166,187,167,188,168,188,169,188,170,188,171,188,172,188,173,187,174,186,175,185,176,184,176,183,177,182,176,181,176,180,175,179,174,178,173,177,172,176,171,175,170,174,169,173,168,172,167,171,166,170,165,169,164,169,163,168,162,167,161,166,160,165,159,164,158,164,157,163,156,162,155,162,154,161,153,161,152,160,151,159,150,159,149,158,148,157,147,156,146,156
75,158,74,159,73,159,72,160,72,161,72,162,72,163,72,164,71,165,71,166,71,167,70,168,70,169,70,170,70,171,70,172,70,173,70,174,70,175,70,176,70,177,70,178,70,179,70,180,70,181,70,182,70,183,70,184,70,185,71,185,72,185,73,185,74,185,75,185,76,185,77,185,78,185,79,184,80,184,81,184,82,184,83,183,84,183,84,182,85,181,85,180,85,179,86,178,86,177,86,176,86,175,87,174,87,173,86,172,86,171,86,170,86,169,86,168,86,167,85,166,84,165,83,164,82,163,81,162,80,161,79,160,78,159,77,158,76,158
141,160,140,161,139,161,138,162,137,162,136,163,135,164,134,164,133,165,132,165,131,165,130,166,129,166,128,166,127,166,126,167,125,168,124,169,124,170,123,171,123,172,123,173,123,174,123,175,124,176,124,177,124,178,124,179,125,179,126,180,127,180,128,181,129,181,130,181,131,182,132,183,133,183,134,184,135,185,136,185,137,186,138,187,139,188,140,189,141,190,141,191,142,192,143,193,144,193,145,193,146,193,147,192,148,192,149,192,150,191,151,190,152,189,152,188,151,187,151,186,150,185,150,184,150,183,149,182,149,181,149,180,149,179,148,178,148,177,147,176,147,175,147,174,147,173,146,172,146,171,146,170,145,169,145,168,145,167,144,166,144,165,144,164,143,163,143,162,143,161,142,160
40,167,39,168,38,168,37,168,36,169,35,169,34,170,33,171,33,172,33,173,32,174,32,175,32,176,32,177,31,178,31,179,31,180,30,181,31,182,32,183,32,184,33,184,34,184,35,184,36,183,37,183,38,182,39,182,40,182,41,182,42,182,43,182,44,181,45,181,46,181,47,181,48,181,49,181,50,181,51,181,52,181,52,180,53,179,53,178,53,177,53,176,53,175,53,174,53,173,53,172,53,171,53,170,53,169,53,168,52,168,51,167,50,167,49,167,48,167,47,167,46,167,45,167,44,167,43,167,42,167,41,167
59,168,58,169,57,169,56,169,55,169,54,169,54,170,54,171,54,172,54,173,54,174,54,175,54,176,54,177,54,178,54,179,53,180,54,181,54,182,55,183,56,184,56,185,57,186,58,186,59,186,60,186,61,186,62,186,63,186,64,186,65,186,66,186,67,186,68,186,69,185,69,184,69,183,69,182,69,181,69,180,69,179,69,178,69,177,69,176,69,175,69,174,69,173,69,172,69,171,69,170,69,169,68,169,67,169,66,168,65,168,64,168,63,168,62,168,61,168,60,168
99,168,98,169,97,169,96,169,96,170,95,171,95,172,96,173,96,174,97,175,97,176,98,177,98,178,98,179,99,180,99,181,99,182,99,183,99,184,100,185,100,186,100,187,100,188,100,189,101,190,101,191,101,192,101,193,102,194,102,195,102,196,103,197,103,198,104,198,105,198,106,198,107,198,108,198,109,197,109,196,110,195,111,194,112,193,113,192,114,192,115,191,116,191,117,191,117,190,118,189,118,188,119,187,119,186,120,185,120,184,121,183,122,182,122,181,123,180,123,179,123,178,123,177,123,176,122,175,122,174,122,173,122,172,121,172,120,171,119,171,118,171,117,171,116,170,115,170,114,170,113,170,112,169,111,169,110,169,109,169,108,169,107,169,106,169,105,169,104,168,103,168,102,168,101,168,100,168
10,171,9,172,8,172,7,172,6,172,5,172,4,173,3,173,2,173,1,173,0,173,0,174,0,175,0,176,0,177,0,178,0,179,0,180,0,181,0,182,0,183,0,184,0,185,0,186,0,187,0,188,0,189,0,190,0,191,0,192,0,193,0,194,0,195,0,196,0,197,0,198,0,199,1,198,2,198,3,198,4,197,5,197,6,196,7,196,8,195,9,195,10,195,11,194,12,194,12,193,12,192,13,191,13,190,14,189,15,188,15,187,16,186,16,185,17,184,18,183,18,182,17,181,17,180,16,179,15,178,15,177,14,176,13,175,13,174,12,173,11,172
89,173,88,174,87,175,87,176,87,177,87,178,86,179,86,180,86,181,85,182,85,183,85,184,86,185,86,186,86,187,87,188,87,189,87,190,87,191,87,192,87,193,87,194,87,195,87,196,87,197,88,198,89,199,89,200,90,201,90,202,91,203,91,204,91,205,91,206,91,207,91,208,91,209,90,210,91,211,92,212,93,213,94,214,95,215,96,216,97,215,97,214,97,213,97,212,97,211,97,210,97,209,97,208,98,207,98,206,98,205,99,204,99,203,100,202,100,201,101,200,101,199,102,198,102,197,101,196,101,195,101,194,100,193,100,192,100,191,100,190,99,189,99,188,99,187,99,186,99,185,98,184,98,183,98,182,98,181,98,180,97,179,97,178,97,177,96,176,96,175,95,174,95,173,94,173,93,173,92,173,91,173,90,173
242,173,241,174,240,174,239,175,238,175,237,176,236,176,235,176,234,177,233,177,232,177,231,177,230,178,229,178,228,178,227,179,226,179,225,180,224,181,224,182,223,183,224,184,224,185,224,186,224,187,225,188,225,189,225,190,225,191,225,192,225,193,225,194,225,195,225,196,225,197,225,198,226,199,227,199,228,199,229,199,230,199,231,199,232,198,233,198,234,198,235,198,236,197,237,196,238,195,239,195,239,194,240,193,241,192,242,191,242,190,243,189,244,189,245,188,246,187,247,186,248,185,249,185,249,184,250,183,250,182,251,181,251,180,250,180,249,179,248,178,247,177,246,176,245,175,244,174,243,174
124,180,123,181,123,182,122,183,121,184,121,185,120,186,120,187,119,188,119,189,118,190,118,191,119,192,120,193,121,194,122,195,123,196,124,197,125,198,126,199,127,200,128,201,129,202,130,201,131,201,132,200,133,199,134,199,135,198,136,198,137,197,138,196,139,196,140,195,141,195,142,194,142,193,141,192,140,191,140,190,139,189,138,188,137,187,136,186,135,186,134,185,133,184,132,184,131,183,130,182,129,182,128,182,127,181,126,181,125,180
53,181,52,182,51,182,50,182,49,182,48,182,47,182,46,182,45,182,44,182,43,183,42,183,41,183,40,183,39,183,38,183,37,184,36,184,35,185,34,185,33,185,34,186,34,187,35,188,36,189,37,190,38,191,39,192,40,193,41,194,42,194,43,194,44,194,45,193,46,193,47,193,48,193,49,193,50,193,51,193,52,193,53,193,53,192,53,191,54,190,54,189,53,188,53,187,54,186,55,186,55,185,55,184,54,183,53,182
24,182,23,183,22,183,21,183,20,183,19,183,18,184,17,185,17,186,16,187,16,188,15,189,14,190,14,191,13,192,13,193,13,194,14,195,15,196,16,196,17,197,18,197,19,198,20,198,21,198,22,199,23,199,24,199,25,200,26,200,26,199,27,198,28,197,28,196,29,195,29,194,30,193,31,192,31,191,32,190,33,189,33,188,33,187,33,186,32,185,31,184,31,183,30,182,29,182,28,182,27,182,26,182,25,182
216,183,215,184,214,184,213,184,212,185,211,185,210,185,209,185,209,186,209,187,209,188,209,189,209,190,209,191,209,192,209,193,209,194,209,195,209,196,209,197,209,198,209,199,209,200,209,201,209,202,209,203,209,204,210,204,211,205,212,205,213,205,214,205,215,205,216,205,217,205,218,205,219,204,220,204,221,203,222,202,223,201,224,200,225,199,224,198,224,197,224,196,224,195,224,194,224,193,224,192,224,191,224,190,224,189,224,188,223,187,223,186,223,185,223,184,222,183,221,183,220,183,219,183,218,183,217,183
83,184,82,185,81,185,80,185,79,185,78,186,77,186,76,186,75,186,74,186,73,186,72,186,71,186,70,186,70,187,70,188,70,189,70,190,70,191,70,192,70,193,69,194,69,195,69,196,69,197,70,197,71,197,72,197,73,197,74,197,75,197,76,197,77,197,78,197,79,197,80,197,81,197,82,197,83,196,84,196,85,196,86,196,86,195,86,194,86,193,86,192,86,191,86,190,86,189,86,188,85,187,85,186,85,185,84,184
198,185,197,186,196,187,195,188,194,189,193,190,193,191,192,192,192,193,192,194,192,195,192,196,192,197,192,198,192,199,193,200,193,201,194,202,195,203,196,204,197,205,198,205,199,205,200,205,201,206,202,206,203,206,204,205,205,205,206,205,207,204,208,204,208,203,208,202,208,201,208,200,208,199,208,198,208,197,208,196,208,195,208,194,208,193,208,192,208,191,208,190,208,189,208,188,208,187,208,186,208,185,207,185,206,185,205,185,204,185,203,185,202,185,201,185,200,185,199,185
34,188,34,189,33,190,32,191,32,192,31,193,30,194,30,195,29,196,29,197,28,198,27,199,27,200,26,201,27,202,27,203,28,204,28,205,28,206,29,207,30,207,31,207,32,207,33,207,33,206,34,205,35,204,35,203,36,202,37,201,37,200,38,199,38,198,39,197,40,196,41,195,40,194,39,193,38,192,37,191,36,190,35,189
158,188,157,189,156,189,155,189,154,189,153,189,152,190,151,191,150,192,149,193,148,193,147,193,146,194,145,194,144,194,143,194,143,195,144,196,144,197,145,198,145,199,146,200,146,201,146,202,147,203,147,204,148,204,149,205,150,206,151,205,152,205,153,204,154,204,155,204,156,204,157,205,158,205,159,206,160,207,161,208,162,209,163,210,164,211,165,212,166,212,167,211,168,211,169,210,169,209,170,208,171,207,170,206,170,205,169,204,169,203,168,202,168,201,167,200,167,199,167,198,167,197,167,196,167,195,168,194,168,193,168,192,169,191,170,190,170,189,169,189,168,189,167,189,166,188,165,188,164,188,163,188,162,188,161,188,160,188,159,188
177,189,176,190,175,190,174,190,173,190,172,190,171,190,170,191,169,192,169,193,169,194,168,195,168,196,168,197,168,198,168,199,168,200,169,201,169,202,170,203,170,204,171,205,171,206,172,206,173,206,174,207,175,207,176,207,177,207,178,207,179,207,180,207,181,207,182,207,183,207,184,207,185,207,186,206,187,205,188,205,189,204,190,203,191,202,192,201,192,200,191,199,191,198,191,197,191,196,191,195,191,194,191,193,191,192,191,191,190,191,189,190,188,190,187,190,186,189,185,189,184,189,183,189,182,189,181,189,180,189,179,189,178,189
115,192,114,193,113,193,112,194,111,195,110,196,110,197,109,198,110,199,111,200,111,201,112,202,112,203,113,204,113,205,114,206,114,207,115,208,116,208,117,209,118,209,119,209,120,209,121,209,122,208,123,208,124,208,125,208,126,208,127,208,128,208,128,207,128,206,128,205,128,204,128,203,128,202,127,201,126,200,125,199,124,198,123,197,122,196,121,195,120,194,119,193,118,192,117,192,116,192
45,194,44,195,43,195,42,195,41,196,40,197,39,198,39,199,38,200,38,201,37,202,36,203,36,204,35,205,34,206,34,207,33,208,34,209,35,210,36,211,37,212,38,213,39,213,40,214,41,215,42,215,43,215,44,215,45,214,46,214,47,214,48,214,49,213,50,213,51,213,51,212,52,211,53,210,53,209,54,208,54,207,53,206,53,205,53,204,53,203,53,202,54,201,54,200,54,199,54,198,54,197,53,196,53,195,53,194,52,194,51,194,50,194,49,194,48,194,47,194,46,194
11,195,10,196,9,196,8,196,7,197,6,197,5,198,4,198,3,199,2,199,1,199,0,200,0,201,0,202,0,203,0,204,0,205,0,206,0,207,0,208,0,209,0,210,0,211,0,212,1,212,2,212,3,212,4,212,5,212,6,212,7,213,8,213,9,213,10,213,11,213,12,214,13,214,14,214,15,214,16,214,17,215,18,215,19,214,20,214,21,213,22,212,23,212,24,211,25,210,26,209,27,209,28,208,28,207,27,206,27,205,27,204,26,203,26,202,25,201,24,200,23,200,22,200,21,199,20,199,19,199,18,198,17,198,16,197,15,197,14,196,13,195,12,195
142,195,141,196,140,196,139,197,138,197,137,198,136,199,135,199,134,200,133,200,132,201,131,202,130,202,129,203,129,204,129,205,129,206,129,207,129,208,130,209,131,210,132,211,133,212,134,213,135,213,136,213,137,212,138,211,139,210,140,209,141,208,142,207,143,206,144,205,145,204,146,203,145,202,145,201,145,200,144,199,144,198,143,197,143,196
83,197,82,198,81,198,80,198,79,198,78,198,77,198,76,198,75,198,74,198,73,198,72,198,71,198,70,198,69,198,69,199,69,200,68,201,68,202,67,203,67,204,66,205,65,206,65,207,65,208,66,209,67,210,68,211,68,212,69,213,69,214,70,214,71,214,72,214,73,214,74,214,75,214,76,214,77,214,78,214,79,213,80,213,81,213,82,213,83,213,84,212,85,212,86,212,87,212,88,211,89,210,90,209,90,208,90,207,90,206,90,205,90,204,90,203,89,202,89,201,88,200,88,199,87,198,86,197,85,197,84,197
102,199,102,200,101,201,101,202,100,203,100,204,99,205,99,206,99,207,98,208,98,209,98,210,98,211,98,212,98,213,98,214,98,215,98,216,99,217,100,217,101,218,102,219,102,220,103,220,104,219,105,219,106,218,107,217,108,216,109,215,110,214,111,213,111,212,112,211,113,210,114,209,114,208,113,207,113,206,112,205,112,204,111,203,111,202,110,201,110,200,109,199,108,199,107,199,106,199,105,199,104,199,103,199
241,200,240,201,239,201,238,201,237,201,236,201,235,201,234,201,233,202,232,202,231,203,230,203,229,203,228,204,227,204,226,204,225,204,224,205,223,206,222,206,221,207,220,208,219,209,218,210,218,211,217,212,217,213,216,214,216,215,216,216,216,217,217,218,218,218,219,219,220,220,221,220,222,221,223,222,224,222,225,223,226,224,227,224,228,225,229,226,230,226,231,227,232,227,233,226,234,226,235,225,236,225,237,225,238,224,239,223,239,222,239,221,239,220,239,219,239,218,239,217,239,216,239,215,240,214,240,213,241,212,242,211,243,211,244,210,244,209,245,208,245,207,246,206,247,205,246,204,246,203,245,202,244,201,243,201,242,201
146,204,145,205,144,206,143,207,142,208,141,209,140,210,139,211,138,212,137,213,136,214,135,214,136,215,136,216,136,217,136,218,136,219,137,220,137,221,137,222,138,223,139,224,140,225,141,226,142,226,143,226,144,226,145,226,146,226,147,226,148,226,149,225,150,225,151,224,152,223,152,222,152,221,152,220,152,219,152,218,152,217,152,216,152,215,152,214,152,213,152,212,152,211,151,210,151,209,151,208,150,207,149,206,148,205,147,205
153,205,152,206,151,206,151,207,152,208,152,209,152,210,153,211,153,212,153,213,153,214,153,215,153,216,153,217,153,218,153,219,153,220,153,221,153,222,153,223,152,224,153,224,154,225,155,225,156,225,157,225,158,225,159,225,160,225,161,225,162,224,162,223,163,222,163,221,164,220,164,219,164,218,164,217,164,216,164,215,164,214,164,213,164,212,163,211,162,210,161,209,160,208,159,207,158,206,157,206,156,205,155,205,154,205
29,208,28,209,27,210,26,210,25,211,24,212,23,213,22,213,21,214,20,215,19,215,19,216,19,217,20,218,20,219,21,220,21,221,21,222,22,223,22,224,23,225,23,226,24,227,24,228,25,229,26,229,27,229,28,229,29,229,30,229,31,230,32,230,33,230,34,231,35,231,36,231,37,232,38,231,39,230,40,229,41,228,41,227,42,226,42,225,43,224,43,223,44,222,45,221,44,221,43,220,42,219,41,218,41,217,41,216,40,215,39,214,38,214,37,213,36,212,35,211,34,210,33,209,32,208,31,208,30,208
178,208,177,209,177,210,176,211,176,212,175,213,175,214,174,215,174,216,174,217,175,218,175,219,176,220,176,221,177,222,178,222,179,222,180,222,181,221,182,221,183,221,184,221,185,220,186,220,187,220,187,219,188,218,188,217,188,216,189,215,189,214,188,213,188,212,187,211,186,210,185,209,185,208,184,208,183,208,182,208,181,208,180,208,179,208
115,209,114,210,113,211,112,212,112,213,111,214,110,215,109,216,108,217,107,218,106,219,105,220,104,220,103,221,102,221,102,222,103,222,104,223,105,224,106,224,107,225,108,225,109,226,110,226,111,227,112,227,113,228,114,229,115,229,116,229,117,229,118,229,119,228,120,228,121,228,122,228,123,228,124,227,125,227,126,227,127,226,128,226,129,226,130,225,131,225,132,225,133,224,134,224,135,224,136,223,136,222,136,221,136,220,135,219,135,218,135,217,135,216,135,215,134,214,133,213,132,212,131,211,130,210,129,209,128,209,127,209,126,209,125,209,124,209,123,209,122,209,121,210,120,210,119,210,118,210,117,210,116,209
0,213,0,214,0,215,0,216,0,217,0,218,0,219,0,220,0,221,0,222,0,223,0,224,0,225,0,226,0,227,0,228,0,229,0,230,0,231,0,232,0,233,0,234,0,235,0,236,0,237,0,238,0,239,1,239,2,239,3,240,4,240,5,240,6,241,7,241,8,242,9,243,10,244,11,245,11,246,12,247,13,247,14,247,15,247,16,247,17,247,18,246,19,246,20,246,21,245,21,244,21,243,21,242,21,241,22,240,22,239,22,238,22,237,22,236,22,235,23,234,23,233,23,232,24,231,24,230,24,229,23,228,23,227,22,226,22,225,21,224,21,223,20,222,20,221,20,220,19,219,19,218,18,217,18,216,17,216,16,215,15,215,14,215,13,215,12,215,11,214,10,214,9,214,8,214,7,214,6,213,5,213,4,213,3,213,2,213,1,213
69,215,69,216,68,217,67,218,66,219,65,220,64,221,64,222,63,223,63,224,63,225,63,226,64,227,64,228,64,229,64,230,64,231,64,232,65,233,65,234,65,235,66,236,67,237,68,237,69,237,70,237,71,237,72,237,73,237,74,237,75,236,76,236,77,236,78,235,78,234,79,233,79,232,80,231,81,230,81,229,80,228,80,227,79,226,78,225,78,224,77,223,76,222,76,221,75,220,74,219,73,218,72,217,71,216,70,215
213,218,212,219,211,219,210,219,209,220,208,220,207,221,206,221,205,222,204,223,204,224,204,225,204,226,204,227,204,228,204,229,203,230,203,231,204,232,204,233,205,234,206,235,206,236,207,237,207,238,208,239,208,240,209,241,209,242,210,243,211,243,212,244,213,244,214,245,215,245,216,246,217,246,218,247,219,248,220,249,220,248,221,247,222,246,223,245,224,244,224,243,225,242,226,241,226,240,227,239,227,238,228,237,228,236,228,235,229,234,229,233,229,232,230,231,230,230,230,229,230,228,230,227,229,227,228,226,227,225,226,225,225,224,224,223,223,223,222,222,221,221,220,221,219,220,218,219,217,219,216,218,215,218,214,218
49,219,48,220,47,220,47,221,48,222,49,223,49,224,50,225,51,226,51,227,52,228,52,229,53,230,53,231,54,232,55,233,55,234,56,235,57,235,58,235,59,235,60,235,61,236,62,236,63,237,64,237,65,237,65,236,64,235,64,234,64,233,63,232,63,231,63,230,63,229,63,228,63,227,62,226,62,225,62,224,62,223,61,223,60,222,59,222,58,221,57,220,56,220,55,219,54,219,53,219,52,219,51,219,50,219
46,221,45,222,44,223,44,224,43,225,43,226,42,227,42,228,41,229,40,230,41,231,42,231,43,232,44,232,45,233,46,234,47,234,48,235,49,236,50,237,51,238,52,238,53,238,54,237,54,236,55,235,54,234,54,233,53,232,52,231,52,230,51,229,51,228,50,227,50,226,49,225,48,224,48,223,47,222
185,221,184,222,183,222,182,222,181,222,180,223,179,223,178,223,177,224,176,225,176,226,176,227,176,228,176,229,176,230,176,231,176,232,176,233,176,234,176,235,176,236,177,237,177,238,177,239,177,240,178,240,179,240,180,240,181,240,182,240,183,239,184,239,185,238,186,237,187,237,188,236,188,235,189,234,190,233,190,232,190,231,190,230,190,229,190,228,190,227,190,226,190,225,190,224,190,223,190,222,189,222,188,222,187,221,186,221
194,221,193,222,192,222,191,222,191,223,191,224,191,225,191,226,191,227,191,228,191,229,191,230,191,231,191,232,192,233,193,233,194,233,195,234,196,234,197,234,198,234,199,233,200,233,201,232,202,232,202,231,202,230,203,229,203,228,203,227,203,226,203,225,203,224,203,223,202,222,201,221,200,221,199,221,198,221,197,221,196,221,195,221
102,223,102,224,101,225,100,226,100,227,100,228,99,229,99,230,99,231,98,232,98,233,97,234,97,235,97,236,97,237,96,238,97,239,97,240,97,241,98,242,99,243,99,244,100,245,100,246,100,247,101,248,100,249,101,248,102,248,103,247,104,247,105,247,106,246,107,246,108,246,109,245,110,245,111,244,112,243,113,243,112,242,112,241,112,240,112,239,112,238,112,237,112,236,112,235,112,234,112,233,113,232,113,231,113,230,113,229,112,228,111,228,110,227,109,227,108,226,107,226,106,225,105,225,104,224,103,223
137,223,136,224,135,225,134,225,133,225,132,226,131,226,130,226,129,227,128,227,127,227,126,228,125,228,124,228,123,229,122,229,121,229,120,229,119,229,118,230,117,230,116,230,115,230,114,230,114,231,114,232,113,233,113,234,113,235,113,236,113,237,113,238,113,239,113,240,113,241,113,242,114,243,115,243,116,243,117,243,118,243,119,243,120,243,121,243,122,243,123,243,124,243,125,243,126,243,127,243,128,243,129,243,130,243,131,243,132,243,133,243,134,243,135,243,136,243,137,242,138,242,139,241,140,241,141,240,141,239,142,238,142,237,142,236,142,235,141,234,141,233,141,232,141,231,140,230,140,229,140,228,140,227,140,226,139,225,138,224
170,225,169,226,168,226,167,226,166,227,165,227,164,228,163,229,162,230,162,231,161,232,161,233,160,234,160,235,159,236,159,237,158,238,158,239,157,240,157,241,157,242,156,243,156,244,156,245,156,246,156,247,156,248,156,249,157,250,157,251,157,252,158,253,159,254,160,254,161,254,162,254,163,254,164,254,165,253,166,252,167,252,168,251,169,250,170,249,171,248,172,247,173,247,173,246,174,245,175,244,175,243,176,242,176,241,176,240,176,239,176,238,176,237,175,236,175,235,175,234,175,233,175,232,175,231,175,230,175,229,175,228,175,227,175,226,175,225,174,225,173,225,172,225,171,225
238,225,237,226,236,226,235,226,234,227,233,227,232,228,231,228,231,229,231,230,231,231,230,232,230,233,230,234,229,235,229,236,229,237,228,238,228,239,227,240,227,241,226,242,225,243,225,244,224,245,223,246,222,247,221,248,221,249,221,250,221,251,221,252,221,253,221,254,221,255,222,255,223,255,224,255,225,255,226,255,227,255,228,255,229,255,230,255,231,255,232,255,233,255,234,255,235,255,236,255,237,255,238,255,239,255,240,255,241,255,242,255,243,255,244,255,245,255,246,255,247,255,248,255,249,255,249,254,249,253,248,252,248,251,248,250,247,249,247,248,247,247,247,246,247,245,247,244,247,243,247,242,247,241,247,240,247,239,247,238,247,237,247,236,247,235,247,234,247,233,247,232,246,231,245,230,244,229,243,228,242,227,241,227,240,226,239,226
25,230,25,231,24,232,24,233,24,234,23,235,23,236,23,237,23,238,23,239,23,240,22,241,22,242,22,243,22,244,22,245,23,245,24,246,25,247,26,248,27,249,28,249,29,248,30,248,31,248,32,247,33,247,34,247,35,246,36,246,36,245,36,244,36,243,36,242,36,241,36,240,36,239,36,238,36,237,36,236,36,235,36,234,37,233,36,232,35,232,34,232,33,231,32,231,31,231,30,230,29,230,28,230,27,230,26,230
253,230,252,231,251,232,250,232,249,232,248,232,248,233,248,234,248,235,248,236,248,237,248,238,248,239,248,240,248,241,248,242,248,243,248,244,248,245,248,246,248,247,248,248,248,249,249,250,249,251,249,252,250,253,250,254,250,255,251,255,252,255,253,255,254,255,255,254,255,253,255,252,255,251,255,250,255,249,255,248,255,247,255,246,255,245,255,244,255,243,255,242,255,241,255,240,255,239,255,238,255,237,255,236,255,235,255,234,255,233,255,232,255,231,254,230
39,231,38,232,38,233,37,234,37,235,37,236,37,237,37,238,37,239,37,240,37,241,37,242,37,243,37,244,37,245,37,246,38,246,39,247,40,248,41,249,42,249,43,250,44,249,45,248,46,248,47,247,48,246,49,246,50,245,51,245,52,245,52,244,52,243,52,242,52,241,52,240,52,239,51,239,50,238,49,237,48,236,47,235,46,235,45,234,44,233,43,233,42,232,41,232,40,231
203,232,202,233,201,233,200,234,199,234,198,235,197,235,196,235,195,235,194,234,193,234,192,234,191,233,190,234,189,235,189,236,188,237,187,238,186,238,185,239,184,240,183,240,183,241,184,241,185,242,186,243,187,244,188,245,188,246,189,247,189,248,189,249,189,250,188,251,189,250,190,250,191,250,192,250,193,249,194,249,195,249,196,249,197,249,198,248,199,248,200,247,201,247,202,246,203,246,204,245,205,245,206,244,207,244,208,243,208,242,208,241,207,240,207,239,206,238,206,237,205,236,205,235,204,234,203,233
78,238,78,239,77,240,76,241,75,242,75,243,74,244,74,245,73,246,73,247,73,248,73,249,73,250,74,251,74,252,75,253,75,254,76,254,77,255,78,255,79,255,80,255,81,255,82,255,83,255,84,255,85,255,86,255,87,255,88,254,89,253,90,252,91,251,92,250,92,249,92,248,92,247,91,246,91,245,91,244,91,243,91,242,90,242,89,241,88,241,87,240,86,240,85,239,84,239,83,239,82,238,81,238,80,238,79,238
142,239,142,240,141,241,140,242,139,242,139,243,139,244,138,245,138,246,138,247,138,248,137,249,137,250,137,251,137,252,137,253,137,254,137,255,138,255,139,255,140,255,141,255,142,255,143,255,144,255,145,255,146,255,147,255,148,255,149,255,150,255,151,255,152,255,153,255,154,255,155,254,155,253,155,252,155,251,154,250,154,249,154,248,153,247,152,246,151,245,150,244,149,243,148,243,147,242,146,241,145,241,144,241,143,240
0,240,0,241,0,242,0,243,0,244,0,245,0,246,0,247,0,248,0,249,0,250,0,251,0,252,0,253,0,254,0,255,1,255,2,255,3,255,4,255,5,255,6,255,7,255,8,255,9,255,9,254,10,253,10,252,10,251,10,250,11,249,11,248,11,247,10,246,10,245,9,244,8,243,7,242,6,242,5,241,4,241,3,241,2,240,1,240
177,241,177,242,177,243,176,244,175,245,174,246,174,247,174,248,174,249,174,250,174,251,174,252,174,253,175,254,175,255,176,255,177,255,178,255,179,255,180,255,181,255,182,255,183,255,184,255,185,255,186,255,187,254,187,253,187,252,187,251,188,250,188,249,188,248,188,247,187,246,187,245,186,244,185,243,184,242,183,242,182,241,181,241,180,241,179,241,178,241
137,243,136,244,135,244,134,244,133,244,132,244,131,244,130,244,129,244,128,244,127,244,126,244,125,244,124,244,123,244,122,244,121,244,120,244,119,244,118,244,117,244,116,244,115,244,114,244,113,244,112,244,111,245,110,246,109,246,108,247,107,247,106,247,105,248,104,248,103,248,102,249,101,249,100,250,99,251,98,252,97,252,97,253,98,254,99,255,100,255,101,255,102,255,103,255,104,255,105,255,106,255,107,255,108,255,109,255,110,255,111,255,112,255,113,255,114,255,115,255,116,255,117,255,118,255,119,255,120,255,121,255,122,255,123,255,124,255,125,255,126,255,127,255,128,255,129,255,130,255,131,255,132,255,133,255,134,255,135,255,136,255,136,254,136,253,136,252,136,251,136,250,136,249,137,248,137,247,137,246,137,245,138,244,138,243
209,243,208,244,207,245,206,245,205,246,204,246,203,247,202,247,201,248,200,248,199,249,198,249,197,250,196,250,195,250,194,250,193,250,192,251,191,251,190,251,189,251,188,252,188,253,188,254,187,255,188,255,189,255,190,255,191,255,192,255,193,255,194,255,195,255,196,255,197,255,198,255,199,255,200,255,201,255,202,255,203,255,204,255,205,255,206,255,207,255,208,255,209,255,210,255,211,255,212,255,213,255,214,255,215,255,216,255,217,255,218,255,219,255,220,255,220,254,220,253,220,252,220,251,220,250,219,249,218,248,217,247,216,247,215,246,214,246,213,245,212,245,211,244,210,244
62,244,61,245,60,245,59,246,58,246,57,246,56,247,55,247,55,248,55,249,55,250,55,251,55,252,55,253,55,254,55,255,56,255,57,255,58,255,59,255,60,255,61,255,62,255,63,255,64,255,65,255,66,255,67,255,67,254,68,253,68,252,68,251,68,250,68,249,67,248,67,247,66,246,65,245,64,244,63,244
21,246,20,247,19,247,18,247,17,248,16,248,15,248,14,248,13,248,12,248,12,249,11,250,11,251,11,252,11,253,10,254,10,255,11,255,12,255,13,255,14,255,15,255,16,255,17,255,18,255,19,255,20,255,21,255,22,255,23,255,24,255,25,255,26,255,26,254,26,253,26,252,26,251,26,250,26,249,25,248,24,247,23,246,22,246
50,246,49,247,48,247,47,248,46,249,45,249,44,250,43,251,43,252,43,253,43,254,43,255,44,255,45,255,46,255,47,255,48,255,49,255,50,255,51,255,52,255,53,255,54,255,54,254,54,253,54,252,54,251,54,250,54,249,54,248,54,247,53,246,52,246,51,246
35,247,34,248,33,248,32,248,31,249,30,249,29,249,28,250,27,250,27,251,27,252,27,253,27,254,27,255,28,255,29,255,30,255,31,255,32,255,33,255,34,255,35,255,36,255,37,255,38,255,39,255,40,255,41,255,42,255,42,254,42,253,42,252,42,251,42,250,41,250,40,249,39,248,38,247,37,247,36,247
