58,0,57,1,56,1,56,2,57,3,57,4,57,5,58,6,58,7,59,8,60,9,61,10,61,11,62,12,63,13,64,14,64,15,65,16,65,17,65,18,65,19,65,20,66,21,66,22,66,23,67,24,67,25,68,26,68,27,69,28,70,29,70,30,71,31,71,32,72,33,73,34,74,34,75,34,76,33,77,33,78,32,79,31,79,30,80,29,81,28,81,27,81,26,81,25,81,24,81,23,81,22,82,21,83,20,83,19,84,18,85,17,86,16,86,15,87,14,88,13,88,12,89,11,89,10,90,9,90,8,91,7,91,6,92,5,92,4,92,3,93,2,92,2,91,1,90,1,89,0,88,0,87,0,86,0,85,0,84,0,83,0,82,0,81,0,80,0,79,0,78,0,77,0,76,0,75,0,74,0,73,0,72,0,71,0,70,0,69,0,68,0,67,0,66,0,65,0,64,0,63,0,62,0,61,0,60,0,59,0
96,0,95,1,94,2,95,3,96,3,97,4,98,4,99,4,100,5,101,5,102,5,103,6,104,6,105,6,106,6,107,7,108,7,109,7,110,7,111,7,112,7,113,7,114,7,115,8,116,8,117,8,117,7,118,6,118,5,119,4,119,3,119,2,119,1,118,1,117,0,116,0,115,0,114,0,113,0,112,0,111,0,110,0,109,0,108,0,107,0,106,0,105,0,104,0,103,0,102,0,101,0,100,0,99,0,98,0,97,0
122,0,121,1,120,1,120,2,120,3,120,4,119,5,119,6,119,7,119,8,119,9,119,10,120,11,120,12,121,13,122,14,123,15,123,16,124,17,125,18,126,19,127,20,128,20,129,21,130,22,131,22,132,22,133,22,134,21,135,21,136,21,137,21,138,20,139,20,139,19,140,18,141,17,141,16,141,15,142,14,142,13,142,12,143,11,143,10,143,9,143,8,144,7,144,6,144,5,144,4,144,3,144,2,145,1,144,1,143,0,142,0,141,0,140,0,139,0,138,0,137,0,136,0,135,0,134,0,133,0,132,0,131,0,130,0,129,0,128,0,127,0,126,0,125,0,124,0,123,0
147,0,146,1,145,2,145,3,145,4,145,5,145,6,145,7,144,8,144,9,144,10,144,11,143,12,143,13,143,14,142,15,142,16,142,17,141,18,141,19,142,20,142,21,143,22,144,22,145,23,146,24,147,24,148,25,149,26,150,26,151,26,152,26,153,27,154,27,155,27,156,27,157,27,158,27,159,28,160,28,161,29,162,29,163,30,164,29,165,30,166,30,167,29,168,29,169,28,170,28,169,27,169,26,169,25,169,24,169,23,169,22,169,21,169,20,169,19,169,18,169,17,169,16,168,15,168,14,168,13,167,12,167,11,167,10,167,9,167,8,167,7,167,6,167,5,167,4,167,3,167,2,167,1,166,1,165,0,164,0,163,0,162,0,161,0,160,0,159,0,158,0,157,0,156,0,155,0,154,0,153,0,152,0,151,0,150,0,149,0,148,0
169,0,168,1,168,2,168,3,168,4,168,5,168,6,168,7,168,8,168,9,168,10,168,11,168,12,169,13,169,14,169,15,170,16,170,17,170,18,170,19,170,20,170,21,171,20,172,19,173,19,174,18,175,18,176,18,177,18,178,17,179,17,180,17,181,17,182,17,183,16,184,15,185,14,186,13,187,12,188,11,188,10,187,9,187,8,187,7,187,6,187,5,187,4,187,3,187,2,188,1,187,1,186,0,185,0,184,0,183,0,182,0,181,0,180,0,179,0,178,0,177,0,176,0,175,0,174,0,173,0,172,0,171,0,170,0
191,0,190,1,189,1,188,2,188,3,188,4,188,5,188,6,188,7,188,8,188,9,189,9,190,10,189,11,190,11,191,10,192,10,193,11,194,10,195,10,196,10,197,9,198,9,199,8,200,8,200,7,200,6,200,5,200,4,201,3,201,2,201,1,200,1,199,0,198,0,197,0,196,0,195,0,194,0,193,0,192,0
205,0,204,1,203,1,202,1,202,2,202,3,201,4,201,5,201,6,201,7,201,8,201,9,202,10,203,11,203,12,204,13,204,14,205,15,205,16,206,17,207,18,207,19,208,20,209,20,210,21,209,22,210,22,211,21,212,21,213,20,214,20,215,19,215,18,216,17,216,16,216,15,216,14,217,13,217,12,217,11,218,10,218,9,218,8,218,7,219,6,219,5,219,4,220,3,220,2,220,1,219,0,218,0,217,0,216,0,215,0,214,0,213,0,212,0,211,0,210,0,209,0,208,0,207,0,206,0
223,0,222,1,221,1,221,2,221,3,220,4,220,5,220,6,219,7,219,8,219,9,219,10,218,11,218,12,218,13,217,14,217,15,217,16,217,17,216,18,216,19,217,19,218,19,219,19,220,19,221,19,222,19,223,19,224,19,225,19,226,18,227,18,228,18,229,18,230,17,231,17,232,16,233,16,234,16,235,16,234,16,233,15,233,14,233,13,232,12,232,11,232,10,231,9,231,8,230,7,230,6,229,5,229,4,229,3,228,2,228,1,227,0,226,0,225,0,224,0
232,0,231,1,230,1,229,1,229,2,230,3,230,4,230,5,231,6,231,7,232,8,232,9,233,10,233,11,233,12,234,13,234,14,234,15,235,15,236,16,237,16,238,16,238,15,239,14,239,13,239,12,240,11,240,10,241,9,241,8,242,7,242,6,243,5,243,4,243,3,244,2,244,1,243,1,242,0,241,0,240,0,239,0,238,0,237,0,236,0,235,0,234,0,233,0
247,0,246,1,245,1,245,2,244,3,244,4,244,5,243,6,244,7,243,8,243,9,242,10,242,11,241,12,241,13,240,14,239,15,239,16,239,17,239,18,240,19,241,19,242,20,243,21,244,21,245,22,246,22,247,23,248,23,249,24,250,24,251,25,252,25,253,26,254,26,255,25,255,24,255,23,255,22,255,21,255,20,255,19,255,18,255,17,255,16,255,15,255,14,255,13,255,12,255,11,255,10,255,9,255,8,255,7,255,6,255,5,255,4,255,3,255,2,255,1,254,0,253,0,252,0,251,0,250,0,249,0,248,0
93,3,93,4,93,5,92,6,92,7,91,8,91,9,90,10,90,11,89,12,89,13,88,14,87,15,87,16,86,17,85,18,84,19,84,20,83,21,82,22,82,23,82,24,82,25,82,26,82,27,83,27,84,26,85,26,86,26,87,25,88,25,89,25,90,24,91,24,92,24,93,24,94,23,95,23,96,23,97,23,98,23,99,23,100,22,101,22,102,22,103,22,104,22,105,21,106,21,107,21,108,21,109,20,110,20,111,20,112,20,113,20,114,20,115,20,116,20,117,19,117,18,118,17,118,16,119,15,118,14,118,13,118,12,118,11,118,10,118,9,117,9,116,9,115,9,114,8,113,8,112,8,111,8,110,8,109,8,108,8,107,8,106,7,105,7,104,7,103,7,102,6,101,6,100,6,99,5,98,5,97,5,96,4,95,4,94,3
199,9,198,10,197,10,196,11,195,11,194,11,193,12,192,12,191,12,190,12,189,12,188,12,187,13,186,14,185,15,184,16,183,17,184,18,184,19,184,20,184,21,185,22,185,23,185,24,185,25,186,26,186,27,186,28,186,29,186,30,187,31,187,32,187,33,188,33,189,33,190,32,191,33,192,32,193,32,194,32,195,31,196,31,197,31,198,30,199,30,200,29,201,29,202,28,203,28,204,27,205,27,206,26,207,26,208,25,208,24,209,23,208,22,208,21,207,20,206,19,206,18,205,17,204,16,204,15,203,14,203,13,202,12,202,11,201,10,200,9
13,12,12,13,11,13,10,13,9,14,8,15,8,16,7,17,7,18,7,19,7,20,7,21,6,22,6,23,6,24,6,25,6,26,6,27,6,28,6,29,6,30,6,31,7,32,7,33,8,34,7,35,7,36,7,37,8,38,8,39,8,40,8,41,8,42,9,43,9,44,10,44,11,45,12,45,13,44,14,43,15,42,16,41,17,40,18,39,19,38,20,37,20,36,21,35,22,35,23,34,22,33,23,32,22,31,22,30,23,29,22,28,22,27,22,26,22,25,21,24,21,23,21,22,21,21,20,20,20,19,20,18,19,17,18,16,18,15,17,14,16,14,15,13,14,13
232,17,231,18,230,18,229,19,228,19,227,19,226,19,225,20,224,20,223,20,222,20,221,20,220,20,219,20,218,20,217,20,216,20,215,20,214,21,213,21,212,22,211,22,210,23,209,24,209,25,210,26,211,27,212,28,212,29,213,30,214,31,215,32,216,33,216,34,217,35,218,36,218,37,219,37,220,37,221,37,222,37,223,37,224,37,225,37,226,36,227,36,228,36,229,36,229,35,230,34,230,33,231,32,231,31,232,30,232,29,232,28,233,27,233,26,234,25,234,24,234,23,235,22,235,21,236,20,237,19,238,18,238,17,237,17,236,17,235,17,234,17,233,17
178,18,177,19,176,19,175,19,174,19,173,20,172,20,171,21,170,22,170,23,170,24,170,25,170,26,170,27,171,28,172,29,173,29,174,30,175,31,176,31,177,32,178,32,179,32,180,32,181,32,182,32,183,32,184,32,185,32,186,32,186,31,185,30,185,29,185,28,185,27,185,26,184,25,184,24,184,23,184,22,183,21,183,20,183,19,183,18,182,18,181,18,180,18,179,18
238,19,237,20,236,21,236,22,235,23,235,24,235,25,234,26,234,27,233,28,233,29,233,30,232,31,232,32,231,33,231,34,230,35,230,36,230,37,230,38,231,39,232,40,233,41,234,42,234,43,235,44,236,45,237,46,238,46,239,45,240,45,241,44,242,43,243,43,244,42,245,42,246,41,247,40,248,40,249,39,250,39,251,38,252,37,253,37,254,37,255,36,255,35,255,34,255,33,255,32,255,31,254,30,254,29,254,28,254,27,253,27,252,26,251,26,250,25,249,25,248,24,247,24,246,23,245,23,244,22,243,22,242,21,241,20,240,20,239,19
117,20,116,21,115,22,115,23,115,24,114,25,114,26,113,27,113,28,112,29,112,30,111,31,111,32,111,33,110,34,110,35,110,36,110,37,110,38,111,39,111,40,112,41,112,42,113,43,114,44,114,45,115,46,116,46,117,45,118,45,119,45,120,45,121,46,122,46,123,46,124,47,125,46,126,46,127,45,128,44,129,43,130,42,131,42,132,41,133,41,134,40,134,39,134,38,135,37,135,36,135,35,136,34,135,33,135,32,135,31,134,30,134,29,134,28,133,27,132,26,132,25,131,24,131,23,130,23,129,22,128,21,127,21,126,20,125,20,124,20,123,20,122,20,121,20,120,20,119,20,118,20
109,21,108,22,107,22,106,22,105,22,104,23,103,23,102,23,101,23,100,23,99,24,98,24,97,24,96,24,95,24,94,24,93,25,92,25,91,25,90,25,89,26,88,26,87,26,86,27,85,27,84,27,83,28,82,28,81,29,80,30,80,31,79,32,78,33,77,34,76,34,76,35,77,36,78,36,79,36,80,36,81,36,82,36,83,36,84,37,85,37,86,37,87,37,88,38,89,38,90,38,91,39,92,39,93,40,94,40,95,41,96,41,97,42,98,41,99,41,100,40,101,40,102,39,103,38,104,38,105,37,106,37,107,36,108,36,108,35,108,34,109,33,110,33,110,32,110,31,111,30,111,29,112,28,112,27,113,26,113,25,114,24,114,23,114,22,115,21,114,21,113,21,112,21,111,21,110,21
138,21,137,22,136,22,135,22,134,22,133,23,132,23,132,24,133,25,133,26,134,27,135,28,135,29,135,30,136,31,136,32,136,33,137,33,138,33,139,33,140,32,141,32,142,32,143,31,144,31,145,31,146,30,147,29,148,29,149,28,150,27,149,27,148,26,147,25,146,25,145,24,144,23,143,23,142,22,141,21,140,21,139,21
58,23,57,24,56,24,56,25,55,26,55,27,54,28,54,29,54,30,54,31,55,32,55,33,55,34,55,35,56,36,56,37,57,37,58,38,59,38,60,39,61,39,62,40,63,40,64,40,65,40,66,39,67,39,68,39,69,38,69,37,70,36,71,35,72,35,72,34,71,33,70,32,70,31,69,30,69,29,68,28,67,27,67,26,66,25,65,24,64,23,63,23,62,23,61,23,60,23,59,23
32,26,31,27,31,28,31,29,31,30,30,31,31,32,31,33,31,34,31,35,31,36,31,37,31,38,32,39,33,40,34,41,35,42,36,42,37,42,38,42,39,42,40,42,41,41,42,41,43,40,44,39,44,38,44,37,44,36,44,35,44,34,44,33,44,32,44,31,44,30,43,29,42,28,41,27,40,27,39,26,38,26,37,26,36,26,35,26,34,26,33,26
208,26,207,27,206,27,205,28,204,28,203,29,202,29,201,30,200,30,199,31,198,31,197,32,196,32,195,32,194,33,193,33,192,33,191,34,190,34,189,34,189,35,189,36,189,37,189,38,189,39,188,40,188,41,188,42,188,43,188,44,188,45,188,46,188,47,188,48,188,49,187,50,188,51,188,52,189,52,190,52,191,52,192,53,193,53,194,53,195,53,196,53,197,53,198,53,199,53,200,52,201,52,202,51,203,50,204,50,205,49,206,48,207,48,208,47,209,47,210,46,211,46,212,46,213,46,214,46,215,45,215,44,216,43,216,42,217,41,217,40,218,39,218,38,217,37,217,36,216,35,215,34,215,33,214,32,213,31,212,30,211,29,211,28,210,27,209,26
151,27,150,28,149,29,148,30,147,30,146,31,145,32,144,32,143,32,142,33,141,33,140,33,139,34,138,34,137,34,136,35,136,36,136,37,135,38,135,39,135,40,135,41,135,42,136,43,136,44,137,45,137,46,138,47,138,48,139,49,140,50,140,51,141,52,141,53,142,54,142,55,143,56,143,57,144,58,144,59,145,60,145,61,146,62,147,62,148,62,149,62,150,62,151,62,152,62,153,62,153,61,154,60,154,59,155,58,155,57,156,56,157,55,158,54,159,53,160,52,161,51,162,50,162,49,163,48,163,47,163,46,163,45,164,44,164,43,164,42,164,41,164,40,165,39,165,38,165,37,164,36,164,35,164,34,164,33,164,32,164,31,163,31,162,30,161,30,160,29,159,29,158,28,157,28,156,28,155,28,154,28,153,28,152,27
169,29,168,30,167,30,166,31,165,31,165,32,165,33,165,34,165,35,165,36,166,37,166,38,166,39,165,40,165,41,165,42,165,43,165,44,164,45,164,46,164,47,164,48,163,49,163,50,163,51,164,52,165,53,166,54,167,55,168,56,169,56,170,57,171,58,172,59,173,60,174,61,175,62,176,61,177,60,178,59,179,58,180,58,181,57,182,56,183,55,184,54,185,54,186,53,187,52,187,51,186,50,186,49,187,48,187,47,187,46,187,45,187,44,187,43,187,42,187,41,187,40,188,39,188,38,188,37,188,36,188,35,188,34,187,34,186,33,185,33,184,33,183,33,182,33,181,33,180,33,179,33,178,33,177,33,176,32,175,32,174,31,173,30,172,30,171,29,170,29
6,32,5,33,4,33,3,34,2,34,1,34,0,34,0,35,0,36,0,37,0,38,0,39,0,40,0,41,0,42,0,43,0,44,0,45,0,46,0,47,0,48,0,49,0,50,0,51,0,52,0,53,0,54,0,55,0,56,0,57,0,58,0,59,0,60,0,61,1,62,1,63,1,64,1,65,1,66,1,67,0,68,1,69,1,70,1,71,2,70,3,70,4,70,5,69,6,69,7,68,8,68,9,67,10,67,11,66,12,65,11,64,11,63,11,62,10,61,10,60,10,59,10,58,9,57,9,56,9,55,9,54,8,53,8,52,8,51,8,50,8,49,8,48,8,47,8,46,8,45,8,44,8,43,7,42,7,41,7,40,7,39,7,38,6,37,6,36,6,35,6,34,6,33
24,34,23,35,22,36,21,36,21,37,20,38,19,39,18,40,17,41,16,42,15,43,14,44,13,45,13,46,13,47,13,48,14,49,14,50,14,51,15,52,16,53,16,54,17,55,17,56,18,57,19,57,20,57,21,57,22,57,23,57,24,57,25,57,26,56,27,55,28,54,29,54,30,53,30,52,31,51,32,50,33,49,33,48,33,47,33,46,33,45,34,44,34,43,34,42,33,41,32,40,31,39,30,38,30,37,29,36,28,36,27,35,26,35,25,35
77,37,77,38,77,39,77,40,77,41,77,42,77,43,77,44,77,45,78,46,78,47,79,48,80,49,80,50,81,51,82,52,82,53,83,54,84,55,85,55,86,56,87,56,88,57,89,56,90,55,91,54,92,53,92,52,93,51,94,50,94,49,95,48,95,47,95,46,96,45,96,44,96,43,95,42,94,41,93,41,92,40,91,40,90,39,89,39,88,39,87,38,86,38,85,38,84,38,83,37,82,37,81,37,80,37,79,37,78,37
107,37,106,38,105,38,104,39,103,39,102,40,101,41,100,41,99,42,98,42,97,43,97,44,97,45,96,46,96,47,96,48,95,49,95,50,94,51,93,52,93,53,92,54,91,55,90,56,89,57,89,58,89,59,89,60,90,61,91,62,92,62,93,63,94,63,95,64,96,64,97,64,98,65,98,66,99,66,100,66,101,67,102,67,103,67,104,67,105,67,106,67,107,67,108,67,109,66,110,66,110,65,111,64,111,63,111,62,111,61,111,60,111,59,112,58,112,57,112,56,112,55,112,54,112,53,113,52,113,51,113,50,114,49,114,48,114,47,114,46,113,45,113,44,112,43,111,42,111,41,110,40,110,39,109,38,109,37,108,37
226,37,225,38,224,38,223,38,222,38,221,38,220,38,219,39,218,40,218,41,217,42,217,43,216,44,216,45,216,46,217,47,216,48,217,49,218,50,219,51,220,52,220,53,221,54,222,55,223,55,224,55,225,55,226,54,227,54,228,54,229,54,230,53,231,53,232,53,233,53,234,53,235,53,235,52,236,51,236,50,236,49,237,48,237,47,236,46,235,45,234,44,233,43,233,42,232,41,231,40,230,39,229,38,229,37,228,37,227,37
255,37,254,38,253,38,252,38,251,39,250,40,249,40,248,41,247,41,246,42,245,43,244,43,243,44,242,44,241,45,240,46,239,46,238,47,238,48,237,49,237,50,237,51,236,52,236,53,235,54,236,55,236,56,237,56,238,56,239,56,240,56,241,56,242,57,243,57,244,57,245,58,246,59,247,60,248,61,249,62,250,62,251,62,252,62,253,62,254,62,255,62,255,61,255,60,255,59,255,58,255,57,255,56,255,55,255,54,255,53,255,52,255,51,255,50,255,49,255,48,255,47,255,46,255,45,255,44,255,43,255,42,255,41,255,40,255,39,255,38
134,41,133,42,132,42,131,43,130,43,129,44,128,45,127,46,126,47,125,47,125,48,125,49,125,50,125,51,125,52,125,53,125,54,125,55,125,56,124,57,124,58,124,59,123,60,123,61,122,62,121,63,120,64,119,65,118,66,117,67,116,67,116,68,117,68,118,68,119,68,120,68,121,68,122,68,123,68,124,68,125,68,126,69,127,69,128,69,129,70,130,70,131,70,132,71,133,71,134,70,135,70,136,70,137,70,138,69,139,69,140,68,141,67,142,66,143,65,144,64,145,63,145,62,144,61,144,60,143,59,143,58,142,57,142,56,141,55,141,54,140,53,140,52,139,51,139,50,138,49,137,48,137,47,136,46,136,45,135,44,135,43,134,42
117,46,116,47,115,47,115,48,115,49,114,50,114,51,114,52,113,53,113,54,113,55,113,56,113,57,113,58,112,59,112,60,112,61,112,62,112,63,112,64,111,65,111,66,110,67,109,67,108,68,109,69,110,70,111,69,112,68,113,68,114,67,115,67,116,66,117,66,118,65,119,64,120,63,121,62,122,61,122,60,123,59,123,58,123,57,124,56,124,55,124,54,124,53,124,52,124,51,124,50,124,49,124,48,123,47,122,47,121,47,120,46,119,46,118,46
210,47,209,48,208,48,207,49,206,49,205,50,204,51,203,51,202,52,201,53,200,53,200,54,200,55,200,56,201,57,201,58,202,59,203,60,203,61,204,62,205,63,206,64,206,65,207,66,208,67,209,67,210,68,211,68,212,68,213,68,214,67,215,67,216,66,217,65,218,64,219,63,220,63,221,62,221,61,221,60,222,59,222,58,222,57,222,56,221,55,220,54,219,53,219,52,218,51,217,50,216,49,215,48,215,47,214,47,213,47,212,47,211,47
162,51,161,52,160,53,159,54,158,55,157,56,156,57,156,58,155,59,155,60,154,61,154,62,155,63,156,64,157,65,158,66,159,67,160,68,161,69,162,70,163,71,164,72,165,73,166,73,167,72,168,72,169,72,170,72,171,72,172,72,173,71,174,71,174,70,174,69,174,68,174,67,174,66,174,65,174,64,174,63,174,62,173,61,172,60,171,59,170,58,169,57,168,57,167,56,166,55,165,54,164,53,163,52
187,53,186,54,185,55,184,55,183,56,182,57,181,58,180,59,179,59,178,60,177,61,176,62,175,63,175,64,175,65,175,66,175,67,175,68,175,69,175,70,175,71,176,72,177,73,178,73,179,74,180,74,181,74,182,74,183,73,184,73,185,73,186,73,187,73,188,73,189,73,190,73,191,73,192,73,193,73,194,73,195,73,196,73,197,73,198,74,199,74,200,74,201,75,202,75,203,76,204,76,205,76,206,76,207,76,208,75,209,75,210,74,211,74,212,74,211,73,211,72,211,71,211,70,210,69,209,68,208,68,207,67,206,66,205,65,205,64,204,63,203,62,202,61,202,60,201,59,200,58,200,57,199,56,199,55,198,54,197,54,196,54,195,54,194,54,193,54,192,54,191,53,190,53,189,53,188,53
236,57,235,58,235,59,234,60,234,61,233,62,232,63,233,64,234,64,235,65,236,66,236,67,237,68,238,69,239,68,240,68,241,68,242,67,243,67,244,67,245,66,246,66,247,65,248,64,249,64,250,63,249,63,248,62,247,61,246,60,245,59,244,58,243,58,242,58,241,57,240,57,239,57,238,57,237,57
29,62,28,63,27,64,26,65,26,66,25,67,25,68,25,69,24,70,25,71,25,72,26,73,27,74,28,75,28,76,29,77,30,78,31,79,31,80,32,80,33,80,34,81,35,81,36,81,37,81,38,80,39,80,40,80,41,80,42,79,43,78,43,77,44,76,44,75,43,74,43,73,43,72,43,71,43,70,42,69,42,68,41,67,41,66,41,65,40,64,40,63,39,62,38,62,37,62,36,62,35,62,34,62,33,62,32,62,31,62,30,62
146,63,145,64,144,65,143,66,142,67,141,68,140,69,141,70,141,71,142,72,143,73,144,74,145,75,146,76,147,76,148,77,149,78,149,79,150,80,151,80,152,79,153,79,154,79,155,79,156,78,157,78,158,78,159,77,160,77,161,77,162,77,163,76,164,75,164,74,164,73,163,72,162,71,161,70,160,69,159,68,158,67,157,66,156,65,155,64,154,63,153,63,152,63,151,63,150,63,149,63,148,63,147,63
221,63,220,64,219,64,218,65,217,66,216,67,215,68,214,68,213,69,213,70,212,71,213,72,214,73,215,74,214,75,215,75,216,75,217,76,218,76,219,77,220,77,221,77,222,77,223,78,224,78,225,78,226,78,227,79,228,79,229,79,230,79,231,79,232,79,233,79,233,78,234,77,234,76,235,75,235,74,236,73,236,72,237,71,237,70,237,69,236,68,235,67,235,66,234,65,233,65,232,64,231,64,230,64,229,64,228,64,227,63,226,63,225,63,224,63,223,63,222,63
251,63,250,64,249,65,248,65,247,66,246,67,245,67,244,68,243,68,242,68,241,69,240,69,239,69,238,70,238,71,237,72,237,73,236,74,236,75,235,76,235,77,235,78,235,79,235,80,235,81,236,82,236,83,237,84,238,85,238,86,239,87,240,88,241,89,242,89,243,89,244,89,245,89,246,90,247,90,248,91,249,91,250,91,251,92,252,91,253,91,254,92,254,93,255,93,254,92,254,91,255,90,255,89,255,88,255,87,255,86,255,85,255,84,255,83,255,82,255,81,255,80,255,79,255,78,255,77,255,76,255,75,255,74,255,73,255,72,255,71,255,70,255,69,255,68,255,67,255,66,255,65,255,64,255,63,254,63,253,63,252,63
13,66,12,67,11,67,10,68,9,68,8,69,7,69,6,70,5,70,4,71,3,71,2,71,1,72,1,73,1,74,1,75,1,76,1,77,1,78,0,79,0,80,0,81,0,82,0,83,1,84,1,85,1,86,0,87,0,88,0,89,1,90,1,91,1,92,1,93,2,93,3,93,4,93,5,93,6,94,7,94,8,95,9,95,10,96,11,96,12,97,13,98,14,99,15,99,16,100,17,100,18,100,18,99,18,98,18,97,19,96,19,95,20,94,20,93,21,92,22,91,22,90,23,89,24,88,25,87,26,86,27,85,27,84,28,83,29,82,30,81,30,80,30,79,29,78,28,77,27,76,27,75,26,74,25,73,24,72,24,71,23,70,22,69,21,68,20,68,19,67,18,67,17,67,16,67,15,66,14,66
115,68,114,69,113,69,112,69,111,70,111,71,112,72,112,73,112,74,113,75,113,76,113,77,114,78,114,79,115,79,116,80,117,80,118,81,119,81,120,82,121,81,122,81,123,80,124,80,125,79,126,79,127,78,128,78,129,78,130,77,130,76,130,75,131,74,131,73,132,72,131,71,130,71,129,71,128,70,127,70,126,70,125,69,124,69,123,69,122,69,121,69,120,69,119,69,118,69,117,69,116,69
138,70,137,71,136,71,135,71,134,71,133,72,132,73,132,74,131,75,131,76,131,77,130,78,131,79,132,80,133,81,133,82,134,83,134,84,135,85,135,86,136,87,137,88,137,89,138,90,139,89,140,89,141,89,142,89,143,89,144,88,145,88,146,88,147,88,147,87,148,86,148,85,148,84,149,83,149,82,150,81,149,80,148,79,148,78,147,77,146,77,145,76,144,75,143,74,142,73,141,72,140,71,139,71
56,72,55,73,55,74,54,75,54,76,54,77,54,78,53,79,53,80,53,81,53,82,53,83,53,84,54,85,54,86,55,87,56,88,56,89,57,88,58,87,59,87,60,86,60,85,61,84,62,83,62,82,63,81,63,80,63,79,64,78,63,77,62,76,62,75,61,74,60,73,59,72,58,72,57,72
173,72,172,73,171,73,170,73,169,73,168,73,167,73,166,74,165,74,165,75,164,76,163,77,163,78,164,79,164,80,165,81,165,82,165,83,165,84,165,85,165,86,165,87,165,88,165,89,165,90,165,91,165,92,165,93,165,94,165,95,165,96,165,97,165,98,165,99,166,100,167,101,168,101,169,102,170,103,171,103,172,103,173,103,174,102,175,102,176,101,177,101,178,100,178,99,178,98,178,97,178,96,179,95,179,94,180,93,180,92,181,91,181,90,182,89,182,88,183,87,183,86,182,85,182,84,181,83,181,82,181,81,180,80,180,79,180,78,180,77,179,76,179,75,178,74,177,74,176,73,175,72,174,72
183,74,182,75,181,75,180,75,180,76,181,77,181,78,181,79,181,80,182,81,182,82,182,83,183,84,183,85,184,86,185,86,186,86,187,87,188,87,189,87,190,87,191,88,192,88,193,88,194,88,195,89,196,89,197,89,198,89,199,89,200,89,201,88,201,87,202,86,202,85,203,84,203,83,203,82,204,81,204,80,204,79,204,78,203,77,202,76,201,76,200,75,199,75,198,75,197,74,196,74,195,74,194,74,193,74,192,74,191,74,190,74,189,74,188,74,187,74,186,74,185,74,184,74
210,75,209,76,208,76,207,77,206,77,206,78,205,79,205,80,205,81,204,82,204,83,204,84,203,85,203,86,202,87,202,88,201,89,200,90,201,91,201,92,202,93,202,94,203,95,203,96,203,97,204,98,204,99,204,100,205,100,206,100,207,100,208,100,209,100,210,100,211,99,212,98,213,98,214,97,215,97,216,96,217,96,218,96,219,95,220,95,221,95,222,94,223,94,224,94,225,94,226,94,227,93,228,93,229,93,230,93,231,93,232,93,233,93,234,93,235,93,236,93,237,92,238,91,239,90,240,89,239,88,238,87,237,86,237,85,236,84,235,83,235,82,234,81,233,80,232,80,231,80,230,80,229,80,228,80,227,80,226,79,225,79,224,79,223,79,222,78,221,78,220,78,219,78,218,77,217,77,216,76,215,76,214,76,213,75,212,75,211,75
65,78,64,79,64,80,64,81,63,82,63,83,62,84,61,85,61,86,60,87,59,88,58,88,57,89,56,90,56,91,55,92,55,93,55,94,55,95,55,96,56,97,56,98,57,99,57,100,57,101,57,102,58,102,59,102,60,102,61,102,62,102,63,102,64,102,65,102,66,102,67,102,68,102,69,102,70,102,71,102,72,102,72,101,73,100,74,100,74,99,74,98,74,97,74,96,73,95,73,94,73,93,72,92,72,91,71,90,71,89,71,88,70,87,70,86,70,85,70,84,70,83,69,82,69,81,68,80,67,79,66,78
159,78,158,79,157,79,156,79,155,80,154,80,153,80,152,80,151,81,150,82,150,83,149,84,149,85,149,86,148,87,148,88,148,89,148,90,149,91,150,92,150,93,151,94,151,95,152,96,153,97,154,98,154,99,155,100,156,99,157,99,158,99,159,99,160,99,161,99,162,99,163,99,164,99,164,98,164,97,164,96,164,95,164,94,164,93,164,92,164,91,164,90,164,89,164,88,164,87,164,86,164,85,164,84,164,83,164,82,164,81,163,80,163,79,162,78,161,78,160,78
127,79,126,80,125,80,124,81,123,81,122,82,121,82,121,83,121,84,121,85,121,86,122,87,122,88,122,89,123,90,124,90,125,91,126,92,127,92,128,93,129,94,130,95,131,95,132,96,133,97,134,97,135,96,135,95,135,94,136,93,136,92,137,91,137,90,136,89,136,88,135,87,134,86,134,85,133,84,133,83,132,82,132,81,131,80,130,79,129,79,128,79
112,80,111,81,110,81,109,81,108,82,107,82,106,83,105,83,104,84,103,84,103,85,104,86,104,87,104,88,104,89,105,90,105,91,105,92,106,93,106,94,106,95,107,96,107,97,108,98,108,99,108,100,109,101,110,101,111,101,112,101,113,100,113,99,114,98,114,97,115,96,116,95,117,94,117,93,118,92,119,91,120,90,121,89,121,88,121,87,120,86,120,85,120,84,120,83,119,82,118,82,117,81,116,81,115,80,114,80,113,80
93,83,92,84,91,85,90,85,89,85,88,86,87,86,86,87,85,87,84,88,83,88,82,89,81,89,80,90,79,91,78,91,77,92,76,93,76,94,76,95,76,96,75,97,75,98,75,99,75,100,74,101,74,102,75,103,75,104,76,105,76,106,77,107,77,108,78,109,78,110,78,111,79,112,80,113,81,113,82,113,83,113,84,113,85,113,86,112,87,111,88,110,89,110,90,109,91,109,92,108,93,108,94,107,95,107,96,107,97,106,98,106,99,105,100,105,101,105,102,104,103,104,104,103,105,103,106,102,107,102,108,101,107,100,107,99,107,98,106,97,106,96,105,95,105,94,105,93,104,92,104,91,104,90,103,89,103,88,103,87,103,86,102,85,102,84,101,84,100,83,99,83,98,83,97,83,96,83,95,83,94,83
184,87,183,88,183,89,182,90,182,91,181,92,181,93,180,94,180,95,179,96,179,97,179,98,179,99,179,100,179,101,180,101,181,102,182,103,183,103,184,104,185,105,186,106,187,107,188,108,189,109,190,108,191,108,192,109,193,109,194,108,195,107,196,107,197,106,198,105,199,104,200,103,201,102,202,101,203,101,203,100,203,99,203,98,202,97,202,96,202,95,201,94,201,93,200,92,200,91,199,90,198,90,197,90,196,90,195,90,194,89,193,89,192,89,191,89,190,88,189,88,188,88,187,88,186,87,185,87
144,89,143,90,142,90,141,90,140,90,139,90,138,91,137,92,137,93,136,94,136,95,136,96,136,97,137,97,138,98,139,98,140,99,141,100,142,100,143,101,144,102,145,102,146,103,147,104,148,104,149,104,150,104,151,103,152,102,153,101,154,100,153,99,153,98,152,97,151,96,150,95,150,94,149,93,149,92,148,91,147,90,147,89,146,89,145,89
121,90,120,91,119,92,118,93,118,94,117,95,116,96,115,97,115,98,114,99,114,100,113,101,113,102,114,103,115,104,116,105,117,106,117,107,118,108,119,108,120,108,121,108,122,107,123,107,124,107,125,107,126,106,127,106,128,106,129,106,130,105,130,104,131,103,131,102,131,101,132,100,132,99,132,98,132,97,131,96,130,96,129,95,128,94,127,93,126,93,125,92,124,91,123,91,122,90
240,90,239,91,238,92,237,93,237,94,237,95,237,96,237,97,237,98,237,99,237,100,237,101,237,102,237,103,237,104,237,105,237,106,237,107,236,108,236,109,237,109,238,110,239,110,240,110,241,110,242,110,243,110,244,110,244,109,245,108,245,107,246,106,247,105,248,104,249,103,249,102,250,101,251,100,252,99,253,99,254,98,255,98,255,97,255,96,255,95,254,95,253,94,252,94,251,93,250,92,249,92,248,92,247,91,246,91,245,90,244,90,243,90,242,90,241,90
33,93,32,94,31,94,30,94,29,95,28,95,27,96,26,97,25,97,24,98,23,98,22,99,21,100,20,100,19,101,19,102,19,103,20,104,20,105,20,106,20,107,20,108,20,109,20,110,20,111,20,112,20,113,20,114,20,115,20,116,20,117,20,118,20,119,21,120,21,121,22,122,23,123,24,124,25,125,26,126,26,127,27,127,28,127,29,127,30,127,31,127,32,127,33,127,34,127,35,127,36,127,37,126,38,126,39,126,40,126,41,126,41,125,41,124,41,123,40,122,40,121,40,120,40,119,40,118,39,117,39,116,39,115,39,114,40,113,41,113,41,112,41,111,41,110,42,109,42,108,43,107,44,106,44,105,44,104,44,103,44,102,43,101,43,100,43,99,42,98,42,97,41,96,40,95,39,94,38,93,37,93,36,93,35,93,34,93
1,94,0,95,0,96,0,97,0,98,0,99,0,100,0,101,0,102,0,103,0,104,0,105,0,106,0,107,0,108,0,109,0,110,0,111,0,112,0,113,0,114,1,115,1,116,1,117,2,118,3,118,4,118,5,118,6,119,7,119,8,120,9,120,10,120,11,120,12,121,13,120,14,120,15,120,16,120,17,119,18,119,19,119,19,118,19,117,19,116,19,115,19,114,19,113,19,112,19,111,19,110,18,109,18,108,18,107,18,106,18,105,19,104,18,104,17,103,17,102,17,101,16,101,15,100,14,100,13,99,12,99,11,98,10,98,9,97,8,97,7,96,6,96,5,95,4,94,3,94,2,94
227,94,226,95,225,95,224,95,223,95,222,95,221,96,220,96,219,96,218,97,217,97,216,97,215,98,214,98,213,99,212,99,211,100,210,101,209,101,209,102,210,103,210,104,211,105,212,106,213,107,214,108,214,109,215,109,216,109,217,109,218,109,219,109,220,109,221,109,222,109,223,110,224,110,225,110,226,110,227,110,228,110,229,111,230,111,231,111,232,111,233,111,234,110,235,110,235,109,235,108,236,107,236,106,236,105,236,104,236,103,236,102,236,101,236,100,236,99,236,98,236,97,236,96,236,95,236,94,235,94,234,94,233,94,232,94,231,94,230,94,229,94,228,94
135,97,134,98,133,98,133,99,133,100,132,101,132,102,132,103,131,104,131,105,130,106,131,107,132,108,133,109,134,110,135,111,136,112,137,113,137,114,138,115,139,116,140,117,141,116,142,116,143,115,144,115,145,114,146,114,147,113,148,113,149,113,148,112,148,111,148,110,148,109,148,108,148,107,149,106,149,105,148,105,147,105,146,104,145,103,144,103,143,102,142,101,141,101,140,100,139,99,138,99,137,98,136,98
254,99,253,100,252,100,251,101,250,102,250,103,249,104,248,105,247,106,246,107,246,108,245,109,245,110,244,111,245,112,245,113,246,114,246,115,246,116,246,117,246,118,246,119,246,120,246,121,247,122,248,122,249,123,250,123,251,124,252,124,253,125,254,125,255,125,255,124,255,123,255,122,255,121,255,120,255,119,255,118,255,117,255,116,255,115,255,114,255,113,255,112,255,111,255,110,255,109,255,108,255,107,255,106,255,105,255,104,255,103,255,102,255,101,255,100,255,99
156,100,155,101,154,101,153,102,152,103,151,104,150,105,150,106,149,107,149,108,149,109,149,110,149,111,149,112,150,113,151,114,152,114,153,115,154,115,155,116,156,117,157,117,158,118,159,119,160,120,161,120,162,120,163,120,164,120,165,119,166,119,167,119,168,119,169,118,170,118,171,118,172,117,172,116,172,115,172,114,172,113,172,112,172,111,172,110,172,109,171,108,171,107,171,106,171,105,171,104,170,104,169,103,168,102,167,102,166,101,165,100,164,100,163,100,162,100,161,100,160,100,159,100,158,100,157,100
178,101,177,102,176,102,175,103,174,103,173,104,172,104,172,105,172,106,172,107,172,108,173,109,173,110,173,111,173,112,173,113,173,114,173,115,173,116,173,117,174,117,175,117,176,117,177,117,178,116,179,116,180,115,181,115,182,114,183,113,184,113,185,112,186,111,187,110,188,109,187,108,186,107,185,106,184,105,183,104,182,104,181,103,180,102,179,102
204,101,203,102,202,102,201,103,200,104,199,105,198,106,197,107,196,108,195,108,194,109,194,110,195,111,195,112,196,113,196,114,197,115,198,116,198,117,199,118,200,119,200,120,201,121,201,122,202,122,203,122,204,122,205,122,206,121,207,121,208,121,209,121,210,121,211,121,211,120,211,119,212,118,212,117,212,116,213,115,213,114,213,113,214,112,214,111,215,110,214,110,213,109,213,108,212,107,211,106,210,105,209,104,209,103,208,102,208,101,207,101,206,101,205,101
108,102,107,103,106,103,105,104,104,104,103,105,102,105,101,106,100,106,99,106,98,107,97,107,96,108,95,108,94,108,93,109,92,109,91,110,90,110,89,111,88,111,87,112,86,113,86,114,86,115,87,116,87,117,88,118,88,119,89,120,89,121,90,122,90,123,91,124,92,125,92,126,93,127,94,127,95,127,96,127,97,127,98,127,99,127,100,127,101,127,102,127,103,127,104,127,105,127,106,127,107,127,108,126,109,125,110,124,111,123,112,122,113,121,114,120,115,119,116,119,117,118,117,117,118,116,118,115,118,114,118,113,118,112,118,111,118,110,118,109,117,108,116,107,116,106,115,105,114,104,113,103,112,102,111,102,110,102,109,102
57,103,56,104,55,104,54,104,53,104,52,104,51,105,50,105,49,105,48,106,47,106,46,106,45,106,44,107,43,108,43,109,42,110,42,111,42,112,42,113,41,114,41,115,41,116,41,117,41,118,41,119,41,120,41,121,41,122,42,123,42,124,42,125,42,126,43,127,44,127,45,127,46,127,47,127,48,127,49,127,50,127,51,127,52,127,53,127,54,127,55,127,56,127,57,127,58,127,59,127,60,127,61,127,62,127,63,127,64,127,65,127,65,126,66,125,67,124,68,123,68,122,69,121,70,120,71,119,72,118,73,117,74,116,75,115,76,114,77,113,78,112,77,111,77,110,77,109,76,108,76,107,75,106,75,105,74,104,74,103,73,103,72,103,71,103,70,103,69,103,68,103,67,103,66,103,65,103,64,103,63,103,62,103,61,103,60,103,59,103,58,103
126,107,125,108,124,108,123,108,122,108,121,109,120,109,119,110,119,111,119,112,119,113,119,114,119,115,119,116,119,117,120,118,121,119,122,120,123,121,124,121,125,122,126,123,127,123,128,124,129,125,130,125,131,124,132,124,133,124,134,123,135,123,136,123,137,123,138,122,138,121,139,120,139,119,139,118,139,117,138,116,137,115,136,114,136,113,135,112,134,111,133,110,132,109,131,108,130,107,129,107,128,107,127,107
190,109,189,110,188,110,187,111,186,112,185,113,184,114,183,114,182,115,181,116,181,117,181,118,182,119,183,120,184,121,185,122,186,123,186,124,187,125,188,126,188,127,189,126,190,126,191,126,192,126,193,126,194,126,195,126,196,126,197,126,198,126,199,126,200,125,200,124,201,123,200,122,200,121,199,120,199,119,198,118,197,117,197,116,196,115,195,114,195,113,194,112,194,111,193,110,192,110,191,109
216,110,215,111,215,112,214,113,214,114,214,115,213,116,213,117,213,118,212,119,212,120,212,121,212,122,213,123,214,124,215,125,216,126,217,127,218,127,219,127,220,127,221,127,222,127,223,126,224,125,225,124,225,123,226,122,227,121,228,120,228,119,229,118,230,117,231,116,232,115,232,114,232,113,232,112,231,112,230,112,229,112,228,111,227,111,226,111,225,111,224,111,223,111,222,110,221,110,220,110,219,110,218,110,217,110
236,110,235,111,234,111,233,112,233,113,233,114,233,115,234,116,235,117,236,118,237,119,238,119,239,120,240,121,241,122,242,121,243,121,244,121,245,121,245,120,245,119,245,118,245,117,245,116,245,115,245,114,244,113,244,112,243,111,242,111,241,111,240,111,239,111,238,111,237,110
79,113,78,114,77,114,76,115,75,116,74,117,73,118,72,119,71,120,70,121,69,122,69,123,68,124,67,125,66,126,66,127,65,128,66,129,67,130,67,131,68,132,69,133,70,134,70,135,71,136,72,137,73,138,74,139,75,140,76,141,77,141,78,142,79,142,80,142,81,142,82,142,83,142,84,141,85,141,86,140,86,139,87,138,87,137,88,136,88,135,89,134,89,133,90,132,90,131,91,130,92,129,92,128,92,127,91,126,91,125,90,124,89,123,89,122,88,121,88,120,87,119,87,118,86,117,86,116,85,115,84,114,83,114,82,114,81,114,80,114
147,114,146,115,145,115,144,116,143,116,142,117,141,117,140,118,140,119,140,120,139,121,139,122,138,123,139,124,139,125,140,126,141,127,142,127,143,127,144,127,145,127,146,127,147,127,148,127,149,127,150,127,151,127,152,127,153,127,154,127,155,127,156,127,157,126,158,125,159,124,159,123,160,122,160,121,159,120,158,119,157,118,156,118,155,117,154,116,153,116,152,115,151,115,150,114,149,114,148,114
232,116,231,117,230,118,229,119,229,120,228,121,227,122,226,123,226,124,225,125,224,126,223,127,224,128,225,129,225,130,226,131,227,132,227,133,228,134,229,135,230,136,230,137,231,138,232,139,233,139,234,138,235,137,236,136,237,135,238,135,239,134,240,133,240,132,240,131,239,130,239,129,239,128,239,127,239,126,240,125,240,124,240,123,240,122,239,121,238,120,237,120,236,119,235,118,234,117,233,116
178,117,177,118,176,118,175,118,174,118,173,118,172,118,172,119,172,120,172,121,173,122,173,123,173,124,173,125,173,126,173,127,173,128,173,129,173,130,172,131,172,132,171,133,171,134,170,135,169,136,170,137,171,138,172,139,173,139,174,139,175,139,176,139,177,138,178,138,179,138,180,137,181,136,182,135,182,134,183,133,184,132,185,131,185,130,186,129,187,128,187,127,187,126,186,125,185,124,185,123,184,122,183,121,182,120,181,119,180,118,179,118
1,119,0,120,0,121,0,122,0,123,0,124,0,125,0,126,0,127,0,128,0,129,0,130,0,131,0,132,0,133,0,134,0,135,0,136,1,137,2,136,3,136,4,136,5,136,6,135,7,135,8,135,9,134,10,134,11,134,12,133,12,132,12,131,12,130,12,129,11,128,11,127,11,126,11,125,11,124,10,123,9,123,8,122,8,121,7,120,6,120,5,119,4,119,3,119,2,119
117,119,116,120,115,120,114,121,113,122,112,123,111,124,110,125,109,126,108,127,108,128,109,129,110,130,111,131,112,132,113,133,113,134,114,135,115,135,116,136,117,136,118,137,119,136,120,136,121,135,122,135,123,134,124,133,125,133,126,132,127,131,128,130,129,130,129,129,129,128,129,127,129,126,128,125,127,124,126,124,125,123,124,122,123,122,122,121,121,120,120,119,119,119,118,119
169,119,168,120,167,120,166,120,165,120,164,121,163,121,162,121,161,121,161,122,160,123,160,124,159,125,158,126,157,127,158,128,159,129,160,130,160,131,161,132,161,133,162,134,163,134,164,134,165,135,166,135,167,135,168,135,169,135,170,134,170,133,171,132,171,131,172,130,172,129,172,128,172,127,172,126,172,125,172,124,172,123,172,122,171,121,171,120,171,119,170,119
17,120,16,121,15,121,14,121,13,121,12,122,11,122,11,123,12,124,12,125,12,126,12,127,12,128,13,129,13,130,13,131,13,132,13,133,13,134,14,134,15,135,16,135,17,135,18,135,19,135,20,135,21,134,21,133,22,132,23,131,24,130,25,129,25,128,25,127,25,126,24,125,23,124,22,123,21,122,20,121,20,120,19,120,18,120
206,122,205,123,204,123,203,123,202,123,201,124,201,125,200,126,200,127,200,128,200,129,201,130,201,131,202,131,203,131,204,132,205,132,206,132,207,132,208,133,209,133,210,133,211,133,212,132,213,131,214,130,215,129,216,128,216,127,215,126,214,125,213,124,212,123,211,122,210,122,209,122,208,122,207,122
242,122,241,123,241,124,241,125,240,126,240,127,240,128,240,129,240,130,241,131,241,132,241,133,242,133,243,133,244,134,245,133,246,133,247,132,248,131,249,131,250,130,251,129,252,129,253,129,254,128,255,128,255,127,255,126,254,126,253,126,252,125,251,125,250,124,249,124,248,123,247,123,246,122,245,122,244,122,243,122
134,124,133,125,132,125,131,125,130,126,130,127,130,128,130,129,130,130,131,130,132,130,133,131,134,131,135,131,136,131,137,131,138,132,139,131,139,130,140,129,141,128,140,127,139,126,138,125,138,124,137,124,136,124,135,124
37,127,36,128,35,128,34,128,33,128,32,128,31,128,30,128,29,128,28,128,27,128,26,128,26,129,25,130,24,131,23,132,22,133,22,134,21,135,20,136,20,137,20,138,20,139,20,140,20,141,20,142,20,143,20,144,20,145,20,146,20,147,20,148,20,149,20,150,20,151,20,152,21,153,22,154,23,155,24,156,25,157,26,157,27,158,28,159,29,159,30,160,31,160,32,161,33,161,34,162,35,162,36,162,37,162,38,162,38,161,39,160,39,159,40,158,41,157,41,156,42,155,42,154,43,153,43,152,43,151,43,150,42,149,42,148,41,147,41,146,41,145,41,144,41,143,41,142,41,141,41,140,41,139,41,138,41,137,41,136,41,135,41,134,41,133,41,132,42,131,42,130,42,129,41,128,41,127,40,127,39,127,38,127
189,127,188,128,187,129,186,130,186,131,185,132,184,133,183,134,183,135,182,136,181,137,180,138,180,139,181,140,182,140,183,141,184,142,185,143,186,144,187,144,188,145,189,145,190,145,191,145,192,145,193,145,193,144,194,143,194,142,195,141,195,140,196,139,196,138,197,137,197,136,198,135,199,134,200,133,201,132,200,131,200,130,199,129,199,128,199,127,198,127,197,127,196,127,195,127,194,127,193,127,192,127,191,127,190,127
44,128,43,129,43,130,43,131,42,132,42,133,42,134,42,135,42,136,42,137,42,138,42,139,42,140,42,141,42,142,42,143,42,144,42,145,42,146,42,147,43,148,43,149,44,150,45,149,46,149,47,148,48,148,49,148,50,148,51,148,52,149,53,149,54,149,55,150,56,151,57,151,58,152,59,152,60,152,61,152,62,152,63,152,64,152,65,152,66,152,67,152,68,152,69,152,70,152,71,152,72,152,73,153,74,153,75,153,75,152,76,151,77,150,77,149,78,148,78,147,78,146,79,145,79,144,78,144,77,143,77,142,76,142,75,141,74,140,73,139,72,138,71,137,70,136,69,135,69,134,68,133,67,132,66,131,66,130,65,129,64,128,63,128,62,128,61,128,60,128,59,128,58,128,57,128,56,128,55,128,54,128,53,128,52,128,51,128,50,128,49,128,48,128,47,128,46,128,45,128
93,128,93,129,92,130,91,131,91,132,90,133,90,134,89,135,89,136,88,137,88,138,87,139,87,140,86,141,86,142,87,143,88,144,89,145,90,145,91,146,92,146,93,146,94,147,95,147,96,148,97,148,98,149,99,149,100,150,101,150,102,151,103,151,104,151,105,152,106,153,107,153,108,154,109,154,110,153,111,153,112,153,113,152,114,151,115,150,116,149,117,148,118,147,118,146,118,145,118,144,118,143,118,142,118,141,118,140,117,139,117,138,116,137,115,136,114,136,113,135,112,134,112,133,111,132,110,131,109,130,108,129,107,128,106,128,105,128,104,128,103,128,102,128,101,128,100,128,99,128,98,128,97,128,96,128,95,128,94,128
142,128,141,129,140,130,140,131,139,132,139,133,139,134,140,135,140,136,140,137,141,138,142,139,143,139,144,140,145,140,146,141,147,141,148,142,149,142,150,141,151,140,152,140,153,139,154,139,155,138,156,137,157,137,158,136,159,136,160,135,161,134,160,133,160,132,159,131,159,130,158,129,157,128,156,128,155,128,154,128,153,128,152,128,151,128,150,128,149,128,148,128,147,128,146,128,145,128,144,128,143,128
217,128,216,129,215,130,214,131,213,132,212,133,211,134,212,135,212,136,213,137,213,138,213,139,214,140,214,141,214,142,215,143,215,144,216,145,217,145,218,144,219,144,220,144,221,144,222,144,223,144,224,144,225,144,226,144,227,144,228,143,229,143,230,143,231,143,231,142,231,141,231,140,231,139,230,138,229,137,229,136,228,135,227,134,226,133,226,132,225,131,224,130,224,129,223,128,222,128,221,128,220,128,219,128,218,128
254,129,253,130,252,130,251,130,250,131,249,132,248,132,247,133,246,134,245,134,245,135,245,136,244,137,244,138,244,139,244,140,243,141,243,142,243,143,243,144,244,145,245,146,245,147,246,148,247,149,247,150,248,151,249,152,250,153,251,154,252,155,253,156,254,156,255,157,255,156,255,155,255,154,255,153,255,152,255,151,255,150,255,149,255,148,255,147,255,146,255,145,255,144,255,143,255,142,255,141,255,140,255,139,255,138,255,137,255,136,255,135,255,134,255,133,255,132,255,131,255,130,255,129
128,131,127,132,126,133,125,134,124,134,123,135,122,136,121,136,120,137,119,137,118,138,118,139,119,140,119,141,119,142,119,143,119,144,119,145,119,146,120,146,121,146,122,147,123,147,124,147,125,147,126,147,127,147,128,148,129,148,130,148,131,147,132,146,133,145,134,144,134,143,135,142,136,141,137,140,138,140,139,139,140,138,139,137,139,136,139,135,138,134,138,133,137,132,136,132,135,132,134,132,133,132,132,131,131,131,130,131,129,131
202,132,201,133,200,134,199,135,198,136,198,137,197,138,197,139,196,140,196,141,195,142,195,143,194,144,195,145,195,146,195,147,196,147,197,148,198,149,199,150,200,151,201,152,202,153,203,154,204,154,205,154,206,154,207,154,208,154,208,153,209,152,209,151,210,150,211,149,212,148,213,147,214,146,215,145,214,144,214,143,213,142,213,141,213,140,212,139,212,138,212,137,211,136,211,135,210,134,209,134,208,134,207,133,206,133,205,133,204,133,203,132
9,135,8,136,7,136,6,136,5,137,4,137,3,137,2,137,1,138,0,139,0,140,0,141,0,142,0,143,0,144,0,145,0,146,0,147,0,148,0,149,0,150,0,151,0,152,0,153,0,154,0,155,0,156,0,157,0,158,0,159,0,160,0,161,0,162,1,162,2,162,3,162,4,161,5,161,6,160,7,160,8,159,9,159,10,158,11,158,12,157,12,156,13,155,14,154,15,153,16,153,17,152,18,152,19,152,19,151,19,150,19,149,19,148,19,147,19,146,19,145,19,144,19,143,19,142,19,141,19,140,19,139,19,138,18,137,17,136,16,136,15,136,14,135,13,135,12,135,11,135,10,135
161,135,160,136,159,137,158,137,157,138,156,138,155,139,154,140,153,140,152,141,151,141,150,142,149,143,149,144,149,145,149,146,149,147,149,148,149,149,149,150,150,151,151,152,152,153,153,154,154,155,155,155,156,155,157,155,158,155,159,155,160,155,161,155,162,155,163,156,164,156,165,156,166,155,167,154,168,153,169,153,170,152,171,152,172,151,172,150,172,149,172,148,173,147,173,146,173,145,173,144,173,143,173,142,173,141,172,140,171,139,170,138,169,137,168,136,167,136,166,136,165,136,164,135,163,135,162,135
140,139,139,140,138,141,137,141,136,142,135,143,135,144,134,145,133,146,132,147,131,148,131,149,131,150,131,151,132,152,132,153,132,154,133,155,133,156,133,157,134,158,135,158,136,158,137,157,138,156,139,156,140,155,141,154,142,154,143,153,144,152,145,152,146,151,147,150,148,150,148,149,148,148,148,147,148,146,148,145,148,144,148,143,147,142,146,142,145,141,144,141,143,140,142,140,141,139
177,139,176,140,175,140,174,140,174,141,174,142,174,143,174,144,174,145,174,146,174,147,173,148,173,149,173,150,174,151,174,152,175,152,176,153,177,153,178,153,179,153,180,152,181,152,182,151,183,150,184,149,185,148,186,147,187,146,188,146,187,145,186,145,185,144,184,143,183,142,182,141,181,141,180,140,179,139,178,139
80,143,80,144,80,145,79,146,79,147,79,148,78,149,78,150,77,151,76,152,76,153,75,154,75,155,75,156,76,157,76,158,76,159,76,160,76,161,76,162,76,163,76,164,77,164,78,165,79,166,80,166,81,166,82,167,83,167,84,168,85,168,86,169,87,169,88,170,89,170,90,171,91,171,92,171,93,172,94,172,95,172,96,172,97,172,98,172,99,173,100,172,101,172,101,171,102,170,103,169,103,168,103,167,103,166,104,165,104,164,104,163,105,162,105,161,106,160,106,159,106,158,107,157,107,156,108,155,107,154,106,154,105,153,104,152,103,152,102,152,101,151,100,151,99,150,98,150,97,149,96,149,95,148,94,148,93,148,92,147,91,147,90,146,89,146,88,145,87,144,86,144,85,143,84,143,83,143,82,143,81,143
228,144,227,145,226,145,225,145,224,145,223,145,222,145,221,145,220,145,219,145,218,145,217,146,216,146,215,146,214,147,213,148,212,149,211,150,210,151,210,152,209,153,209,154,210,155,211,155,212,156,213,156,214,157,215,157,216,158,217,158,218,158,219,159,220,159,221,159,222,160,223,160,224,160,225,160,226,160,227,161,228,161,229,161,230,161,231,161,232,161,233,161,234,161,235,161,235,160,235,159,235,158,235,157,236,156,236,155,236,154,236,153,236,152,236,151,236,150,236,149,236,148,236,147,235,146,234,145,233,145,232,144,231,144,230,144,229,144
242,144,241,145,240,145,239,145,238,146,237,146,236,146,237,147,237,148,237,149,237,150,237,151,237,152,237,153,237,154,237,155,237,156,236,157,236,158,236,159,236,160,236,161,236,162,237,162,238,163,239,164,240,165,241,165,242,165,243,165,244,165,245,165,246,164,247,164,248,164,249,164,250,164,251,164,252,163,253,163,254,163,255,163,255,162,255,161,255,160,255,159,255,158,254,157,253,157,252,156,251,155,250,154,249,153,248,152,247,151,246,150,246,149,245,148,244,147,244,146,243,145
189,146,188,147,187,147,186,148,185,149,184,150,183,151,182,152,181,153,180,153,179,154,179,155,179,156,179,157,179,158,180,159,180,160,180,161,181,162,181,163,182,164,182,165,182,166,183,167,183,168,184,168,185,168,186,168,187,168,188,167,189,167,190,167,191,166,192,166,193,166,194,166,195,165,196,165,197,165,198,165,199,164,200,164,200,163,201,162,201,161,201,160,202,159,202,158,203,157,203,156,203,155,202,154,201,153,200,152,199,151,198,150,197,149,196,148,195,148,194,147,194,146,193,146,192,146,191,146,190,146
119,147,118,148,117,149,116,150,115,151,114,152,113,153,113,154,114,155,114,156,115,157,115,158,116,159,117,160,118,161,118,162,119,163,120,164,120,165,121,166,122,166,123,165,124,164,125,163,126,163,127,162,128,161,129,160,130,160,131,159,132,159,133,158,132,157,132,156,132,155,131,154,131,153,131,152,130,151,130,150,129,149,128,149,127,148,126,148,125,148,124,148,123,148,122,148,121,147,120,147
147,151,146,152,145,153,144,153,143,154,142,155,141,155,140,156,139,157,138,157,137,158,137,159,138,160,138,161,138,162,139,163,139,164,140,165,141,165,142,165,143,165,144,165,145,165,146,165,147,166,147,165,148,164,149,163,150,162,150,161,151,160,152,159,152,158,153,157,154,156,153,155,152,154,151,153,150,152,149,151,148,151
172,152,171,153,170,153,169,154,168,154,167,155,166,156,165,157,165,158,165,159,165,160,165,161,165,162,165,163,165,164,165,165,165,166,165,167,165,168,165,169,165,170,165,171,165,172,165,173,165,174,165,175,164,176,164,177,164,178,164,179,164,180,165,181,166,181,167,181,168,182,169,182,170,182,171,182,172,182,173,182,174,182,175,182,176,182,177,182,178,181,179,180,179,179,180,178,180,177,180,176,181,175,181,174,181,173,182,172,182,171,183,170,183,169,182,168,182,167,181,166,181,165,181,164,180,163,180,162,179,161,179,160,179,159,178,158,178,157,178,156,177,155,177,154,176,154,175,153,174,153,173,152
17,153,16,154,15,154,14,155,13,156,13,157,12,158,13,158,14,159,15,160,16,161,17,162,18,162,19,163,19,164,20,165,21,166,22,167,23,167,24,168,25,169,26,170,27,171,27,172,28,173,28,174,29,175,29,176,30,177,31,176,32,175,33,174,34,173,34,172,35,171,35,170,36,169,36,168,36,167,36,166,36,165,36,164,36,163,35,163,34,163,33,162,32,162,31,161,30,161,29,160,28,160,27,159,26,158,25,158,24,157,23,156,22,155,21,154,20,153,19,153,18,153
61,153,61,154,60,155,60,156,59,157,59,158,58,159,58,160,58,161,58,162,58,163,57,164,57,165,57,166,58,167,59,168,60,169,61,170,62,171,63,172,63,173,64,174,64,175,65,175,66,175,67,175,68,175,69,174,70,173,70,172,71,171,71,170,72,169,72,168,73,167,73,166,74,165,75,164,75,163,75,162,75,161,75,160,75,159,75,158,75,157,74,156,74,155,74,154,73,154,72,153,71,153,70,153,69,153,68,153,67,153,66,153,65,153,64,153,63,153,62,153
110,154,109,155,108,156,108,157,107,158,107,159,107,160,106,161,106,162,105,163,105,164,105,165,104,166,104,167,104,168,104,169,103,170,104,171,104,172,104,173,104,174,105,174,106,174,107,174,108,174,109,175,110,175,111,175,112,176,113,175,114,175,115,175,116,174,117,174,118,173,119,173,120,172,120,171,120,170,120,169,120,168,121,167,120,166,119,165,119,164,118,163,117,162,117,161,116,160,115,159,114,158,114,157,113,156,113,155,112,154,111,154
205,155,204,156,204,157,203,158,203,159,202,160,202,161,202,162,201,163,201,164,200,165,201,166,202,167,202,168,203,169,203,170,204,171,204,172,204,173,205,174,205,175,205,176,205,177,206,178,207,178,208,179,209,180,210,181,211,181,212,182,213,181,214,180,215,180,216,179,217,179,218,178,219,178,220,178,221,177,222,177,223,177,224,176,225,176,226,176,227,176,228,175,229,175,230,175,231,175,232,175,233,175,234,175,235,174,235,173,236,172,237,171,237,170,238,169,239,168,240,167,240,166,239,165,238,164,237,163,236,163,235,162,234,162,233,162,232,162,231,162,230,162,229,162,228,162,227,162,226,161,225,161,224,161,223,161,222,161,221,160,220,160,219,160,218,159,217,159,216,159,215,158,214,158,213,157,212,157,211,156,210,156,209,155,208,155,207,155,206,155
155,156,154,157,153,158,153,159,152,160,151,161,151,162,150,163,149,164,148,165,148,166,148,167,148,168,149,169,149,170,149,171,150,172,150,173,150,174,151,175,152,175,153,175,154,175,155,176,156,176,157,176,158,177,159,177,160,177,161,177,162,178,163,178,163,177,163,176,164,175,164,174,164,173,164,172,164,171,164,170,164,169,164,168,164,167,164,166,164,165,164,164,164,163,164,162,164,161,164,160,164,159,164,158,164,157,163,157,162,156,161,156,160,156,159,156,158,156,157,156,156,156
10,159,9,160,8,160,7,161,6,161,5,162,4,162,3,163,2,163,1,163,1,164,1,165,1,166,1,167,0,168,0,169,0,170,0,171,0,172,0,173,0,174,0,175,0,176,0,177,0,178,0,179,0,180,0,181,0,182,0,183,0,184,1,185,2,185,3,185,4,185,5,185,6,185,7,186,8,186,9,187,10,187,11,188,12,188,13,189,14,188,15,188,16,188,17,188,18,188,19,187,20,187,21,187,22,186,23,185,24,184,25,184,26,184,26,183,27,182,27,181,27,180,28,179,29,178,29,177,28,176,28,175,27,174,27,173,26,172,26,171,25,170,24,169,23,168,22,168,21,167,20,166,19,165,18,164,18,163,17,163,16,162,15,161,14,160,13,159,12,159,11,159
133,159,132,160,131,160,130,161,129,161,128,162,127,163,126,164,125,164,124,165,123,166,122,167,121,168,121,169,121,170,121,171,121,172,121,173,122,173,123,173,124,174,125,174,126,175,127,175,128,175,129,175,130,176,130,175,131,174,132,173,133,172,133,171,134,170,134,169,135,168,136,167,137,166,138,165,139,165,138,164,138,163,137,162,137,161,137,160,136,159,135,159,134,159
252,164,251,165,250,165,249,165,248,165,247,165,246,165,245,166,244,166,243,166,242,166,241,167,240,168,239,169,238,170,238,171,237,172,236,173,236,174,235,175,235,176,235,177,236,178,236,179,237,180,237,181,237,182,238,183,238,184,239,185,239,186,240,186,241,186,242,186,243,187,244,187,245,188,246,188,247,189,248,190,249,191,250,192,251,192,252,192,253,192,254,192,255,192,255,191,255,190,255,189,255,188,255,187,255,186,255,185,255,184,255,183,255,182,255,181,255,180,255,179,255,178,255,177,255,176,255,175,255,174,255,173,255,172,255,171,255,170,255,169,255,168,255,167,255,166,255,165,255,164,254,164,253,164
199,165,198,166,197,166,196,166,195,166,194,167,193,167,192,167,191,167,190,168,189,168,188,168,187,169,186,169,185,169,184,169,184,170,183,171,183,172,182,173,182,174,182,175,181,176,181,177,181,178,180,179,181,179,182,180,183,181,184,181,185,181,186,181,187,181,188,181,189,181,190,181,191,181,192,181,193,181,194,181,195,181,196,181,197,181,198,180,199,180,200,180,201,179,202,179,203,178,204,178,204,177,204,176,204,175,204,174,203,173,203,172,203,171,202,170,202,169,201,168,201,167,200,166
138,166,137,167,136,168,135,169,135,170,134,171,134,172,133,173,132,174,131,175,131,176,131,177,131,178,131,179,132,180,132,181,132,182,132,183,132,184,133,184,134,184,135,185,136,185,137,185,138,185,139,185,140,185,141,184,142,183,143,182,144,181,145,180,146,179,147,178,148,177,149,176,150,175,149,174,149,173,149,172,148,171,148,170,148,169,147,168,147,167,146,166,145,166,144,166,143,166,142,166,141,166,140,166,139,166
57,167,56,168,55,168,54,169,53,170,52,171,52,172,52,173,52,174,52,175,52,176,53,177,53,178,53,179,54,180,54,181,55,182,56,183,57,183,58,183,59,183,60,182,61,182,61,181,61,180,61,179,62,178,62,177,63,176,63,175,63,174,62,173,62,172,61,171,60,170,59,169,58,168
120,173,119,174,118,174,117,175,116,175,115,176,114,176,113,177,113,178,113,179,112,180,112,181,111,182,111,183,111,184,111,185,111,186,112,187,113,186,114,186,115,187,116,187,117,187,118,187,119,187,120,187,121,187,122,187,123,186,124,186,125,186,126,186,127,186,128,185,129,185,130,184,131,184,131,183,131,182,131,181,131,180,130,179,130,178,130,177,129,176,128,176,127,176,126,176,125,175,124,175,123,174,122,174,121,174
150,176,149,177,148,178,147,179,146,180,145,181,144,182,143,183,142,184,141,185,141,186,141,187,142,188,143,189,144,190,144,191,145,192,146,192,147,192,148,192,149,192,150,192,151,192,152,192,153,192,154,192,155,191,156,190,157,189,158,189,159,188,160,187,161,187,162,186,162,185,163,184,164,183,164,182,164,181,163,180,163,179,162,179,161,178,160,178,159,178,158,178,157,177,156,177,155,177,154,176,153,176,152,176,151,176
228,176,227,177,226,177,225,177,224,177,223,178,222,178,221,178,220,179,219,179,218,179,217,180,216,180,215,181,214,181,213,182,213,183,213,184,213,185,213,186,214,187,215,188,216,189,217,189,218,190,219,191,220,191,221,192,222,193,223,192,224,192,225,192,226,193,227,192,228,192,229,192,230,192,231,192,232,191,233,191,234,190,235,189,236,188,237,187,238,186,238,185,237,184,237,183,236,182,236,181,236,180,235,179,235,178,234,177,234,176,233,176,232,176,231,176,230,176,229,176
33,177,32,178,31,178,30,179,29,180,28,181,28,182,28,183,28,184,28,185,28,186,28,187,29,188,29,189,30,189,31,189,32,189,33,189,34,189,35,189,36,188,37,188,38,187,38,186,39,185,40,184,40,183,41,182,41,181,41,180,40,180,39,179,38,179,37,179,36,178,35,178,34,177
205,178,204,179,203,179,202,180,201,180,200,181,199,181,198,181,197,182,196,182,195,182,194,182,193,182,192,182,191,182,190,182,189,182,188,182,187,182,186,182,185,182,184,182,183,182,182,182,181,182,180,182,179,182,178,182,177,183,177,184,177,185,177,186,177,187,177,188,177,189,177,190,177,191,177,192,176,193,176,194,177,194,178,195,179,196,180,196,181,197,182,198,183,199,184,199,185,200,186,201,187,202,188,202,189,202,190,201,191,201,192,201,193,201,194,201,195,201,196,201,197,200,198,200,199,199,200,198,200,197,201,196,202,195,202,194,203,193,204,192,204,191,205,190,206,189,207,188,208,187,209,187,210,186,211,185,211,184,211,183,211,182,210,182,209,181,208,180,207,179,206,179
165,182,165,183,164,184,163,185,163,186,162,187,161,188,160,188,159,189,158,190,157,190,156,191,155,192,154,193,155,194,155,195,156,196,156,197,157,198,157,199,158,200,159,201,160,202,160,203,161,204,162,205,163,204,164,203,165,202,166,201,167,200,168,199,169,199,170,198,171,197,172,196,173,195,174,194,175,194,175,193,176,192,176,191,176,190,176,189,176,188,176,187,176,186,176,185,176,184,176,183,175,183,174,183,173,183,172,183,171,183,170,183,169,183,168,183,167,182,166,182
108,184,107,185,106,185,105,185,104,185,103,185,102,185,101,185,100,185,99,186,98,187,97,187,96,187,95,188,94,188,93,188,92,188,91,189,90,189,89,190,88,191,88,192,88,193,87,194,87,195,87,196,87,197,88,197,89,198,90,199,91,200,92,201,93,202,94,203,95,204,95,205,96,206,96,207,97,208,97,209,98,210,98,211,98,212,99,213,100,214,101,214,102,215,103,215,104,216,105,217,106,217,107,218,108,217,109,217,110,216,111,215,111,214,112,213,112,212,113,211,114,210,114,209,114,208,114,207,113,206,113,205,113,204,112,203,112,202,112,201,112,200,112,199,111,198,111,197,111,196,111,195,111,194,111,193,111,192,111,191,111,190,111,189,111,188,110,187,110,186,110,185,110,184,109,184
130,185,129,186,128,186,127,187,126,187,125,188,124,188,123,188,122,188,121,188,120,188,120,189,120,190,121,191,121,192,122,193,122,194,123,195,123,196,123,197,124,198,124,199,124,200,124,201,124,202,125,203,125,204,125,205,125,206,125,207,125,208,126,209,127,210,128,211,129,212,130,212,131,213,132,213,133,214,134,214,134,213,135,212,135,211,136,210,136,209,137,208,138,207,138,206,139,205,139,204,140,203,141,202,141,201,142,200,142,199,143,198,143,197,144,196,144,195,145,194,145,193,144,192,143,191,143,190,142,189,141,188,140,187,140,186,139,186,138,186,137,186,136,186,135,186,134,185,133,185,132,185,131,185
1,186,1,187,1,188,1,189,0,190,0,191,0,192,0,193,0,194,0,195,0,196,0,197,0,198,0,199,0,200,0,201,0,202,0,203,0,204,0,205,0,206,0,207,0,208,0,209,1,210,1,211,1,212,1,213,1,214,1,215,0,216,0,217,0,218,0,219,1,220,1,221,1,222,2,221,3,221,4,221,5,220,6,220,6,219,7,218,8,217,8,216,8,215,9,214,8,213,8,212,8,211,8,210,8,209,8,208,8,207,8,206,8,205,8,204,8,203,9,202,9,201,9,200,9,199,10,198,10,197,10,196,10,195,11,194,11,193,11,192,12,191,12,190,11,190,10,189,10,188,9,188,8,188,7,187,6,186,5,186,4,186,3,186,2,186
113,187,112,188,112,189,112,190,112,191,112,192,112,193,112,194,112,195,112,196,112,197,112,198,113,199,113,200,113,201,113,202,113,203,114,204,114,205,114,206,115,207,115,208,116,209,117,209,118,209,119,209,120,209,121,209,122,209,123,208,124,208,124,207,124,206,124,205,124,204,124,203,123,202,123,201,123,200,123,199,123,198,122,197,122,196,122,195,121,194,121,193,120,192,120,191,119,190,119,189,119,188,118,188,117,188,116,188,115,188,114,187
210,187,209,188,208,188,207,189,206,190,205,191,205,192,204,193,203,194,203,195,202,196,201,197,201,198,200,199,199,200,200,201,200,202,201,203,202,203,203,204,204,205,205,205,206,206,207,206,208,206,209,207,210,207,211,208,212,208,213,208,214,208,215,208,215,207,216,206,217,205,218,204,219,203,220,202,220,201,221,200,222,199,223,198,223,197,223,196,223,195,222,194,221,193,220,192,219,192,218,191,217,190,216,190,215,189,214,188,213,187,212,187,211,187
146,193,146,194,145,195,145,196,144,197,144,198,143,199,143,200,142,201,142,202,141,203,140,204,140,205,139,206,139,207,138,208,137,209,137,210,136,211,136,212,135,213,135,214,135,215,135,216,135,217,136,218,136,219,137,220,137,221,138,222,139,222,140,222,141,222,142,222,143,222,144,222,145,223,146,223,147,223,148,224,149,225,150,225,151,226,151,227,152,227,153,228,154,228,155,227,156,227,157,227,158,227,159,226,160,226,161,226,162,225,163,224,164,224,165,223,166,222,166,221,166,220,165,219,165,218,165,217,165,216,164,215,164,214,164,213,163,212,163,211,163,210,163,209,162,208,162,207,162,206,161,205,160,204,159,203,159,202,158,201,157,200,156,199,156,198,155,197,155,196,154,195,154,194,153,193,152,193,151,193,150,193,149,193,148,193,147,193
250,193,249,194,248,195,247,195,246,196,245,197,244,197,243,198,242,198,241,199,240,199,239,199,238,200,237,200,236,201,236,202,237,203,237,204,237,205,237,206,238,207,238,208,238,209,239,209,240,210,241,210,242,211,243,212,244,212,245,213,246,213,247,214,248,214,249,215,250,215,251,216,252,216,253,216,254,217,255,217,255,216,255,215,255,214,255,213,255,212,255,211,255,210,255,209,255,208,255,207,255,206,255,205,255,204,255,203,255,202,255,201,255,200,255,199,255,198,255,197,255,196,255,195,255,194,255,193,254,193,253,193,252,193,251,193
226,194,225,195,224,196,224,197,224,198,223,199,222,200,221,201,221,202,220,203,219,204,218,205,217,206,216,207,216,208,215,209,216,210,216,211,217,212,217,213,218,214,218,215,219,216,219,217,220,217,221,217,222,217,223,217,224,217,225,217,226,217,227,217,228,217,229,217,230,216,231,215,232,214,233,213,234,212,234,211,235,210,236,209,237,209,237,208,237,207,236,206,236,205,236,204,236,203,235,202,235,201,234,200,233,200,232,199,231,199,230,198,229,197,228,196,227,195,227,194
174,195,173,196,172,197,171,198,170,199,169,200,168,200,167,201,166,202,165,203,164,204,163,205,163,206,163,207,163,208,164,209,164,210,164,211,164,212,165,213,165,214,165,215,166,216,166,217,166,218,166,219,167,220,167,221,168,222,169,222,170,222,171,222,172,221,173,221,174,220,175,220,176,219,177,219,178,218,179,218,180,218,181,218,182,217,183,217,184,217,185,217,186,217,187,218,186,217,186,216,186,215,186,214,185,213,186,212,186,211,186,210,186,209,186,208,186,207,186,206,186,205,186,204,187,203,186,202,185,201,184,200,183,200,182,199,181,198,180,197,179,197,178,196,177,195,176,195,175,195
87,198,86,199,85,199,84,200,83,201,82,202,82,203,81,204,80,205,79,206,78,207,78,208,77,209,77,210,77,211,76,212,75,213,75,214,75,215,74,216,74,217,73,218,72,219,72,220,72,221,72,222,72,223,73,223,74,223,75,223,76,223,77,222,78,221,79,220,80,219,81,219,82,218,83,218,84,217,85,217,86,217,87,216,88,216,89,216,90,215,91,215,92,215,93,214,94,214,95,213,96,213,97,213,98,213,97,212,97,211,97,210,96,209,96,208,95,207,95,206,94,205,94,204,93,203,92,202,91,201,90,200,89,199,88,198
17,200,16,201,16,202,15,203,15,204,14,205,14,206,14,207,13,208,13,209,13,210,14,211,14,212,15,213,16,214,17,214,18,215,18,216,19,217,20,218,21,219,22,220,23,220,24,220,25,219,26,219,27,218,28,217,29,216,29,215,30,214,30,213,30,212,30,211,30,210,30,209,30,208,30,207,30,206,29,205,28,204,27,203,26,203,25,202,24,201,23,201,22,201,21,201,20,201,19,201,18,200
197,201,196,202,195,202,194,202,193,202,192,202,191,202,190,202,189,203,188,203,187,204,187,205,187,206,187,207,187,208,187,209,187,210,187,211,187,212,186,213,187,214,187,215,187,216,187,217,188,218,188,219,188,220,189,221,189,222,190,222,191,221,192,222,193,223,194,223,195,223,196,223,197,224,198,224,199,224,200,225,201,225,202,226,203,226,204,227,205,227,206,228,207,228,208,229,209,228,210,227,211,226,212,225,213,224,214,223,215,222,216,221,216,220,217,219,218,218,218,217,218,216,217,215,217,214,216,213,216,212,215,211,215,210,214,209,213,209,212,209,211,209,210,208,209,208,208,207,207,207,206,207,205,206,204,206,203,205,202,204,201,204,200,203,199,202,198,202
123,209,122,210,121,210,120,210,119,210,118,210,117,210,116,210,115,210,114,211,113,212,113,213,112,214,112,215,111,216,110,217,110,218,110,219,110,220,110,221,110,222,111,223,111,224,112,225,112,226,113,227,113,228,114,229,115,230,116,231,117,231,118,231,119,232,120,232,121,232,122,232,123,232,124,233,125,233,126,233,127,233,128,233,129,232,130,232,131,232,132,232,133,232,133,231,133,230,133,229,134,228,134,227,134,226,135,225,136,224,136,223,137,222,136,221,136,220,135,219,135,218,134,217,134,216,134,215,133,215,132,214,131,214,130,213,129,213,128,212,127,211,126,210,125,209,124,209
236,210,235,211,235,212,234,213,233,214,232,215,231,216,230,217,230,218,230,219,230,220,231,221,231,222,232,223,232,224,232,225,233,226,233,227,234,228,234,229,234,230,235,231,235,232,235,233,236,234,236,235,237,236,237,237,238,237,239,237,240,237,241,236,242,235,243,234,244,234,245,233,246,233,247,232,248,231,249,231,250,230,251,230,252,229,253,229,254,228,254,227,254,226,254,225,254,224,255,223,255,222,255,221,255,220,255,219,255,218,254,218,253,217,252,217,251,217,250,216,249,216,248,215,247,215,246,214,245,214,244,213,243,213,242,212,241,211,240,211,239,210,238,210,237,210
11,211,10,212,10,213,10,214,9,215,9,216,9,217,8,218,7,219,7,220,6,221,6,222,5,223,4,223,4,224,5,225,5,226,4,227,4,228,4,229,4,230,5,231,5,232,5,233,5,234,4,235,4,236,4,237,4,238,3,239,3,240,4,241,5,240,6,240,7,241,8,242,9,242,10,242,11,243,12,243,13,243,14,243,15,242,16,242,17,242,18,241,19,240,19,239,20,238,20,237,20,236,21,235,21,234,21,233,21,232,21,231,21,230,21,229,21,228,21,227,21,226,21,225,21,224,21,223,21,222,20,221,21,220,20,219,19,218,18,217,17,216,17,215,16,215,15,214,14,213,13,212,13,211,12,211
95,214,94,215,93,215,92,216,91,216,90,216,89,217,88,217,87,217,86,218,85,218,84,218,83,219,82,219,81,220,80,220,79,221,78,222,78,223,79,224,80,225,81,226,81,227,82,228,83,228,84,228,85,229,86,229,87,229,88,229,89,230,90,230,91,230,92,230,93,231,94,231,95,231,96,231,97,231,98,231,99,231,100,232,101,232,102,232,103,232,104,232,105,232,106,232,107,233,108,233,109,233,110,233,111,233,112,233,113,233,113,232,113,231,112,230,112,229,111,228,111,227,111,226,110,225,110,224,109,223,109,222,108,221,107,220,107,219,106,218,105,218,104,217,103,216,102,216,101,215,100,215,99,214,98,214,97,214,96,214
61,216,60,217,59,217,58,218,57,219,57,220,56,221,56,222,55,223,55,224,55,225,55,226,55,227,56,228,56,229,56,230,57,230,58,231,59,231,60,231,61,231,62,231,63,231,64,231,65,230,66,230,67,229,67,228,67,227,68,226,68,225,69,224,70,224,71,223,71,222,71,221,71,220,71,219,70,219,69,218,68,217,67,216,66,216,65,216,64,216,63,216,62,216
182,218,181,219,180,219,179,219,178,219,177,220,176,220,175,221,174,221,173,222,172,222,171,223,170,223,170,224,170,225,170,226,170,227,170,228,171,228,172,228,173,227,174,227,175,227,176,226,177,226,178,226,179,226,180,226,181,225,182,225,183,225,184,226,185,226,186,225,187,224,188,223,188,222,188,221,187,220,187,219,186,218,185,218,184,218,183,218
219,218,218,219,217,220,217,221,216,222,215,223,214,224,213,225,212,226,211,227,210,228,209,229,209,230,209,231,209,232,210,232,211,232,212,233,213,233,214,234,215,234,216,234,217,234,218,234,219,234,220,234,221,234,222,234,223,235,224,235,225,235,226,235,227,235,228,236,229,236,230,236,231,237,232,237,233,238,234,238,235,238,236,237,236,236,235,235,235,234,234,233,234,232,234,231,233,230,233,229,233,228,232,227,232,226,231,225,231,224,231,223,230,222,230,221,229,220,229,219,228,218,227,218,226,218,225,218,224,218,223,218,222,218,221,218,220,218
167,222,166,223,165,224,164,225,163,225,162,226,161,227,160,227,159,227,158,228,157,228,156,228,155,228,154,229,153,229,152,229,151,229,150,230,149,231,148,231,147,232,146,233,145,233,144,234,143,235,142,235,141,236,141,237,142,238,142,239,142,240,143,241,143,242,143,243,143,244,143,245,144,246,144,247,144,248,144,249,145,250,145,251,145,252,145,253,145,254,146,255,147,255,148,255,149,255,150,255,151,255,152,255,153,255,154,255,155,255,156,255,157,255,158,255,159,255,160,255,161,255,162,255,163,255,164,255,165,255,166,254,167,253,167,252,167,251,167,250,167,249,167,248,167,247,167,246,167,245,167,244,167,243,167,242,167,241,168,240,168,239,168,238,168,237,169,236,169,235,169,234,170,233,169,232,169,231,169,230,169,229,169,228,169,227,169,226,169,225,169,224,169,223,168,223
77,223,76,224,75,224,74,224,73,224,73,225,73,226,73,227,72,228,71,229,70,230,69,231,69,232,69,233,68,234,68,235,67,236,67,237,66,238,65,239,64,240,64,241,63,242,62,242,62,243,61,244,60,245,59,246,59,247,58,248,58,249,57,250,57,251,57,252,56,253,56,254,57,255,58,255,59,255,60,255,61,255,62,255,63,255,64,255,65,255,66,255,67,255,68,255,69,255,70,255,71,255,72,255,73,255,74,255,75,255,76,255,77,255,78,255,79,255,80,255,81,255,82,255,83,255,84,255,85,255,86,255,87,255,88,255,89,255,90,255,91,255,92,255,93,255,93,254,93,253,93,252,93,251,92,250,91,249,91,248,90,247,90,246,89,245,89,244,88,243,87,242,87,241,86,240,86,239,85,238,84,237,84,236,83,235,83,234,82,233,82,232,82,231,82,230,81,229,81,228,80,227,80,226,79,225,78,224
137,223,137,224,136,225,135,226,135,227,135,228,134,229,134,230,134,231,134,232,135,233,136,233,137,233,138,234,139,234,140,235,141,235,142,234,143,234,144,233,145,232,146,232,147,231,148,230,149,230,150,229,151,228,150,227,150,226,149,226,148,225,147,224,146,224,145,224,144,223,143,223,142,223,141,223,140,223,139,223,138,223
189,223,188,224,187,225,186,226,185,227,185,228,185,229,185,230,185,231,184,232,184,233,184,234,184,235,184,236,183,237,184,238,185,239,185,240,186,241,187,242,188,243,189,243,190,243,191,243,192,243,193,243,194,244,195,244,196,244,197,245,198,246,199,246,200,246,201,245,201,244,202,243,203,242,203,241,204,240,204,239,205,238,206,237,206,236,207,235,207,234,208,233,208,232,208,231,208,230,207,229,206,229,205,228,204,228,203,227,202,227,201,226,200,226,199,225,198,225,197,225,196,224,195,224,194,224,193,224,192,224,191,224,190,223
181,226,180,227,179,227,178,227,177,227,176,227,175,228,174,228,173,228,172,229,171,229,170,229,170,230,170,231,170,232,171,233,171,234,172,234,173,235,174,235,175,236,176,236,177,236,178,236,179,237,180,237,181,237,182,237,183,236,183,235,183,234,183,233,183,232,184,231,184,230,184,229,184,228,184,227,183,226,182,226
83,229,83,230,83,231,83,232,83,233,84,234,84,235,85,236,85,237,86,238,87,239,87,240,88,241,88,242,89,243,90,244,90,245,91,246,91,247,92,248,92,249,93,250,94,251,94,252,94,253,95,252,96,251,97,251,98,251,99,250,100,250,101,250,102,249,103,249,104,249,105,248,106,248,107,248,108,247,109,247,110,247,111,247,112,247,113,247,114,247,115,246,116,246,117,246,118,246,118,245,119,244,119,243,119,242,118,241,118,240,118,239,117,238,116,237,115,236,115,235,114,235,113,235,112,234,111,234,110,234,109,234,108,234,107,234,106,233,105,233,104,233,103,233,102,233,101,233,100,233,99,232,98,232,97,232,96,232,95,233,94,232,93,232,92,231,91,231,90,231,89,231,88,230,87,230,86,230,85,230,84,229
254,229,253,230,252,230,251,231,250,231,249,232,248,232,247,233,246,234,245,234,244,235,243,235,242,236,241,237,240,238,240,239,241,240,241,241,241,242,242,243,242,244,242,245,243,246,243,247,243,248,244,249,244,250,244,251,245,252,245,253,245,254,246,254,247,255,248,255,249,255,250,255,251,255,252,255,253,255,254,255,255,254,255,253,255,252,255,251,255,250,255,249,255,248,255,247,255,246,255,245,255,244,255,243,255,242,255,241,255,240,255,239,255,238,255,237,255,236,255,235,255,234,255,233,255,232,255,231,254,230
129,233,128,234,127,234,126,235,125,236,125,237,124,238,123,238,122,239,121,240,120,241,120,242,120,243,120,244,119,245,119,246,119,247,119,248,119,249,119,250,120,251,120,252,121,253,121,254,122,255,123,255,124,255,125,255,126,255,127,255,128,255,129,255,130,255,131,255,132,255,133,255,134,255,135,255,136,255,137,255,138,255,139,255,140,255,141,255,142,255,143,254,143,253,143,252,144,251,144,250,143,249,143,248,143,247,143,246,142,245,142,244,142,243,142,242,142,241,141,240,141,239,141,238,140,237,140,236,139,235,138,235,137,234,136,234,135,234,134,233,133,233,132,233,131,233,130,233
209,233,208,234,208,235,207,236,207,237,206,238,205,239,205,240,204,241,204,242,203,243,202,244,202,245,202,246,202,247,202,248,201,249,201,250,202,251,202,252,202,253,202,254,203,254,204,255,205,255,206,255,207,255,208,255,209,255,210,255,211,255,212,255,213,255,214,255,215,255,216,255,217,255,218,255,219,254,219,253,219,252,219,251,219,250,218,249,218,248,218,247,218,246,218,245,218,244,217,243,217,242,217,241,216,240,216,239,216,238,216,237,216,236,215,235,214,235,213,234,212,234,211,233,210,233
170,234,170,235,170,236,169,237,169,238,169,239,169,240,168,241,168,242,168,243,168,244,168,245,168,246,168,247,168,248,168,249,168,250,168,251,169,252,169,253,169,254,169,255,170,255,171,255,172,255,173,255,174,255,175,255,176,255,177,255,178,255,179,255,180,255,181,255,182,255,183,255,184,255,185,255,186,255,187,254,187,253,187,252,187,251,187,250,187,249,187,248,187,247,187,246,187,245,187,244,186,243,186,242,185,241,184,240,183,239,182,238,181,238,180,238,179,238,178,237,177,237,176,237,175,237,174,236,173,236,172,235,171,235
218,235,218,236,217,237,217,238,217,239,217,240,218,241,218,242,218,243,219,244,219,245,219,246,219,247,219,248,219,249,220,250,220,251,220,252,220,253,220,254,221,254,222,254,223,254,224,255,225,255,226,255,227,254,228,253,228,252,228,251,229,250,229,249,230,248,230,247,231,246,231,245,231,244,232,243,232,242,233,241,233,240,233,239,232,238,231,238,230,237,229,237,228,237,227,236,226,236,225,236,224,236,223,236,222,235,221,235,220,235,219,235
236,238,235,239,234,239,234,240,234,241,233,242,233,243,232,244,232,245,232,246,231,247,231,248,230,249,230,250,229,251,229,252,230,253,230,254,231,255,232,255,233,255,234,255,235,255,236,255,237,255,238,255,239,255,240,255,241,255,242,255,243,255,244,255,244,254,244,253,244,252,243,251,243,250,243,249,242,248,242,247,242,246,241,245,241,244,241,243,240,242,240,241,240,240,239,239,239,238,238,238,237,238
190,244,190,245,189,246,188,246,188,247,188,248,188,249,188,250,188,251,188,252,189,253,189,254,190,255,191,255,192,255,193,255,194,255,195,255,196,255,197,255,198,255,199,255,200,255,201,255,201,254,201,253,201,252,201,251,200,250,200,249,199,248,199,247,198,247,197,246,196,245,195,245,194,245,193,244,192,244,191,244
115,247,114,248,113,248,112,248,111,248,110,248,109,248,108,248,107,249,106,249,105,249,104,250,103,250,102,250,101,251,100,251,99,251,98,252,97,252,96,252,95,253,94,254,94,255,95,255,96,255,97,255,98,255,99,255,100,255,101,255,102,255,103,255,104,255,105,255,106,255,107,255,108,255,109,254,110,254,111,254,112,254,113,254,114,254,115,254,116,254,117,255,118,255,119,255,119,254,118,253,118,252,118,251,118,250,118,249,117,248,117,247,116,247
