420,47,419,48,418,49,417,50,417,51,417,52,417,53,417,54,418,55,419,56,420,57,421,57,422,57,423,57,424,57,425,57,426,57,427,56,428,56,429,55,429,54,430,53,430,52,431,51,431,50,430,49,429,48,428,47,427,47,426,47,425,47,424,47,423,47,422,47,421,47
50,65,49,66,48,66,47,66,46,67,45,68,44,69,44,70,43,71,43,72,42,73,42,74,42,75,42,76,42,77,42,78,43,79,43,80,44,81,44,82,45,83,46,84,47,85,48,85,49,86,50,86,51,87,52,87,53,86,54,86,55,86,56,85,57,85,58,84,59,83,59,82,60,81,60,80,60,79,60,78,59,77,59,76,59,75,59,74,59,73,58,72,58,71,57,70,57,69,56,68,56,67,55,66,54,66,53,66,52,66,51,65
149,93,148,94,147,94,146,94,145,94,144,95,143,95,142,96,141,97,140,97,140,98,141,99,141,100,142,101,143,102,144,103,145,103,146,104,147,105,148,106,149,106,150,107,151,108,152,108,153,109,154,110,155,111,156,111,157,112,158,113,159,114,160,115,161,116,162,117,163,118,163,119,164,120,165,121,166,121,167,121,168,121,169,121,170,122,171,122,172,122,173,122,174,122,175,122,176,123,177,123,178,122,179,121,180,121,181,121,182,122,183,123,184,123,183,122,183,121,182,120,182,119,182,118,182,117,182,116,182,115,182,114,183,113,183,112,184,111,184,110,185,109,185,108,185,107,185,106,184,105,183,104,182,104,181,103,180,102,179,102,178,102,177,101,176,101,175,101,174,100,173,100,172,99,171,99,170,99,169,99,168,99,167,99,166,99,165,98,164,98,163,98,162,98,161,97,160,97,159,97,158,96,157,95,156,95,155,95,154,94,153,94,152,94,151,94,150,94
186,108,186,109,185,110,185,111,184,112,184,113,183,114,183,115,183,116,183,117,183,118,183,119,183,120,184,121,184,122,185,123,185,124,186,125,187,125,188,125,189,125,190,124,191,124,192,124,193,124,194,124,195,123,196,123,197,123,198,123,199,123,200,123,201,123,201,122,202,121,203,120,203,119,203,118,203,117,203,116,203,115,203,114,202,113,202,112,201,111,200,110,199,110,198,109,197,109,196,109,195,108,194,108,193,108,192,108,191,108,190,108,189,109,188,109,187,109
217,118,216,119,215,119,214,120,214,121,214,122,213,123,213,124,213,125,213,126,213,127,212,128,212,129,213,130,213,131,213,132,213,133,214,134,215,135,216,136,217,137,218,137,219,137,220,138,221,137,222,137,223,136,224,136,225,135,226,135,227,134,228,134,229,133,230,132,231,132,232,131,232,130,232,129,232,128,232,127,232,126,232,125,231,124,230,123,229,122,228,121,227,121,226,120,225,120,224,119,223,119,222,119,221,118,220,118,219,118,218,118
104,119,103,120,102,121,102,122,101,123,101,124,101,125,100,126,100,127,100,128,99,129,99,130,99,131,99,132,99,133,99,134,99,135,99,136,99,137,100,138,100,139,100,140,100,141,100,142,100,143,100,144,101,145,101,146,101,147,101,148,102,149,102,150,103,151,104,152,104,153,105,154,105,155,106,155,107,155,108,155,109,155,110,156,111,156,112,156,113,156,114,155,115,155,116,155,117,154,118,154,119,153,120,152,121,152,122,151,123,151,124,150,125,150,126,149,127,149,126,148,126,147,127,146,126,145,125,144,125,143,126,142,125,143,124,142,124,141,125,140,125,139,124,138,125,137,124,136,123,135,123,134,122,133,122,132,121,131,120,130,119,129,119,128,118,127,118,126,117,125,117,124,116,123,115,122,114,122,113,121,112,120,111,120,110,119,109,119,108,119,107,119,106,119,105,119
233,131,232,132,231,133,230,133,229,134,228,135,227,135,226,136,225,136,224,137,223,137,222,138,221,138,220,139,219,140,219,141,218,142,218,143,218,144,218,145,218,146,219,147,219,148,220,149,221,150,222,151,223,152,224,153,225,154,226,155,227,155,228,155,229,155,230,155,231,155,232,155,233,155,234,155,235,154,236,154,236,153,237,152,238,151,239,150,239,149,240,148,241,147,242,146,243,145,244,144,245,143,246,142,246,141,246,140,246,139,246,138,245,137,245,136,244,135,243,134,242,133,241,133,240,132,239,132,238,132,237,132,236,132,235,132,234,132
210,144,210,145,209,146,209,147,209,148,208,149,207,150,206,151,206,152,206,153,205,154,205,155,204,156,204,157,204,158,203,159,203,160,203,161,204,162,203,163,203,164,204,165,205,166,206,166,207,167,208,167,209,167,210,168,211,168,212,168,213,168,214,168,215,168,216,168,217,168,218,168,219,168,219,167,219,166,220,165,220,164,221,163,222,162,223,161,224,160,224,159,224,158,224,157,225,156,225,155,224,154,223,153,222,152,221,151,220,150,219,149,218,148,218,147,217,147,216,147,215,147,214,146,213,145,212,145,211,144
250,144,249,145,248,145,248,146,247,147,247,148,247,149,247,150,247,151,247,152,247,153,247,154,248,155,248,156,248,157,249,158,249,159,250,160,251,161,252,162,253,162,254,163,255,164,256,164,257,165,258,165,259,165,260,165,261,165,262,165,263,165,264,165,265,164,266,164,267,163,268,162,268,161,269,160,269,159,269,158,269,157,268,156,268,155,267,154,267,153,266,152,266,151,265,151,264,150,263,149,262,149,261,148,260,148,259,147,258,147,257,146,256,146,255,146,254,145,253,145,252,145,251,144
171,145,170,146,169,146,168,146,167,147,166,147,165,148,164,148,164,149,163,150,162,151,162,152,161,153,161,154,161,155,160,156,160,157,160,158,160,159,161,160,161,161,161,162,162,163,162,164,163,165,164,166,165,167,166,167,167,168,168,169,169,169,170,170,171,170,172,170,173,171,174,171,175,171,176,171,177,171,178,170,179,170,180,169,181,169,182,168,183,167,184,166,185,165,186,164,186,163,186,162,187,161,187,160,187,159,187,158,187,157,187,156,187,155,187,154,187,153,186,152,186,151,185,150,184,149,183,149,182,148,181,147,180,147,179,146,178,146,177,146,176,146,175,146,174,146,173,145,172,145
126,150,125,151,124,151,123,152,122,152,121,153,120,153,119,154,118,155,117,155,116,156,115,156,114,156,113,157,112,157,111,157,110,157,109,156,108,156,107,156,106,156,105,156,104,157,104,158,104,159,104,160,104,161,103,162,103,163,104,164,104,165,104,166,105,167,105,168,105,169,106,170,106,171,107,172,107,173,108,174,109,175,110,176,110,177,111,178,112,178,113,179,114,180,115,180,116,180,117,180,118,181,119,181,120,182,121,182,122,182,123,182,124,182,125,181,126,182,127,182,128,183,128,184,128,185,129,185,130,184,131,184,132,183,133,184,134,185,135,184,136,184,137,183,136,182,136,181,136,180,137,179,138,179,139,178,140,177,141,177,142,176,143,176,144,175,144,174,145,173,145,172,145,171,146,170,147,169,146,168,147,167,147,166,147,165,147,164,146,163,146,162,146,161,145,160,144,159,144,158,143,157,142,156,141,155,140,154,139,154,138,153,137,153,136,152,135,152,134,152,133,152,132,152,131,151,130,151,129,151,128,151,127,150
86,153,85,154,84,154,83,155,82,156,81,157,81,158,80,159,80,160,80,161,80,162,80,163,80,164,81,165,82,166,83,166,84,167,85,167,86,167,87,166,88,166,89,165,90,165,91,164,92,163,92,162,93,161,93,160,94,159,94,158,93,157,93,156,92,155,91,154,90,154,89,153,88,153,87,153
249,164,248,165,247,165,246,165,245,165,244,165,243,165,242,166,241,167,240,167,239,168,238,168,237,169,236,169,235,169,234,169,233,169,232,169,231,169,230,169,229,169,228,169,227,170,226,170,226,171,225,172,225,173,225,174,225,175,225,176,225,177,225,178,225,179,226,180,226,181,227,182,227,183,228,184,229,185,230,186,231,187,232,188,233,188,234,188,235,189,236,189,237,190,238,190,239,191,240,191,241,190,242,191,243,191,244,190,245,189,246,189,247,189,248,188,249,188,250,187,251,186,252,185,253,184,253,183,254,182,255,181,255,180,256,179,256,178,256,177,256,176,256,175,255,174,255,173,255,172,255,171,255,170,255,169,255,168,255,167,254,166,253,165,252,165,251,165,250,165
195,165,194,166,193,167,193,168,192,169,192,170,191,171,191,172,191,173,190,174,190,175,190,176,191,177,191,178,191,179,191,180,191,181,191,182,192,183,192,184,193,184,194,185,194,186,195,186,196,187,197,188,198,188,199,188,200,188,201,188,202,188,203,188,204,188,205,188,206,188,207,188,208,189,209,189,210,190,211,189,212,189,213,189,214,189,215,189,216,188,217,188,218,188,218,187,219,186,220,185,220,184,221,183,221,182,221,181,222,180,222,179,222,178,222,177,222,176,221,175,221,174,221,173,220,172,220,171,220,170,219,169,218,169,217,169,216,169,215,169,214,169,213,169,212,169,211,169,210,169,209,168,208,168,207,168,206,167,205,167,204,166,203,165,202,165,201,166,200,165,199,165,198,165,197,165,196,165
268,169,267,170,266,170,265,170,265,171,264,172,263,173,262,174,261,175,260,176,259,177,258,178,257,179,256,180,256,181,255,182,254,183,254,184,253,185,252,186,251,187,251,188,251,189,252,190,252,191,253,192,253,193,254,194,254,195,255,196,255,197,256,198,257,199,257,200,258,201,259,201,260,200,261,199,262,199,263,199,264,198,265,197,266,196,267,195,268,195,269,194,269,193,270,192,271,191,271,190,272,189,272,188,273,187,273,186,273,185,274,184,274,183,274,182,275,181,275,180,276,179,276,178,276,177,277,176,277,175,277,174,277,173,276,172,276,171,275,170,274,169,273,169,272,169,271,169,270,169,269,169
280,176,279,177,278,177,277,177,277,178,277,179,276,180,276,181,275,182,275,183,275,184,274,185,274,186,274,187,273,188,273,189,273,190,272,191,271,192,270,193,270,194,269,195,270,196,270,197,270,198,270,199,271,200,272,201,273,202,274,203,275,203,276,204,277,204,278,204,279,203,280,203,281,203,282,202,283,202,284,201,285,201,286,201,287,200,288,199,289,198,290,197,291,196,292,195,293,194,294,193,294,192,295,191,295,190,296,189,296,188,296,187,296,186,296,185,296,184,295,183,295,182,294,181,294,180,293,179,292,179,291,178,290,178,289,178,288,177,287,177,286,177,285,177,284,176,283,176,282,176,281,176
144,180,143,181,142,181,142,182,142,183,141,184,140,185,139,185,138,185,137,185,136,185,135,185,134,186,133,186,133,187,132,188,131,188,130,189,129,189,128,190,127,190,126,190,125,191,125,192,125,193,124,194,124,195,124,196,124,197,125,198,125,199,126,200,126,201,127,202,127,203,128,203,129,203,130,204,131,205,132,205,133,206,134,207,135,207,136,208,137,209,138,209,139,209,140,209,141,209,142,209,143,209,144,209,145,208,146,208,147,207,148,206,149,206,150,205,151,204,152,203,152,202,153,201,154,200,155,199,156,198,156,197,157,196,157,195,158,194,158,193,158,192,158,191,158,190,158,189,158,188,157,187,157,186,156,185,155,184,154,183,153,183,152,182,151,181,150,181,149,181,148,181,147,180,146,180,145,180
174,181,173,182,172,182,171,183,170,184,169,185,168,186,168,187,167,188,166,189,166,190,165,191,165,192,165,193,165,194,165,195,165,196,165,197,164,198,164,199,164,200,164,201,165,202,165,203,166,203,167,204,168,205,169,205,170,206,171,207,172,208,173,208,174,209,175,210,176,210,177,211,178,211,179,211,180,212,180,213,180,214,180,215,180,214,180,213,181,212,181,211,182,210,183,209,184,209,185,208,186,207,187,206,188,205,189,204,189,203,190,202,191,201,192,200,193,199,193,198,193,197,193,196,193,195,194,194,194,193,194,192,193,191,193,190,193,189,193,188,192,187,192,186,191,185,190,184,189,184,188,183,187,183,186,182,185,182,184,182,183,181,182,181,181,181,180,181,179,181,178,181,177,181,176,181,175,181
219,188,218,189,217,189,216,189,215,190,214,190,213,190,212,190,211,190,210,191,209,191,208,192,207,193,206,194,205,195,205,196,205,197,206,198,207,199,207,200,208,201,208,202,208,203,209,204,209,205,209,206,209,207,209,208,209,209,209,210,209,211,209,212,208,213,208,214,209,214,210,215,211,215,212,215,213,215,214,214,215,213,216,212,216,211,217,210,217,209,218,208,218,207,219,206,219,205,219,204,219,203,219,202,220,201,221,200,222,199,222,198,223,197,223,196,223,195,223,194,223,193,223,192,222,191,221,190,220,189
298,189,297,190,296,190,296,191,295,192,295,193,294,194,293,195,292,196,291,197,290,198,289,199,288,200,287,201,286,202,285,202,286,203,285,204,285,205,284,206,284,207,284,208,284,209,284,210,284,211,284,212,284,213,285,214,286,215,286,216,287,215,288,215,289,214,290,213,291,213,292,212,293,211,294,211,295,210,296,209,297,208,298,207,299,207,298,206,298,205,298,204,299,203,299,202,299,201,300,200,300,199,301,198,302,197,303,197,304,196,305,195,305,194,305,193,305,192,304,191,303,190,302,189,301,189,300,189,299,189
230,191,229,192,228,193,227,194,226,195,225,196,224,197,223,198,223,199,222,200,222,201,222,202,221,203,221,204,220,205,221,206,221,207,221,208,221,209,222,210,223,211,223,212,224,213,225,214,226,214,227,215,228,215,229,215,230,216,231,215,232,215,233,215,234,215,235,214,236,214,237,213,238,212,239,211,240,210,241,209,242,208,243,207,243,206,243,205,244,204,244,203,244,202,244,201,243,200,243,199,243,198,243,197,242,196,242,195,241,194,240,194,239,193,238,192,237,192,236,191,235,191,234,191,233,191,232,191,231,191
204,196,203,197,202,197,201,197,200,198,199,198,198,198,197,198,196,198,195,199,194,199,193,200,192,201,191,202,190,203,190,204,189,205,188,206,187,207,186,208,185,209,184,210,183,210,182,211,182,212,181,213,181,214,181,215,181,216,181,217,181,218,182,219,182,220,183,220,184,220,185,220,186,221,187,221,188,221,189,221,190,221,191,221,192,221,193,221,194,220,195,220,196,219,197,219,198,218,199,218,200,218,201,217,202,217,203,216,204,216,205,215,206,214,207,214,207,213,208,212,208,211,208,210,208,209,208,208,208,207,208,206,208,205,208,204,207,203,207,202,207,201,206,200,206,199,205,198,204,197
164,203,163,204,162,204,161,204,160,204,159,204,158,205,157,205,156,206,155,207,154,208,153,209,153,210,153,211,152,212,152,213,152,214,151,215,151,216,151,217,152,218,152,219,153,220,153,221,154,222,154,223,155,224,155,225,156,226,156,227,156,228,157,228,158,229,159,230,160,230,161,231,162,231,163,231,164,231,165,231,166,231,167,231,168,231,169,231,170,231,171,231,172,231,173,232,174,232,175,232,176,232,177,231,178,230,178,229,179,228,179,227,180,226,180,225,181,224,181,223,181,222,182,221,181,220,181,219,180,219,179,219,178,218,177,217,177,216,177,215,176,214,177,213,178,212,177,212,176,211,175,211,174,210,173,209,172,209,171,208,170,207,169,206,168,206,167,205,166,204,165,204
127,204,126,205,125,205,124,206,123,206,122,207,122,208,121,209,121,210,121,211,121,212,121,213,122,214,123,215,124,216,125,217,126,218,127,219,128,219,129,220,130,220,131,220,132,220,133,219,134,218,135,217,136,216,137,215,138,214,137,213,136,212,136,211,136,210,136,209,135,208,134,208,133,207,132,206,131,206,130,205,129,204,128,204
307,204,306,205,305,205,304,206,303,207,302,208,302,209,302,210,302,211,302,212,301,213,301,214,301,215,300,216,300,217,299,218,299,219,299,220,299,221,299,222,299,223,299,224,299,225,300,225,301,226,302,226,303,226,304,226,305,225,306,225,307,225,308,224,309,223,310,223,310,222,311,221,312,220,313,219,313,218,314,217,314,216,314,215,315,214,315,213,315,212,315,211,315,210,315,209,314,208,314,207,313,206,312,205,311,205,310,205,309,205,308,205
300,207,299,208,298,208,297,209,296,210,295,211,294,212,293,212,292,213,291,214,290,214,289,215,288,216,287,216,286,217,286,218,286,219,286,220,285,221,284,222,284,223,284,224,284,225,283,226,283,227,283,228,283,229,284,230,284,231,285,232,286,232,287,232,288,231,289,231,290,230,291,229,292,229,293,228,294,227,295,226,296,225,297,224,298,224,298,223,298,222,298,221,298,220,298,219,298,218,299,217,299,216,300,215,300,214,300,213,301,212,301,211,301,210,301,209,301,208
268,209,267,210,266,210,265,210,264,211,263,212,262,212,262,213,261,214,260,215,259,216,258,217,258,218,257,219,256,220,256,221,255,222,255,223,255,224,255,225,256,226,256,227,257,228,258,229,259,230,260,230,261,231,262,232,263,232,264,233,265,233,266,233,267,233,268,233,269,233,270,233,271,233,272,233,273,232,274,231,275,231,276,230,277,229,278,228,278,227,279,226,280,225,280,224,281,223,282,222,282,221,282,220,283,219,283,218,283,217,283,216,283,215,283,214,282,213,282,212,281,211,280,211,279,210,278,210,277,209,276,209,275,209,274,209,273,209,272,209,271,209,270,209,269,209
138,215,137,216,136,217,135,218,134,219,133,220,132,221,132,222,132,223,132,224,132,225,132,226,132,227,133,228,133,229,133,230,134,231,134,232,135,233,135,234,136,235,137,236,138,237,139,237,140,237,141,237,142,237,143,237,144,237,145,237,146,237,147,237,148,237,149,236,150,236,151,236,152,235,153,234,154,234,155,233,155,232,155,231,156,230,155,229,155,228,155,227,155,226,154,225,154,224,153,223,153,222,152,221,152,220,151,219,151,218,150,217,150,216,149,217,148,216,147,216,146,216,145,216,144,215,143,215,142,215,141,215,140,215,139,215
109,217,108,218,107,218,106,219,105,220,104,221,104,222,104,223,104,224,104,225,104,226,105,227,105,228,106,229,107,230,108,231,109,232,110,232,111,232,112,232,113,232,114,232,115,232,116,232,117,232,118,231,119,230,120,229,120,228,121,227,121,226,121,225,121,224,121,223,121,222,120,221,120,220,119,219,118,218,117,218,116,218,115,218,114,217,113,217,112,217,111,217,110,217
212,218,211,219,210,219,209,220,208,220,207,221,206,222,206,223,205,224,205,225,204,226,204,227,203,228,203,229,202,230,202,231,201,232,201,233,201,234,201,235,202,236,202,237,202,238,203,239,204,240,205,241,206,241,207,242,208,242,209,242,210,242,211,241,212,241,213,240,214,240,215,240,216,239,217,238,217,237,218,236,219,235,219,234,220,233,221,232,222,231,222,230,223,229,223,228,224,227,224,226,224,225,224,224,223,223,223,222,222,221,221,220,220,219,219,219,218,219,217,219,216,218,215,218,214,218,213,218
183,221,182,222,182,223,182,224,181,225,181,226,180,227,180,228,179,229,179,230,178,231,177,232,177,233,177,234,177,235,178,236,178,237,179,238,180,239,180,240,181,241,181,242,182,243,183,243,184,244,185,244,186,244,187,243,188,243,189,242,190,242,191,241,192,241,193,240,194,240,195,240,196,239,197,239,198,239,199,239,200,238,201,238,201,237,201,236,200,235,200,234,200,233,199,233,198,232,198,231,197,230,197,229,196,228,195,227,194,226,193,225,192,224,191,224,190,223,189,223,188,223,187,223,186,222,185,221,184,221
246,226,245,227,244,227,243,227,242,228,241,229,240,230,240,231,240,232,240,233,240,234,240,235,240,236,240,237,241,238,241,239,241,240,242,241,242,242,243,242,244,243,245,244,246,244,247,245,248,245,249,246,250,245,251,245,252,245,253,245,254,244,255,244,255,243,256,242,257,241,257,240,258,239,258,238,258,237,258,236,258,235,257,234,257,233,256,233,255,232,255,231,254,231,253,230,252,230,251,230,250,229,249,228,249,227,248,227,247,226
325,231,324,232,323,233,322,234,322,235,321,236,321,237,320,238,319,239,319,240,319,241,319,242,319,243,319,244,320,245,320,246,321,247,321,248,322,249,322,250,323,251,324,252,324,253,325,254,326,254,327,255,328,256,329,257,330,258,331,258,332,259,333,259,334,259,335,260,336,260,337,260,338,260,339,259,340,259,341,258,342,257,343,256,344,255,345,254,346,253,346,252,346,251,346,250,346,249,346,248,346,247,346,246,345,245,345,244,345,243,344,242,343,241,343,240,342,239,341,238,341,237,340,236,339,235,338,235,337,234,336,234,335,234,334,234,333,233,332,233,331,233,330,233,329,232,328,232,327,232,326,231
156,233,155,234,154,235,153,235,152,236,151,237,150,237,149,237,148,238,147,238,146,238,145,238,144,238,143,238,142,238,141,238,140,238,139,238,138,239,138,240,137,241,137,242,137,243,138,244,138,245,138,246,138,247,139,248,140,249,140,250,141,251,142,251,143,252,144,252,145,252,146,252,147,252,148,252,149,252,150,252,151,252,152,251,153,250,154,249,155,248,156,247,157,246,158,245,158,244,159,243,160,242,160,241,161,240,161,239,162,238,162,237,161,236,160,235,160,234,159,234,158,234,157,233
168,235,167,236,166,236,165,237,164,237,163,237,163,238,162,239,162,240,161,241,161,242,160,243,159,244,159,245,158,246,157,247,156,248,155,249,154,250,153,251,152,252,151,253,152,254,152,255,152,256,152,257,152,258,152,259,153,260,153,261,153,262,153,263,154,264,154,265,155,266,155,267,156,268,157,269,158,270,159,270,160,270,161,271,162,272,163,273,164,274,165,275,166,275,167,276,168,276,169,277,170,276,171,277,172,276,173,276,174,276,175,276,176,276,177,275,178,274,178,273,178,272,178,271,178,270,178,269,178,268,179,267,179,266,180,265,181,264,181,263,182,262,182,261,183,260,183,259,183,258,183,257,182,256,182,255,182,254,182,253,182,252,183,251,182,250,182,249,182,248,181,247,181,246,181,245,181,244,181,243,180,242,180,241,179,240,179,239,178,238,177,237,177,236,176,235,175,235,174,235,173,235,172,235,171,235,170,235,169,235
200,239,199,240,198,240,197,240,196,240,195,241,194,241,193,241,192,242,191,242,190,243,189,243,188,244,187,244,186,245,185,245,185,246,185,247,185,248,185,249,184,250,184,251,183,252,183,253,183,254,183,255,183,256,184,257,184,258,184,259,185,260,186,260,187,261,188,261,189,262,190,262,191,262,192,262,193,261,194,261,195,261,196,260,197,259,198,258,199,257,199,256,200,255,200,254,201,253,202,252,202,251,203,250,203,249,203,248,203,247,203,246,203,245,203,244,203,243,202,242,202,241,201,240,202,239,201,239
300,241,299,242,298,242,297,242,296,242,295,242,294,242,293,242,292,242,291,243,290,243,289,243,288,244,287,245,286,245,285,246,284,247,283,248,283,249,283,250,282,251,282,252,282,253,282,254,282,255,283,256,283,257,284,258,284,259,285,260,286,261,286,262,287,262,288,263,289,264,290,264,291,264,292,265,293,265,294,265,295,266,296,266,297,267,298,267,299,266,300,266,301,266,302,265,303,265,304,265,305,264,306,263,307,262,308,262,308,261,309,260,309,259,309,258,310,257,310,256,310,255,311,254,311,253,311,252,311,251,311,250,312,249,312,248,312,247,311,246,311,245,310,244,309,243,308,242,307,242,306,242,305,241,304,241,303,241,302,241,301,241
227,245,226,246,225,246,224,246,223,247,222,248,221,248,220,249,219,250,218,251,218,252,217,253,216,254,216,255,215,256,215,257,214,258,214,259,215,260,215,261,216,262,216,263,216,264,217,265,218,266,219,267,220,267,221,267,222,266,223,265,224,264,225,263,226,263,227,262,228,261,229,261,230,261,231,260,232,259,233,258,234,257,234,256,235,255,235,254,236,253,237,252,237,251,237,250,237,249,237,248,237,247,236,246,235,246,234,245,233,245,232,245,231,245,230,245,229,245,228,245
274,250,273,251,272,252,271,253,270,254,269,255,269,256,269,257,268,258,268,259,267,260,267,261,267,262,266,263,267,264,267,265,268,265,269,266,270,265,271,265,272,264,273,263,274,262,275,261,276,261,277,260,278,259,278,258,279,257,279,256,279,255,279,254,279,253,278,252,278,251,277,251,276,250,275,250
203,256,202,257,201,257,200,257,199,258,198,259,197,260,196,261,195,262,195,263,194,264,193,265,193,266,193,267,192,268,192,269,191,270,190,271,191,272,192,273,192,274,193,275,194,276,195,277,196,278,197,279,198,279,199,279,200,279,201,279,202,279,203,279,204,279,205,279,206,279,207,279,208,279,209,279,210,278,211,278,212,277,213,276,213,275,214,274,214,273,214,272,214,271,214,270,215,269,215,268,215,267,215,266,216,265,215,264,215,263,215,262,214,261,214,260,213,259,212,258,211,257,210,256,209,256,208,256,207,256,206,256,205,256,204,256
343,263,342,264,341,264,340,264,339,265,338,265,337,266,336,267,336,268,336,269,336,270,335,271,335,272,336,273,336,274,336,275,337,276,337,277,338,278,339,279,340,279,341,280,342,280,343,280,344,281,345,281,346,281,347,281,348,280,349,280,350,279,351,279,351,278,352,277,352,276,352,275,352,274,352,273,352,272,352,271,352,270,352,269,352,268,352,267,351,266,351,265,350,264,349,264,348,263,347,263,346,263,345,263,344,263
310,264,309,265,308,265,307,266,306,266,305,266,305,267,304,268,303,268,302,269,301,270,301,271,300,272,299,273,299,274,299,275,299,276,298,277,298,278,298,279,298,280,299,281,299,282,300,283,301,284,302,284,303,284,304,284,305,285,306,285,307,285,308,285,309,285,310,285,311,285,312,285,313,286,314,286,315,286,316,286,317,286,318,286,318,285,319,284,320,284,321,283,322,282,323,281,324,280,325,279,325,278,325,277,325,276,326,275,325,274,325,273,325,272,324,271,324,270,323,269,323,268,322,267,321,266,320,266,319,266,318,266,317,265,316,265,315,265,314,265,313,265,312,265,311,265
186,271,185,272,184,272,183,273,182,274,181,274,180,274,179,274,178,275,177,276,176,277,175,277,174,278,173,279,173,280,172,281,171,282,171,283,171,284,171,285,172,286,173,287,174,288,175,288,176,289,177,289,178,290,179,291,180,291,181,292,182,292,183,292,184,292,185,292,186,292,187,291,188,291,189,291,190,291,191,291,192,290,193,290,194,290,195,290,196,289,197,288,197,287,198,286,198,285,198,284,198,283,197,282,197,281,196,280,196,279,195,278,194,277,193,276,192,275,191,274,191,273,190,272,189,271,188,271,187,271
234,272,234,273,233,274,232,274,231,275,230,276,229,277,228,278,227,279,226,279,225,280,224,280,223,280,222,281,221,281,220,282,219,282,218,283,217,283,216,283,215,283,215,284,215,285,215,286,215,287,214,288,214,289,213,290,212,291,212,292,212,293,212,294,211,295,210,296,210,297,209,298,210,299,210,300,211,300,212,300,213,300,214,300,215,300,216,300,217,300,218,301,219,301,220,301,221,301,222,301,223,301,224,301,225,300,226,300,227,300,228,299,229,299,230,298,231,298,232,297,233,296,234,295,235,294,236,293,237,293,237,292,238,291,239,290,240,289,240,288,241,287,241,286,242,285,242,284,242,283,242,282,242,281,242,280,242,279,242,278,242,277,241,276,241,275,240,274,241,273,240,272,239,272,238,272,237,272,236,272,235,272
259,276,258,277,257,277,256,277,255,278,254,278,253,279,252,280,251,281,251,282,250,283,249,284,248,285,247,286,247,287,246,288,245,289,245,290,244,291,244,292,244,293,244,294,243,295,243,296,243,297,243,298,243,299,243,300,243,301,242,302,242,303,241,304,241,305,241,306,241,307,241,308,240,309,240,310,241,311,241,312,241,313,241,314,241,315,241,316,241,317,242,317,243,318,244,319,245,320,246,320,247,320,248,321,249,320,250,320,251,320,252,320,253,319,254,318,255,318,256,318,256,317,256,316,257,315,257,314,257,313,258,312,258,311,259,310,259,309,259,308,260,307,260,306,261,305,261,304,262,303,263,302,263,301,264,300,265,299,265,298,265,297,266,296,266,295,266,294,267,293,268,292,268,291,268,290,268,289,268,288,268,287,268,286,268,285,269,284,268,283,268,282,268,281,267,280,266,279,265,278,264,278,263,277,262,277,261,277,260,276
206,283,205,284,205,285,205,286,205,287,205,288,206,289,207,290,208,290,209,291,210,291,211,291,212,290,213,289,213,288,214,287,214,286,214,285,214,284,214,283,213,283,212,283,211,283,210,283,209,283,208,283,207,283
301,285,300,286,300,287,299,288,298,288,297,289,296,289,295,289,294,290,293,291,292,292,291,293,291,294,291,295,290,296,291,297,291,298,291,299,291,300,292,301,292,302,293,303,293,304,294,304,295,305,296,305,297,306,298,306,299,306,300,307,301,307,302,307,303,307,304,307,305,306,306,306,307,306,308,305,309,305,310,305,311,305,312,304,313,304,314,303,315,302,316,301,317,301,317,300,318,299,319,299,319,298,320,297,320,296,320,295,321,294,321,293,320,292,320,291,320,290,319,289,319,288,318,287,317,287,316,287,315,287,314,287,313,287,312,286,311,286,310,286,309,286,308,286,307,286,306,286,305,286,304,285,303,285,302,285
331,287,330,288,329,288,328,289,327,290,326,291,326,292,325,293,325,294,325,295,325,296,325,297,325,298,325,299,326,300,326,301,327,302,327,303,328,304,329,304,330,305,331,305,332,306,333,306,334,306,335,306,336,306,337,306,338,306,339,305,340,305,341,305,342,304,343,304,344,303,345,302,345,301,346,300,347,299,348,298,349,297,349,296,349,295,349,294,348,293,347,292,346,291,345,290,344,289,343,288,342,288,341,287,340,287,339,287,338,287,337,287,336,287,335,287,334,287,333,287,332,287
272,295,271,296,270,296,269,297,268,298,267,298,266,298,266,299,265,300,264,301,264,302,263,303,262,304,262,305,261,306,261,307,260,308,260,309,260,310,259,311,259,312,258,313,258,314,258,315,257,316,257,317,257,318,257,319,258,320,258,321,259,322,260,323,261,324,262,324,263,325,264,325,265,325,266,325,267,325,268,325,269,325,270,324,271,324,272,323,273,323,274,323,275,322,276,321,277,321,278,320,279,320,280,319,281,319,282,318,283,318,284,317,285,316,285,315,286,314,286,313,287,312,287,311,287,310,287,309,287,308,287,307,287,306,287,305,287,304,286,303,286,302,286,301,285,300,285,299,284,298,283,297,282,296,281,296,280,295,279,295,278,295,277,295,276,295,275,295,274,295,273,295
228,304,227,305,226,305,225,305,224,306,223,306,222,306,221,307,220,308,219,309,219,310,218,311,217,312,217,313,217,314,217,315,217,316,217,317,218,318,218,319,219,320,219,321,220,322,221,323,222,323,223,324,224,324,225,324,226,324,227,324,228,324,229,323,230,323,231,323,232,322,233,321,234,321,235,320,236,319,237,318,238,317,239,317,240,317,240,316,240,315,240,314,240,313,240,312,240,311,239,310,239,309,238,309,237,308,236,307,235,306,234,305,233,305,232,305,231,304,230,304,229,304
325,325,324,326,323,326,322,327,321,328,320,328,319,328,318,329,317,330,316,331,315,331,314,332,313,332,312,333,311,334,310,334,309,335,308,335,307,336,306,337,306,338,305,339,305,340,304,341,304,342,304,343,305,344,305,345,305,346,306,347,307,348,308,349,309,350,310,350,311,351,312,351,313,352,314,352,315,352,316,352,317,352,318,352,319,352,320,351,321,351,322,350,323,350,324,349,325,348,326,347,326,346,327,345,327,344,327,343,328,342,328,341,328,340,329,339,329,338,329,337,330,336,330,335,330,334,330,333,330,332,330,331,331,330,331,329,331,328,331,327,331,326,331,325,330,325,329,325,328,325,327,325,326,325
241,326,240,327,239,327,238,328,237,328,236,329,235,330,235,331,234,332,234,333,233,334,233,335,234,336,234,337,235,338,235,339,236,340,237,341,238,342,238,343,239,344,240,345,241,345,242,346,243,347,244,347,245,347,246,348,247,348,248,348,249,348,250,348,251,349,252,349,253,349,254,348,255,348,256,348,257,347,258,346,259,346,259,345,260,344,260,343,260,342,260,341,260,340,260,339,260,338,259,337,259,336,258,335,257,334,257,333,256,332,255,331,254,330,253,329,252,329,251,328,250,328,249,327,248,327,247,327,246,327,245,327,244,326,243,326,242,326
278,330,277,331,276,331,275,332,274,333,273,333,272,334,272,335,271,336,270,337,270,338,269,339,268,340,268,341,268,342,268,343,268,344,269,345,269,346,270,347,271,348,272,348,273,349,274,350,275,350,276,351,277,351,278,351,279,351,280,351,281,352,282,352,283,352,283,351,284,350,284,349,285,348,285,347,285,346,286,345,286,344,287,343,287,342,287,341,288,340,288,339,289,338,289,337,289,336,289,335,288,334,287,333,287,332,286,331,285,330,284,330,283,330,282,330,281,330,280,330,279,330
337,409,336,410,335,410,334,410,333,410,332,411,331,411,330,412,329,413,328,413,327,414,327,415,326,416,326,417,326,418,326,419,326,420,327,421,327,422,328,423,329,424,330,425,331,426,332,426,333,427,334,427,335,427,336,427,337,428,338,428,339,428,340,428,341,428,342,428,343,428,344,429,345,429,346,429,347,429,348,428,349,428,350,428,351,427,352,426,353,425,354,424,354,423,354,422,355,421,355,420,354,419,354,418,353,417,352,416,351,415,350,414,349,413,348,412,347,412,346,411,345,410,344,410,343,410,342,410,341,410,340,409,339,409,338,409
378,413,377,414,376,414,375,414,374,414,373,415,372,415,371,415,370,416,369,417,368,418,367,419,367,420,367,421,366,422,366,423,366,424,366,425,366,426,366,427,366,428,366,429,366,430,366,431,367,432,367,433,368,434,369,435,370,436,371,437,372,437,373,438,374,438,375,439,376,439,377,439,378,439,379,440,380,440,381,440,382,440,383,440,384,440,385,440,386,440,387,440,388,441,389,440,390,440,391,440,392,440,393,440,394,439,395,439,396,439,397,439,398,438,399,438,400,437,401,436,402,435,402,434,402,433,403,432,403,431,403,430,402,429,402,428,402,427,401,426,401,425,400,424,399,423,398,422,397,421,396,420,395,419,394,418,393,418,392,417,391,417,390,416,389,416,388,415,387,415,386,414,385,414,384,414,383,414,382,413,381,413,380,413,379,413
151,414,150,415,149,415,148,415,147,415,146,415,145,415,144,416,143,416,142,417,141,417,140,418,139,419,139,420,139,421,138,422,138,423,138,424,139,425,139,426,139,427,140,428,140,429,140,430,141,431,142,431,143,432,144,433,145,434,146,435,147,435,148,436,149,437,150,438,150,439,151,439,152,440,153,441,154,442,155,442,156,443,157,443,158,444,159,444,160,445,161,445,162,445,163,445,164,445,165,445,166,445,167,444,168,444,169,443,170,442,171,442,172,441,173,440,174,439,174,438,174,437,175,436,175,435,176,434,176,433,177,432,178,431,179,430,180,429,181,428,182,428,183,427,184,427,185,426,185,425,186,424,186,423,186,422,186,421,185,420,185,419,184,418,183,417,182,417,181,416,180,416,179,416,178,415,177,415,176,415,175,415,174,415,173,415,172,415,171,415,170,416,169,416,168,416,167,416,166,416,165,417,164,417,163,417,162,417,161,417,160,417,159,417,158,416,157,416,156,416,155,415,154,415,153,415,152,415
304,416,303,417,302,418,301,418,300,419,299,420,298,421,297,422,296,422,295,423,294,424,293,424,292,425,291,426,290,426,289,427,288,428,288,429,287,430,287,431,287,432,287,433,287,434,287,435,288,436,288,437,289,438,290,439,291,439,292,440,293,440,294,440,295,441,296,441,297,441,298,441,299,440,300,440,301,439,302,439,303,439,304,438,305,437,306,437,307,436,308,436,309,436,310,436,311,435,312,435,313,435,314,435,315,434,316,434,317,433,318,433,319,432,320,431,321,430,321,429,322,428,322,427,322,426,322,425,322,424,321,423,321,422,320,421,319,420,318,419,317,419,316,418,315,418,314,418,313,417,312,417,311,417,310,416,309,416,308,416,307,416,306,416,305,416
118,426,117,427,116,428,115,428,114,429,113,430,113,431,113,432,112,433,112,434,112,435,111,436,111,437,112,438,112,439,112,440,113,441,114,442,115,443,116,443,117,444,118,444,119,444,120,445,121,445,122,445,123,445,124,445,125,445,126,445,127,444,128,444,129,444,130,444,131,443,132,442,132,441,133,440,134,439,135,438,135,437,136,436,136,435,137,434,137,433,137,432,136,431,135,430,134,430,133,429,132,428,131,428,130,428,129,427,128,427,127,426,126,426,125,426,124,426,123,426,122,426,121,426,120,426,119,426
185,427,184,428,183,428,182,429,181,429,180,430,179,431,178,432,177,433,177,434,176,435,176,436,175,437,175,438,175,439,175,440,176,441,176,442,177,443,177,444,178,445,179,446,180,446,181,447,182,447,183,448,184,448,185,448,186,448,187,448,188,448,189,447,190,447,191,446,192,445,193,444,193,443,194,442,195,441,195,440,195,439,195,438,196,437,196,436,195,435,195,434,194,433,193,432,192,431,191,430,190,429,189,429,188,429,187,428,186,428
205,427,204,428,203,428,203,429,202,430,201,431,201,432,201,433,200,434,200,435,200,436,200,437,200,438,200,439,201,440,201,441,202,442,202,443,203,444,204,445,205,446,206,447,207,448,208,449,209,450,209,451,210,452,210,453,210,454,210,455,210,456,210,457,210,458,210,459,211,460,212,461,212,462,213,463,214,463,215,464,216,464,217,465,218,464,219,464,220,464,221,463,222,463,223,463,224,463,225,462,226,461,227,460,228,459,228,458,228,457,229,456,228,455,228,454,228,453,228,452,227,451,227,450,226,449,225,448,225,447,225,446,224,445,224,444,223,443,223,442,223,441,223,440,223,439,223,438,223,437,223,436,222,435,222,434,221,434,220,433,219,432,218,431,217,430,216,429,215,429,214,428,213,428,212,427,211,427,210,427,209,427,208,427,207,427,206,427
415,434,414,435,413,435,412,435,411,435,410,435,409,436,408,436,407,437,406,437,405,438,405,439,404,440,404,441,403,442,403,443,403,444,403,445,403,446,403,447,403,448,403,449,404,450,404,451,404,452,404,453,405,454,406,455,406,456,407,457,408,458,408,459,409,460,410,460,411,461,412,461,413,461,414,461,415,461,416,460,417,460,418,460,419,459,420,459,421,458,422,458,423,457,424,456,425,455,425,454,426,453,426,452,426,451,426,450,426,449,426,448,426,447,425,446,425,445,424,444,424,443,424,442,423,441,423,440,422,439,421,438,420,437,419,436,418,435,417,435,416,434
339,441,338,442,337,442,336,442,335,443,334,443,333,444,332,444,331,445,330,446,329,447,328,448,328,449,327,450,327,451,327,452,327,453,327,454,326,455,326,456,326,457,326,458,326,459,326,460,326,461,326,462,326,463,327,464,327,465,327,466,328,467,328,468,329,469,330,470,331,471,332,471,333,472,334,473,335,473,336,473,337,474,338,474,339,475,340,475,341,475,342,475,343,475,344,475,345,475,346,474,347,474,348,473,349,472,350,472,351,471,352,470,352,469,352,468,351,467,351,466,351,465,351,464,351,463,351,462,351,461,351,460,351,459,351,458,351,457,351,456,351,455,352,454,352,453,352,452,352,451,352,450,352,449,352,448,351,447,350,446,349,445,348,444,347,443,346,442,345,442,344,441,343,441,342,441,341,441,340,441
94,442,93,443,92,443,91,443,90,443,89,444,88,444,87,445,86,446,85,447,85,448,84,449,84,450,83,451,83,452,83,453,82,454,82,455,82,456,83,457,83,458,84,459,85,460,86,461,87,462,88,462,89,462,90,463,91,463,92,463,93,462,94,462,95,462,96,462,97,461,98,461,99,460,100,460,101,459,102,458,103,457,103,456,104,455,104,454,105,453,105,452,105,451,105,450,104,449,104,448,104,447,103,446,102,445,101,444,100,443,99,443,98,443,97,442,96,442,95,442
366,444,365,445,364,445,363,445,362,445,361,446,360,446,359,446,358,447,357,447,356,448,355,449,354,450,353,450,353,451,353,452,353,453,353,454,352,455,352,456,352,457,352,458,352,459,352,460,352,461,352,462,352,463,352,464,352,465,352,466,352,467,353,468,353,469,354,470,355,471,356,471,357,472,358,472,359,473,360,473,361,474,362,474,363,475,364,475,365,476,366,476,367,476,368,476,369,475,370,475,371,474,372,474,373,474,374,473,375,473,376,472,377,472,378,471,378,470,379,469,379,468,380,467,381,466,381,465,382,464,382,463,383,462,383,461,383,460,383,459,383,458,383,457,383,456,383,455,383,454,383,453,382,452,382,451,381,450,381,449,380,448,379,447,378,446,377,445,376,445,375,445,374,444,373,444,372,444,371,444,370,444,369,444,368,444,367,444
277,447,276,448,275,448,274,448,273,449,272,449,271,450,270,451,269,451,268,452,267,453,266,454,265,455,264,456,263,457,263,458,263,459,262,460,262,461,263,462,263,463,263,464,263,465,263,466,264,467,265,468,266,468,267,468,268,468,269,468,270,468,271,469,272,469,273,468,274,468,275,468,276,468,277,468,278,468,279,467,280,467,281,466,282,466,283,465,284,464,285,463,286,463,287,462,288,461,288,460,288,459,288,458,289,457,289,456,289,455,289,454,290,453,289,452,289,451,288,450,288,449,287,448,286,448,285,447,284,447,283,447,282,447,281,447,280,447,279,447,278,447
300,447,299,448,298,448,297,448,296,449,295,450,294,450,293,451,292,451,291,452,291,453,290,454,290,455,290,456,290,457,289,458,289,459,289,460,289,461,289,462,289,463,289,464,289,465,289,466,289,467,290,468,290,469,290,470,291,471,291,472,291,473,292,474,292,475,293,476,294,477,295,478,296,479,297,479,298,480,299,480,300,480,301,481,302,481,303,481,304,481,305,480,306,480,307,480,308,480,309,480,310,479,311,479,312,479,313,479,314,479,314,478,315,477,316,476,317,475,318,474,319,473,319,472,320,471,321,470,321,469,321,468,322,467,322,466,322,465,322,464,322,463,322,462,322,461,322,460,322,459,321,458,321,457,320,456,320,455,319,454,318,453,317,452,316,451,315,451,314,450,313,449,312,449,311,448,310,448,309,448,308,447,307,447,306,447,305,447,304,447,303,447,302,447,301,447
235,458,234,459,233,460,232,460,231,460,230,461,229,462,229,463,229,464,228,465,228,466,228,467,227,468,227,469,227,470,228,471,228,472,228,473,228,474,229,475,230,476,231,477,232,478,233,478,234,479,235,480,236,480,237,480,238,481,239,481,240,481,241,481,242,481,243,481,244,480,245,480,246,479,247,478,248,477,249,476,249,475,250,474,250,473,251,472,251,471,251,470,251,469,251,468,250,467,250,466,250,465,249,464,248,463,247,462,246,461,245,460,244,459,243,459,242,458,241,458,240,458,239,458,238,458,237,458,236,458
76,462,75,463,74,463,73,464,72,465,71,466,71,467,70,468,70,469,70,470,69,471,69,472,69,473,69,474,69,475,69,476,70,477,70,478,71,479,71,480,72,481,73,481,74,482,75,482,76,482,77,482,78,483,79,482,80,482,81,482,82,482,83,481,84,481,85,480,86,479,86,478,87,477,87,476,88,475,88,474,88,473,88,472,89,471,88,470,88,469,88,468,88,467,87,466,86,465,85,464,84,463,83,463,82,462,81,462,80,462,79,462,78,462,77,462
123,466,122,467,121,467,120,467,119,468,118,468,117,468,116,469,115,469,114,470,113,471,112,472,112,473,111,474,111,475,110,476,110,477,109,478,109,479,109,480,109,481,108,482,108,483,108,484,108,485,108,486,108,487,108,488,108,489,108,490,108,491,108,492,108,493,108,494,108,495,108,496,109,497,109,498,109,499,110,500,110,501,110,502,111,503,112,504,113,505,114,506,115,507,115,508,116,509,117,510,118,510,119,511,120,511,121,511,122,511,123,511,124,511,125,511,126,511,127,511,128,511,129,511,130,511,131,511,132,511,133,510,134,510,135,510,136,510,137,511,138,511,139,510,140,510,141,510,142,510,143,509,144,508,145,508,146,507,147,506,148,505,149,504,149,503,149,502,150,501,150,500,151,499,151,498,151,497,151,496,152,495,152,494,152,493,152,492,152,491,152,490,152,489,153,488,152,487,153,486,153,485,152,484,152,483,152,482,152,481,152,480,151,479,151,478,150,477,150,476,149,475,149,474,148,473,147,473,146,472,145,471,144,470,143,470,142,469,141,468,140,468,139,468,138,467,137,467,136,466,135,466,134,466,133,466,132,466,131,466,130,466,129,466,128,466,127,466,126,466,125,466,124,466
424,467,423,468,422,468,421,469,420,469,419,470,418,471,417,472,416,473,415,474,415,475,415,476,415,477,415,478,414,479,414,480,414,481,414,482,414,483,415,484,415,485,415,486,416,487,417,488,417,489,418,490,419,490,420,491,421,492,422,492,423,492,424,492,425,492,426,492,427,492,428,491,429,491,430,490,431,489,432,488,433,487,434,486,434,485,435,484,435,483,435,482,435,481,435,480,435,479,435,478,435,477,435,476,435,475,435,474,435,473,434,472,434,471,433,470,432,469,431,469,430,468,429,468,428,467,427,467,426,467,425,467
378,472,377,473,376,473,375,474,374,474,373,475,372,475,371,475,370,476,369,476,368,477,367,477,366,477,366,478,366,479,365,480,365,481,365,482,365,483,364,484,365,485,365,486,365,487,365,488,365,489,366,490,366,491,366,492,367,493,367,494,368,495,368,496,369,497,369,498,369,499,370,500,371,501,371,502,372,503,372,504,373,505,374,506,374,507,375,507,376,508,377,509,378,510,379,510,380,510,381,510,382,510,383,510,384,510,385,510,386,511,387,511,388,511,389,511,390,511,391,511,392,511,393,511,394,511,395,511,396,511,397,511,398,511,399,511,400,511,401,511,402,511,403,511,404,511,405,511,406,510,407,510,408,510,409,510,410,510,411,510,411,509,411,508,411,507,412,506,412,505,412,504,412,503,413,502,413,501,413,500,412,499,412,498,411,497,411,496,410,495,410,494,409,493,409,492,408,491,407,490,407,489,406,488,405,487,405,486,404,486,403,485,402,484,401,483,400,482,399,481,398,480,397,479,396,478,395,478,394,477,393,477,392,476,391,476,390,475,389,475,388,474,387,474,386,474,385,474,384,473,383,473,382,473,381,473,380,472,379,472
266,475,265,476,264,476,263,476,262,477,261,478,261,479,260,480,260,481,259,482,259,483,259,484,259,485,259,486,259,487,259,488,259,489,259,490,260,491,260,492,260,493,261,494,261,495,262,496,263,497,264,498,265,498,266,499,267,499,268,499,269,499,270,499,271,499,272,498,273,498,274,497,274,496,275,495,276,494,276,493,277,492,277,491,278,490,278,489,278,488,278,487,278,486,278,485,277,484,277,483,277,482,276,481,276,480,275,479,274,478,273,478,272,477,271,476,270,476,269,476,268,475,267,475
184,477,183,478,182,478,181,478,180,479,179,479,178,480,177,480,176,481,175,482,174,483,173,484,172,485,172,486,171,487,171,488,170,489,169,490,169,491,169,492,169,493,169,494,169,495,169,496,169,497,169,498,169,499,169,500,169,501,169,502,169,503,169,504,169,505,170,506,170,507,170,508,171,509,172,510,173,511,174,511,175,511,176,511,177,511,178,511,179,511,180,511,181,511,182,511,183,511,184,511,185,511,186,511,187,511,188,511,189,511,190,511,191,511,192,511,193,511,194,511,195,511,196,511,197,511,198,511,199,511,200,511,201,511,202,511,203,511,204,511,205,511,206,511,207,511,208,511,209,511,210,511,211,511,212,510,212,509,213,508,213,507,214,506,214,505,214,504,215,503,215,502,215,501,215,500,215,499,214,498,214,497,214,496,214,495,214,494,214,493,213,492,212,491,212,490,211,489,210,488,210,487,209,486,208,486,207,485,206,484,205,483,204,482,203,481,202,481,201,480,200,480,199,479,198,479,197,479,196,478,195,478,194,478,193,478,192,478,191,478,190,478,189,478,188,477,187,477,186,477,185,477
310,480,309,481,308,481,307,481,306,481,305,481,304,482,303,482,302,482,301,483,300,484,300,485,299,486,299,487,298,488,298,489,297,490,297,491,297,492,296,493,296,494,296,495,296,496,296,497,297,498,297,499,297,500,297,501,298,502,298,503,299,504,299,505,299,506,300,507,301,508,302,509,303,510,304,510,305,511,306,511,307,511,308,511,309,511,310,511,311,511,312,511,313,511,314,511,315,511,316,511,317,511,318,511,319,511,320,511,321,511,322,511,323,510,324,510,325,509,326,509,327,508,328,507,328,506,329,505,329,504,329,503,329,502,329,501,329,500,330,499,330,498,329,497,329,496,329,495,329,494,329,493,329,492,329,491,328,490,328,489,327,488,326,487,325,486,324,485,323,485,322,484,321,483,320,483,319,482,318,482,317,482,316,481,315,480,314,480,313,480,312,480,311,480
233,492,232,493,231,493,230,494,230,495,229,496,229,497,229,498,229,499,230,500,230,501,231,502,232,503,233,504,234,504,235,504,236,504,237,504,238,504,239,504,240,504,241,503,242,503,243,502,244,502,245,501,246,500,246,499,247,498,247,497,247,496,247,495,246,494,245,493,244,493,243,492,242,492,241,492,240,492,239,492,238,492,237,492,236,492,235,492,234,492
421,497,420,498,419,498,418,499,417,500,416,500,415,500,414,500,414,501,414,502,413,503,413,504,413,505,413,506,412,507,412,508,412,509,412,510,413,511,414,511,415,511,416,511,417,511,418,511,419,511,420,511,421,511,422,511,423,511,424,511,425,511,426,511,427,511,428,511,429,510,430,510,431,509,431,508,431,507,432,506,432,505,431,504,431,503,431,502,430,501,429,500,428,499,427,499,426,499,425,498,424,498,423,497,422,497
277,504,276,505,275,505,274,505,273,506,272,507,271,507,271,508,270,509,269,510,270,511,271,511,272,511,273,511,274,511,275,511,276,511,277,511,278,511,279,511,280,511,281,511,282,511,283,511,284,511,285,511,286,511,287,511,288,511,289,511,290,511,291,511,291,510,290,509,289,508,288,507,287,507,286,506,285,506,284,505,283,505,282,505,281,504,280,504,279,504,278,504
