51,67,50,68,49,68,48,69,47,69,46,70,45,71,44,72,44,73,44,74,44,75,43,76,44,77,44,78,45,79,45,80,45,81,44,82,44,83,45,84,46,85,47,85,48,85,49,85,50,85,51,84,52,84,53,84,54,83,55,83,56,83,57,82,58,81,59,80,59,79,60,78,61,77,61,76,62,75,61,74,61,73,61,72,60,71,59,70,58,69,57,69,56,69,55,68,54,67,53,67,52,67
100,87,99,88,98,88,97,89,96,90,95,91,95,92,95,93,95,94,95,95,95,96,95,97,95,98,96,99,97,99,98,99,99,100,100,99,101,99,102,98,103,97,104,97,105,96,106,95,107,95,107,94,107,93,107,92,107,91,107,90,107,89,106,88,105,87,104,87,103,87,102,87,101,87
152,94,151,95,150,95,149,95,148,95,147,96,146,96,146,97,146,98,146,99,146,100,146,101,146,102,146,103,146,104,146,105,147,106,147,107,148,108,148,109,149,110,150,111,150,112,151,113,152,114,153,115,154,116,154,117,155,118,156,119,157,120,158,121,159,122,160,121,161,121,162,122,163,122,164,122,165,122,166,122,167,122,168,122,169,122,170,122,171,122,172,121,173,121,174,121,174,120,175,119,175,118,176,117,177,118,176,117,177,116,178,116,179,117,180,117,180,116,180,115,181,114,181,113,181,112,182,111,182,110,182,111,181,112,180,112,179,111,179,110,180,109,180,108,180,107,180,106,179,105,178,104,177,104,176,103,175,103,174,102,173,102,172,101,171,100,170,100,169,99,168,98,167,98,166,98,165,97,164,97,163,96,162,96,161,96,160,96,159,95,158,95,157,95,156,94,155,94,154,94,153,94
108,95,107,96,106,96,105,97,104,98,103,98,102,99,101,100,100,100,99,101,99,102,98,103,98,104,97,105,97,106,97,107,97,108,97,109,97,110,97,111,98,112,98,113,98,114,99,115,100,115,101,115,102,115,103,115,104,115,105,114,106,114,107,113,108,112,109,112,110,112,111,111,112,110,112,109,113,108,114,107,114,106,114,105,114,104,114,103,114,102,114,101,113,100,113,99,112,98,112,97,111,96,111,95,110,95,109,95
145,100,145,101,144,102,143,102,142,103,141,103,140,103,139,103,138,104,137,104,136,104,135,105,134,105,133,105,132,106,131,106,130,106,129,106,128,106,127,106,126,106,125,106,124,106,123,106,122,105,121,105,120,105,119,105,118,105,117,105,116,105,115,105,115,106,116,107,116,108,116,109,115,110,114,110,113,110,112,111,112,112,113,113,113,114,113,115,113,116,114,117,114,118,114,119,114,120,114,121,114,122,114,123,114,124,114,125,115,126,116,127,117,127,118,128,119,129,120,130,121,131,122,132,123,133,124,134,124,135,125,136,126,137,127,138,127,139,128,140,129,141,130,142,131,143,132,142,133,142,134,142,135,142,136,142,137,142,138,142,139,141,140,141,141,140,142,139,143,139,144,139,145,139,146,139,147,139,148,139,149,138,150,138,151,137,152,137,153,136,154,135,155,134,156,133,156,132,157,131,157,130,158,129,158,128,158,127,158,126,158,125,158,124,158,123,158,122,157,121,156,120,155,119,154,118,153,117,153,116,152,115,151,114,150,113,149,112,149,111,148,110,147,109,147,108,146,107,146,106,145,105,145,104,145,103,145,102,145,101
187,107,186,108,185,109,184,109,183,110,183,111,182,112,182,113,182,114,181,115,181,116,181,117,180,118,180,119,180,120,180,121,180,122,180,123,181,124,181,125,181,126,182,127,182,128,183,129,183,130,184,131,184,132,184,133,185,134,185,135,186,136,187,137,188,137,189,138,190,138,191,138,192,139,193,139,194,139,195,139,196,138,197,138,198,137,199,137,200,136,201,135,201,134,202,133,203,132,203,131,203,130,204,129,204,128,204,127,204,126,204,125,204,124,204,123,204,122,204,121,204,120,204,119,204,118,203,117,203,116,203,115,202,114,202,113,202,112,201,111,200,110,199,110,198,109,197,108,196,108,195,108,194,107,193,107,192,107,191,107,190,107,189,107,188,107
217,117,216,118,215,118,214,119,214,120,213,121,213,122,213,123,213,124,213,125,213,126,213,127,213,128,213,129,214,130,214,131,214,132,214,133,215,134,216,135,217,136,218,136,219,137,220,136,221,137,222,137,223,136,224,136,225,135,226,135,227,134,228,133,229,133,230,132,230,131,230,130,230,129,230,128,230,127,230,126,230,125,230,124,229,123,228,122,227,121,226,120,225,119,224,119,223,118,222,118,221,117,220,117,219,117,218,117
101,121,100,122,99,123,98,124,98,125,97,126,97,127,97,128,97,129,96,130,96,131,96,132,96,133,96,134,96,135,96,136,97,137,97,138,97,139,98,140,98,141,98,142,98,143,99,144,99,145,100,146,100,147,100,148,101,149,101,150,101,151,101,152,101,153,101,154,101,155,101,156,101,157,101,158,101,159,101,160,101,161,102,162,102,163,102,164,102,165,102,166,102,167,103,168,103,169,103,170,104,171,105,172,105,173,106,173,107,174,108,175,109,175,110,175,111,175,112,175,113,174,114,174,115,173,116,172,117,171,118,170,119,169,119,168,120,167,121,166,122,165,123,165,124,164,125,164,126,163,127,163,128,162,128,161,129,160,129,159,129,158,129,157,130,156,130,155,131,154,131,153,130,152,130,151,130,150,130,149,130,148,129,147,129,146,129,145,130,144,130,143,129,142,128,141,127,140,126,139,126,138,125,137,124,136,123,135,123,134,122,133,121,132,120,131,119,130,118,129,117,128,116,128,115,127,114,126,113,125,112,125,111,125,110,125,109,124,108,124,107,123,106,122,105,122,104,122,103,121,102,121
235,131,234,132,233,132,232,133,231,133,230,133,229,134,228,134,227,135,226,136,225,136,224,137,223,137,222,138,222,139,221,140,220,140,220,141,219,142,219,143,218,144,218,145,218,146,217,147,216,148,217,149,217,150,218,151,219,152,220,153,221,154,222,154,223,155,224,155,225,156,226,156,227,156,228,157,229,157,230,157,231,157,232,157,232,156,233,155,234,155,235,154,236,153,237,152,238,151,239,150,240,149,241,148,241,147,242,146,242,145,243,144,243,143,244,142,244,141,244,140,244,139,244,138,244,137,244,136,244,135,244,134,243,133,243,132,242,131,241,131,240,131,239,131,238,131,237,131,236,131
249,143,249,144,248,145,247,146,246,147,246,148,245,149,245,150,245,151,245,152,245,153,246,154,246,155,247,156,247,157,248,158,249,159,250,160,251,161,252,161,253,162,254,163,255,164,256,165,257,165,258,165,259,165,260,165,261,166,262,166,263,166,264,166,265,165,266,165,267,164,267,163,268,162,268,161,268,160,268,159,267,158,267,157,267,156,266,155,265,154,265,153,264,152,264,151,263,150,262,149,261,148,260,147,259,146,258,145,257,144,256,144,255,144,254,143,253,143,252,143,251,143,250,143
169,144,168,145,167,145,166,146,165,147,164,148,163,149,162,150,162,151,162,152,161,153,161,154,160,155,160,156,160,157,160,158,160,159,160,160,161,161,161,162,161,163,162,164,163,165,164,166,165,167,166,168,166,169,167,169,168,170,169,171,170,172,171,172,172,173,173,173,174,173,175,173,176,172,177,172,178,171,179,171,180,170,181,169,182,168,183,167,183,166,184,165,185,164,185,163,185,162,186,161,186,160,186,159,186,158,186,157,186,156,186,155,186,154,185,153,185,152,185,151,184,150,183,149,182,148,181,147,180,147,179,146,178,145,177,145,176,145,175,144,174,144,173,144,172,144,171,144,170,144
214,149,213,150,212,151,211,151,210,152,209,153,208,154,207,155,206,156,205,157,204,158,204,159,203,160,203,161,202,162,202,163,201,164,201,165,201,166,200,167,200,168,200,169,199,170,199,171,199,172,199,173,198,174,198,175,197,176,197,177,197,178,197,179,197,180,197,181,197,182,198,183,199,184,200,185,201,185,202,186,203,187,204,188,205,188,206,188,207,188,208,188,209,188,210,189,211,189,212,190,213,190,214,190,215,191,216,191,217,192,218,191,219,191,220,191,221,191,222,191,223,191,224,191,225,191,226,191,227,190,228,189,229,189,230,188,231,187,232,187,233,186,234,186,234,185,234,184,235,183,235,182,235,181,235,180,236,179,236,178,236,177,237,176,237,175,236,174,236,173,235,172,235,171,235,170,235,169,234,168,234,167,234,166,234,165,234,164,233,163,233,162,232,161,231,160,231,159,231,158,230,158,229,158,228,158,227,157,226,157,225,157,224,156,223,156,222,155,221,155,220,154,219,153,218,152,217,151,216,150,216,149,215,149
86,153,85,154,84,154,83,155,82,155,81,156,80,157,80,158,79,159,79,160,79,161,79,162,79,163,80,164,80,165,81,166,82,167,83,167,84,168,85,168,86,167,87,167,88,167,89,166,90,166,91,165,92,164,93,163,94,162,94,161,94,160,94,159,94,158,94,157,94,156,93,155,92,154,91,154,90,153,89,153,88,153,87,153
249,168,248,169,247,169,246,170,245,171,244,172,243,173,242,174,241,175,240,175,239,176,238,176,237,177,237,178,237,179,236,180,236,181,236,182,236,183,235,184,236,185,236,186,237,187,238,188,239,189,239,190,240,191,241,191,242,191,243,191,244,191,245,191,246,191,247,192,248,192,249,192,250,193,251,193,252,194,253,195,254,196,255,197,256,198,257,199,258,200,259,201,260,202,260,201,261,200,261,199,262,198,263,197,264,196,265,195,266,194,267,193,267,192,268,191,269,190,270,189,270,188,271,187,272,186,272,185,273,184,273,183,273,182,274,181,274,180,275,179,275,178,275,177,275,176,274,175,274,174,274,173,274,172,273,171,273,170,272,169,271,169,270,168,269,168,268,169,267,170,266,170,265,171,264,172,263,172,262,171,261,171,260,170,259,169,258,169,257,168,256,168,255,168,254,168,253,168,252,168,251,168,250,168
137,173,136,174,135,174,134,174,133,175,132,176,131,176,130,177,129,177,128,178,127,179,126,180,125,180,124,181,123,182,122,183,121,184,121,185,120,186,120,187,120,188,119,189,119,190,119,191,119,192,119,193,119,194,119,195,120,196,120,197,121,198,121,199,122,200,122,201,123,202,123,203,124,204,124,205,125,206,125,207,126,208,126,209,126,210,126,211,126,212,126,213,125,214,125,215,125,216,125,217,126,218,127,219,128,220,129,220,130,221,131,221,132,220,133,219,134,218,135,217,136,216,136,215,137,214,138,213,139,212,140,211,140,210,141,209,142,208,143,207,144,207,145,206,146,205,147,205,148,204,149,203,150,202,151,202,152,201,153,200,154,199,155,198,155,197,156,196,156,195,156,194,156,193,157,192,157,191,157,190,157,189,157,188,157,187,157,186,156,185,156,184,156,183,155,182,154,181,154,180,153,179,152,178,151,178,150,177,149,176,148,176,147,175,146,175,145,174,144,174,143,173,142,173,141,173,140,173,139,173,138,173
178,181,177,182,176,182,175,183,174,184,173,185,172,186,172,187,172,188,171,189,171,190,171,191,170,192,170,193,170,194,170,195,170,196,171,196,172,197,173,198,174,199,175,200,175,201,175,202,175,203,175,204,175,205,176,206,176,207,177,208,178,209,178,210,179,211,180,212,181,212,182,213,183,214,184,214,185,214,186,214,187,214,188,214,189,213,190,213,191,213,191,212,192,211,193,211,194,210,194,209,195,208,195,207,195,206,195,205,195,204,196,203,196,202,196,201,196,200,197,199,197,198,197,197,196,196,196,195,196,194,197,193,196,192,196,191,196,190,196,189,196,188,195,187,195,186,194,185,193,184,192,183,191,183,190,182,189,182,188,181,187,181,186,181,185,181,184,181,183,181,182,181,181,181,180,181,179,181
204,189,203,190,202,191,201,192,201,193,201,194,200,195,199,196,198,197,198,198,198,199,197,200,197,201,197,202,197,203,196,204,196,205,196,206,196,207,196,208,195,209,195,210,196,211,197,212,197,213,197,214,197,215,198,215,199,215,200,216,201,216,202,217,203,217,204,217,205,217,206,217,207,216,208,216,209,216,210,215,211,215,212,214,213,213,214,213,214,212,215,211,215,210,215,209,216,208,216,207,216,206,217,205,217,204,218,203,218,202,219,201,219,200,219,199,218,198,218,197,218,196,217,195,217,194,217,193,216,193,215,192,214,191,213,191,212,191,211,190,210,190,209,189,208,189,207,189,206,189,205,189
233,192,232,193,231,193,230,193,229,194,228,194,227,194,226,195,225,195,224,196,224,197,224,198,223,199,223,200,222,201,222,202,222,203,222,204,222,205,222,206,222,207,221,208,222,209,222,210,222,211,223,212,223,213,224,214,225,215,226,216,227,217,227,218,227,219,228,219,229,219,230,220,230,221,231,221,232,221,233,221,234,221,235,220,236,220,237,220,238,219,239,218,240,218,241,218,242,217,243,217,244,217,245,216,246,216,247,215,248,215,248,214,247,213,247,212,247,211,246,210,246,209,245,208,245,207,245,206,245,205,244,204,244,203,244,202,244,201,243,200,243,199,242,198,242,197,242,196,241,195,240,194,240,193,239,193,238,192,237,192,236,192,235,192,234,192
159,201,158,202,157,202,156,203,155,204,154,205,153,206,152,207,152,208,152,209,151,210,151,211,151,212,152,213,152,214,153,215,153,216,153,217,154,218,154,219,154,220,155,221,155,222,155,223,155,224,155,225,155,226,155,227,156,228,156,229,157,230,158,231,159,231,160,231,161,232,162,232,163,232,164,232,165,232,166,232,167,232,168,232,169,232,170,231,171,231,172,230,172,229,172,228,172,227,172,226,172,225,172,224,172,223,172,222,172,221,172,220,172,219,171,218,172,217,172,216,172,215,172,214,173,213,173,212,173,211,173,210,173,209,173,208,172,207,172,206,171,205,170,204,169,203,168,202,167,202,166,201,165,201,164,201,163,201,162,201,161,201,160,201
283,205,282,206,281,206,280,206,281,207,281,208,281,209,282,210,283,211,282,212,282,213,282,214,283,215,284,216,284,217,284,218,284,219,284,220,284,221,284,222,284,223,283,224,283,225,282,226,282,227,281,228,281,229,280,230,280,231,279,232,280,233,280,234,280,235,281,236,282,236,283,236,284,235,285,235,286,234,287,234,288,233,289,233,290,232,291,231,292,231,293,230,294,229,294,228,295,227,296,227,297,226,298,225,299,224,300,223,301,222,301,221,302,220,303,219,303,218,304,217,304,216,304,215,305,214,306,213,306,212,305,211,305,210,305,209,304,208,303,207,302,206,301,206,300,207,299,207,298,207,297,207,296,207,295,207,294,207,293,207,292,207,291,206,290,206,289,206,288,206,287,206,286,206,285,206,284,206
271,208,270,209,269,210,268,210,267,211,266,211,265,212,264,213,263,213,262,214,261,215,260,215,259,216,258,217,257,218,256,219,256,220,255,221,255,222,255,223,255,224,256,225,257,226,257,227,258,228,259,229,259,230,260,231,260,232,261,232,262,233,263,233,264,234,265,235,266,235,267,235,268,235,269,235,270,235,271,235,272,234,273,234,274,233,275,233,276,232,277,231,278,231,279,231,279,230,280,229,279,228,279,227,280,226,281,227,280,226,281,225,281,224,281,223,281,222,281,221,281,220,281,219,281,218,281,217,281,216,281,215,280,214,280,213,280,212,279,211,278,210,277,209,276,209,275,208,274,208,273,208,272,208
141,211,140,212,139,213,138,214,137,215,137,216,136,217,135,218,134,219,133,220,132,221,132,222,131,223,130,224,130,225,129,226,129,227,129,228,129,229,130,230,131,231,131,232,132,233,132,234,133,235,134,236,134,237,135,237,136,237,137,237,138,237,139,237,140,237,141,237,142,237,143,236,144,235,145,235,146,234,147,234,148,233,149,232,150,232,151,231,152,231,153,231,154,230,155,230,156,230,155,229,155,228,154,227,154,226,154,225,154,224,154,223,154,222,154,221,153,220,153,219,153,218,152,217,152,216,152,215,151,214,151,213,150,212,150,211,149,211,148,211,147,211,146,211,145,211,144,211,143,211,142,212
112,216,111,217,110,217,109,217,108,218,107,218,107,219,106,220,105,221,105,222,104,223,104,224,104,225,104,226,104,227,104,228,104,229,105,230,105,231,106,232,107,233,108,233,109,234,110,234,111,234,112,234,113,234,114,233,115,233,116,233,117,232,118,232,119,231,119,230,120,229,120,228,120,227,120,226,120,225,120,224,120,223,120,222,120,221,119,220,118,219,117,218,116,217,115,217,114,217,113,217
311,220,310,221,309,221,308,222,307,223,306,223,305,224,304,224,303,225,302,226,302,227,301,228,300,229,299,230,299,231,298,232,298,233,297,234,297,235,296,236,296,237,296,238,296,239,296,240,296,241,296,242,297,242,298,242,299,243,300,243,301,243,302,243,303,243,304,243,304,242,305,241,306,240,307,239,308,239,309,238,310,237,311,237,312,237,313,236,314,235,315,234,316,234,317,233,318,232,319,232,319,231,320,230,320,229,321,228,321,227,321,226,320,225,320,224,319,223,318,222,317,221,316,221,315,220,314,220,313,220,312,220
243,221,242,222,241,222,240,222,239,223,238,224,237,224,236,225,236,226,235,227,235,228,235,229,235,230,235,231,235,232,235,233,235,234,235,235,236,236,236,237,237,238,238,239,238,240,239,241,240,242,241,243,242,244,243,244,244,245,245,245,246,245,247,246,248,246,249,246,250,245,251,244,252,244,253,243,254,242,255,241,256,241,257,240,258,239,259,238,259,237,260,236,260,235,260,234,260,233,259,232,259,231,258,230,258,229,257,228,256,227,256,226,255,225,254,224,253,224,252,223,251,223,250,223,249,222,248,222,247,222,246,222,245,222,244,222
209,224,208,225,207,225,206,225,205,226,204,227,203,228,203,229,203,230,202,231,202,232,202,233,202,234,202,235,202,236,203,237,202,238,203,239,203,240,204,240,205,240,206,240,207,241,208,241,209,241,210,241,211,241,212,241,213,240,214,240,215,239,216,239,217,238,218,237,218,236,219,235,219,234,219,233,220,232,219,231,219,230,219,229,219,228,218,227,217,226,216,225,215,224,214,224,213,224,212,224,211,224,210,224
186,225,185,226,184,226,183,226,182,226,181,226,180,227,179,228,179,229,179,230,179,231,178,232,178,233,178,234,178,235,178,236,178,237,178,238,178,239,178,240,179,241,180,242,181,243,182,243,183,243,184,244,185,245,186,245,187,245,188,244,189,244,190,243,191,243,192,242,193,242,194,241,195,240,196,239,197,238,196,237,196,236,197,235,197,234,197,233,197,232,196,231,196,230,195,229,194,228,193,228,192,227,191,227,190,226,189,226,188,226,187,225
329,233,328,234,327,234,326,234,325,234,324,235,323,236,322,237,321,238,320,239,320,240,320,241,320,242,320,243,319,244,320,245,320,246,320,247,320,248,321,249,321,250,321,251,322,252,323,253,324,254,324,255,325,255,326,256,327,256,328,256,329,256,330,256,331,256,332,256,333,256,334,256,335,255,336,255,337,255,338,254,338,253,339,252,339,251,340,250,340,249,340,248,341,247,341,246,341,245,342,244,342,243,342,242,342,241,341,240,341,239,340,238,339,237,338,236,337,235,336,235,335,234,334,234,333,234,332,234,331,233,330,233
262,237,261,238,260,238,259,239,258,240,257,241,256,242,255,242,254,243,253,244,252,245,251,245,250,246,251,247,252,248,251,249,252,250,251,251,252,252,253,252,254,253,253,254,252,254,252,255,252,256,252,257,253,258,253,259,253,260,253,261,253,262,253,263,254,264,254,265,254,266,255,265,256,265,257,265,258,264,259,264,260,263,261,263,262,262,263,262,263,261,264,260,264,259,264,258,265,257,265,256,265,255,266,254,266,253,266,252,267,251,267,250,268,249,268,248,269,247,268,246,268,245,268,244,268,243,268,242,268,241,268,240,268,239,267,238,266,237,265,237,264,237,263,237
198,238,197,239,196,240,195,241,194,242,193,243,192,243,191,244,190,244,189,245,188,245,187,246,186,246,187,247,186,248,185,249,184,250,183,250,182,251,181,251,181,252,181,253,181,254,181,255,181,256,181,257,181,258,181,259,180,260,180,261,180,262,180,263,180,264,179,265,179,266,179,267,180,268,180,269,181,270,182,271,182,272,183,272,184,271,185,271,186,271,187,271,188,271,189,271,190,271,191,271,192,271,193,271,194,270,194,269,194,268,194,267,194,266,194,265,195,264,195,263,196,262,197,261,197,260,198,259,199,258,199,257,199,256,199,255,200,254,201,253,201,252,202,251,203,250,203,249,203,248,203,247,203,246,203,245,203,244,203,243,202,242,202,241,202,240,202,239,201,239,200,239,199,239
226,238,225,239,224,239,223,239,222,239,221,240,220,241,219,242,219,243,219,244,219,245,219,246,218,247,218,248,218,249,218,250,218,251,218,252,218,253,217,254,217,255,216,256,216,257,216,258,217,259,217,260,218,261,219,261,220,262,221,262,222,262,223,262,224,262,225,261,226,261,227,260,228,259,229,259,230,258,231,258,232,257,233,256,233,255,234,254,235,253,236,252,237,251,237,250,238,249,238,248,238,247,238,246,238,245,237,244,237,243,236,242,235,241,234,240,233,240,232,239,231,239,230,238,229,238,228,238,227,238
278,242,277,243,276,243,275,244,274,244,273,245,272,246,271,247,270,247,269,248,269,249,268,250,268,251,267,252,267,253,267,254,266,255,266,256,266,257,265,258,265,259,265,260,264,261,264,262,264,263,265,264,265,265,265,266,265,267,265,268,266,267,267,267,268,267,269,267,270,266,271,266,272,266,273,265,274,264,275,264,276,263,277,262,278,261,279,261,279,260,280,259,281,258,282,257,283,257,284,256,285,255,286,254,286,253,287,252,287,251,287,250,287,249,288,248,288,247,289,246,288,246,287,245,286,244,285,243,284,242,283,242,282,242,281,242,280,242,279,242
296,243,295,244,294,244,293,245,292,246,291,246,290,246,289,247,289,248,288,249,288,250,288,251,288,252,287,253,287,254,286,255,287,256,287,257,287,258,286,259,286,260,287,261,287,262,287,263,286,264,287,265,287,266,287,267,288,268,288,269,288,270,289,271,289,272,290,273,291,274,292,275,293,275,294,276,295,276,296,277,297,278,298,277,299,276,300,276,301,275,302,274,303,273,304,272,305,271,306,271,307,270,308,269,309,268,310,267,311,266,312,265,313,264,313,263,313,262,313,261,312,260,312,259,312,258,312,257,311,256,311,255,311,254,310,253,310,252,310,251,309,250,309,249,308,248,307,247,306,246,305,245,304,244,303,244,302,244,301,244,300,244,299,244,298,243,297,243
245,247,245,248,244,249,243,249,242,249,241,250,240,251,239,252,239,253,238,254,238,255,237,256,237,257,237,258,237,259,237,260,238,261,238,262,238,263,238,264,239,265,239,266,239,267,238,268,238,269,238,270,238,271,239,271,240,272,241,272,242,272,243,273,244,272,245,272,246,271,247,271,248,270,249,270,250,270,251,269,252,268,253,268,254,267,253,266,253,265,253,264,252,263,252,262,252,261,252,260,252,259,252,258,251,257,251,256,250,255,250,254,250,253,251,252,250,251,250,250,250,249,249,248,249,247,248,247,247,247,246,247
314,264,313,265,312,266,311,267,310,268,309,269,308,270,307,271,306,272,305,272,304,273,303,274,302,275,301,276,300,277,299,277,298,278,297,279,297,280,297,281,298,282,298,283,298,284,299,285,299,286,300,287,301,288,302,289,303,290,304,291,305,291,306,291,307,292,308,292,309,292,310,291,311,291,312,290,313,289,314,288,315,287,316,287,317,286,318,285,319,284,320,283,321,283,322,282,323,281,323,280,324,279,324,278,324,277,324,276,324,275,325,274,324,273,324,272,324,271,323,270,323,269,322,268,321,267,320,266,319,266,318,266,317,265,316,265,315,264
184,272,183,273,182,273,181,273,180,274,179,275,178,275,177,276,176,277,175,277,175,278,174,279,173,280,172,281,172,282,172,283,172,284,172,285,173,286,173,287,174,288,175,288,176,288,177,289,178,290,179,290,180,291,181,291,182,291,183,292,184,292,185,292,186,292,187,292,188,292,189,292,190,292,191,291,192,291,193,291,194,291,195,290,196,290,197,289,198,288,198,287,198,286,199,285,199,284,199,283,199,282,199,281,199,280,199,279,199,278,199,277,199,276,198,275,198,274,197,273,196,273,195,272,194,272,193,272,192,272,191,272,190,272,189,272,188,272,187,272,186,272,185,272
275,275,274,276,273,276,272,276,271,276,270,277,269,277,268,278,267,279,266,280,265,281,264,282,264,283,264,284,264,285,264,286,265,287,265,288,265,289,265,290,265,291,266,292,266,293,265,294,266,293,267,293,268,293,269,294,270,294,271,294,272,294,273,294,274,294,275,294,276,294,277,295,278,295,279,295,280,295,281,296,282,296,283,296,284,297,285,297,286,298,287,298,288,298,289,298,290,297,291,296,292,295,292,294,293,293,293,292,294,291,294,290,294,289,294,288,294,287,293,286,293,285,293,284,292,283,291,282,291,281,290,280,289,279,288,279,287,278,286,278,285,277,284,277,283,276,282,276,281,276,280,275,279,275,278,275,277,275,276,275
225,276,224,277,223,277,222,277,221,277,221,278,220,279,219,279,218,279,217,279,216,279,215,280,214,280,213,280,212,279,211,279,210,278,209,278,208,278,207,278,206,279,205,280,205,281,204,282,203,283,202,284,203,285,203,286,204,287,204,288,204,289,205,290,206,290,207,291,207,292,208,293,208,294,209,295,209,296,209,297,209,298,209,299,210,300,211,301,212,301,213,301,214,301,215,301,216,301,217,301,218,301,219,301,220,301,221,301,222,301,223,301,224,301,225,300,226,300,227,300,228,299,229,299,230,298,231,297,232,296,233,295,233,294,233,293,233,292,233,291,233,290,233,289,234,288,234,287,234,286,234,285,234,284,234,283,234,282,233,282,232,282,231,281,231,280,231,279,230,278,229,277,228,276,227,277,226,277
266,294,265,295,264,296,264,297,263,298,262,299,262,300,262,301,262,302,262,303,262,304,262,305,262,306,262,307,263,308,263,309,263,310,263,311,264,312,264,313,265,314,266,315,267,316,268,317,269,317,270,318,271,319,272,319,273,320,274,320,275,320,276,320,277,320,278,320,279,319,280,319,281,319,282,318,283,318,284,317,285,316,285,315,286,314,286,313,286,312,287,311,287,310,287,309,287,308,287,307,287,306,287,305,287,304,287,303,288,302,288,301,288,300,288,299,287,299,286,299,285,298,284,298,283,297,282,297,281,297,280,296,279,296,278,296,277,296,276,295,275,295,274,295,273,295,272,295,271,295,270,295,269,295,268,294,267,294
229,304,228,305,227,305,226,305,225,306,224,306,223,306,222,307,221,307,220,308,219,309,218,310,217,311,216,312,216,313,216,314,216,315,216,316,216,317,217,318,217,319,218,320,218,321,219,322,220,323,221,323,222,324,223,324,224,325,225,325,226,325,227,324,228,324,229,323,230,323,231,322,232,322,233,321,234,320,234,319,235,318,236,317,237,316,237,315,237,314,238,313,238,312,238,311,238,310,237,309,237,308,236,307,235,306,234,305,233,305,232,305,231,304,230,304
279,329,278,330,277,331,276,331,275,331,274,332,273,333,272,334,271,335,270,336,270,337,269,338,269,339,269,340,269,341,269,342,269,343,270,344,270,345,271,346,272,347,273,348,274,348,275,349,276,349,277,350,278,350,279,350,280,350,281,350,282,351,283,351,284,351,285,351,286,351,287,351,288,351,289,351,290,350,291,350,292,350,293,349,293,348,294,347,294,346,295,345,295,344,296,343,295,342,295,341,294,340,294,339,293,338,292,337,292,336,291,335,290,334,289,333,288,332,287,331,286,331,285,330,284,330,283,330,282,329,281,329,280,329
336,407,335,408,334,408,333,408,332,409,331,409,330,410,329,410,329,411,328,412,327,413,326,414,326,415,326,416,326,417,325,418,325,419,325,420,325,421,325,422,326,423,326,424,326,425,326,426,327,427,327,428,328,429,329,430,330,431,331,431,332,432,333,432,334,432,335,433,336,433,337,433,338,433,339,432,340,432,341,432,342,432,343,431,344,431,345,430,346,430,347,429,348,429,349,429,350,428,350,427,351,426,351,425,351,424,351,423,351,422,351,421,351,420,351,419,351,418,351,417,350,416,350,415,349,414,349,413,348,412,347,411,346,410,345,409,344,408,343,408,342,407,341,407,340,407,339,407,338,407,337,407
173,410,172,411,171,411,170,411,169,412,168,412,167,413,166,414,166,415,165,416,165,417,164,418,164,419,164,420,164,421,164,422,164,423,164,424,164,425,164,426,164,427,164,428,165,429,165,430,166,431,167,432,168,432,169,433,170,433,171,433,172,434,173,434,174,434,175,434,176,434,177,434,178,434,179,434,180,434,181,433,182,433,183,433,184,432,185,431,186,430,186,429,187,428,187,427,187,426,188,425,188,424,188,423,188,422,188,421,187,420,187,419,187,418,186,417,186,416,186,415,185,414,184,413,183,412,182,411,181,411,180,410,179,410,178,410,177,410,176,410,175,410,174,410
149,411,148,412,147,412,146,412,145,412,144,413,143,413,142,414,141,414,140,415,139,416,138,416,138,417,137,418,137,419,137,420,137,421,137,422,137,423,137,424,137,425,137,426,138,427,138,428,139,429,139,430,140,431,141,432,142,433,143,433,144,434,145,434,146,435,147,435,148,435,149,435,150,435,151,435,152,435,153,435,154,434,155,434,156,434,157,433,158,432,159,431,159,430,160,429,160,428,160,427,160,426,160,425,160,424,160,423,160,422,160,421,160,420,160,419,159,418,159,417,159,416,158,415,157,414,156,413,155,413,154,412,153,412,152,412,151,411,150,411
376,414,375,415,374,415,373,415,372,416,371,417,370,418,369,419,368,420,368,421,367,422,367,423,367,424,367,425,366,426,366,427,366,428,366,429,366,430,367,431,367,432,368,433,369,434,369,435,370,435,371,436,372,436,373,437,374,437,375,437,376,437,377,437,378,437,379,437,380,437,381,437,382,436,383,436,384,436,385,435,386,435,387,434,388,433,389,432,390,431,390,430,390,429,391,428,391,427,391,426,391,425,391,424,390,423,390,422,390,421,389,420,389,419,388,418,387,417,386,416,385,415,384,415,383,414,382,414,381,414,380,414,379,414,378,414,377,414
303,418,302,419,301,419,300,419,299,420,298,420,297,421,296,421,295,421,294,422,293,422,292,423,291,424,290,424,289,425,288,426,287,427,286,428,286,429,286,430,285,431,285,432,285,433,285,434,286,435,286,436,287,437,288,438,289,439,290,440,291,440,292,441,293,441,294,442,295,442,296,442,297,442,298,442,299,442,300,442,301,442,302,441,303,441,304,441,305,441,306,440,307,440,308,439,309,439,310,438,311,437,312,436,313,436,314,435,315,434,315,433,316,432,317,431,318,430,318,429,318,428,318,427,319,426,319,425,318,424,318,423,318,422,317,421,316,420,315,420,314,419,313,419,312,418,311,418,310,418,309,418,308,418,307,418,306,418,305,418,304,418
200,423,199,424,199,425,198,426,199,427,198,428,198,429,198,430,198,431,198,432,198,433,198,434,198,435,198,436,199,437,199,438,200,439,200,440,201,441,202,442,202,443,203,444,204,445,205,445,206,446,207,446,208,447,209,447,210,448,211,448,212,448,213,448,214,448,215,448,216,447,217,447,218,447,219,446,220,445,221,445,222,445,222,444,223,443,223,442,224,441,224,440,224,439,224,438,223,437,223,436,223,435,223,434,223,433,222,432,221,431,220,430,219,429,218,428,217,427,216,427,215,426,214,425,213,425,212,425,211,424,210,424,209,424,208,423,207,423,206,423,205,423,204,423,203,423,202,423,201,423
116,425,115,426,114,426,113,427,112,427,111,428,110,428,109,429,108,430,107,431,106,432,105,433,104,434,103,435,103,436,102,437,101,438,101,439,100,440,100,441,99,442,99,443,98,444,99,445,99,446,99,447,100,448,100,449,101,450,101,451,102,452,102,453,103,453,104,454,105,454,106,454,107,454,108,454,109,454,110,453,111,452,112,452,113,451,114,450,115,449,116,449,117,449,118,448,119,447,120,447,121,447,122,447,123,446,124,446,125,445,126,445,127,444,128,443,129,442,129,441,130,440,130,439,130,438,130,437,131,436,131,435,130,434,130,433,130,432,130,431,129,430,128,429,128,428,127,427,126,427,125,426,124,426,123,425,122,425,121,425,120,425,119,425,118,425,117,425
407,436,406,437,405,438,404,439,403,440,403,441,402,442,402,443,402,444,402,445,402,446,402,447,402,448,402,449,402,450,402,451,402,452,402,453,402,454,402,455,402,456,402,457,402,458,402,459,402,460,402,461,402,462,402,463,402,464,402,465,402,466,403,467,403,468,404,469,405,470,405,471,406,471,407,472,408,472,409,472,410,473,411,473,412,473,413,473,414,473,415,472,416,472,417,472,418,472,419,471,419,470,420,469,420,468,421,467,421,466,421,465,422,464,422,463,422,462,422,461,422,460,422,459,422,458,422,457,422,456,422,455,422,454,422,453,423,452,423,451,424,450,424,449,424,448,424,447,424,446,424,445,424,444,423,443,423,442,422,441,421,440,420,439,419,439,418,438,417,438,416,437,415,437,414,437,413,436,412,436,411,436,410,436,409,436,408,436
232,439,231,440,230,440,229,440,228,440,227,441,226,441,225,441,224,442,224,443,223,444,223,445,223,446,222,447,222,448,222,449,222,450,222,451,223,452,223,453,224,454,224,455,225,456,226,457,227,458,228,458,229,459,230,459,231,460,232,460,233,460,234,460,235,460,236,460,237,460,238,460,239,459,240,459,241,458,242,457,243,456,244,455,244,454,244,453,245,452,245,451,245,450,244,449,244,448,243,447,242,446,242,445,241,444,240,443,239,442,238,441,237,441,236,440,235,440,234,439,233,439
161,440,160,441,159,441,158,442,157,442,158,443,158,444,158,445,158,446,159,447,159,448,159,449,159,450,159,451,160,452,160,453,160,454,160,455,160,456,160,457,161,458,161,459,161,460,161,461,161,462,161,463,161,464,161,465,161,466,161,467,161,468,161,469,161,470,161,471,160,472,160,473,160,474,160,475,160,476,161,476,162,476,163,476,164,476,165,476,166,476,167,475,168,475,169,475,170,474,171,474,172,473,173,473,174,472,175,471,176,470,177,469,178,468,178,467,179,466,179,465,179,464,179,463,180,462,180,461,180,460,180,459,179,458,179,457,179,456,179,455,179,454,179,453,178,452,178,451,178,450,178,449,177,448,177,447,176,446,175,445,174,444,173,443,172,442,171,442,170,442,169,441,168,441,167,441,166,441,165,441,164,441,163,440,162,440
148,441,147,442,146,442,145,442,144,442,143,443,142,444,141,445,141,446,140,447,140,448,139,449,139,450,138,451,137,452,137,453,136,454,135,455,134,456,133,457,133,458,132,459,131,460,131,461,131,462,131,463,131,464,131,465,131,466,131,467,131,468,132,469,131,470,132,471,132,472,133,472,134,473,135,474,136,474,137,475,138,476,139,476,140,477,141,477,142,478,143,478,144,479,145,479,146,479,147,479,148,479,149,478,150,478,151,478,152,478,153,477,154,477,155,477,156,476,157,476,158,476,159,476,159,475,159,474,159,473,159,472,160,471,160,470,160,469,160,468,160,467,160,466,160,465,160,464,160,463,160,462,160,461,160,460,160,459,160,458,159,457,159,456,159,455,159,454,159,453,159,452,158,451,158,450,158,449,158,448,158,447,157,446,157,445,157,444,157,443,156,442,155,442,154,442,153,441,152,441,151,441,150,441,149,441
367,442,366,443,365,443,364,443,363,443,362,443,361,444,360,444,359,445,358,445,357,446,356,447,355,448,354,448,354,449,353,450,352,451,352,452,352,453,351,454,350,455,350,456,350,457,350,458,350,459,350,460,350,461,350,462,351,463,351,464,351,465,351,466,352,467,353,468,353,469,354,470,354,471,355,472,356,472,357,473,358,474,359,474,360,475,361,475,362,475,363,475,364,475,365,475,366,475,367,475,368,475,369,475,370,475,371,475,372,474,373,474,374,473,375,473,376,473,376,472,377,471,378,471,379,470,380,469,381,468,382,467,382,466,383,465,383,464,384,463,384,462,384,461,385,460,385,459,385,458,385,457,385,456,384,455,384,454,384,453,383,452,383,451,382,450,382,449,381,448,380,447,380,446,379,446,378,445,377,444,376,444,375,443,374,443,373,443,372,443,371,442,370,442,369,442,368,442
94,443,93,444,92,444,91,445,90,446,89,447,88,448,87,449,87,450,87,451,86,452,86,453,86,454,87,455,88,456,88,457,89,457,90,458,91,458,92,458,93,459,94,459,95,459,96,458,97,458,98,458,99,457,100,456,100,455,101,454,101,453,101,452,100,451,100,450,99,449,99,448,98,447,98,446,98,445,97,444,96,444,95,444
284,444,283,445,282,445,281,445,280,445,279,445,278,445,277,445,276,445,275,446,274,447,273,447,272,448,271,449,270,450,270,451,269,452,269,453,269,454,269,455,268,456,268,457,268,458,269,459,269,460,269,461,270,462,270,463,271,464,271,465,272,466,273,467,274,468,275,468,276,468,277,469,278,469,279,469,280,468,281,468,282,468,283,467,284,466,285,466,286,465,287,464,287,463,288,462,289,461,289,460,289,459,290,458,290,457,291,456,291,455,291,454,291,453,291,452,291,451,291,450,290,449,290,448,289,447,288,446,287,445,286,445,285,445
334,446,333,447,332,447,331,447,330,447,329,448,328,449,327,450,326,450,326,451,325,452,324,453,324,454,323,455,323,456,322,457,322,458,322,459,321,460,321,461,321,462,321,463,321,464,321,465,321,466,321,467,321,468,322,469,322,470,323,471,323,472,324,473,324,474,325,475,326,476,327,477,328,478,329,478,330,479,331,479,332,479,333,480,334,480,335,480,336,480,337,480,338,480,339,479,340,479,341,479,342,478,343,477,344,477,345,476,345,475,346,474,347,473,347,472,348,471,348,470,349,469,349,468,349,467,350,466,350,465,350,464,350,463,349,462,349,461,349,460,349,459,349,458,349,457,349,456,349,455,350,454,349,454,348,453,348,452,347,451,347,450,346,449,345,448,344,448,343,447,342,447,341,446,340,446,339,446,338,446,337,446,336,446,335,446
304,451,303,452,302,452,301,453,300,453,299,453,298,454,297,455,296,456,296,457,295,458,295,459,294,460,294,461,293,462,293,463,293,464,293,465,293,466,293,467,294,468,294,469,294,470,294,471,295,472,296,473,297,474,298,475,299,475,300,476,301,476,302,477,303,477,304,477,305,477,306,477,307,477,308,477,309,477,310,476,311,475,312,475,313,474,314,473,315,472,316,472,317,471,317,470,318,469,319,468,320,468,320,467,320,466,320,465,320,464,320,463,320,462,320,461,319,460,318,459,318,458,317,457,317,456,316,455,316,454,315,453,314,452,313,452,312,451,311,451,310,451,309,451,308,451,307,451,306,451,305,451
76,461,75,462,74,462,73,462,72,463,71,463,70,464,69,465,68,466,67,467,67,468,67,469,66,470,66,471,66,472,66,473,66,474,66,475,66,476,66,477,66,478,67,479,67,480,68,481,69,482,69,483,70,483,71,484,72,484,73,485,74,485,75,485,76,485,77,485,78,485,79,485,80,484,81,484,82,484,83,483,84,482,85,481,86,480,87,479,88,478,88,477,89,476,89,475,89,474,89,473,89,472,89,471,89,470,89,469,89,468,88,467,88,466,87,465,86,464,85,464,84,463,83,463,82,462,81,462,80,461,79,461,78,461,77,461
427,469,426,470,425,470,424,470,423,471,422,471,421,472,420,473,419,473,418,473,418,474,417,475,416,476,415,477,414,478,414,479,413,480,412,481,412,482,412,483,412,484,412,485,412,486,413,487,413,488,414,489,415,490,416,491,417,492,418,492,419,493,420,493,421,493,422,493,423,493,424,492,425,492,426,491,427,491,428,490,429,490,430,489,431,489,432,488,433,487,433,486,433,485,434,484,435,483,435,482,435,481,435,480,436,479,436,478,436,477,436,476,436,475,435,474,435,473,434,472,433,471,432,470,431,470,430,469,429,469,428,469
122,473,121,474,120,475,119,476,118,476,117,477,116,478,115,479,115,480,114,481,114,482,114,483,114,484,113,485,113,486,113,487,113,488,112,489,112,490,112,491,112,492,112,493,112,494,112,495,112,496,112,497,113,498,113,499,113,500,113,501,113,502,114,503,114,504,114,505,114,506,115,507,115,508,115,509,116,510,117,510,118,510,119,510,120,510,121,510,122,510,123,510,124,511,125,511,126,511,127,511,128,511,129,510,130,510,131,510,132,510,133,510,134,510,135,510,136,510,137,510,138,510,139,510,140,510,141,510,142,510,143,510,143,509,144,508,145,508,146,508,147,507,148,506,148,505,149,504,149,503,149,502,149,501,150,500,150,499,151,498,150,497,150,496,151,495,150,494,150,493,149,492,149,491,149,490,149,489,148,488,148,487,147,486,147,485,146,484,145,483,145,482,145,481,145,480,144,480,143,479,142,479,141,478,140,478,139,477,138,477,137,476,136,475,135,475,134,474,133,473,132,473,131,473,130,473,129,473,128,473,127,473,126,473,125,473,124,473,123,473
380,473,379,474,378,474,377,474,376,475,375,475,374,476,373,476,372,477,371,477,370,478,369,479,369,480,368,481,367,482,367,483,366,484,366,485,366,486,365,487,365,488,365,489,365,490,365,491,364,492,365,493,365,494,365,495,365,496,365,497,365,498,366,499,366,500,367,501,367,502,368,503,369,504,370,505,371,505,372,506,373,506,374,507,375,507,376,508,377,508,378,508,379,509,380,509,381,510,382,510,383,510,384,510,385,510,386,510,387,510,388,509,389,508,390,508,391,508,392,508,393,507,394,507,395,506,396,506,397,505,398,504,398,503,399,502,400,501,401,500,401,499,401,498,401,497,401,496,401,495,401,494,401,493,401,492,401,491,401,490,401,489,401,488,400,487,400,486,400,485,399,484,399,483,399,482,398,481,398,480,397,479,396,478,395,477,394,476,393,475,392,474,391,474,390,473,389,473,388,473,387,473,386,473,385,473,384,473,383,473,382,473,381,473
183,475,182,476,181,476,180,476,179,477,178,477,177,478,176,479,175,480,174,481,173,482,172,483,171,484,171,485,170,486,169,487,169,488,168,489,168,490,168,491,167,492,167,493,167,494,167,495,167,496,167,497,167,498,167,499,166,500,166,501,166,502,166,503,166,504,167,505,167,506,167,507,167,508,168,509,169,510,170,510,171,510,172,510,173,511,174,511,175,511,176,511,177,511,178,511,179,511,180,511,181,511,182,511,183,511,184,511,185,511,186,511,187,511,188,511,189,511,190,511,191,511,192,511,193,511,194,511,195,511,196,511,197,511,198,511,199,511,200,511,201,511,202,511,203,511,204,511,205,511,206,511,207,511,208,511,209,511,210,511,211,510,212,509,213,508,213,507,214,506,214,505,214,504,214,503,215,502,215,501,215,500,215,499,215,498,215,497,215,496,215,495,214,494,214,493,214,492,213,491,212,490,212,489,211,488,210,487,210,486,209,485,208,485,207,484,206,483,205,482,204,481,203,481,202,480,201,479,200,479,199,478,198,478,197,477,196,477,195,477,194,476,193,476,192,476,191,475,190,475,189,475,188,475,187,475,186,475,185,475,184,475
310,477,309,478,308,478,307,478,306,478,305,478,304,478,303,479,302,480,301,480,300,481,299,482,298,482,298,483,297,484,297,485,296,486,296,487,296,488,296,489,295,490,295,491,295,492,295,493,295,494,295,495,296,496,296,497,296,498,296,499,296,500,297,501,297,502,298,503,298,504,299,505,299,506,300,507,301,508,301,509,302,509,303,510,304,511,305,511,306,511,307,511,308,511,309,511,310,511,311,511,312,511,313,511,314,511,315,511,316,511,317,511,318,511,319,511,320,511,321,511,322,511,323,511,324,511,325,510,326,510,327,509,328,508,328,507,328,506,329,505,329,504,329,503,329,502,329,501,329,500,329,499,329,498,330,497,329,496,329,495,329,494,329,493,329,492,329,491,329,490,328,489,328,488,327,487,327,486,326,485,325,484,324,483,323,482,322,481,321,480,320,480,319,479,318,479,317,479,316,478,315,478,314,478,313,478,312,477,311,477
58,488,57,489,56,489,55,489,54,490,53,491,53,492,52,493,52,494,52,495,52,496,52,497,52,498,51,499,51,500,51,501,52,502,52,503,52,504,53,505,54,506,55,507,56,508,56,509,57,509,58,509,59,510,60,510,60,509,61,508,62,507,63,507,64,506,65,506,66,506,67,506,67,505,68,504,69,504,69,503,70,502,70,501,70,500,71,499,71,498,72,497,72,496,71,495,71,494,71,493,70,492,70,491,69,490,68,489,67,489,66,489,65,488,64,488,63,488,62,488,61,488,60,488,59,488
257,495,256,496,255,496,254,497,253,497,252,497,251,498,250,498,250,499,250,500,249,501,249,502,248,503,248,504,247,505,247,506,247,507,247,508,248,509,247,510,248,510,249,511,250,510,251,510,252,510,253,510,254,511,255,511,256,510,257,510,258,510,259,510,260,510,261,510,262,510,263,510,264,510,265,510,265,509,265,508,265,507,265,506,265,505,265,504,265,503,264,502,264,501,263,500,263,499,262,498,262,497,261,496,261,495,260,495,259,495,258,495
344,498,343,499,342,499,341,499,340,499,339,500,338,500,337,501,336,502,335,502,334,503,333,504,332,505,331,506,330,507,329,507,329,508,328,509,328,510,329,510,330,511,331,511,332,511,333,511,334,511,335,511,336,511,337,511,338,511,339,511,340,511,341,511,342,511,343,511,344,511,345,511,346,511,347,511,348,511,349,511,350,511,351,511,352,511,353,511,354,511,355,511,356,511,357,511,358,511,359,511,360,511,361,511,362,511,363,511,364,510,364,509,364,508,363,507,363,506,362,505,361,504,361,503,360,503,359,502,358,501,357,500,356,500,355,500,354,499,353,499,352,499,351,499,350,498,349,498,348,498,347,498,346,498,345,498
