60,4,59,5,58,5,58,6,57,7,56,8,55,9,55,10,55,11,55,12,56,13,57,14,58,15,59,15,60,16,61,16,62,16,63,16,64,15,65,14,66,14,67,13,68,12,69,11,69,10,69,9,69,8,68,7,68,6,67,5,66,5,65,4,64,4,63,4,62,4,61,4
63,29,62,30,61,31,60,32,59,33,59,34,59,35,59,36,60,37,61,38,62,39,63,40,64,41,65,41,66,42,67,42,68,42,69,42,70,42,71,42,72,42,73,41,74,41,75,40,76,39,76,38,77,37,77,36,77,35,77,34,77,33,77,32,76,31,76,30,75,30,74,29,73,29,72,29,71,29,70,29,69,29,68,29,67,29,66,29,65,29,64,29
37,32,36,33,35,33,34,34,33,35,33,36,33,37,32,38,32,39,32,40,31,41,31,42,32,43,32,44,33,44,34,45,35,45,36,45,37,45,38,45,39,44,40,44,41,44,42,43,43,43,44,42,44,41,45,40,45,39,46,38,46,37,46,36,45,35,45,34,44,33,43,32,42,32,41,32,40,32,39,32,38,32
69,46,68,47,67,47,66,47,65,47,65,48,65,49,64,50,65,51,64,52,65,53,65,54,65,55,65,56,64,57,65,58,66,58,67,59,68,60,69,60,70,60,71,60,72,61,73,61,74,61,75,61,76,61,76,60,77,59,78,58,79,57,79,56,79,55,79,54,79,53,79,52,79,51,78,50,78,49,78,48,77,47,76,46,75,46,74,46,73,46,72,46,71,46,70,46
148,46,147,47,146,47,145,48,144,48,143,49,142,50,142,51,142,52,141,53,141,54,140,55,140,56,140,57,140,58,140,59,139,60,140,60,141,61,141,62,142,63,143,64,144,64,145,65,146,65,147,65,148,65,149,65,150,65,151,65,152,65,153,64,154,64,155,63,156,63,157,63,158,62,159,62,160,61,161,60,162,60,163,59,164,58,164,57,164,56,164,55,164,54,163,53,163,52,162,51,161,50,160,49,159,49,158,48,157,48,156,47,155,47,154,46,153,46,152,46,151,46,150,46,149,46
63,58,62,59,61,59,60,60,60,61,59,62,59,63,59,64,59,65,59,66,60,67,60,68,60,69,61,70,61,71,62,72,63,73,64,74,65,75,66,76,66,77,67,78,68,79,68,80,69,80,70,81,71,82,72,82,73,82,74,82,75,82,76,82,77,82,78,81,79,81,80,80,81,80,82,80,83,79,84,79,84,78,85,77,86,76,87,75,88,74,89,73,90,72,90,71,91,70,91,69,92,68,92,67,92,66,91,65,90,64,89,63,88,63,87,63,86,63,85,63,84,63,83,62,82,63,81,62,80,63,79,63,78,63,77,62,76,62,75,62,74,62,73,62,72,62,71,61,70,61,69,61,68,61,67,60,66,59,65,59,64,58
94,72,93,73,92,73,91,74,90,74,89,74,88,75,87,76,86,77,85,78,85,79,84,80,84,81,84,82,84,83,84,84,84,85,84,86,84,87,85,88,85,89,86,90,86,91,87,92,87,93,88,94,89,94,90,94,91,94,92,94,93,93,94,93,95,93,96,92,97,91,98,91,99,90,100,89,101,88,101,87,102,86,102,85,102,84,103,83,103,82,103,81,103,80,103,79,103,78,102,77,102,76,101,75,100,74,99,73,98,73,97,72,96,72,95,72
126,93,125,94,124,94,123,94,122,95,121,96,120,96,119,97,119,98,119,99,118,100,118,101,117,102,116,103,115,104,114,105,114,106,115,106,116,107,117,108,118,108,119,109,120,110,121,111,122,112,123,112,124,113,125,114,126,115,127,116,128,116,129,117,130,117,131,117,132,117,133,117,134,116,135,116,136,116,137,116,138,115,139,115,140,115,141,115,141,114,142,113,142,112,142,111,142,110,143,109,143,108,143,107,142,106,142,105,141,104,141,103,141,102,141,101,141,100,140,99,140,98,139,98,138,97,137,96,137,95,136,94,135,94,134,94,133,93,132,93,131,93,130,93,129,93,128,93,127,93
113,106,112,107,111,108,110,108,109,109,109,110,108,111,108,112,107,113,107,114,107,115,107,116,107,117,107,118,107,119,106,120,107,121,108,122,108,123,109,124,110,125,110,126,111,127,112,128,113,129,114,129,115,130,116,131,117,131,118,131,119,130,120,130,121,129,122,128,123,127,124,126,125,125,126,124,126,123,127,122,128,121,128,120,129,119,130,118,129,118,128,117,127,117,126,116,125,115,124,114,123,113,122,113,121,112,120,111,119,110,118,109,117,109,116,108,115,107,114,107
74,108,73,109,72,110,71,110,71,111,71,112,71,113,71,114,72,115,72,116,73,117,74,118,75,119,76,120,77,120,78,120,79,121,80,121,81,121,82,120,83,120,84,120,85,119,86,118,86,117,86,116,86,115,86,114,86,113,85,112,84,111,83,110,82,109,81,109,80,109,79,108,78,108,77,108,76,108,75,108
138,116,137,117,136,117,135,117,134,117,133,118,132,118,131,118,130,119,129,120,129,121,128,122,127,123,127,124,126,125,125,126,124,127,123,128,122,129,121,130,120,131,119,131,118,132,118,133,118,134,118,135,117,136,117,137,116,138,116,139,115,140,115,141,115,142,115,143,114,144,115,145,114,146,115,147,115,148,115,149,115,150,116,149,117,150,117,151,118,152,118,153,119,153,120,153,121,153,122,153,123,153,124,153,125,153,126,152,127,152,128,152,128,151,129,150,130,149,131,148,132,148,133,147,134,146,135,146,136,145,137,146,138,146,139,145,139,144,139,143,140,142,141,141,141,140,142,139,142,138,143,137,144,136,144,135,145,134,145,133,146,132,146,131,147,130,147,129,147,128,146,127,146,126,146,125,145,124,145,123,144,122,144,121,143,120,142,119,142,118,141,117,141,116,140,116,139,116
91,145,90,146,89,146,88,146,87,147,86,148,85,149,85,150,84,151,84,152,84,153,84,154,84,155,84,156,85,157,85,158,86,158,87,159,88,159,89,159,90,160,91,160,92,159,93,159,94,159,95,158,96,158,97,158,98,157,99,156,99,155,99,154,99,153,99,152,99,151,98,150,98,149,97,148,96,147,95,147,94,146,93,146,92,146
146,147,145,148,144,148,143,148,142,149,142,150,142,151,142,152,142,153,141,154,141,155,141,156,140,157,140,158,139,159,139,160,139,161,138,162,138,163,138,164,137,165,137,166,137,167,137,168,137,169,137,170,137,171,137,172,138,173,138,174,139,175,140,176,141,177,142,177,143,178,144,179,145,179,146,179,147,179,148,179,149,179,150,179,151,179,152,178,153,178,154,178,155,178,156,177,157,177,158,177,159,176,160,176,160,175,161,174,162,173,162,172,162,171,163,170,163,169,163,168,163,167,164,166,164,165,164,164,165,163,165,162,166,161,166,160,167,159,166,158,166,157,166,156,165,155,165,154,164,153,163,152,163,151,162,150,161,150,160,149,159,148,158,147,157,147,156,147,155,147,154,147,153,147,152,147,151,147,150,147,149,147,148,147,147,147
167,160,167,161,166,162,166,163,165,164,165,165,165,166,164,167,164,168,164,169,164,170,163,171,163,172,164,173,165,174,165,175,166,176,167,176,168,177,169,178,170,178,171,178,172,178,173,177,174,177,175,176,175,175,176,174,176,173,177,172,177,171,177,170,177,169,177,168,176,167,175,166,175,165,175,164,175,163,174,162,173,162,172,161,171,161,170,161,169,160,168,160
258,171,259,172,259,173,259,174,259,175,260,176,260,177,260,178,261,179,261,180,261,181,261,182,261,183,262,184,262,185,262,186,262,187,261,188,261,189,261,190,261,191,261,192,261,193,261,194,261,195,261,196,261,197,261,198,261,199,261,200,261,201,261,202,261,203,261,204,261,205,261,206,261,207,261,208,261,209,261,210,261,211,261,212,261,213,261,214,261,215,262,215,263,215,264,215,265,215,266,215,267,214,268,214,269,214,270,214,271,213,272,213,273,213,274,212,275,212,276,211,277,211,278,210,279,210,280,209,281,209,280,209,279,209,278,208,279,207,280,206,281,205,281,204,282,203,283,202,284,201,285,200,285,199,285,198,285,197,286,196,286,195,285,194,285,193,285,192,285,191,284,190,284,189,283,188,283,187,282,186,281,185,280,184,279,183,278,182,277,181,277,180,276,179,275,178,274,177,273,176,272,175,271,174,270,174,269,173,268,173,267,173,266,173,265,173,264,173,263,172,262,172,261,172,260,172,259,171
195,175,194,176,193,176,192,176,191,176,190,176,189,176,188,177,187,177,186,178,185,178,184,178,183,178,182,179,181,179,180,180,179,181,179,182,178,183,177,184,176,184,176,185,177,186,177,187,177,188,177,189,177,190,177,191,177,192,177,193,177,194,178,195,179,195,180,196,180,197,181,198,182,199,182,200,183,200,184,201,185,201,186,201,187,201,188,201,189,202,190,202,191,202,192,202,193,202,194,202,195,202,196,202,197,202,198,202,199,202,200,202,201,202,202,202,203,202,204,202,205,201,206,200,206,199,207,198,208,197,209,196,209,195,210,194,209,193,210,192,210,191,210,190,210,189,210,188,209,187,209,186,208,185,207,184,207,183,206,182,205,181,205,180,204,179,204,178,203,177,202,177,201,177,200,177,199,177,198,176,197,176,196,176
159,177,158,178,157,178,156,178,155,179,154,179,153,179,152,179,151,180,150,180,149,180,148,180,147,180,146,180,145,180,144,180,143,181,142,182,141,182,140,183,139,183,138,183,137,184,136,184,135,184,134,185,133,186,132,186,131,187,130,188,129,189,128,189,127,190,126,191,125,192,124,193,124,194,124,195,124,196,123,197,124,198,123,199,123,200,124,201,125,202,126,203,126,204,127,205,128,206,129,206,130,207,131,208,132,209,133,210,134,210,135,210,136,210,137,211,138,212,139,212,140,212,141,212,142,213,143,214,144,215,145,215,146,216,147,216,148,217,149,217,150,218,151,218,152,218,153,219,154,218,155,218,156,218,157,218,158,217,159,217,160,217,161,216,162,216,163,215,164,214,165,213,166,213,166,212,167,211,168,211,169,210,170,209,171,209,171,208,171,207,172,206,172,205,172,204,172,203,172,202,173,201,174,200,175,199,175,198,176,197,176,196,177,195,176,194,176,193,176,192,176,191,176,190,176,189,176,188,176,187,176,186,175,185,175,184,174,183,173,182,172,181,171,181,170,180,169,181,168,181,167,180,166,179,165,178,164,178,163,177,162,177,161,177,160,177
214,194,213,195,212,195,211,196,210,196,209,197,208,198,207,199,207,200,206,201,205,202,205,203,205,204,205,205,206,206,206,207,206,208,206,209,206,210,206,211,206,212,206,213,206,214,206,215,206,216,205,217,206,216,207,216,208,216,209,216,210,216,211,217,212,217,213,217,214,217,215,217,216,217,217,217,218,217,219,217,220,216,221,216,222,215,223,214,224,213,224,212,225,211,225,210,226,209,227,208,227,207,227,206,228,205,228,204,228,203,228,202,228,201,228,200,227,199,227,198,226,197,225,196,224,196,223,195,222,195,221,195,220,194,219,194,218,194,217,194,216,194,215,194
181,201,180,202,179,202,178,203,177,203,176,204,175,204,174,205,173,205,173,206,172,207,172,208,172,209,172,210,172,211,172,212,172,213,172,214,173,215,174,216,175,217,176,218,177,219,178,220,179,220,180,221,181,222,182,222,183,223,184,223,185,223,186,223,187,223,188,223,189,223,190,223,191,223,192,223,193,223,194,223,195,223,196,223,197,223,198,223,199,224,200,224,200,223,201,222,202,221,202,220,203,219,203,218,204,217,205,216,205,215,205,214,205,213,205,212,205,211,205,210,205,209,205,208,205,207,205,206,204,205,204,204,204,203,203,203,202,203,201,203,200,203,199,203,198,203,197,203,196,203,195,203,194,203,193,203,192,203,191,203,190,203,189,203,188,202,187,202,186,202,185,202,184,202,183,201,182,201
283,208,282,209,281,210,280,210,279,211,278,211,277,212,276,212,275,213,274,213,273,214,272,214,271,214,270,215,269,215,268,215,267,215,266,216,265,216,264,216,263,216,262,216,261,216,260,217,259,218,258,219,257,220,257,221,256,222,256,223,255,224,255,225,255,226,256,227,257,228,258,228,259,229,260,230,261,230,262,231,263,232,264,233,265,234,266,235,267,236,268,236,269,237,270,237,271,237,272,238,273,238,274,238,275,238,276,239,277,240,278,240,279,240,280,240,281,240,282,240,283,239,282,238,283,237,284,237,283,236,282,235,282,234,282,233,282,232,283,231,284,230,285,229,286,228,286,227,287,226,288,225,288,224,289,223,289,222,290,221,290,220,291,219,292,218,292,217,293,216,293,215,293,214,293,213,293,212,293,211,292,210,291,210,290,209,289,209,288,208,287,208,286,209,285,208,284,208
230,210,229,211,228,211,227,211,226,212,225,212,225,213,224,214,223,215,222,216,221,217,221,218,220,219,221,220,221,221,222,222,222,223,223,224,223,225,224,226,225,227,226,228,227,229,228,230,229,231,230,232,231,232,232,231,233,232,234,231,235,231,236,231,237,231,238,231,239,231,240,231,241,231,242,230,243,229,244,228,245,227,245,226,245,225,245,224,245,223,244,222,244,221,244,220,243,219,243,218,242,217,242,216,241,215,240,214,239,213,238,212,237,212,236,211,235,210,234,210,233,210,232,210,231,210
171,214,170,215,169,216,168,216,167,217,166,217,165,218,164,219,163,219,162,220,161,220,160,220,159,221,158,221,157,221,156,221,155,222,154,223,154,224,154,225,154,226,153,227,153,228,153,229,153,230,153,231,153,232,154,233,155,234,156,235,157,236,158,237,159,238,160,239,161,240,162,240,163,239,164,239,165,239,166,239,167,239,168,238,169,238,170,238,171,238,172,238,173,238,174,238,175,237,176,237,177,236,177,235,178,234,178,233,179,232,179,231,179,230,180,229,181,228,181,227,182,226,183,225,184,224,183,224,182,223,181,223,180,222,179,221,178,221,177,220,176,219,175,218,174,217,173,216,172,215
206,217,205,218,204,219,203,220,203,221,202,222,202,223,201,224,202,225,202,226,203,227,204,228,204,229,205,230,205,231,205,232,206,233,206,234,207,235,207,236,208,237,208,238,209,239,209,240,210,241,211,242,212,242,213,243,214,243,215,243,216,243,217,243,218,243,219,243,220,242,221,241,222,241,223,241,224,241,225,240,226,240,226,239,227,238,228,238,228,237,229,236,230,235,230,234,230,233,229,232,228,231,227,230,226,229,225,228,224,227,223,226,222,225,222,224,221,223,221,222,220,221,220,220,219,219,219,218,218,218,217,218,216,218,215,218,214,218,213,218,212,218,211,218,210,217,209,217,208,217,207,217
185,224,184,225,183,226,182,227,182,228,181,229,180,230,180,231,180,232,179,233,179,234,178,235,178,236,177,237,177,238,177,239,177,240,178,241,178,242,179,243,179,244,179,245,180,246,181,247,181,248,182,249,182,250,183,251,184,252,185,253,185,254,186,255,187,256,188,256,189,256,190,256,191,257,192,256,193,256,194,256,195,256,196,255,197,255,198,255,199,255,200,254,201,254,202,254,203,254,204,253,205,253,206,253,207,252,208,252,209,252,209,251,209,250,210,249,210,248,210,247,210,246,211,245,211,244,211,243,210,242,209,241,208,240,208,239,207,238,207,237,206,236,206,235,205,234,205,233,204,232,204,231,204,230,203,229,203,228,202,227,201,226,200,226,199,225,198,224,197,224,196,224,195,224,194,224,193,224,192,224,191,224,190,224,189,224,188,224,187,224,186,224
75,225,74,226,73,227,72,228,72,229,72,230,71,231,71,232,71,233,72,234,72,235,73,236,73,237,74,237,75,238,76,238,77,238,78,238,79,238,80,238,81,238,82,237,83,237,84,236,85,235,85,234,85,233,85,232,86,231,85,230,85,229,84,228,84,227,83,226,82,226,81,225,80,225,79,225,78,225,77,225,76,225
247,227,246,228,245,228,244,229,243,230,242,231,241,232,241,233,242,234,241,235,241,236,241,237,241,238,241,239,241,240,240,241,240,242,241,243,241,244,241,245,241,246,241,247,241,248,240,249,240,250,241,251,241,252,242,253,242,254,243,255,243,256,244,257,245,258,246,259,247,260,247,261,248,261,249,262,250,263,250,262,251,261,252,262,252,261,252,260,253,259,254,258,255,257,256,256,257,255,258,255,259,254,260,253,261,253,262,252,263,251,264,251,265,251,266,250,267,250,268,250,269,249,270,248,271,247,272,246,273,245,273,244,274,243,275,242,275,241,276,240,275,239,274,239,273,239,272,239,271,238,270,238,269,238,268,237,267,237,266,236,265,235,264,234,263,233,262,232,261,231,260,231,259,230,258,229,257,229,256,228,255,227,254,227,253,227,252,227,251,227,250,227,249,227,248,227
175,238,174,239,173,239,172,239,171,239,170,239,169,239,168,239,167,240,166,240,165,240,164,240,163,240,162,241,161,241,162,242,162,243,162,244,162,245,162,246,161,247,162,248,161,249,161,250,161,251,160,252,161,253,161,254,161,255,161,256,161,257,162,258,163,259,163,260,164,261,165,261,166,262,167,262,168,263,169,263,170,264,171,264,172,265,173,265,174,266,175,266,176,266,177,266,178,266,179,266,180,266,181,266,182,265,183,265,184,264,185,263,186,262,186,261,186,260,187,259,187,258,187,257,186,256,185,255,184,254,184,253,183,252,182,251,181,250,181,249,180,248,180,247,179,246,178,245,178,244,178,243,177,242,177,241,176,240,176,239,176,238
238,249,237,250,236,250,235,250,234,251,233,251,232,251,231,252,230,252,229,252,228,253,227,253,226,254,225,254,224,254,223,255,222,256,221,257,220,258,219,259,218,260,217,260,216,261,215,262,214,262,213,263,212,264,211,265,210,266,209,267,208,268,208,269,209,270,210,271,210,272,211,273,212,274,212,275,213,276,214,277,215,278,216,279,217,280,218,280,219,281,220,281,221,282,222,282,223,282,224,282,225,282,226,282,227,281,228,281,229,281,230,281,231,280,232,280,233,279,234,278,235,278,236,277,237,276,238,275,239,274,240,274,241,273,242,273,242,272,243,271,244,270,245,269,246,268,246,267,247,266,248,265,248,264,249,263,248,262,247,262,246,261,246,260,245,259,244,258,243,257,242,256,242,255,241,254,241,253,240,252,240,251,239,250,239,249
294,249,293,250,292,250,291,250,290,251,289,252,288,252,287,253,286,254,286,255,285,256,285,257,285,258,284,259,284,260,284,261,284,262,284,263,284,264,284,265,284,266,285,267,285,268,285,269,286,270,286,271,287,272,288,273,289,273,290,273,291,273,292,274,293,274,294,274,295,274,296,274,297,273,298,273,299,273,300,272,301,272,302,271,303,270,304,269,305,268,306,267,307,266,307,265,308,264,309,263,309,262,309,261,310,260,310,259,310,258,309,257,309,256,309,255,308,254,308,253,307,252,307,251,306,251,305,250,304,250,303,249,302,249,301,249,300,249,299,249,298,249,297,249,296,249,295,249
263,259,262,260,261,260,260,260,259,260,258,260,257,261,256,261,255,262,254,263,253,263,252,264,251,264,250,265,249,265,248,266,247,267,247,268,246,269,245,270,244,271,243,272,243,273,242,274,242,275,242,276,242,277,241,278,241,279,241,280,241,281,241,282,242,283,242,284,242,285,243,286,244,287,244,288,245,289,245,290,245,291,246,292,246,293,247,294,248,295,249,296,250,296,251,296,252,296,253,296,254,296,255,296,256,296,257,296,258,295,259,295,260,295,261,294,262,294,263,293,264,293,265,293,266,292,267,291,268,291,269,290,270,290,271,289,271,288,272,287,273,286,273,285,272,284,272,283,272,282,273,281,273,280,273,279,272,278,272,277,273,276,273,275,273,274,273,273,273,272,272,271,272,270,272,269,272,268,272,267,271,266,271,265,271,264,270,263,270,262,269,261,268,261,267,260,266,260,265,260,264,259
306,281,305,282,304,282,303,282,302,283,301,284,300,285,299,286,298,287,298,288,297,289,297,290,297,291,297,292,297,293,296,294,297,295,297,296,298,297,298,298,298,299,299,300,300,301,301,302,301,303,302,304,303,304,304,304,305,305,306,305,307,305,308,305,309,305,310,305,311,304,312,304,313,304,314,304,315,303,316,303,317,302,318,301,318,300,319,299,320,298,321,297,321,296,322,295,323,294,323,293,323,292,323,291,323,290,323,289,322,288,322,287,321,286,321,285,320,284,319,284,318,283,317,282,316,282,315,282,314,281,313,281,312,281,311,281,310,281,309,281,308,281,307,281
280,283,279,284,278,285,277,285,276,286,275,286,274,286,273,287,272,288,272,289,271,290,270,291,270,292,270,293,270,294,269,295,269,296,269,297,269,298,269,299,268,300,268,301,268,302,268,303,267,304,267,305,268,306,268,307,268,308,268,309,268,310,269,311,269,312,270,313,271,314,272,315,273,316,274,316,275,317,276,317,277,317,278,317,279,317,280,317,281,317,282,316,283,315,284,315,284,314,285,313,286,313,286,312,287,311,287,310,288,309,288,308,289,307,289,306,289,305,290,304,290,303,290,302,291,301,291,300,291,299,292,298,292,297,292,296,293,295,293,294,293,293,294,292,294,291,294,290,294,289,293,288,292,287,292,286,291,285,290,285,289,284,288,284,287,283,286,283,285,283,284,283,283,283,282,283,281,283
165,403,164,404,163,405,162,405,161,406,160,407,160,408,159,409,159,410,159,411,159,412,159,413,159,414,158,415,158,416,158,417,158,418,158,419,159,420,159,421,159,422,160,423,161,424,162,425,163,426,164,426,165,426,166,426,167,427,168,427,169,427,170,426,171,426,172,426,173,425,174,425,175,424,176,424,177,423,178,422,179,421,180,420,181,420,181,419,181,418,181,417,181,416,181,415,181,414,180,413,180,412,180,411,179,410,178,409,178,408,177,407,176,406,175,405,174,405,173,404,172,404,171,404,170,403,169,403,168,403,167,403,166,403
149,404,148,405,147,405,146,405,145,405,144,405,143,405,142,406,141,407,140,408,139,409,138,410,138,411,138,412,138,413,138,414,138,415,139,416,139,417,140,418,140,419,141,420,141,421,141,422,142,423,142,424,142,425,143,425,144,425,145,426,146,426,147,426,148,425,149,425,150,424,151,423,152,422,153,421,153,420,154,419,155,418,156,418,157,417,157,416,157,415,157,414,158,413,158,412,158,411,158,410,158,409,157,408,156,407,155,407,154,406,153,405,152,405,151,405,150,404
192,408,191,409,190,409,189,409,188,410,187,410,186,411,185,411,185,412,184,413,183,414,182,415,182,416,182,417,182,418,182,419,182,420,182,421,182,422,183,423,183,424,184,425,184,426,185,427,186,428,187,429,188,430,189,430,190,431,191,432,192,432,193,432,194,433,195,433,196,433,197,433,198,434,199,434,200,435,201,435,202,436,203,436,204,437,205,438,206,438,207,439,208,439,209,439,210,439,211,440,212,440,213,439,214,439,215,439,216,438,217,438,218,438,219,437,220,437,221,437,221,436,222,435,223,435,224,434,224,433,225,432,226,431,226,430,226,429,226,428,226,427,226,426,225,425,225,424,224,423,223,423,222,422,221,422,220,421,219,421,218,421,217,421,216,420,215,420,214,420,213,419,212,419,211,418,210,418,209,417,208,416,207,415,207,414,206,413,205,412,204,411,203,411,202,410,201,410,200,410,199,409,198,409,197,409,196,409,195,408,194,408,193,408
125,413,124,414,123,414,122,415,121,416,120,417,119,418,118,419,117,420,117,421,118,422,118,423,119,424,119,425,119,426,120,427,121,428,121,429,122,430,122,431,123,432,124,433,124,434,125,435,126,436,127,436,128,435,129,435,130,434,131,434,132,434,133,433,134,433,135,433,136,432,137,431,138,430,139,429,140,428,141,427,141,426,141,425,141,424,141,423,140,422,140,421,140,420,139,419,139,418,138,417,138,416,137,415,137,414,136,414,135,414,134,413,133,413,132,413,131,413,130,413,129,413,128,413,127,413,126,413
107,420,106,421,105,421,104,421,103,421,103,422,102,423,101,424,101,425,100,426,100,427,99,428,99,429,99,430,99,431,99,432,99,433,99,434,99,435,100,436,100,437,101,438,102,439,103,440,104,441,105,442,106,442,107,443,108,443,109,444,110,444,111,445,112,445,113,445,114,445,115,445,116,445,117,445,118,445,119,444,120,444,121,443,122,442,122,441,123,440,123,439,124,438,125,437,125,436,124,435,123,434,123,433,122,432,121,431,121,430,120,429,120,428,119,427,118,426,118,425,118,424,117,423,117,422,116,421,116,420,115,421,114,420,113,420,112,420,111,420,110,420,109,420,108,420
350,430,349,431,348,431,347,432,346,432,345,433,344,434,343,435,343,436,342,437,342,438,342,439,341,440,341,441,341,442,341,443,342,444,342,445,342,446,343,447,344,448,344,449,345,450,345,451,346,452,347,452,348,453,349,453,350,454,351,454,352,455,353,455,354,455,355,456,356,456,357,456,358,456,359,456,360,456,361,456,362,456,363,456,364,456,365,455,366,455,367,455,368,454,369,454,370,453,371,453,372,452,373,451,373,450,374,449,374,448,374,447,374,446,375,445,375,444,375,443,374,442,374,441,374,440,374,439,373,438,373,437,372,436,371,435,370,434,369,433,368,432,367,432,366,431,365,431,364,431,363,430,362,430,361,430,360,430,359,430,358,430,357,430,356,430,355,430,354,430,353,430,352,430,351,430
235,437,234,438,233,438,232,438,231,439,230,439,229,439,228,440,227,440,226,441,225,442,225,443,224,444,223,445,223,446,223,447,223,448,223,449,223,450,223,451,223,452,224,453,224,454,225,455,226,456,226,457,227,457,228,458,229,459,230,460,231,460,232,461,233,461,234,462,235,462,236,462,237,463,238,463,239,462,240,462,241,461,242,461,242,460,243,459,244,458,245,457,246,456,247,455,247,454,248,453,248,452,248,451,248,450,248,449,248,448,247,447,246,446,245,445,244,444,243,444,242,443,241,442,241,441,240,440,239,439,238,438,237,438,236,437
149,438,148,439,147,439,146,439,145,439,144,439,143,439,142,439,141,439,140,440,139,440,138,440,137,441,136,442,135,442,134,442,133,443,132,444,131,445,131,446,130,447,130,448,130,449,130,450,130,451,130,452,130,453,130,454,130,455,130,456,130,457,130,458,130,459,131,460,131,461,131,462,132,463,132,464,133,465,133,466,134,467,135,468,135,469,136,470,137,471,138,472,139,473,140,474,141,475,142,475,143,476,144,477,145,478,146,479,147,479,148,479,149,480,150,480,151,481,152,481,153,481,154,482,155,482,156,482,157,482,158,482,159,481,160,481,161,481,162,480,163,480,164,480,165,479,166,479,167,478,168,478,169,477,170,477,171,476,172,476,173,475,174,474,175,474,176,473,176,472,177,471,178,471,178,470,179,469,179,468,179,467,180,466,180,465,180,464,180,463,180,462,180,461,180,460,180,459,180,458,181,457,180,456,180,455,180,454,180,453,180,452,179,451,179,450,179,449,178,448,178,447,177,446,176,445,175,444,174,443,173,442,172,442,171,441,170,441,169,440,168,440,167,440,166,439,165,439,164,439,163,439,162,439,161,439,160,439,159,438,158,438,157,438,156,438,155,438,154,438,153,438,152,438,151,439,150,439
312,441,311,442,310,442,309,442,308,442,307,443,306,444,305,445,304,445,304,446,303,447,303,448,302,449,302,450,302,451,301,452,301,453,302,454,302,455,302,456,302,457,303,458,303,459,304,460,305,461,305,462,306,463,307,464,308,465,309,465,310,466,311,466,312,466,313,467,314,467,315,467,316,467,317,467,318,467,319,467,320,467,321,467,322,467,323,467,324,466,325,465,326,464,327,464,328,463,328,462,329,461,330,460,331,459,331,458,332,457,333,456,333,455,334,454,334,453,334,452,334,451,333,450,333,449,332,448,331,447,330,446,329,445,328,445,327,444,326,444,325,443,324,443,323,442,322,442,321,442,320,441,319,441,318,441,317,441,316,441,315,441,314,441,313,441
90,449,89,450,88,450,87,450,86,451,85,451,84,452,83,452,82,453,81,454,80,455,79,456,78,457,78,458,78,459,77,460,77,461,77,462,77,463,77,464,77,465,77,466,77,467,78,468,78,469,79,469,80,470,81,471,82,472,83,472,84,473,85,473,86,473,87,474,88,474,89,474,90,474,91,473,92,473,93,472,94,472,95,471,96,470,97,469,98,469,98,468,99,467,99,466,99,465,99,464,99,463,100,462,100,461,100,460,100,459,100,458,100,457,100,456,99,455,99,454,98,453,98,452,97,451,96,450,95,449,94,449,93,449,92,449,91,449
387,451,386,452,385,452,384,452,383,453,382,454,381,455,381,456,380,457,380,458,380,459,379,460,379,461,379,462,379,463,379,464,379,465,379,466,380,467,380,468,381,469,382,470,382,471,383,472,384,472,385,473,386,474,387,474,388,474,389,474,390,474,391,474,392,474,393,473,394,473,395,473,396,472,397,471,398,470,399,469,399,468,399,467,400,466,400,465,400,464,400,463,400,462,400,461,400,460,399,459,399,458,398,457,397,456,397,455,396,454,395,453,394,452,393,452,392,451,391,451,390,451,389,451,388,451
335,452,335,453,335,454,334,455,334,456,333,457,332,458,332,459,331,460,330,461,329,462,329,463,328,464,327,465,326,465,325,466,324,467,324,468,325,468,326,469,327,470,327,471,327,472,328,473,329,474,329,475,330,476,331,477,332,478,333,479,334,480,335,480,336,481,337,480,338,480,339,481,340,481,341,482,342,483,343,484,344,484,345,485,346,485,347,486,348,486,349,486,350,486,351,486,352,487,353,487,354,487,355,487,356,488,357,488,358,488,359,488,360,488,361,488,362,488,363,487,364,487,365,486,366,485,366,484,367,483,367,482,368,481,369,480,369,479,369,478,369,477,369,476,370,475,369,474,369,473,369,472,368,471,368,470,367,469,367,468,366,467,366,466,365,465,364,464,363,463,362,462,361,462,360,461,359,460,358,459,357,459,356,458,356,457,355,457,354,456,353,456,352,456,351,455,350,455,349,454,348,454,347,453,346,453,345,452,344,452,343,452,342,452,341,452,340,452,339,452,338,452,337,452,336,452
199,453,198,454,197,454,196,455,195,455,194,456,193,457,193,458,192,459,192,460,192,461,191,462,191,463,190,464,189,465,188,466,187,466,186,466,185,467,184,468,183,469,183,470,182,471,182,472,182,473,181,474,181,475,181,476,181,477,181,478,181,479,181,480,181,481,182,482,182,483,183,484,183,485,183,486,184,487,184,488,184,489,185,490,185,491,186,492,186,493,187,494,188,495,189,495,190,496,191,496,192,496,193,497,194,497,195,497,196,497,197,497,198,497,199,498,200,498,201,498,202,498,203,498,204,498,205,498,206,498,207,497,208,497,209,497,210,497,211,496,212,496,213,495,214,495,215,495,216,494,217,494,218,493,219,493,220,492,221,491,222,491,223,490,224,489,224,488,225,487,225,486,226,485,226,484,226,483,227,482,227,481,227,480,227,479,227,478,227,477,227,476,227,475,227,474,227,473,227,472,227,471,226,470,226,469,225,468,225,467,224,466,223,465,222,464,221,463,221,462,220,462,219,461,218,460,217,459,217,458,216,457,215,456,214,456,213,455,212,454,211,454,210,453,209,453,208,453,207,453,206,453,205,453,204,453,203,453,202,453,201,453,200,453
69,469,68,470,67,470,66,470,65,470,64,470,63,470,62,470,61,471,60,472,59,473,58,474,57,475,57,476,57,477,57,478,57,479,57,480,57,481,57,482,57,483,57,484,57,485,58,486,58,487,59,488,60,489,61,490,62,491,62,492,63,493,64,494,64,495,65,496,65,497,66,498,67,499,67,500,67,501,68,501,69,502,70,503,71,503,72,503,73,503,74,503,75,503,76,503,77,503,78,503,79,502,80,502,81,502,82,501,83,500,84,499,85,498,85,497,85,496,86,495,86,494,86,493,87,492,87,491,87,490,87,489,87,488,86,487,86,486,85,485,85,484,85,483,84,482,84,481,83,480,82,479,82,478,81,478,80,477,80,476,79,475,78,474,77,473,76,473,75,472,74,472,73,471,72,470,71,470,70,470
316,473,315,474,314,474,313,474,312,474,311,475,310,476,309,476,308,477,307,478,307,479,306,480,305,481,305,482,305,483,305,484,305,485,305,486,305,487,305,488,306,489,306,490,306,491,307,492,308,493,309,493,310,494,311,494,312,494,313,494,314,494,315,494,316,494,317,494,318,494,319,493,320,493,321,492,322,492,323,491,324,490,324,489,325,488,325,487,325,486,326,485,326,484,326,483,326,482,325,481,325,480,324,479,324,478,323,477,322,476,321,475,320,475,319,474,318,474,317,474
120,481,119,482,118,482,117,482,116,482,115,483,114,483,113,484,112,484,111,485,110,485,109,486,108,486,107,487,106,488,105,489,104,490,103,491,103,492,102,493,102,494,101,495,101,496,100,497,100,498,100,499,99,500,99,501,99,502,99,503,98,504,99,505,98,506,99,507,99,508,99,509,99,510,100,511,101,511,102,511,103,511,104,511,105,511,106,511,107,511,108,511,109,511,110,511,111,511,112,511,113,511,114,511,115,511,116,511,117,511,118,511,119,511,120,511,121,511,122,511,123,511,124,511,125,511,126,511,127,511,128,511,129,511,130,511,131,511,132,511,133,511,134,511,135,511,136,511,137,511,138,511,139,511,140,511,141,511,142,511,143,511,144,511,145,511,146,511,147,511,148,511,148,510,148,509,148,508,148,507,148,506,148,505,148,504,148,503,148,502,148,501,148,500,148,499,148,498,148,497,147,496,147,495,146,494,146,493,145,492,144,491,144,490,143,489,142,488,141,487,140,486,139,485,138,484,137,484,136,483,135,483,134,482,133,482,132,482,131,481,130,481,129,481,128,481,127,481,126,481,125,481,124,481,123,481,122,481,121,481
393,481,392,482,391,482,390,483,389,484,389,485,388,486,388,487,387,488,387,489,387,490,386,491,386,492,387,493,388,494,388,495,389,496,389,497,390,498,391,499,391,500,392,501,392,502,393,502,394,503,395,504,396,504,397,505,398,505,399,506,400,506,401,507,402,507,403,507,404,507,405,507,406,507,407,507,408,506,409,505,410,504,410,503,411,502,411,501,412,500,412,499,412,498,412,497,411,496,411,495,411,494,410,493,410,492,410,491,410,490,410,489,410,488,409,487,409,486,408,485,407,484,406,484,405,483,404,482,403,482,402,481,401,481,400,481,399,481,398,481,397,481,396,481,395,481,394,481
286,491,285,492,284,492,283,492,282,493,281,494,281,495,280,496,279,497,278,498,278,499,278,500,278,501,278,502,278,503,278,504,278,505,278,506,279,507,279,508,280,509,281,509,282,510,283,510,284,510,285,510,286,510,287,510,288,510,289,510,290,510,291,510,292,510,293,510,294,510,295,510,296,509,297,509,298,508,299,508,300,507,301,506,301,505,302,504,302,503,302,502,302,501,303,500,302,499,302,498,302,497,301,496,300,495,300,494,299,494,298,493,297,492,296,492,295,492,294,491,293,491,292,491,291,491,290,491,289,491,288,491,287,491
373,491,372,492,371,492,370,493,369,493,368,494,367,495,366,495,366,496,365,497,364,498,364,499,363,500,363,501,362,502,362,503,362,504,362,505,362,506,361,507,362,508,362,509,362,510,363,510,364,511,365,511,366,511,367,511,368,511,369,511,370,511,371,511,372,511,373,511,374,511,375,511,376,511,377,511,378,511,379,511,380,511,381,511,382,511,383,511,384,511,385,511,386,511,387,511,388,511,389,511,390,511,391,510,391,509,392,508,392,507,392,506,392,505,392,504,392,503,391,502,391,501,390,500,390,499,389,498,388,497,388,496,387,495,387,494,386,493,385,493,384,493,383,493,382,492,381,492,380,491,379,491,378,492,377,491,376,491,375,491,374,491
257,492,256,493,255,493,254,493,253,493,252,494,251,495,250,496,249,496,248,497,247,498,247,499,247,500,246,501,247,502,246,503,247,504,247,505,247,506,248,507,249,508,249,509,250,510,251,510,252,510,253,510,254,510,255,510,256,510,257,510,258,510,259,510,260,511,261,511,262,510,263,510,264,510,265,510,266,510,267,510,268,510,269,510,270,509,270,508,271,507,271,506,271,505,271,504,271,503,270,502,270,501,269,500,268,499,267,498,267,497,266,496,266,495,265,494,265,493,264,493,263,493,262,493,261,493,260,492,259,492,258,492
315,497,314,498,313,498,312,498,311,498,310,499,309,500,309,501,309,502,308,503,307,504,307,505,306,506,306,507,306,508,306,509,307,510,308,511,309,511,310,511,311,511,312,511,313,511,314,511,315,511,316,511,317,511,318,511,319,511,320,511,321,511,322,511,323,511,324,511,325,511,326,511,327,511,328,511,329,511,330,511,331,511,332,511,333,511,334,511,335,511,336,511,337,511,338,511,338,510,338,509,338,508,337,507,337,506,336,505,335,504,334,503,333,502,332,501,331,501,330,500,329,500,328,499,327,498,326,498,325,498,324,498,323,497,322,497,321,497,320,497,319,497,318,497,317,497,316,497
219,499,218,500,217,500,216,500,215,500,214,500,213,500,212,501,211,501,210,502,209,503,208,503,207,503,206,504,205,505,204,505,203,506,203,507,202,508,202,509,202,510,202,511,203,511,204,511,205,511,206,511,207,511,208,511,209,511,210,511,211,511,212,511,213,511,214,511,215,511,216,511,217,511,218,511,219,511,220,511,221,511,222,511,223,511,224,511,225,511,226,511,227,511,228,511,229,511,230,511,231,511,232,511,233,511,234,511,235,511,236,511,237,511,238,510,237,509,237,508,236,507,235,506,234,505,233,504,232,503,231,502,230,502,229,502,228,502,227,502,226,501,225,501,224,500,223,500,222,500,221,500,220,500
61,501,60,502,59,502,58,502,57,503,56,503,55,503,54,504,53,504,52,505,52,506,52,507,51,508,51,509,50,510,51,510,52,510,53,511,54,511,55,511,56,511,57,511,58,511,59,511,60,511,61,511,62,511,63,511,64,511,65,511,66,511,67,511,68,511,69,511,70,511,71,511,72,511,73,511,74,511,75,510,76,510,76,509,75,508,74,507,73,506,73,505,72,505,71,504,70,504,69,503,68,502,67,502,66,502,65,502,64,501,63,501,62,501
