62,1,61,2,60,3,59,4,58,5,58,6,57,7,56,8,56,9,55,10,55,11,55,12,55,13,56,14,56,15,57,15,58,16,59,16,60,16,61,16,62,16,63,16,64,15,65,15,66,14,67,13,68,12,69,11,69,10,70,9,70,8,70,7,69,6,68,5,68,4,68,3,67,2,66,2,65,1,64,1,63,1
63,28,62,29,61,29,60,29,59,30,58,31,57,32,57,33,57,34,57,35,57,36,57,37,58,38,59,39,60,39,61,40,62,40,63,40,64,41,65,41,66,41,67,42,68,42,69,42,70,42,71,42,72,42,73,43,74,42,75,42,76,41,77,40,78,39,79,38,79,37,79,36,79,35,79,34,79,33,78,32,77,31,76,30,76,29,75,28,74,28,73,28,72,28,71,28,70,28,69,28,68,28,67,28,66,28,65,28,64,28
37,31,36,32,35,32,34,32,33,33,32,34,31,35,31,36,31,37,31,38,31,39,31,40,31,41,32,42,32,43,33,44,34,45,35,45,36,46,37,46,38,46,39,45,40,45,41,45,42,45,43,44,44,43,45,43,45,42,46,41,46,40,47,39,47,38,47,37,47,36,47,35,46,34,45,33,44,32,43,32,42,31,41,31,40,31,39,31,38,31
63,45,62,46,61,47,60,48,59,49,59,50,59,51,59,52,59,53,60,54,61,54,62,55,63,56,64,57,65,58,65,59,66,59,67,60,68,61,69,61,70,61,71,61,72,61,73,61,74,61,75,61,76,61,77,60,78,60,79,59,80,58,81,57,81,56,82,55,82,54,82,53,82,52,82,51,82,50,82,49,81,48,80,47,79,46,78,46,77,45,76,45,75,45,74,45,73,46,72,46,71,46,70,46,69,46,68,45,67,45,66,45,65,45,64,45
65,60,64,61,63,62,62,63,62,64,61,65,60,66,59,67,58,68,57,69,57,70,58,71,59,72,60,73,61,73,62,74,63,75,64,75,65,76,66,76,67,77,68,78,69,78,70,79,71,79,72,79,73,79,74,79,75,78,76,78,77,78,78,78,79,78,80,78,81,77,82,76,82,75,83,74,84,73,84,72,84,71,84,70,84,69,84,68,83,67,83,66,82,65,81,65,80,64,79,63,78,63,77,62,76,62,75,62,74,62,73,62,72,62,71,62,70,62,69,62,68,62,67,61,66,60
75,104,74,105,73,105,72,105,71,106,70,106,69,107,68,108,68,109,68,110,68,111,68,112,68,113,68,114,68,115,68,116,69,117,70,118,71,119,72,120,73,121,74,122,75,122,76,123,77,123,78,123,79,123,80,124,81,124,82,123,83,123,84,123,85,123,86,122,87,121,88,120,88,119,89,118,89,117,89,116,89,115,89,114,89,113,88,112,88,111,87,110,87,109,86,108,85,107,84,107,83,106,82,106,81,105,80,105,79,105,78,105,77,104,76,104
137,120,136,121,135,121,134,122,133,122,132,122,131,123,130,124,130,125,130,126,129,127,129,128,128,129,128,130,128,131,128,132,128,133,129,134,129,135,129,136,130,137,131,138,131,139,132,140,133,141,134,142,134,143,135,144,136,145,137,146,138,147,139,147,140,148,141,148,142,148,143,148,144,149,145,149,146,149,147,149,148,149,149,150,150,150,151,151,152,151,153,151,154,151,155,150,156,149,157,149,158,148,159,147,160,147,161,146,161,145,162,144,162,143,163,142,163,141,163,140,163,139,163,138,163,137,163,136,162,135,162,134,161,133,160,132,159,131,158,130,157,129,156,129,155,129,154,128,153,128,152,127,151,127,150,127,149,126,148,126,147,126,146,125,145,124,144,124,143,123,142,123,141,122,140,121,139,121,138,120
174,136,173,137,172,137,171,138,170,138,169,139,169,140,168,141,168,142,167,143,167,144,167,145,167,146,167,147,167,148,167,149,166,150,166,151,167,152,168,153,169,154,170,155,171,156,172,157,173,158,174,159,175,160,176,161,177,161,178,161,179,161,180,162,181,162,182,161,183,161,184,161,185,161,186,161,187,161,188,161,189,161,190,160,191,160,192,160,193,160,194,160,195,160,196,160,197,160,198,160,199,160,200,160,201,161,202,160,202,159,201,158,202,157,202,156,201,155,202,154,203,153,203,152,204,151,205,150,206,151,206,150,207,149,207,148,206,147,206,146,206,145,206,144,205,145,204,145,203,144,202,143,201,143,200,143,199,143,198,142,198,141,197,141,196,140,195,141,194,141,193,140,192,140,191,139,190,139,189,138,188,138,187,138,186,137,185,137,184,137,183,136,182,136,181,136,180,136,179,136,178,136,177,136,176,136,175,136
90,139,89,140,88,140,87,141,86,142,85,142,85,143,84,144,83,145,82,146,82,147,81,148,81,149,80,150,80,151,80,152,80,153,81,154,81,155,81,156,82,157,83,158,84,159,84,160,85,160,86,160,87,160,88,160,89,161,90,160,91,160,92,160,93,160,94,160,95,160,96,160,97,159,98,159,99,158,100,158,101,157,102,156,102,155,103,154,103,153,103,152,103,151,103,150,102,149,102,148,102,147,102,146,101,145,101,144,100,143,99,142,98,141,97,141,96,140,95,140,94,140,93,139,92,139,91,139
155,151,155,152,154,153,153,152,152,152,153,153,152,154,151,154,150,155,149,156,148,156,147,157,146,158,145,159,144,160,144,161,144,162,143,163,143,164,143,165,144,166,144,167,144,168,144,169,144,170,144,171,145,172,145,173,146,174,146,175,146,176,147,176,148,176,149,176,150,176,151,176,152,176,153,177,154,177,155,177,156,178,157,178,158,178,159,179,160,179,161,179,162,179,163,179,164,179,165,179,166,179,167,180,168,180,169,180,170,180,171,180,171,179,172,178,172,177,173,176,172,175,173,174,174,174,174,173,174,172,175,171,175,170,175,169,176,168,176,167,176,166,176,165,177,164,177,163,176,162,175,161,174,160,173,159,172,158,171,157,170,156,169,155,168,154,167,153,166,152,165,152,164,152,163,152,162,152,161,152,160,152,159,152,158,152,157,152,156,151
190,161,189,162,188,162,187,162,186,162,185,162,184,162,183,162,182,162,181,163,180,163,179,164,178,164,177,165,177,166,177,167,177,168,176,169,176,170,176,171,175,172,175,173,175,174,174,175,174,176,174,177,174,178,174,179,173,180,172,180,172,181,173,182,174,183,174,184,175,185,175,186,176,187,176,188,177,189,177,190,177,191,178,192,178,193,178,194,178,195,179,195,180,196,181,196,182,197,183,197,184,198,185,198,186,199,187,199,188,199,189,199,190,199,191,199,192,200,193,199,194,200,195,200,196,199,197,199,198,199,199,200,200,199,201,198,202,197,203,196,204,195,205,194,206,193,207,193,208,192,209,192,210,192,209,191,209,190,209,189,209,188,209,187,208,186,208,185,208,184,208,183,208,182,207,181,207,180,207,179,207,178,207,177,207,176,207,175,207,174,206,173,206,172,206,171,206,170,206,169,206,168,205,167,205,166,205,165,205,164,205,163,204,163,203,163,202,162,201,162,200,161,199,161,198,161,197,161,196,161,195,161,194,161,193,161,192,161,191,161
147,177,146,178,145,178,144,178,143,179,142,179,141,180,140,180,139,181,138,182,137,183,137,184,136,185,135,185,134,186,134,187,134,188,133,189,133,190,133,191,133,192,133,193,133,194,133,195,132,196,133,197,133,198,134,199,134,200,135,201,135,202,135,203,135,204,136,205,137,206,137,207,138,208,139,209,139,210,140,210,141,211,142,211,143,212,144,212,145,212,146,212,147,213,148,213,149,213,150,213,151,213,152,214,153,214,154,214,155,214,156,214,157,214,158,214,159,214,160,214,161,214,162,214,163,213,164,213,165,213,166,212,167,213,168,212,169,211,169,210,170,209,171,208,171,207,172,206,173,205,173,204,174,203,175,202,175,201,175,200,176,199,176,198,177,197,178,196,177,195,177,194,177,193,177,192,176,191,176,190,176,189,175,188,175,187,174,186,174,185,173,184,173,183,172,182,171,181,170,181,169,181,168,181,167,181,166,180,165,180,164,180,163,180,162,180,161,180,160,180,159,180,158,179,157,179,156,179,155,178,154,178,153,178,152,177,151,177,150,177,149,177,148,177
185,200,184,201,183,201,182,201,181,201,180,202,179,202,178,202,177,203,176,204,175,203,174,204,174,205,173,206,172,207,172,208,171,209,170,210,170,211,171,212,171,213,172,213,173,214,174,215,175,216,176,216,177,217,178,218,179,219,180,220,181,221,182,222,183,222,184,223,185,224,186,224,187,224,188,223,189,223,190,223,191,223,192,223,193,223,194,223,195,222,196,222,197,221,198,220,198,219,199,218,200,217,200,216,200,215,201,214,201,213,202,212,201,211,200,210,200,209,199,208,198,207,198,206,197,205,196,204,195,203,194,202,193,202,192,201,191,200,190,200,189,200,188,200,187,200,186,200
230,206,229,207,228,208,227,208,226,208,225,209,224,209,223,209,222,209,221,209,220,209,219,209,218,209,217,208,216,208,215,208,214,207,213,207,212,207,211,207,210,207,211,207,212,208,213,209,213,210,214,211,214,212,214,213,215,214,215,215,215,216,215,217,215,218,216,219,216,220,216,221,216,222,217,223,217,224,217,225,217,226,218,227,218,228,219,229,219,230,220,231,220,232,221,233,221,234,222,235,223,235,224,234,225,234,226,234,227,234,228,234,229,234,230,234,231,234,232,234,233,234,234,233,235,233,236,233,237,233,238,233,239,232,240,233,241,232,242,232,243,231,243,230,243,229,243,228,243,227,244,226,244,225,244,224,244,223,244,222,244,221,244,220,244,219,244,218,244,217,243,216,243,215,242,214,241,213,240,212,240,211,239,210,238,209,237,208,236,208,235,208,234,208,233,207,232,207,231,208,230,207
168,213,167,214,166,214,166,215,167,216,166,217,165,218,164,219,164,220,163,221,163,222,162,223,162,224,161,225,162,226,163,227,163,228,164,228,165,229,166,230,167,231,168,231,169,232,170,232,171,233,172,233,173,233,174,233,175,232,176,231,177,231,178,230,179,229,180,229,181,228,182,227,183,226,184,225,184,224,183,223,182,223,181,222,180,221,179,220,178,219,177,218,176,217,175,217,174,216,173,215,172,214,171,214,170,213,169,213
195,223,194,224,193,224,192,224,191,224,190,224,189,224,188,224,187,225,186,225,185,225,184,226,183,227,182,228,181,229,180,230,179,230,178,231,177,232,176,232,175,233,174,234,173,234,174,235,174,236,174,237,175,238,175,239,175,240,175,241,176,242,177,243,177,244,178,245,178,246,179,246,180,247,181,248,182,249,183,250,184,251,185,252,186,252,187,253,188,253,189,254,190,254,191,255,192,255,193,254,194,253,195,253,196,252,197,252,198,251,199,251,200,251,201,250,202,250,203,250,204,250,205,250,206,250,207,251,207,250,206,249,206,248,206,247,206,246,207,245,207,244,207,243,206,242,205,241,204,240,204,239,203,238,203,237,202,236,202,235,201,234,201,233,200,232,200,231,199,230,199,229,198,228,197,227,197,226,196,225,196,224
79,224,78,225,77,225,76,225,75,226,74,226,73,227,73,228,72,229,72,230,72,231,71,232,72,233,72,234,72,235,72,236,73,237,73,238,74,239,75,239,76,240,77,240,78,240,79,240,80,240,81,239,82,239,83,239,84,238,85,237,86,237,86,236,87,235,87,234,88,233,88,232,88,231,87,230,87,229,87,228,86,227,85,226,84,226,83,225,82,225,81,225,80,224
253,242,252,243,251,243,250,243,249,244,248,244,247,245,246,245,245,246,244,246,243,247,242,247,241,247,240,248,239,248,238,249,237,249,236,250,235,250,234,251,233,252,232,252,231,253,230,253,229,254,228,255,227,255,226,255,225,255,224,256,224,257,223,258,222,258,221,259,220,260,219,261,218,262,217,262,216,263,215,263,214,264,213,264,213,265,213,266,213,267,212,268,212,269,212,270,213,271,212,272,212,273,213,274,213,275,214,276,215,277,216,278,217,279,218,279,219,280,220,281,221,281,222,281,223,281,224,281,225,281,226,282,227,281,228,281,229,281,230,281,231,280,232,280,233,280,234,279,235,279,236,280,237,279,237,278,238,277,239,276,239,275,240,274,240,273,241,272,242,271,242,270,243,269,244,268,245,267,246,266,247,265,248,264,249,263,250,262,251,262,252,261,253,261,254,260,255,260,256,259,257,259,258,258,259,258,258,257,259,256,259,255,260,254,261,253,261,252,261,251,261,250,262,249,262,248,262,247,262,246,261,245,261,244,261,243,260,243,259,243,258,243,257,242,256,242,255,242,254,242
258,259,257,260,256,260,255,261,254,261,253,262,252,262,251,263,250,263,249,264,248,265,247,266,246,267,245,268,244,269,243,270,243,271,242,272,241,273,241,274,240,275,240,276,239,277,238,278,238,279,237,280,238,281,238,282,239,283,240,284,240,285,240,286,241,287,242,288,242,289,243,289,244,290,245,290,246,291,247,291,248,291,249,291,250,291,251,291,252,291,253,291,254,290,255,290,256,289,257,289,258,288,259,287,260,286,261,285,262,284,262,283,263,282,264,281,265,280,265,279,266,278,266,277,267,276,267,275,268,274,268,273,268,272,268,271,268,270,268,269,268,268,268,267,267,266,266,265,266,264,265,263,264,262,263,262,262,261,261,260,260,260,259,260
146,400,145,401,144,402,143,402,142,403,141,404,140,405,140,406,139,407,139,408,139,409,138,410,138,411,138,412,138,413,138,414,138,415,138,416,138,417,139,418,139,419,139,420,140,421,140,422,140,423,140,424,140,425,140,426,140,427,140,428,140,429,141,430,142,431,143,432,144,433,145,433,146,434,147,434,148,435,149,435,150,435,151,435,152,435,153,435,154,434,155,434,156,433,157,433,158,432,159,431,160,430,161,429,161,428,162,427,162,426,162,425,162,424,162,423,162,422,162,421,162,420,162,419,161,418,161,417,161,416,161,415,160,414,160,413,159,412,158,411,157,410,157,409,157,408,157,407,156,406,156,405,155,404,154,403,153,402,152,401,151,400,150,400,149,400,148,400,147,400
168,405,167,406,166,407,165,408,164,408,164,409,164,410,163,411,162,412,161,413,161,414,162,415,162,416,162,417,163,417,164,418,164,419,165,420,166,421,167,422,168,423,169,423,170,423,171,423,172,424,173,424,174,424,175,424,176,424,177,423,178,423,179,422,180,421,181,421,181,420,181,419,182,418,182,417,182,416,182,415,183,414,182,413,182,412,181,411,181,410,180,409,180,408,179,407,178,407,177,406,176,405,175,405,174,405,173,405,172,405,171,405,170,405,169,405
192,406,191,407,190,407,189,407,188,408,187,408,186,409,185,410,185,411,184,412,183,413,184,414,183,415,183,416,183,417,183,418,182,419,182,420,182,421,181,422,181,423,182,424,182,425,182,426,182,427,183,428,184,429,184,430,185,431,186,432,187,433,188,434,189,434,190,434,191,435,192,435,193,435,194,435,195,435,196,435,197,435,198,435,199,434,200,434,201,433,202,433,203,432,204,431,205,430,205,429,206,428,207,427,207,426,207,425,208,424,208,423,208,422,209,421,209,420,209,419,209,418,209,417,208,416,208,415,207,414,207,413,207,412,206,411,205,410,204,409,203,408,202,407,201,407,200,406,199,406,198,406,197,406,196,406,195,406,194,406,193,406
127,410,126,411,125,411,124,411,123,412,122,412,121,413,120,413,120,414,119,415,118,416,118,417,118,418,118,419,117,420,117,421,117,422,118,423,118,424,118,425,118,426,119,427,119,428,120,429,121,430,121,431,122,432,123,433,124,434,125,434,126,434,127,435,128,435,129,435,130,435,131,434,132,434,133,434,134,433,135,432,136,432,137,431,138,431,139,430,139,429,139,428,139,427,139,426,139,425,139,424,139,423,139,422,139,421,138,420,138,419,138,418,137,417,137,416,137,415,137,414,136,414,135,413,134,413,133,412,132,411,131,411,130,411,129,411,128,410
219,420,218,421,217,421,216,421,215,422,214,423,213,423,212,424,211,425,210,426,209,427,209,428,209,429,209,430,209,431,209,432,209,433,209,434,209,435,209,436,210,437,211,438,212,438,213,439,214,439,215,439,216,439,217,439,218,439,219,439,220,438,221,438,222,438,223,437,224,437,225,436,226,436,227,435,228,434,229,433,229,432,230,431,230,430,230,429,231,428,230,427,230,426,230,425,229,424,228,423,227,423,226,422,225,422,224,422,223,421,222,421,221,421,220,421
105,428,104,429,103,429,102,429,101,430,100,430,99,431,99,432,98,433,98,434,97,435,97,436,97,437,97,438,97,439,97,440,98,441,99,442,100,442,101,443,102,443,103,443,104,443,105,443,106,443,107,443,108,443,109,444,110,444,111,443,112,443,113,444,114,443,115,443,116,443,117,443,118,443,119,442,120,441,120,440,120,439,120,438,120,437,120,436,120,435,119,434,118,433,118,432,117,431,116,430,115,429,114,429,113,428,112,428,111,428,110,428,109,428,108,428,107,428,106,428
351,432,350,433,349,433,348,433,347,433,346,434,345,434,344,435,343,435,342,435,341,436,341,437,340,438,340,439,340,440,340,441,340,442,340,443,340,444,340,445,341,446,341,447,342,448,343,449,344,450,345,451,346,452,347,453,348,454,349,454,350,455,351,456,352,456,353,456,354,456,355,457,356,457,357,457,358,457,359,457,360,457,361,457,362,456,363,456,364,456,365,456,366,455,367,455,368,455,369,454,369,453,370,452,371,451,372,450,373,449,373,448,373,447,373,446,373,445,373,444,373,443,372,442,372,441,371,440,370,439,370,438,369,437,368,437,367,436,366,435,365,435,364,435,363,434,362,434,361,434,360,433,359,433,358,433,357,432,356,432,355,432,354,432,353,432,352,432
234,439,233,440,232,440,231,440,230,441,229,441,228,442,227,443,226,444,225,445,224,446,224,447,223,448,222,449,222,450,222,451,222,452,222,453,223,454,223,455,224,456,224,457,225,458,226,459,227,460,228,461,229,462,230,462,231,463,232,463,233,464,234,464,235,464,236,464,237,464,238,464,239,463,240,463,241,463,242,462,243,462,244,461,245,460,246,460,247,459,247,458,248,457,249,456,250,455,250,454,250,453,251,452,251,451,251,450,250,449,250,448,250,447,249,446,248,445,247,444,246,443,245,442,244,442,243,441,242,441,241,440,240,440,239,440,238,439,237,439,236,439,235,439
143,441,142,442,142,443,141,444,140,445,139,446,138,446,137,447,137,448,137,449,136,450,135,451,136,452,136,453,135,454,135,455,135,456,135,457,135,458,135,459,135,460,135,461,134,462,135,463,135,464,135,465,135,466,135,467,135,468,136,469,136,470,136,471,137,472,137,473,137,474,138,475,139,476,140,477,141,478,142,479,143,480,144,481,145,481,146,481,147,482,148,482,149,482,150,482,151,482,152,482,153,482,154,481,155,481,156,481,157,481,158,480,159,480,160,480,161,479,162,479,163,478,164,478,165,477,166,477,167,476,168,476,169,475,170,475,171,474,171,473,172,472,172,471,173,470,174,469,174,468,175,467,175,466,175,465,176,464,176,463,176,462,176,461,175,460,175,459,175,458,175,457,174,456,174,455,173,454,173,453,173,452,172,451,172,450,171,449,170,448,169,447,168,447,167,446,166,446,165,445,164,445,163,444,162,444,161,443,160,443,159,442,158,442,157,442,156,442,155,442,154,442,153,442,152,442,151,442,150,442,149,442,148,441,147,441,146,442,145,441,144,441
311,441,310,442,309,442,308,443,307,444,306,445,305,445,304,446,304,447,303,448,303,449,303,450,303,451,302,452,302,453,302,454,302,455,302,456,302,457,303,458,304,459,304,460,304,461,305,462,306,463,307,464,308,464,309,465,310,465,311,465,312,466,313,466,314,467,315,467,316,468,317,468,318,469,319,469,320,470,321,470,322,471,323,471,324,471,325,471,326,471,327,471,328,470,329,470,330,470,330,469,331,468,332,468,333,467,333,466,334,465,334,464,334,463,335,462,335,461,335,460,335,459,335,458,335,457,335,456,335,455,335,454,335,453,335,452,334,451,334,450,333,449,333,448,332,447,331,446,330,445,329,445,328,444,327,444,326,443,325,443,324,443,323,442,322,442,321,441,320,441,319,441,318,441,317,441,316,441,315,441,314,441,313,441,312,441
98,446,97,447,96,447,95,448,94,448,93,448,92,448,91,449,90,449,89,449,88,449,87,450,86,450,86,451,85,452,84,452,83,452,82,453,81,454,80,454,80,455,79,456,79,457,79,458,79,459,78,460,77,460,78,460,79,461,79,462,79,463,78,464,77,464,78,465,79,465,80,466,80,467,81,468,82,469,82,470,83,471,84,471,85,471,86,470,87,470,88,470,89,470,90,470,91,470,92,470,93,470,92,469,92,468,93,467,94,466,95,466,96,465,97,464,98,464,99,463,100,463,101,463,102,462,103,462,104,461,105,460,106,459,106,458,107,457,107,456,107,455,108,454,108,453,108,452,108,451,107,450,107,449,106,448,105,447,104,447,103,446,102,446,101,446,100,446,99,446
202,451,201,452,200,452,199,452,198,452,197,453,196,453,195,454,194,454,193,455,192,456,191,456,190,457,189,458,188,459,187,460,186,461,185,462,184,463,183,464,182,465,182,466,181,467,180,468,180,469,180,470,179,471,179,472,179,473,179,474,179,475,179,476,179,477,179,478,180,479,180,480,180,481,180,482,181,483,181,484,181,485,182,486,182,487,183,488,183,489,184,490,185,491,186,492,187,493,188,494,189,495,190,495,191,495,192,496,193,497,194,497,195,497,196,497,197,497,198,498,199,498,200,498,201,498,202,498,203,497,204,497,205,497,206,497,207,497,208,497,209,496,210,496,211,496,212,496,213,495,214,495,215,494,216,494,217,494,218,493,219,493,220,492,221,492,222,491,223,490,224,489,225,488,225,487,225,486,226,485,227,484,227,483,227,482,227,481,228,480,228,479,228,478,228,477,228,476,228,475,228,474,228,473,228,472,228,471,228,470,227,469,227,468,226,467,226,466,225,465,224,464,223,463,222,462,221,461,220,460,219,460,218,459,217,458,216,457,215,456,214,455,213,454,212,454,211,453,210,453,209,452,208,452,207,452,206,452,205,451,204,451,203,451
344,461,343,462,342,463,341,464,340,465,340,466,339,467,339,468,338,469,338,470,338,471,338,472,338,473,338,474,338,475,338,476,339,477,339,478,339,479,340,480,340,481,341,482,341,483,342,484,343,484,344,485,344,486,345,486,346,487,347,487,348,488,349,488,350,489,351,489,352,489,353,490,354,490,355,489,356,489,357,489,358,489,359,488,360,488,361,487,362,487,363,486,364,485,365,484,365,483,366,482,367,481,367,480,368,479,368,478,369,477,369,476,369,475,370,474,370,473,370,472,370,471,370,470,370,469,369,468,369,467,368,466,367,465,366,465,365,464,364,464,363,463,362,463,361,462,360,462,359,462,358,462,357,461,356,461,355,461,354,461,353,461,352,461,351,461,350,461,349,461,348,461,347,461,346,461,345,461
86,471,85,472,84,472,83,472,82,473,81,474,81,475,81,476,80,477,80,478,80,479,79,480,79,481,79,482,79,483,79,484,80,485,80,486,81,487,82,488,83,489,84,490,85,491,86,492,87,493,88,494,89,494,90,495,91,495,92,495,93,495,94,495,95,495,96,495,97,495,98,496,99,496,100,495,101,494,101,493,102,492,102,491,103,490,103,489,103,488,103,487,103,486,103,485,103,484,102,483,102,482,101,481,101,480,101,479,100,478,100,477,99,476,98,475,97,474,96,473,95,473,94,472,93,471,92,471,91,471,90,471,89,471,88,471,87,471
313,471,312,472,311,472,310,472,309,473,308,474,307,474,307,475,306,476,305,477,305,478,305,479,305,480,306,481,306,482,306,483,306,484,306,485,307,486,307,487,306,488,306,489,307,490,307,491,308,492,309,493,310,494,311,494,312,495,313,495,314,495,315,494,316,494,317,494,318,494,319,493,320,493,321,493,322,492,323,491,324,491,325,490,325,489,325,488,325,487,325,486,326,485,325,484,325,483,325,482,324,481,324,480,324,479,323,478,323,477,322,476,322,475,321,474,320,473,319,473,318,473,317,472,316,472,315,472,314,472
118,480,117,481,116,481,115,482,114,482,113,483,112,484,111,485,110,486,109,487,108,488,107,488,106,489,105,489,104,489,104,490,103,491,103,492,102,493,102,494,101,495,100,496,99,497,100,498,99,499,99,500,98,501,98,502,97,503,96,503,96,504,96,505,96,506,96,507,96,508,97,509,98,510,99,511,100,511,101,511,102,511,103,511,104,511,105,511,106,511,107,511,108,511,109,511,110,511,111,511,112,511,113,511,114,511,115,511,116,511,117,511,118,511,119,511,120,511,121,511,122,511,123,511,124,511,125,511,126,511,127,511,128,511,129,511,130,511,131,511,132,511,133,511,134,511,135,511,136,511,137,511,138,511,139,511,140,511,141,511,142,511,143,511,144,511,145,511,146,510,147,510,147,509,147,508,148,507,147,506,147,505,147,504,147,503,147,502,147,501,147,500,147,499,147,498,146,497,146,496,146,495,145,494,144,493,144,492,143,491,143,490,142,489,141,488,141,487,140,486,140,485,139,484,138,483,137,482,136,482,135,481,134,481,133,481,132,481,131,481,130,481,129,481,128,481,127,480,126,480,125,480,124,480,123,480,122,480,121,480,120,480,119,480
64,484,63,485,63,486,63,487,62,488,62,489,62,490,62,491,62,492,62,493,61,494,61,495,61,496,61,497,60,498,60,499,59,500,59,501,58,502,58,503,57,504,56,505,56,506,55,507,54,508,54,509,54,510,55,510,56,510,57,511,58,511,59,511,60,511,61,511,62,511,63,511,64,511,65,511,66,511,67,511,68,511,69,511,70,511,71,511,72,511,73,511,74,511,75,511,76,511,77,511,78,511,79,511,80,511,81,511,82,511,83,510,84,510,85,510,86,509,87,509,88,508,88,507,88,506,88,505,88,504,88,503,89,502,88,501,89,500,89,499,89,498,90,497,91,497,90,496,89,495,88,495,87,494,86,493,85,492,84,491,83,490,82,489,81,488,80,487,79,486,79,485,78,484,77,484,76,485,75,485,74,485,73,485,72,485,71,485,70,484,69,484,68,484,67,484,66,484,65,484
376,491,375,492,374,492,373,492,372,492,371,493,370,493,369,494,368,495,367,495,366,496,365,497,364,498,363,499,362,500,362,501,362,502,361,503,361,504,361,505,361,506,361,507,362,508,362,509,363,510,364,510,365,511,366,511,367,511,368,511,369,511,370,511,371,511,372,511,373,511,374,511,375,511,376,511,377,511,378,511,379,511,380,511,381,511,382,511,383,511,384,511,385,511,386,511,387,511,388,511,389,511,390,511,391,510,392,510,393,509,394,508,395,508,395,507,394,506,395,505,395,504,395,503,395,502,394,501,394,500,393,499,393,498,392,497,391,496,390,496,389,495,388,494,387,494,386,493,385,492,384,491,383,491,382,491,381,491,380,491,379,491,378,491,377,491
318,496,317,497,316,497,315,497,314,497,313,497,312,498,311,498,310,498,309,499,308,500,307,501,307,502,306,503,306,504,305,505,305,506,304,507,304,508,304,509,305,510,306,510,307,510,308,511,309,511,310,511,311,511,312,511,313,511,314,511,315,511,316,511,317,511,318,511,319,511,320,511,321,511,322,511,323,511,324,511,325,511,326,511,327,511,328,511,329,511,330,511,331,511,332,511,333,511,334,511,335,511,336,510,337,510,337,509,337,508,337,507,336,506,335,505,335,504,334,503,334,502,333,501,332,501,331,500,330,499,329,498,328,498,327,497,326,497,325,496,324,496,323,496,322,496,321,496,320,496,319,496
212,502,211,503,210,503,209,503,208,503,207,504,206,504,205,505,204,506,203,507,202,508,201,509,201,510,201,511,202,511,203,511,204,511,205,511,206,511,207,511,208,511,209,511,210,511,211,511,212,511,213,511,214,511,215,511,216,511,217,511,218,511,219,511,220,511,221,511,222,511,223,511,224,511,225,511,226,511,227,511,228,511,229,511,230,511,231,511,232,511,233,511,234,511,235,511,236,511,236,510,236,509,236,508,236,507,235,506,234,505,233,504,232,503,231,502,230,502,229,502,228,502,227,502,226,502,225,502,224,502,223,502,222,502,221,502,220,502,219,502,218,502,217,502,216,502,215,502,214,502,213,502
