50,67,49,68,48,68,47,69,46,70,45,71,45,72,44,73,44,74,43,75,43,76,43,77,43,78,43,79,44,80,44,81,45,82,46,83,47,84,48,85,49,85,50,86,51,86,52,86,53,86,54,86,55,86,56,86,57,86,58,85,59,84,60,83,60,82,61,81,61,80,61,79,62,78,62,77,62,76,61,75,61,74,61,73,60,72,59,71,58,70,57,69,56,69,55,68,54,68,53,67,52,67,51,67
147,97,146,98,145,98,144,98,143,99,142,99,141,100,140,101,139,101,139,102,138,103,137,104,136,105,136,106,135,107,135,108,134,109,133,110,134,111,134,112,135,113,136,114,137,115,138,116,139,117,140,118,141,118,142,119,143,120,144,120,145,121,146,122,147,122,148,123,149,123,150,124,151,124,152,123,153,123,153,122,154,121,155,121,156,120,157,119,157,118,158,117,159,117,159,116,160,115,161,114,161,113,161,112,161,111,162,110,162,109,162,108,161,107,161,106,160,105,159,104,159,103,158,102,157,101,156,100,155,99,154,98,153,98,152,97,151,97,150,97,149,97,148,97
169,103,168,104,167,104,166,105,165,106,164,107,163,108,163,109,163,110,164,111,164,112,165,113,166,114,167,115,168,116,169,116,170,117,171,117,172,117,173,117,174,117,175,118,176,118,177,118,178,118,179,118,180,118,181,118,182,118,183,117,184,117,185,117,186,116,187,115,188,116,188,115,188,114,189,113,189,112,188,111,188,110,188,109,187,108,187,107,186,106,185,105,184,105,183,104,182,104,181,104,180,104,179,103,178,103,177,103,176,103,175,103,174,103,173,103,172,103,171,103,170,103
132,111,131,112,130,112,129,112,128,113,127,113,126,114,125,114,124,115,123,116,122,117,121,118,120,119,120,120,119,121,118,122,117,123,116,124,115,125,114,126,113,127,113,128,113,129,113,130,113,131,114,132,114,133,115,134,115,135,116,136,117,137,117,138,118,139,119,140,119,141,120,142,121,143,121,144,122,145,122,146,123,147,123,148,124,149,125,149,126,149,127,150,128,150,129,150,130,150,131,150,132,149,133,149,134,148,135,148,136,148,137,148,138,148,139,147,140,147,140,146,141,145,141,144,141,143,141,142,142,141,142,140,142,139,143,138,143,137,143,136,144,135,144,134,145,133,145,132,146,131,146,130,147,129,148,128,149,127,149,126,150,125,149,124,148,124,147,123,146,123,145,122,144,121,143,121,142,120,141,119,140,119,139,118,138,117,137,116,136,115,135,114,134,113,133,112,133,111
60,114,59,115,58,115,57,116,56,117,56,118,55,119,55,120,55,121,55,122,56,123,57,124,57,125,58,126,59,127,60,127,61,128,62,128,63,127,64,127,65,127,66,127,67,126,68,126,69,125,69,124,70,123,70,122,70,121,70,120,69,119,69,118,68,117,68,116,67,115,66,114,65,114,64,114,63,114,62,114,61,114
197,118,196,119,195,119,194,119,193,119,192,119,191,119,190,119,189,120,189,121,188,122,187,123,187,124,186,125,186,126,185,127,185,128,184,129,184,130,184,131,183,132,183,133,183,134,183,135,183,136,183,137,183,138,184,139,184,140,184,141,184,142,185,143,186,144,186,145,187,146,188,147,189,147,190,148,191,149,192,149,193,150,194,150,195,150,196,151,197,150,198,150,199,150,200,150,201,149,202,149,203,148,204,148,205,147,206,146,206,145,207,144,207,143,208,142,208,141,208,140,209,139,209,138,209,137,209,136,210,135,210,134,210,133,210,132,210,131,209,130,209,129,208,128,208,127,207,126,206,125,206,124,205,123,205,122,204,122,203,121,202,120,201,119,201,118,200,118,199,118,198,118
210,118,209,119,208,119,207,120,207,121,206,122,206,123,207,124,207,125,208,126,209,127,209,128,210,129,210,130,211,131,212,131,213,132,214,133,215,134,215,135,216,134,217,134,218,134,219,134,220,134,221,134,222,134,223,133,224,133,225,133,226,133,227,132,228,132,229,131,230,130,230,129,230,128,230,127,230,126,229,125,229,124,228,123,227,122,226,121,225,121,224,120,223,120,222,119,221,119,220,119,219,119,218,119,217,118,216,118,215,118,214,118,213,118,212,118,211,118
151,125,150,126,150,127,149,128,148,129,147,130,147,131,146,132,146,133,145,134,145,135,144,136,144,137,144,138,143,139,143,140,143,141,142,142,142,143,142,144,142,145,141,146,141,147,141,148,142,149,143,150,144,151,145,151,146,152,147,152,148,152,149,153,150,153,151,154,152,154,153,154,154,154,155,154,156,154,157,154,158,154,159,154,160,153,161,153,162,152,163,151,164,151,165,150,166,149,167,148,167,147,168,146,169,145,170,144,170,143,171,142,172,141,172,140,172,139,172,138,173,137,173,136,173,135,173,134,172,133,172,132,171,131,171,130,170,130,169,129,168,128,167,128,166,127,165,127,164,126,163,126,162,126,161,126,160,125,159,125,158,125,157,125,156,125,155,126,154,126,153,126,152,125
109,126,108,127,107,128,107,129,107,130,107,131,107,132,106,133,106,134,106,135,106,136,105,137,105,138,105,139,105,140,104,141,104,142,104,143,104,144,105,145,105,146,105,147,105,148,106,149,106,150,107,151,108,152,109,152,110,153,111,154,112,154,113,155,114,155,115,154,116,154,117,153,118,153,119,152,120,152,121,151,122,150,123,150,123,149,122,148,122,147,121,146,121,145,120,144,120,143,119,142,118,141,118,140,117,139,116,138,116,137,115,136,114,135,114,134,113,133,113,132,112,131,112,130,112,129,112,128,112,127,111,126,110,126
227,133,226,134,225,134,224,134,223,134,222,135,221,135,220,135,219,135,218,135,217,135,216,135,215,136,214,137,214,138,213,139,213,140,213,141,212,142,212,143,211,144,211,145,212,146,213,147,214,147,215,148,216,148,217,149,218,150,219,151,220,152,221,153,222,154,223,155,224,156,225,157,226,158,227,157,228,157,229,156,230,156,231,155,232,155,233,155,234,154,235,153,236,152,237,151,238,150,237,149,237,148,236,147,235,146,234,145,234,144,233,143,232,142,231,141,231,140,230,139,229,138,229,137,228,136,228,135,227,134
228,133,228,134,229,135,229,136,230,137,230,138,231,139,232,140,232,141,233,142,234,143,235,144,235,145,236,146,237,147,238,148,238,149,239,150,240,149,241,148,242,147,243,146,244,145,245,144,245,143,245,142,245,141,245,140,245,139,244,138,244,137,243,136,242,136,241,135,240,134,239,134,238,134,237,133,236,133,235,133,234,133,233,133,232,133,231,133,230,133,229,133
211,146,211,147,210,148,210,149,209,150,209,151,208,152,208,153,207,154,207,155,206,156,206,157,206,158,205,159,205,160,206,161,206,162,205,163,206,164,207,165,208,166,209,167,210,168,211,169,212,169,213,170,214,170,215,170,216,170,217,169,218,169,219,169,220,169,221,168,222,167,223,166,224,165,224,164,225,163,225,162,225,161,225,160,225,159,225,158,224,157,223,156,222,155,221,154,220,153,219,152,218,151,217,150,216,149,215,149,214,148,213,148,212,147
249,148,248,149,247,149,246,150,245,151,244,152,243,152,242,153,241,154,240,155,239,155,238,156,237,156,236,157,235,158,234,159,234,160,233,161,232,162,232,163,232,164,233,165,234,166,234,167,235,167,236,168,237,168,238,168,239,168,240,169,241,169,242,169,243,169,244,170,245,170,246,170,247,171,248,171,249,171,250,171,251,171,252,170,253,169,254,169,255,169,256,169,257,169,258,168,259,168,260,168,261,167,262,167,263,166,264,166,265,165,266,164,266,163,267,162,267,161,267,160,267,159,267,158,266,157,266,156,266,155,265,154,264,153,263,152,262,151,261,151,260,150,259,150,258,149,257,149,256,149,255,149,254,149,253,149,252,148,251,148,250,148
126,150,125,151,124,151,123,151,122,151,121,152,120,153,119,153,118,154,117,154,116,155,115,155,114,156,113,156,113,157,113,158,113,159,112,160,112,161,112,162,112,163,112,164,113,165,113,166,113,167,113,168,114,169,114,170,115,171,115,172,116,173,116,174,117,175,117,176,118,177,119,178,119,179,120,180,121,180,122,181,123,181,124,181,125,181,126,181,127,181,128,181,129,181,130,181,131,180,132,180,133,180,134,179,135,179,136,179,137,178,138,178,139,178,140,178,141,177,142,177,143,177,144,176,145,175,146,175,147,174,147,173,148,172,148,171,148,170,149,169,149,168,148,167,148,166,148,165,147,164,147,163,146,162,145,161,145,160,144,159,143,158,142,157,141,157,140,156,139,155,138,155,137,154,136,153,135,153,134,152,133,152,132,152,131,151,130,151,129,151,128,151,127,151
176,151,175,152,174,153,173,153,173,154,172,155,171,156,170,157,170,158,170,159,169,160,169,161,168,162,168,163,167,164,167,165,166,166,165,167,164,167,164,168,163,169,162,170,161,171,161,172,161,173,160,174,160,175,160,176,160,177,160,178,160,179,160,180,160,181,161,182,161,183,162,184,162,185,163,186,164,186,165,187,166,187,167,188,167,189,168,188,169,188,170,187,171,187,172,187,173,187,174,186,175,186,176,186,177,186,178,186,179,186,180,186,181,185,182,185,183,185,184,185,185,184,186,184,187,184,186,183,187,182,187,181,187,180,187,179,187,178,186,177,186,176,186,175,186,174,186,173,186,172,186,171,187,170,187,169,187,168,188,167,187,166,187,165,187,164,187,163,187,162,187,161,187,160,186,159,187,158,186,157,186,156,186,155,185,154,184,153,183,152,182,152,181,151,180,151,179,151,178,151,177,151
194,163,193,164,192,164,191,165,190,166,189,167,188,168,188,169,188,170,187,171,187,172,187,173,187,174,187,175,187,176,187,177,188,178,188,179,189,180,190,181,191,182,191,183,192,183,193,184,194,185,195,186,196,187,197,188,198,189,199,190,200,191,201,191,202,191,203,191,204,191,205,190,206,190,207,190,208,190,209,189,210,188,211,188,211,187,212,186,213,185,213,184,214,183,214,182,214,181,215,180,215,179,215,178,215,177,215,176,214,175,214,174,214,173,213,172,213,171,212,170,211,170,210,169,209,168,208,167,207,166,206,165,205,164,204,164,203,163,202,163,201,163,200,163,199,163,198,163,197,163,196,163,195,163
234,168,233,169,232,169,231,170,230,170,229,171,229,172,228,173,228,174,227,175,227,176,227,177,227,178,226,179,226,180,227,181,227,182,227,183,227,184,227,185,227,186,228,187,228,188,228,189,229,189,230,189,231,189,232,189,233,189,234,189,235,190,236,190,237,190,238,190,239,191,240,191,241,192,242,191,243,190,244,189,244,188,245,187,245,186,245,185,246,184,246,183,247,182,248,181,249,180,250,179,250,178,251,177,252,176,252,175,251,174,251,173,250,172,249,172,248,172,247,172,246,171,245,171,244,171,243,170,242,170,241,170,240,170,239,169,238,169,237,169,236,169,235,168
260,172,259,173,258,173,257,174,256,175,255,176,254,176,253,176,252,177,251,178,251,179,250,180,249,181,248,182,247,183,247,184,246,185,246,186,246,187,245,188,245,189,244,190,243,191,242,192,242,193,243,194,244,194,245,195,246,195,247,194,248,195,249,194,250,194,251,194,252,195,253,195,254,195,255,196,256,196,257,196,258,196,259,196,260,196,261,196,262,195,263,194,264,194,265,193,266,192,267,191,268,190,269,189,269,188,269,187,270,186,270,185,270,184,271,183,271,182,271,181,272,180,272,179,272,178,271,177,271,176,270,175,269,174,268,173,267,173,266,172,265,172,264,172,263,172,262,172,261,172
290,181,289,182,288,182,287,182,286,182,285,183,284,183,283,183,282,183,281,183,280,184,279,184,278,184,278,185,278,186,278,187,277,188,277,189,276,190,275,191,274,192,273,193,272,194,271,195,271,196,270,197,270,198,270,199,270,200,270,201,271,202,272,203,273,204,274,204,275,204,276,205,277,205,278,205,279,205,280,204,281,203,282,202,283,202,284,201,285,200,286,199,287,198,288,197,289,196,290,195,291,194,292,193,292,192,293,191,294,190,295,189,295,188,296,187,295,186,295,185,295,184,294,183,293,182,292,181,291,181
185,185,184,186,183,186,182,186,181,186,180,187,179,187,178,187,177,187,176,187,175,187,174,187,173,188,172,188,171,188,170,188,169,189,168,189,167,190,167,191,166,192,166,193,166,194,166,195,165,196,165,197,165,198,164,199,165,200,165,201,165,202,166,203,166,204,166,205,167,206,168,206,169,207,170,207,171,208,172,208,173,208,174,208,175,209,176,209,177,208,178,207,179,207,180,207,181,206,182,205,183,204,184,203,185,203,185,202,186,201,186,200,187,199,187,198,188,197,189,196,189,195,190,194,191,193,191,192,192,191,191,190,191,189,191,188,190,187,189,186,189,185,188,185,187,185,186,185
219,187,218,188,217,188,216,188,215,188,214,188,213,188,212,188,211,189,210,189,209,190,208,191,208,192,207,193,207,194,206,195,205,196,205,197,204,198,203,199,204,200,204,201,204,202,204,203,204,204,204,205,205,206,205,207,205,208,205,209,206,210,206,211,206,212,206,213,206,214,207,214,208,215,209,215,210,216,211,216,212,216,213,216,214,216,215,216,216,216,217,216,218,215,219,215,220,214,221,214,221,213,222,212,223,211,224,210,224,209,224,208,224,207,224,206,224,205,225,204,225,203,225,202,225,201,225,200,226,199,226,198,226,197,226,196,226,195,226,194,226,193,226,192,226,191,226,190,225,189,224,188,223,188,222,187,221,187,220,187
296,188,296,189,295,190,294,191,293,192,293,193,292,194,291,195,290,196,289,197,288,198,287,199,286,200,285,201,284,202,283,203,282,203,281,204,280,205,279,206,279,207,280,208,280,209,279,210,278,210,278,211,279,212,280,213,281,214,282,215,282,216,283,217,284,217,285,217,286,217,287,216,288,217,289,217,290,216,291,216,292,215,293,214,293,213,294,212,295,211,296,210,297,209,298,208,299,207,300,206,300,205,301,204,302,203,303,202,304,201,305,200,305,199,306,198,307,197,307,196,307,195,307,194,307,193,307,192,306,191,305,190,304,190,303,189,302,188,301,188,300,188,299,188,298,188,297,188
147,190,146,191,145,191,144,191,143,191,142,191,141,191,140,191,139,192,138,192,137,193,136,193,135,193,134,194,133,194,132,195,131,196,130,197,129,198,128,198,127,199,126,200,125,201,124,202,123,203,123,204,122,205,122,206,123,207,123,208,123,209,124,210,124,211,125,212,126,213,127,214,128,215,128,216,129,216,130,217,131,217,132,217,133,217,134,218,135,218,136,217,137,217,138,216,139,216,140,215,141,215,142,215,143,215,144,215,145,215,146,215,146,214,147,213,148,213,149,212,150,212,150,211,151,210,152,209,153,208,154,207,155,206,156,205,157,204,158,204,159,204,160,203,160,202,160,201,160,200,159,200,158,199,158,198,158,197,158,196,157,195,157,194,156,193,155,192,154,192,153,191,152,191,151,191,150,190,149,190,148,190
228,190,227,191,227,192,227,193,227,194,227,195,227,196,227,197,227,198,227,199,226,200,226,201,226,202,226,203,226,204,225,205,225,206,225,207,225,208,225,209,225,210,224,211,225,212,225,213,225,214,226,215,227,216,228,217,229,217,230,217,231,217,232,217,233,217,234,217,235,217,236,217,237,218,238,218,239,219,240,220,241,220,242,219,243,219,244,219,245,219,246,218,247,217,248,217,249,216,250,215,250,214,251,213,252,212,253,211,254,210,255,209,256,208,257,207,258,206,257,205,257,204,258,203,257,203,256,202,255,201,254,201,253,200,252,199,251,199,250,198,249,198,248,197,247,196,246,196,245,196,244,195,243,195,242,194,241,193,240,192,239,192,238,191,237,191,236,191,235,191,234,190,233,190,232,190,231,190,230,190,229,190
192,193,191,194,190,195,190,196,189,197,188,198,188,199,187,200,187,201,186,202,186,203,186,204,186,205,186,206,185,207,185,208,185,209,185,210,185,211,184,212,184,213,184,214,184,215,185,216,185,217,185,218,185,219,186,219,187,219,188,219,189,218,190,218,191,218,192,218,193,217,194,217,195,217,196,217,197,217,198,217,199,216,200,216,201,216,202,216,203,215,204,215,205,214,205,213,205,212,205,211,205,210,204,209,204,208,204,207,204,206,203,205,203,204,203,203,203,202,203,201,203,200,202,199,202,198,201,197,200,196,200,195,199,194,198,194,197,194,196,193,195,193,194,193,193,193
310,200,309,201,308,201,307,201,306,201,305,201,304,202,303,203,302,204,301,205,301,206,300,207,299,208,298,209,297,210,296,211,295,212,294,213,294,214,293,215,292,216,291,217,290,217,289,218,288,219,287,220,287,221,286,222,286,223,286,224,286,225,287,226,287,227,288,228,289,228,290,228,291,229,292,229,293,229,294,229,295,229,296,229,297,229,298,229,299,229,300,229,301,228,302,227,303,227,304,226,305,225,306,225,307,224,308,223,309,222,310,222,311,221,312,220,313,219,314,218,314,217,315,216,316,215,316,214,317,213,317,212,317,211,317,210,318,209,318,208,318,207,318,206,317,205,317,204,316,203,315,202,314,201,313,201,312,201,311,201
160,204,159,205,158,205,157,205,156,206,155,207,154,208,153,209,152,210,151,211,151,212,150,213,150,214,150,215,150,216,150,217,150,218,151,219,151,220,152,221,152,222,153,223,154,224,155,225,155,226,156,227,157,228,158,228,159,229,160,230,161,230,162,230,163,229,164,229,165,228,166,227,167,227,168,227,169,226,170,226,171,226,172,226,173,226,174,226,175,226,176,226,177,226,178,225,179,224,180,223,181,223,182,222,183,221,184,220,185,220,184,219,184,218,184,217,184,216,183,215,183,214,183,213,183,212,182,212,181,212,180,212,179,211,178,211,177,210,176,210,175,210,174,211,173,210,172,210,171,209,170,208,169,208,168,207,167,207,166,206,165,206,164,205,163,205,162,205,161,204
140,216,139,217,138,217,137,218,136,218,136,219,136,220,135,221,135,222,135,223,135,224,135,225,135,226,135,227,135,228,135,229,135,230,136,231,136,232,137,233,137,234,138,235,139,236,140,237,141,238,142,238,143,238,144,238,145,238,146,238,147,237,148,237,149,237,150,237,151,238,152,238,153,238,154,238,155,238,156,237,157,237,156,237,155,236,155,235,155,234,156,233,156,232,156,231,155,230,156,229,157,229,156,228,155,227,154,226,154,225,153,224,152,223,151,222,151,221,150,220,150,219,149,218,148,218,147,217,146,216,145,216,144,216,143,216,142,216,141,216
211,217,210,218,209,219,208,219,207,220,207,221,206,222,206,223,206,224,206,225,207,226,207,227,207,228,207,229,207,230,208,231,208,232,208,233,208,234,208,235,208,236,208,237,209,237,210,238,210,239,211,239,212,240,213,240,214,240,214,239,215,238,216,237,217,236,218,236,219,235,220,234,221,233,222,232,223,231,223,230,224,229,224,228,224,227,224,226,224,225,224,224,224,223,223,222,222,221,221,220,220,219,219,218,218,218,217,218,216,217,215,217,214,217,213,217,212,217
186,220,185,221,184,221,183,222,182,223,181,224,180,224,179,225,178,226,178,227,178,228,178,229,178,230,178,231,179,232,179,233,179,234,179,235,180,236,180,237,180,238,180,239,181,239,182,240,182,241,183,242,184,243,185,244,186,244,187,244,188,245,189,246,190,247,191,247,192,248,193,248,194,249,195,249,196,249,197,249,198,249,199,249,200,249,201,248,202,247,203,246,204,246,205,245,206,245,206,244,207,243,207,242,208,241,208,240,208,239,208,238,207,237,207,236,207,235,206,234,205,233,205,232,204,232,203,231,202,230,201,229,200,229,199,228,198,227,197,227,196,226,195,225,194,224,194,223,194,222,193,221,192,221,191,221,190,221,189,221,188,220,187,220
238,221,237,222,236,222,235,222,234,223,233,224,232,224,231,225,230,226,229,227,229,228,228,229,228,230,227,231,227,232,227,233,227,234,227,235,227,236,228,237,228,238,229,239,230,240,231,241,232,241,233,242,234,242,235,242,236,242,237,241,238,242,238,241,238,240,239,239,239,238,240,237,240,236,241,235,241,234,242,233,242,232,243,231,244,230,244,229,245,228,246,227,246,226,246,225,245,224,244,223,243,223,242,222,241,221,240,221,239,221
169,227,168,228,167,228,166,228,165,229,164,230,163,230,162,231,162,232,163,233,163,234,163,235,163,236,164,237,165,238,166,238,167,239,168,240,169,241,170,242,171,243,172,244,173,245,174,246,175,246,176,246,177,245,178,245,179,244,180,243,180,242,180,241,180,240,179,239,179,238,179,237,179,236,178,235,178,234,178,233,178,232,177,231,177,230,177,229,177,228,177,227,176,227,175,227,174,227,173,227,172,227,171,227,170,227
247,227,246,228,245,229,245,230,244,231,243,232,243,233,242,234,242,235,241,236,241,237,240,238,240,239,239,240,239,241,239,242,240,243,241,244,242,245,243,246,244,247,245,247,246,248,247,248,248,248,249,248,250,248,251,248,252,248,253,248,254,247,255,247,256,246,257,245,258,244,259,243,260,242,260,241,260,240,261,239,261,238,261,237,262,236,262,235,262,234,262,233,262,232,261,231,261,230,261,229,260,229,259,228,258,228,257,227,256,227,255,227,254,227,253,227,252,227,251,227,250,227,249,227,248,227
162,236,161,237,160,237,159,237,158,238,157,238,156,238,155,239,155,240,155,241,155,242,155,243,155,244,154,245,154,246,154,247,154,248,154,249,154,250,154,251,154,252,155,253,156,254,156,255,157,255,158,255,159,255,160,255,161,255,162,255,163,255,164,254,165,254,166,254,167,254,168,254,169,253,170,253,171,252,172,251,172,250,173,249,173,248,174,247,175,247,174,247,173,246,172,245,171,244,170,243,169,242,168,241,167,240,166,239,165,239,164,238,163,237
334,237,333,238,332,238,331,239,330,239,329,240,328,241,327,241,327,242,326,243,325,244,325,245,325,246,325,247,325,248,325,249,325,250,325,251,326,252,326,253,326,254,327,255,328,256,328,257,329,258,330,259,331,260,332,260,333,260,334,261,335,261,336,261,337,261,338,260,339,260,340,260,341,259,342,258,343,258,344,257,345,256,346,255,346,254,346,253,346,252,346,251,346,250,346,249,346,248,346,247,345,246,345,245,345,244,344,243,344,242,343,241,343,240,342,240,341,239,340,238,339,238,338,237,337,237,336,237,335,237
147,238,146,239,145,239,144,239,143,239,142,239,141,240,141,241,141,242,141,243,141,244,141,245,141,246,141,247,141,248,142,249,143,250,144,251,145,251,146,252,147,252,148,252,149,252,150,252,151,252,152,251,153,251,153,250,153,249,153,248,153,247,153,246,153,245,154,244,154,243,154,242,154,241,154,240,154,239,153,239,152,239,151,239,150,238,149,238,148,238
215,241,214,242,214,243,213,244,213,245,212,246,212,247,211,248,211,249,210,250,210,251,210,252,210,253,210,254,210,255,209,256,209,257,209,258,210,259,210,260,211,261,212,262,212,263,213,264,213,265,214,266,214,267,215,268,216,269,217,269,218,269,219,269,220,270,221,270,222,270,223,270,224,269,225,269,226,269,227,268,228,268,229,267,230,266,231,265,232,264,233,263,234,263,235,262,236,261,237,261,237,260,237,259,237,258,237,257,237,256,237,255,236,254,236,253,235,252,234,251,233,250,232,249,231,248,230,248,229,247,228,246,227,246,226,245,225,245,224,245,223,244,222,244,221,244,220,244,219,243,218,243,217,242,216,241
296,241,295,242,294,242,293,242,292,242,291,243,290,243,289,244,288,245,287,245,286,246,285,246,285,247,284,248,284,249,283,250,283,251,283,252,283,253,283,254,283,255,283,256,284,257,284,258,285,259,286,260,287,261,288,262,289,262,290,262,291,261,292,260,293,260,294,259,295,258,296,258,297,257,298,256,299,256,300,255,301,254,302,254,303,253,304,252,305,252,306,251,307,250,308,250,309,249,310,248,311,247,312,247,312,246,311,245,310,244,309,243,308,242,307,242,306,241,305,241,304,241,303,241,302,241,301,241,300,241,299,241,298,241,297,241
313,247,312,248,311,248,310,249,309,250,308,251,307,251,306,252,305,253,304,253,303,254,302,255,301,255,300,256,299,257,298,257,297,258,296,259,295,259,294,260,293,261,292,261,291,262,290,263,289,263,290,264,290,265,291,266,291,267,291,268,292,269,293,270,293,271,294,272,294,273,295,273,296,274,297,275,298,275,299,276,300,276,301,277,302,278,303,278,304,278,305,278,306,278,307,278,308,279,309,279,310,279,311,279,312,279,313,279,314,279,315,278,316,278,317,277,318,276,319,275,320,274,321,273,321,272,322,271,322,270,322,269,323,268,323,267,323,266,323,265,323,264,323,263,323,262,323,261,323,260,323,259,323,258,322,257,322,256,322,255,321,254,321,253,320,252,319,251,318,251,317,250,316,249,315,249,314,248
204,258,203,259,202,259,201,260,200,260,199,261,198,262,197,261,196,262,195,263,195,264,195,265,195,266,195,267,195,268,195,269,195,270,195,271,195,272,195,273,196,274,196,275,196,276,197,277,198,278,199,279,199,280,200,280,201,281,202,280,203,280,204,281,205,281,206,281,207,280,208,280,209,280,209,279,209,278,210,277,211,277,212,276,213,275,213,274,213,273,213,272,214,271,214,270,214,269,214,268,213,267,213,266,212,265,212,264,211,263,211,262,210,261,209,260,209,259,208,258,207,258,206,258,205,258
193,262,192,263,191,263,190,263,189,263,188,264,187,264,186,264,185,264,184,265,183,265,182,265,181,265,180,266,179,266,178,266,177,266,176,266,175,267,174,267,173,267,172,267,171,268,170,268,169,269,169,270,169,271,168,272,168,273,167,274,167,275,168,276,168,277,169,278,170,279,171,280,172,280,173,281,174,282,175,281,176,281,177,281,178,280,179,280,180,280,181,280,182,280,183,280,184,280,185,280,186,280,187,280,188,279,189,278,190,278,191,277,192,276,193,276,194,275,195,275,195,274,194,273,194,272,194,271,194,270,194,269,194,268,194,267,194,266,194,265,194,264,194,263,195,262,194,262
334,262,333,263,332,264,331,265,330,266,330,267,330,268,330,269,330,270,330,271,330,272,330,273,331,274,332,275,333,276,334,277,335,277,336,277,337,278,338,278,339,278,340,278,341,279,342,279,343,279,344,279,345,279,346,279,347,279,348,279,349,278,350,278,351,277,351,276,352,275,352,274,352,273,352,272,352,271,352,270,351,269,351,268,351,267,350,266,350,265,349,264,348,264,347,264,346,263,345,263,344,263,343,262,342,262,341,263,340,263,339,262,338,262,337,262,336,262,335,262
233,274,232,275,231,275,230,275,229,275,228,276,227,276,226,277,225,278,224,278,223,279,222,280,221,281,221,282,220,283,219,284,218,285,217,285,216,286,215,287,214,288,213,288,212,289,211,290,210,291,209,292,208,293,208,294,208,295,209,296,210,296,211,295,212,296,213,297,214,298,215,298,216,298,217,299,218,299,219,299,220,300,221,301,222,301,223,301,224,301,225,301,226,300,227,300,228,300,229,299,230,299,231,298,232,297,233,296,234,295,235,295,235,294,236,293,237,292,238,291,239,290,239,289,240,288,240,287,241,286,241,285,241,284,241,283,241,282,241,281,241,280,240,279,240,278,239,277,238,276,238,275,237,275,236,274,235,274,234,274
258,279,257,280,256,280,255,280,254,281,253,282,252,283,251,284,250,285,249,286,249,287,248,288,248,289,247,290,246,291,246,292,245,293,245,294,244,295,243,296,243,297,242,298,241,299,241,300,240,301,239,302,239,303,238,304,238,305,238,306,238,307,238,308,238,309,238,310,238,311,238,312,239,313,239,314,239,315,240,316,240,317,240,318,241,319,242,320,242,321,243,321,244,322,245,322,246,322,247,322,248,322,249,322,250,322,251,321,252,321,253,320,254,319,255,319,255,318,255,317,256,316,256,315,257,314,258,313,258,312,259,311,259,310,260,309,260,308,261,307,261,306,261,305,262,304,262,303,262,302,262,301,263,300,263,299,263,298,264,297,264,296,265,295,265,294,266,293,266,292,266,291,267,290,267,289,267,288,267,287,267,286,267,285,267,284,267,283,267,282,266,281,265,280,264,279,263,279,262,279,261,279,260,279,259,279
308,281,307,282,306,282,305,283,304,284,303,285,302,286,301,287,300,288,299,289,298,290,297,290,296,291,296,292,295,293,294,294,293,294,292,295,291,296,291,297,291,298,290,299,290,300,290,301,290,302,290,303,291,304,291,305,292,306,292,307,293,307,294,308,295,308,296,308,297,308,298,308,299,308,300,308,301,308,302,307,303,307,304,307,305,307,306,306,307,306,308,306,309,305,310,305,311,304,312,304,313,303,314,303,315,302,316,302,317,301,318,300,319,299,319,298,320,297,320,296,320,295,320,294,320,293,321,292,320,291,320,290,320,289,320,288,320,287,319,286,319,285,318,284,317,283,316,283,315,282,314,282,313,281,312,281,311,282,310,282,309,281
337,284,336,285,335,285,334,285,333,286,332,286,331,287,330,287,329,288,328,288,327,289,326,290,325,291,325,292,324,293,323,294,323,295,323,296,323,297,323,298,323,299,323,300,324,301,324,302,325,303,326,304,327,305,328,305,329,306,330,305,331,305,332,305,333,305,334,305,335,305,336,305,337,304,338,304,339,303,340,302,341,302,342,301,343,300,344,300,345,299,346,298,347,297,347,296,348,295,348,294,348,293,348,292,347,291,347,290,347,289,346,288,346,287,345,286,344,285,343,285,342,284,341,284,340,284,339,284,338,284
271,304,270,305,269,305,268,305,267,306,266,306,265,307,264,308,263,309,262,310,261,310,260,311,259,312,259,313,258,314,257,315,257,316,256,317,256,318,256,319,256,320,256,321,256,322,256,323,256,324,256,325,257,326,258,327,258,328,259,328,260,329,261,329,262,329,263,329,264,329,265,329,266,329,267,329,268,329,269,329,270,329,271,329,272,328,273,328,274,327,275,327,276,326,277,325,278,325,278,324,279,323,279,322,279,321,280,320,280,319,280,318,280,317,281,316,281,315,281,314,281,313,281,312,280,311,280,310,280,309,279,308,279,307,279,306,278,305,278,304,277,304,276,304,275,304,274,304,273,304,272,304
328,306,327,307,326,307,325,308,324,308,323,309,322,309,321,310,320,311,320,312,320,313,320,314,319,315,319,316,319,317,319,318,319,319,319,320,319,321,320,322,321,323,321,324,322,325,323,326,324,326,325,327,326,327,327,327,328,327,329,327,330,327,331,327,332,327,333,327,334,327,335,327,336,327,337,327,338,327,339,327,340,327,341,327,342,327,343,326,344,326,345,325,346,324,347,323,348,322,348,321,349,320,349,319,349,318,350,317,350,316,350,315,350,314,350,313,350,312,349,311,348,310,347,309,346,309,345,308,344,308,343,308,342,308,341,308,340,308,339,307,338,307,337,307,336,306,335,306,334,306,333,306,332,306,331,306,330,306,329,307
243,327,242,328,241,328,240,328,239,329,238,330,237,330,236,331,236,332,235,333,235,334,235,335,235,336,236,337,236,338,237,339,237,340,238,341,239,342,240,342,241,343,242,343,243,344,244,345,245,346,246,347,247,348,248,348,249,349,250,349,251,350,252,350,253,349,254,349,255,349,256,348,257,347,258,346,258,345,259,344,259,343,260,342,260,341,260,340,260,339,259,338,259,337,259,336,259,335,258,334,257,333,257,332,256,331,255,330,254,329,253,329,252,328,251,328,250,328,249,327,248,327,247,327,246,327,245,327,244,327
316,332,315,333,314,334,313,335,312,336,311,337,310,338,309,338,308,339,307,339,306,340,305,341,304,342,303,343,303,344,303,345,303,346,303,347,303,348,304,349,304,350,305,351,306,352,307,353,308,353,309,354,310,354,311,354,312,355,313,355,314,355,315,354,316,354,317,353,318,353,319,352,320,352,321,352,322,351,323,351,324,351,325,350,326,350,326,349,327,348,327,347,328,346,328,345,329,344,329,343,329,342,330,341,330,340,330,339,330,338,329,337,329,336,328,335,327,334,326,333,325,333,324,332,323,332,322,332,321,332,320,332,319,332,318,332,317,332
288,338,287,339,286,339,285,340,284,341,283,341,283,342,282,343,281,344,281,345,281,346,280,347,280,348,281,349,281,350,281,351,281,352,282,353,283,354,284,354,285,355,286,355,287,356,288,356,289,356,290,356,291,356,292,356,293,356,294,356,295,355,296,354,296,353,297,352,297,351,297,350,297,349,298,348,298,347,298,346,298,345,298,344,298,343,298,342,298,341,298,340,297,339,296,339,295,338,294,338,293,338,292,338,291,339,290,338,289,338
386,409,385,410,384,410,383,411,382,412,381,413,380,413,379,414,378,414,377,415,376,415,375,416,374,416,373,417,372,417,371,418,370,419,369,420,368,421,368,422,367,423,367,424,367,425,367,426,366,427,366,428,366,429,367,430,367,431,367,432,368,433,368,434,369,435,370,436,371,437,372,438,373,439,374,439,375,440,376,440,377,441,378,441,379,441,380,441,381,441,382,442,383,442,384,442,385,442,386,442,387,442,388,442,389,442,390,442,391,442,392,442,393,442,394,442,395,442,396,442,397,442,398,442,399,442,400,441,401,441,402,440,403,440,404,439,405,438,406,437,406,436,406,435,407,434,407,433,407,432,407,431,408,430,408,429,408,428,408,427,408,426,408,425,408,424,407,423,407,422,407,421,406,420,406,419,405,418,404,417,403,417,402,416,401,416,400,416,399,416,398,415,397,415,396,415,395,415,394,415,393,414,392,414,391,413,390,412,389,411,389,410,388,410,387,409
308,415,307,416,306,416,305,416,304,417,303,418,302,419,301,420,301,421,300,422,300,423,300,424,301,425,301,426,302,427,302,428,303,429,303,430,304,431,305,431,306,431,307,432,308,432,309,432,310,432,311,432,312,432,313,432,314,432,315,432,316,432,317,431,318,431,319,431,320,430,321,430,322,429,322,428,322,427,323,426,323,425,323,424,322,423,322,422,321,421,320,420,319,419,318,419,317,418,316,417,315,416,314,416,313,416,312,416,311,415,310,415,309,415
290,421,289,422,288,422,287,422,286,423,285,424,284,425,284,426,283,427,283,428,283,429,282,430,282,431,282,432,282,433,282,434,282,435,282,436,283,437,284,438,285,439,286,440,287,440,288,440,289,441,290,441,291,441,292,441,293,441,294,441,295,440,296,440,297,440,298,440,299,439,300,438,301,437,302,436,303,435,303,434,303,433,303,432,303,431,302,430,302,429,301,428,301,427,300,426,300,425,299,424,298,423,297,422,296,421,295,421,294,421,293,421,292,421,291,421
160,422,159,423,158,423,157,423,156,424,155,424,154,425,153,426,153,427,152,428,152,429,151,430,151,431,151,432,151,433,151,434,151,435,152,436,152,437,153,438,153,439,154,440,155,441,156,442,157,443,158,443,159,444,160,444,161,444,162,444,163,444,164,444,165,444,166,444,167,444,168,444,169,443,170,443,171,442,172,442,173,441,173,440,174,439,174,438,175,437,175,436,175,435,175,434,175,433,175,432,175,431,174,430,174,429,173,428,172,427,172,426,171,425,170,424,169,424,168,423,167,423,166,422,165,422,164,422,163,422,162,422,161,422
130,427,129,428,128,428,127,428,126,428,125,429,124,429,123,430,122,430,121,431,120,432,119,433,119,434,118,435,118,436,118,437,118,438,118,439,118,440,119,441,119,442,120,443,121,444,122,445,123,446,124,446,125,446,126,447,127,447,128,447,129,447,130,447,131,447,132,447,133,446,134,446,135,445,136,444,137,444,138,443,139,442,139,441,139,440,139,439,139,438,139,437,139,436,139,435,139,434,139,433,139,432,138,431,137,430,136,429,135,429,134,428,133,428,132,427,131,427
185,430,184,431,183,431,182,432,181,432,180,433,179,434,178,435,178,436,178,437,177,438,177,439,177,440,177,441,177,442,177,443,178,444,178,445,179,446,179,447,180,447,181,448,182,448,183,449,184,449,185,450,186,450,187,450,188,450,189,450,190,449,191,448,192,447,193,446,194,445,195,444,196,443,197,442,196,441,196,440,196,439,196,438,196,437,196,436,195,435,195,434,194,433,193,432,192,432,191,431,190,431,189,431,188,430,187,430,186,430
274,435,273,436,272,436,271,437,270,438,269,439,268,440,268,441,268,442,268,443,267,444,267,445,267,446,268,447,268,448,269,449,270,450,271,451,271,452,272,452,273,452,274,452,275,453,276,453,277,453,278,453,279,453,280,453,281,453,282,453,283,453,284,452,285,452,286,451,287,450,287,449,287,448,287,447,287,446,287,445,287,444,287,443,286,442,286,441,285,440,284,439,283,438,282,437,281,436,280,436,279,436,278,436,277,435,276,435,275,435
412,438,411,439,410,439,409,440,408,441,408,442,407,443,407,444,406,445,406,446,406,447,406,448,406,449,406,450,406,451,406,452,407,453,408,454,409,455,410,456,411,457,412,457,413,457,414,458,415,458,416,458,417,458,418,458,419,457,420,457,421,457,422,456,423,455,424,454,424,453,425,452,425,451,425,450,425,449,425,448,425,447,424,446,424,445,423,444,423,443,423,442,422,442,421,441,420,440,419,439,418,438,417,438,416,438,415,438,414,438,413,438
338,442,337,443,336,443,335,443,334,443,333,444,332,444,331,445,330,446,329,447,328,448,327,449,327,450,327,451,326,452,326,453,325,454,325,455,325,456,325,457,325,458,325,459,325,460,325,461,326,462,326,463,326,464,326,465,326,466,327,467,327,468,328,469,328,470,329,471,330,471,331,472,332,473,333,473,334,474,335,474,336,474,337,475,338,475,339,475,340,475,341,475,342,475,343,475,344,475,345,474,346,474,347,474,348,474,349,473,350,473,351,473,352,472,353,471,354,470,355,469,355,468,356,467,357,466,357,465,357,464,358,463,358,462,358,461,358,460,358,459,358,458,358,457,358,456,358,455,357,454,357,453,357,452,356,451,356,450,355,449,355,448,354,447,353,446,352,445,351,444,350,444,349,443,348,443,347,442,346,442,345,442,344,442,343,442,342,442,341,442,340,442,339,442
197,443,196,444,195,445,194,446,193,447,192,448,191,449,190,450,190,451,190,452,190,453,190,454,190,455,190,456,191,457,191,458,191,459,191,460,192,461,192,462,193,463,194,464,195,464,196,464,197,464,198,464,199,463,200,463,201,463,202,462,203,461,204,460,205,459,206,458,206,457,206,456,207,455,207,454,207,453,207,452,208,451,207,450,207,449,207,448,206,447,205,446,204,445,203,445,202,445,201,444,200,444,199,444,198,443
95,446,94,447,93,447,92,447,91,448,90,448,89,449,88,450,87,451,87,452,87,453,86,454,86,455,86,456,86,457,86,458,87,459,88,460,88,461,89,461,90,462,91,462,92,463,93,463,94,464,95,464,96,464,97,465,98,465,99,465,100,465,101,465,102,465,103,465,104,465,105,464,106,464,107,463,108,463,109,462,110,462,111,461,112,460,113,459,114,458,114,457,114,456,114,455,114,454,114,453,113,452,113,451,113,450,112,449,111,448,110,448,109,447,108,447,107,447,106,447,105,446,104,446,103,446,102,446,101,446,100,446,99,446,98,446,97,446,96,446
218,446,217,447,216,447,215,447,214,448,213,448,212,449,211,450,210,451,209,451,208,452,208,453,208,454,208,455,207,456,207,457,207,458,208,459,208,460,209,461,210,462,210,463,211,464,212,464,213,465,214,465,215,465,216,465,217,465,218,466,219,466,220,465,221,465,222,465,223,464,224,464,225,464,226,463,227,463,227,462,228,461,228,460,229,459,229,458,229,457,229,456,229,455,229,454,229,453,228,452,228,451,227,450,227,449,226,448,225,447,224,447,223,447,222,446,221,446,220,446,219,446
302,447,301,448,300,448,299,448,298,449,297,449,296,450,295,451,294,452,293,453,292,454,292,455,291,456,291,457,291,458,290,459,290,460,290,461,289,462,289,463,289,464,289,465,289,466,289,467,289,468,290,469,290,470,290,471,290,472,291,473,291,474,292,475,293,476,293,477,294,478,295,479,296,479,297,480,298,481,299,481,300,482,301,482,302,482,303,483,304,483,305,483,306,483,307,483,308,483,309,483,310,483,311,482,312,482,313,481,314,481,315,481,316,480,317,479,318,478,319,477,319,476,320,475,320,474,321,473,321,472,321,471,321,470,321,469,322,468,322,467,322,466,322,465,322,464,323,463,322,462,322,461,322,460,321,459,321,458,321,457,320,456,320,455,319,454,319,453,318,452,317,451,316,450,315,450,314,449,313,448,312,448,311,447,310,447,309,447,308,447,307,447,306,447,305,447,304,447,303,447
268,455,267,456,266,456,265,456,264,457,263,457,262,458,262,459,262,460,261,461,261,462,261,463,261,464,261,465,260,466,260,467,260,468,261,469,261,470,261,471,262,472,263,473,264,473,265,474,266,474,267,473,268,473,269,473,270,474,271,473,272,473,273,472,274,472,275,472,276,472,277,471,278,470,278,469,279,468,279,467,280,466,280,465,280,464,279,463,279,462,278,461,278,460,278,459,277,458,277,457,276,456,275,456,274,456,273,456,272,456,271,455,270,455,269,455
369,459,368,460,367,460,366,461,365,461,365,462,364,463,363,464,362,465,362,466,361,467,361,468,360,469,360,470,359,471,359,472,359,473,358,474,358,475,358,476,358,477,358,478,358,479,358,480,358,481,358,482,358,483,358,484,359,485,359,486,359,487,360,488,360,489,361,490,361,491,362,492,363,493,364,493,365,494,366,495,367,495,368,495,369,495,370,495,371,495,372,495,373,495,374,495,375,495,376,495,377,495,378,495,379,494,380,494,381,493,382,492,383,491,384,490,385,489,386,488,387,487,388,486,388,485,388,484,389,483,389,482,389,481,390,480,390,479,390,478,390,477,390,476,390,475,390,474,390,473,389,472,389,471,389,470,388,469,388,468,387,467,387,466,386,465,385,464,384,464,383,463,382,463,381,462,380,461,379,461,378,461,377,460,376,460,375,460,374,459,373,459,372,459,371,459,370,459
132,467,131,468,130,468,129,468,128,468,127,468,126,468,125,468,124,469,123,469,122,469,121,469,120,470,119,470,118,471,117,471,116,472,115,473,114,474,114,475,113,476,112,477,111,478,111,479,110,480,109,481,108,482,108,483,108,484,107,485,107,486,107,487,107,488,107,489,107,490,107,491,106,492,107,493,107,494,108,495,108,496,109,497,109,498,110,499,111,500,111,501,112,502,112,503,113,504,113,505,114,506,114,507,115,508,116,509,117,510,118,510,119,511,120,511,121,511,122,511,123,511,124,511,125,511,126,511,127,511,128,511,129,511,130,511,131,511,132,511,133,511,134,511,135,511,136,511,137,511,138,511,139,511,140,511,141,511,142,510,143,510,144,509,145,509,146,508,147,507,148,506,149,505,150,504,151,503,151,502,152,501,152,500,152,499,152,498,152,497,153,496,153,495,154,494,154,493,154,492,155,491,155,490,155,489,155,488,155,487,155,486,154,485,154,484,154,483,153,482,153,481,152,480,151,479,151,478,150,477,149,476,148,475,147,474,146,473,145,472,144,472,143,471,142,471,141,470,140,470,139,470,138,469,137,469,136,468,135,468,134,468,133,468
220,472,219,473,218,473,217,473,216,473,215,474,214,475,213,475,213,476,212,477,212,478,212,479,212,480,212,481,212,482,213,483,214,484,215,484,216,485,217,486,218,486,219,487,220,487,221,487,222,487,223,487,224,486,225,486,226,486,227,486,227,485,228,484,229,483,229,482,229,481,229,480,228,479,228,478,227,477,227,476,226,475,225,474,224,473,223,473,222,473,221,472
423,472,422,473,421,474,420,475,419,476,418,477,418,478,418,479,417,480,417,481,418,482,418,483,418,484,418,485,419,486,419,487,420,488,421,488,422,488,423,488,424,488,425,489,426,489,427,489,428,489,429,489,430,488,431,488,432,487,433,486,433,485,434,484,434,483,434,482,435,481,435,480,434,479,434,478,434,477,433,476,433,475,432,474,431,474,430,473,429,472,428,472,427,472,426,472,425,472,424,472
76,473,75,474,74,475,73,476,72,477,72,478,71,479,71,480,71,481,70,482,70,483,70,484,70,485,70,486,70,487,70,488,71,489,71,490,72,490,73,491,74,492,75,492,76,493,77,493,78,492,79,492,80,492,81,491,82,491,83,491,84,490,85,490,86,489,87,488,87,487,87,486,88,485,88,484,88,483,88,482,88,481,88,480,88,479,88,478,88,477,87,476,86,475,85,474,84,474,83,474,82,473,81,473,80,473,79,473,78,473,77,473
267,474,266,475,265,475,264,475,263,476,262,477,261,477,260,478,259,479,259,480,258,481,258,482,258,483,257,484,257,485,257,486,258,487,258,488,258,489,258,490,258,491,259,492,259,493,260,494,260,495,261,496,261,497,262,498,263,498,264,499,265,500,266,500,267,501,268,501,269,501,270,500,271,500,272,499,273,499,274,498,275,497,275,496,276,495,276,494,277,493,277,492,277,491,277,490,277,489,277,488,277,487,277,486,277,485,277,484,277,483,276,482,276,481,275,480,275,479,274,478,273,477,272,476,271,475,270,475,269,474,268,474
192,478,191,479,190,479,189,479,188,479,187,479,186,479,185,479,184,479,183,479,182,480,181,480,180,480,179,481,178,481,177,482,176,483,176,484,175,485,174,486,174,487,174,488,173,489,173,490,172,491,172,492,172,493,172,494,172,495,172,496,172,497,172,498,171,499,172,500,172,501,172,502,172,503,172,504,172,505,172,506,172,507,172,508,173,509,174,510,175,510,176,511,177,511,178,511,179,511,180,511,181,511,182,511,183,511,184,511,185,511,186,511,187,511,188,511,189,511,190,511,191,511,192,511,193,511,194,511,195,511,196,511,197,511,198,511,199,511,200,511,201,511,202,511,203,511,204,511,205,511,206,511,207,511,208,511,209,511,210,510,211,510,212,510,212,509,213,508,214,507,214,506,214,505,215,504,215,503,215,502,215,501,215,500,215,499,215,498,215,497,214,496,214,495,213,494,213,493,212,492,211,491,211,490,210,489,209,488,208,487,207,486,206,485,205,484,204,484,203,483,202,482,201,481,200,480,199,480,198,479,197,479,196,478,195,478,194,478,193,478
400,485,399,486,398,486,397,486,396,486,395,486,394,486,393,486,392,486,391,487,390,487,389,487,388,487,387,488,386,489,385,490,384,491,383,492,382,493,381,494,380,495,380,496,380,497,380,498,380,499,380,500,380,501,379,502,379,503,379,504,379,505,379,506,379,507,379,508,380,509,380,510,381,511,382,511,383,511,384,511,385,511,386,511,387,511,388,511,389,511,390,511,391,511,392,511,393,511,394,511,395,511,396,511,397,511,398,511,399,511,400,511,401,511,402,511,403,511,404,511,405,511,406,511,407,511,408,511,409,510,410,510,411,510,411,509,411,508,412,507,412,506,412,505,413,504,413,503,413,502,413,501,413,500,413,499,413,498,413,497,413,496,412,495,412,494,411,493,411,492,410,491,410,490,409,489,408,488,407,488,406,487,405,487,404,486,403,486,402,486,401,485
233,486,232,487,231,487,230,488,229,489,228,490,227,491,226,492,226,493,225,494,225,495,225,496,225,497,225,498,226,499,226,500,227,501,228,502,229,503,230,504,231,505,232,506,233,506,234,507,235,507,236,507,237,507,238,507,239,506,240,506,241,506,242,505,243,505,244,504,245,503,246,503,246,502,247,501,248,500,248,499,248,498,248,497,248,496,248,495,248,494,248,493,247,492,247,491,246,490,245,489,244,488,243,487,242,487,241,486,240,486,239,486,238,486,237,486,236,486,235,486,234,486
310,486,309,487,308,487,307,487,306,488,305,488,304,489,303,490,302,491,302,492,301,493,300,494,300,495,300,496,300,497,300,498,300,499,300,500,300,501,300,502,300,503,301,504,301,505,302,506,303,507,303,508,304,508,305,509,306,510,307,510,308,510,309,510,310,510,311,510,312,510,313,510,314,510,315,510,316,510,317,510,318,510,319,509,320,509,321,508,322,508,322,507,322,506,323,505,324,504,324,503,324,502,325,501,325,500,325,499,325,498,325,497,325,496,325,495,325,494,325,493,324,492,324,491,323,490,322,489,322,488,321,487,320,487,319,486,318,486,317,486,316,486,315,486,314,486,313,486,312,486,311,486
423,494,422,495,421,495,420,496,419,497,418,497,417,498,416,499,415,500,414,500,414,501,414,502,414,503,414,504,413,505,413,506,413,507,412,508,412,509,412,510,413,510,414,511,415,511,416,511,417,511,418,511,419,511,420,511,421,511,422,511,423,511,424,511,425,511,426,511,427,511,428,511,429,511,430,511,431,511,432,510,433,509,433,508,433,507,433,506,434,505,434,504,434,503,434,502,433,501,433,500,433,499,432,498,432,497,431,496,430,495,429,495,428,494,427,494,426,494,425,494,424,494
78,500,77,501,76,501,75,502,74,502,73,502,72,503,71,503,70,503,69,503,68,504,67,504,66,505,65,505,64,505,63,505,62,506,61,506,60,506,60,507,59,508,58,508,57,508,57,509,57,510,58,511,59,511,60,511,61,511,62,511,63,511,64,511,65,511,66,511,67,511,68,511,69,511,70,511,71,511,72,511,73,511,74,511,75,511,76,511,77,511,78,511,79,511,80,511,81,511,82,510,83,510,84,510,85,510,86,509,86,508,86,507,86,506,86,505,86,504,85,503,84,502,83,501,82,501,81,500,80,500,79,500
