192,185,191,186,190,186,189,187,188,188,187,189,187,190,186,191,186,192,186,193,186,194,186,195,187,196,187,197,187,198,188,199,188,200,189,201,190,202,191,203,192,204,193,204,194,204,195,205,196,205,197,205,198,204,199,204,200,204,201,203,202,203,203,202,203,201,204,200,204,199,205,198,205,197,205,196,205,195,205,194,204,193,204,192,204,191,203,190,203,189,202,188,201,188,200,187,199,186,198,186,197,185,196,185,195,185,194,185,193,185
180,200,179,201,178,202,177,202,177,203,176,204,176,205,176,206,176,207,176,208,176,209,176,210,177,211,177,212,177,213,178,214,178,215,179,216,180,217,181,218,182,218,183,218,184,219,185,219,186,219,187,218,188,218,189,217,190,216,191,215,191,214,192,213,192,212,192,211,192,210,192,209,192,208,192,207,191,206,191,205,191,204,190,203,189,202,188,201,187,200,186,200,185,200,184,200,183,200,182,200,181,200
331,257,330,258,329,259,328,259,328,260,327,261,326,262,326,263,326,264,326,265,326,266,327,267,327,268,328,268,329,269,330,269,331,269,332,269,333,268,334,268,335,267,335,266,336,265,337,264,337,263,337,262,337,261,337,260,337,259,336,258,335,258,334,257,333,257,332,257
177,316,176,317,175,317,174,317,173,317,172,318,171,318,170,319,169,319,168,320,168,321,167,322,166,323,166,324,165,325,165,326,165,327,164,328,164,329,164,330,164,331,164,332,164,333,165,334,165,335,165,336,166,337,166,338,167,339,168,340,168,341,169,342,170,343,171,343,172,343,173,344,174,344,175,344,176,344,177,344,178,344,179,344,180,344,181,344,182,343,183,343,184,343,185,342,186,342,187,341,188,340,189,339,189,338,190,337,190,336,191,335,191,334,191,333,191,332,191,331,191,330,191,329,191,328,190,327,190,326,189,325,189,324,188,323,188,322,187,321,186,320,185,320,184,319,183,318,182,318,181,317,180,317,179,317,178,317
157,344,156,345,155,346,155,347,154,348,154,349,154,350,154,351,154,352,154,353,154,354,154,355,155,356,155,357,155,358,156,359,157,360,158,360,159,361,160,361,161,361,162,360,163,360,164,359,165,358,166,357,166,356,166,355,167,354,167,353,167,352,166,351,166,350,165,349,165,348,164,347,163,346,163,345,162,345,161,344,160,344,159,344,158,344
223,351,222,352,221,352,220,352,219,352,218,353,217,353,216,354,215,354,214,355,213,356,212,357,212,358,211,359,210,360,210,361,210,362,209,363,209,364,210,365,211,366,212,367,213,368,214,369,215,370,216,371,217,372,218,373,219,374,219,375,220,376,221,376,222,375,223,376,224,376,225,375,226,375,227,375,228,375,229,375,230,375,231,375,232,375,233,374,234,374,235,374,236,373,237,372,238,371,239,370,239,369,239,368,239,367,239,366,239,365,239,364,239,363,239,362,239,361,238,360,238,359,238,358,237,357,237,356,236,355,235,354,234,353,233,353,232,352,231,352,230,352,229,352,228,352,227,351,226,351,225,351,224,351
208,365,207,366,206,366,205,366,204,366,203,366,202,366,201,367,200,367,199,367,198,368,197,368,196,369,195,370,194,371,194,372,193,373,193,374,192,375,192,376,191,377,191,378,191,379,191,380,191,381,191,382,191,383,191,384,191,385,192,386,192,387,193,388,194,389,195,390,196,390,197,391,198,391,199,392,200,392,201,392,202,392,203,392,204,392,205,392,206,392,207,391,208,391,209,391,210,390,211,390,212,389,213,389,214,388,215,387,216,386,217,385,217,384,217,383,218,382,218,381,218,380,218,379,218,378,219,377,219,376,218,375,218,374,217,373,216,372,215,371,214,370,213,369,212,368,211,367,210,366,209,365
88,368,87,369,86,369,85,370,84,371,83,372,82,373,82,374,82,375,81,376,81,377,81,378,81,379,81,380,81,381,81,382,82,383,82,384,83,385,83,386,84,387,85,388,86,389,87,389,88,389,89,389,90,389,91,389,92,388,93,388,94,388,95,387,96,386,97,386,98,385,99,384,99,383,100,382,100,381,101,380,101,379,101,378,101,377,101,376,101,375,101,374,100,373,100,372,99,371,98,371,97,370,96,370,95,369,94,369,93,369,92,368,91,368,90,368,89,368
50,373,49,374,48,374,47,374,46,375,45,375,44,376,43,377,42,378,41,379,41,380,41,381,40,382,40,383,40,384,41,385,41,386,41,387,41,388,42,389,43,390,44,390,45,391,46,391,47,391,48,392,49,392,50,392,51,392,52,392,53,392,54,392,55,392,56,392,57,392,58,391,59,391,60,391,61,390,62,390,63,389,64,388,65,387,65,386,65,385,65,384,65,383,65,382,65,381,65,380,65,379,64,378,63,377,63,376,62,375,61,375,60,374,59,374,58,373,57,373,56,373,55,373,54,373,53,373,52,373,51,373
174,381,173,382,172,382,171,383,171,384,170,385,170,386,170,387,170,388,170,389,171,390,172,391,173,392,174,392,175,393,176,393,177,393,178,393,179,393,180,392,181,392,182,392,183,391,183,390,184,389,184,388,184,387,184,386,183,385,182,384,181,383,180,382,179,382,178,381,177,381,176,381,175,381
326,440,325,441,324,441,323,442,322,443,321,444,320,445,320,446,320,447,320,448,319,449,319,450,319,451,320,452,320,453,320,454,321,455,322,456,323,456,324,456,325,457,326,457,327,458,328,458,329,458,330,458,331,458,332,459,333,459,334,459,335,458,336,458,337,458,338,458,339,457,340,456,341,456,342,456,343,455,344,454,345,453,345,452,346,451,346,450,347,449,347,448,347,447,346,446,346,445,345,444,344,443,343,443,342,442,341,442,340,441,339,441,338,441,337,441,336,440,335,440,334,440,333,440,332,440,331,440,330,440,329,440,328,440,327,440
143,444,142,445,142,446,141,447,141,448,141,449,141,450,141,451,142,452,143,453,144,454,145,455,146,454,147,454,148,454,149,453,150,453,151,453,151,452,151,451,151,450,151,449,151,448,151,447,150,446,149,445,148,444,147,444,146,444,145,444,144,444
149,454,148,455,147,455,146,455,145,456,145,457,144,458,144,459,144,460,145,461,145,462,146,463,147,464,148,464,149,464,150,464,151,464,152,464,153,463,154,462,154,461,155,460,155,459,155,458,154,457,154,456,153,455,152,454,151,454,150,454
341,459,340,460,339,460,338,460,337,461,336,461,335,462,334,463,333,463,333,464,332,465,331,466,330,467,329,468,329,469,328,470,328,471,328,472,327,473,327,474,327,475,327,476,328,477,328,478,328,479,328,480,328,481,329,482,330,483,331,484,332,485,333,486,334,486,335,487,336,488,337,488,338,489,339,489,340,489,341,489,342,489,343,489,344,489,345,489,346,489,347,489,348,489,349,489,350,488,351,488,352,488,353,487,354,487,355,486,356,485,356,484,357,483,358,482,358,481,359,480,359,479,359,478,359,477,359,476,359,475,359,474,359,473,359,472,359,471,359,470,358,469,358,468,357,467,357,466,356,465,356,464,355,463,354,462,353,461,352,461,351,460,350,460,349,460,348,460,347,460,346,460,345,460,344,460,343,460,342,460
300,469,299,470,298,470,297,470,296,471,295,472,294,472,293,473,292,474,291,475,291,476,291,477,290,478,290,479,290,480,290,481,291,482,292,483,293,484,294,485,295,485,296,485,297,486,298,486,299,486,300,486,301,486,302,485,303,485,304,484,305,484,306,484,307,483,308,483,309,482,310,482,311,481,312,480,312,479,313,478,313,477,313,476,313,475,313,474,312,473,311,472,310,471,309,470,308,470,307,469,306,469,305,469,304,469,303,469,302,469,301,469
372,470,371,471,370,471,369,471,368,472,367,473,366,473,365,474,365,475,364,476,364,477,364,478,364,479,363,480,363,481,364,482,364,483,364,484,365,485,365,486,366,487,367,488,368,488,369,489,370,489,371,489,372,489,373,489,374,489,375,489,376,489,377,489,378,488,379,487,380,487,381,487,382,487,383,486,384,485,384,484,384,483,384,482,384,481,384,480,384,479,384,478,384,477,383,476,383,475,382,474,381,473,380,472,379,472,378,471,377,471,376,470,375,470,374,470,373,470
309,483,308,484,307,484,306,485,305,485,304,485,303,486,302,486,301,487,300,487,300,488,300,489,300,490,300,491,300,492,300,493,300,494,301,495,301,496,301,497,301,498,302,499,303,499,304,500,305,500,306,501,307,502,308,502,309,503,310,504,311,503,312,503,313,503,314,503,315,503,316,503,317,503,318,503,319,502,320,502,321,501,322,500,323,499,323,498,324,497,324,496,324,495,324,494,324,493,324,492,323,491,323,490,322,489,322,488,321,487,320,487,319,487,318,486,317,485,316,485,315,485,314,484,313,484,312,484,311,483,310,483
344,491,343,492,342,492,341,492,340,492,339,493,338,493,337,494,336,495,336,496,335,497,335,498,334,499,334,500,334,501,334,502,334,503,334,504,334,505,335,506,335,507,336,508,336,509,337,510,338,510,339,511,340,511,341,511,342,511,343,511,344,511,345,511,346,511,347,511,348,511,349,511,350,511,351,510,352,510,353,510,354,509,355,509,355,508,356,507,357,506,357,505,357,504,357,503,357,502,357,501,357,500,356,499,356,498,356,497,355,496,354,495,353,494,352,494,351,493,350,493,349,492,348,492,347,492,346,492,345,491
366,492,365,493,364,493,363,494,362,494,361,495,360,496,360,497,360,498,359,499,359,500,358,501,358,502,358,503,358,504,358,505,359,506,359,507,360,508,360,509,361,510,362,510,363,510,364,510,365,510,366,510,367,510,368,511,369,511,370,511,371,511,372,511,373,510,374,510,375,510,376,509,377,508,378,507,379,506,380,505,380,504,381,503,380,502,380,501,380,500,379,499,378,498,377,497,377,496,376,495,375,495,374,494,373,494,372,493,371,493,370,492,369,492,368,492,367,492
301,499,300,500,299,500,298,501,297,502,296,503,295,504,294,505,294,506,293,507,293,508,294,509,294,510,295,510,296,511,297,511,298,511,299,511,300,511,301,511,302,511,303,511,304,511,305,511,306,511,307,511,308,511,309,511,310,510,310,509,311,508,310,507,310,506,310,505,309,504,308,503,307,503,306,502,305,501,304,501,303,500,302,500
