88,77,87,78,86,78,85,79,84,80,83,81,83,82,82,83,81,84,81,85,81,86,80,87,80,88,80,89,80,90,81,91,81,92,82,93,83,94,84,95,85,96,86,96,87,96,88,96,89,96,90,95,91,95,92,95,93,94,94,94,95,93,95,92,96,91,96,90,97,89,97,88,97,87,97,86,97,85,97,84,97,83,97,82,96,81,95,80,94,79,93,78,92,78,91,77,90,77,89,77
119,107,118,108,117,108,116,109,115,109,114,110,113,111,112,112,111,113,111,114,110,115,110,116,109,117,109,118,109,119,109,120,109,121,108,122,108,123,108,124,108,125,108,126,108,127,108,128,108,129,108,130,109,131,109,132,110,133,110,134,110,135,111,136,112,137,113,138,114,139,115,139,116,140,117,140,118,140,119,139,120,139,121,139,122,138,123,138,124,137,124,136,125,135,125,134,126,133,126,132,127,131,127,130,128,129,128,128,128,127,128,126,128,125,128,124,129,123,129,122,129,121,129,120,129,119,129,118,129,117,129,116,129,115,129,114,128,113,128,112,127,111,126,110,125,109,124,108,123,108,122,108,121,107,120,107
193,137,192,138,191,138,190,138,189,138,188,139,187,139,186,139,185,139,184,139,183,140,182,140,181,140,180,141,179,142,178,142,178,143,177,144,176,145,175,146,175,147,174,148,174,149,173,150,173,151,173,152,173,153,173,154,173,155,173,156,173,157,173,158,173,159,174,159,175,160,176,161,177,161,178,162,179,162,180,162,181,161,182,161,183,161,184,160,185,160,186,160,187,159,188,158,189,158,190,158,191,157,192,156,193,155,194,154,195,153,196,152,197,151,198,150,198,149,198,148,199,147,199,146,200,145,200,144,200,143,200,142,201,141,201,140,201,139,201,138,200,138,199,137,198,137,197,137,196,137,195,137,194,137
216,147,215,148,214,148,213,148,212,148,211,149,210,149,209,150,208,150,207,151,206,152,206,153,206,154,206,155,206,156,206,157,206,158,207,159,207,160,207,161,207,162,207,163,208,164,208,165,209,166,210,166,211,167,212,167,213,167,214,168,215,168,216,168,217,168,218,167,219,167,220,166,221,166,222,165,223,165,224,164,225,164,226,163,226,162,227,161,227,160,228,159,228,158,228,157,229,156,229,155,230,154,230,153,230,152,229,151,228,150,227,150,226,149,225,148,224,147,223,147,222,147,221,147,220,147,219,147,218,147,217,147
198,151,197,152,196,153,195,154,194,155,193,156,192,157,191,158,191,159,191,160,191,161,192,162,192,163,192,164,192,165,192,166,193,167,194,168,194,169,195,169,196,169,197,170,198,170,199,170,200,170,201,171,202,171,203,171,204,171,205,171,206,171,207,170,207,169,207,168,207,167,208,166,207,165,207,164,206,163,206,162,206,161,206,160,206,159,205,158,205,157,205,156,205,155,205,154,205,153,205,152,204,152,203,151,202,151,201,151,200,151,199,151
231,154,230,155,230,156,229,157,229,158,229,159,228,160,228,161,227,162,227,163,227,164,227,165,227,166,228,167,228,168,228,169,228,170,229,171,229,172,230,172,231,172,232,173,233,173,234,174,235,175,236,175,237,176,238,176,239,177,240,177,241,176,242,176,243,175,243,174,244,173,245,172,245,171,246,170,246,169,247,168,248,167,247,166,247,165,247,164,247,163,246,162,246,161,245,160,245,159,244,158,243,157,242,156,241,156,240,155,239,155,238,154,237,154,236,154,235,154,234,154,233,154,232,154
167,160,166,161,165,161,164,161,163,162,162,162,161,163,160,164,159,164,158,165,157,166,157,167,157,168,157,169,157,170,156,171,156,172,156,173,157,174,158,175,159,175,160,176,161,176,162,176,163,177,164,177,165,178,166,178,167,178,168,177,169,176,170,175,170,174,171,173,172,172,173,171,174,170,175,169,176,168,177,167,178,166,179,165,179,164,179,163,178,163,177,162,176,162,175,161,174,160,173,160,172,160,171,160,170,160,169,160,168,160
152,162,151,163,150,163,149,163,148,163,147,164,146,164,145,165,144,165,143,166,142,167,142,168,141,169,140,170,140,171,139,172,139,173,139,174,138,175,138,176,138,177,138,178,138,179,138,180,138,181,137,182,137,183,138,184,138,185,138,186,139,187,139,188,139,189,140,190,141,191,142,191,143,192,144,191,145,190,146,189,146,188,147,187,147,186,148,185,148,184,149,183,149,182,150,181,151,180,151,179,152,178,153,177,153,176,154,175,155,174,155,173,155,172,155,171,156,170,156,169,156,168,156,167,156,166,157,165,157,164,156,164,155,163,154,163,153,162
179,166,178,167,177,168,176,169,175,170,174,171,173,172,172,173,171,174,171,175,170,176,169,177,168,178,168,179,168,180,169,181,169,182,170,183,170,184,171,185,172,186,172,187,173,187,174,187,175,188,176,188,177,189,178,189,179,190,180,190,181,189,182,189,183,189,184,188,185,188,186,188,187,187,188,186,189,186,190,185,191,184,192,183,192,182,193,181,193,180,193,179,194,178,194,177,194,176,194,175,194,174,194,173,193,172,193,171,192,170,191,169,190,169,189,168,188,168,187,167,186,167,185,167,184,167,183,166,182,167,181,167,180,166
253,166,252,167,251,167,250,167,249,167,248,168,247,169,247,170,246,171,246,172,245,173,244,174,244,175,243,176,242,177,241,177,240,178,239,178,238,179,237,180,237,181,237,182,237,183,236,184,236,185,237,186,237,187,237,188,237,189,237,190,237,191,236,192,237,192,238,193,239,194,240,195,241,196,242,197,243,197,244,197,245,197,246,197,247,197,248,197,249,197,250,197,251,197,252,197,253,196,254,196,255,195,256,194,257,193,257,192,257,191,257,190,257,189,257,188,257,187,258,186,259,185,260,184,260,183,261,182,262,181,263,180,263,179,264,178,264,177,264,176,264,175,264,174,264,173,263,172,263,171,262,170,261,169,260,168,259,168,258,167,257,167,256,167,255,167,254,166
205,172,204,173,203,174,202,175,201,175,200,175,199,176,198,177,198,178,197,179,197,180,196,181,196,182,196,183,195,184,195,185,195,186,196,187,196,188,197,189,197,190,198,191,199,192,200,193,201,194,202,194,203,195,204,196,205,196,206,196,207,197,208,197,209,197,210,197,211,197,212,197,213,197,214,197,215,197,216,196,217,196,218,195,219,194,219,193,219,192,220,191,220,190,221,189,221,188,221,187,221,186,221,185,221,184,221,183,221,182,221,181,220,180,220,179,219,178,218,177,217,176,216,175,215,174,214,173,214,172,213,172,212,172,211,172,210,173,209,173,208,173,207,173,206,173
156,174,155,175,154,176,154,177,153,178,152,179,152,180,151,181,150,182,150,183,149,184,149,185,148,186,148,187,147,188,147,189,146,190,145,191,144,192,144,193,145,194,145,195,146,196,146,197,147,198,147,199,148,200,149,200,150,200,151,201,152,200,153,200,154,200,155,200,156,200,157,200,158,200,159,200,160,200,161,199,162,199,163,198,164,198,165,198,166,197,167,197,168,196,169,195,170,194,171,193,171,192,171,191,171,190,171,189,171,188,171,187,171,186,170,185,169,184,169,183,168,182,168,181,167,180,167,179,166,179,165,179,164,178,163,178,162,177,161,177,160,177,159,176,158,176,157,175
181,190,180,191,179,191,178,191,177,192,176,192,175,193,174,194,173,195,172,196,172,197,172,198,171,199,171,200,171,201,171,202,171,203,171,204,171,205,172,206,172,207,173,208,174,209,175,210,176,211,177,212,178,213,179,214,180,215,180,216,181,216,182,216,183,216,184,216,185,216,186,216,187,216,188,216,189,216,190,216,191,216,192,217,193,217,194,218,195,218,196,219,197,219,198,220,199,220,200,220,200,219,201,218,202,217,202,216,202,215,202,214,202,213,202,212,202,211,201,210,201,209,201,208,201,207,201,206,201,205,201,204,201,203,201,202,200,201,200,200,200,199,199,198,199,197,199,196,198,196,197,195,196,194,195,193,194,193,193,192,192,192,191,192,190,191,189,191,188,191,187,191,186,191,185,191,184,190,183,190,182,190
226,193,225,194,224,195,224,196,223,197,223,198,222,199,222,200,223,201,224,201,225,202,226,203,227,204,228,205,229,206,230,207,231,207,232,207,233,207,234,207,235,207,236,207,237,206,238,206,238,205,239,204,240,203,240,202,240,201,241,200,241,199,242,198,241,197,240,196,239,195,238,194,237,193,236,193,235,193,234,193,233,193,232,193,231,194,230,194,229,194,228,193,227,193
262,197,261,198,260,198,259,198,258,198,257,198,256,199,257,200,258,201,258,202,258,203,258,204,259,205,259,206,258,207,258,208,258,209,258,210,258,211,258,212,259,213,259,214,259,215,259,216,259,217,260,218,261,219,262,219,263,219,264,220,265,220,266,219,267,219,268,218,269,217,270,216,271,215,271,214,272,213,272,212,273,211,273,210,273,209,273,208,273,207,272,206,272,205,272,204,272,203,271,202,270,201,270,200,269,200,268,199,267,198,266,198,265,198,264,198,263,198
255,200,254,201,253,201,252,201,251,201,250,201,249,202,248,203,247,203,246,203,245,204,244,204,243,205,242,206,241,207,240,208,239,209,238,210,237,211,237,212,236,213,236,214,236,215,236,216,236,217,236,218,236,219,236,220,236,221,237,222,237,223,238,224,239,225,240,225,241,226,242,227,243,227,244,227,245,227,246,228,247,227,248,227,249,227,250,227,251,227,252,226,253,226,254,225,255,224,256,223,257,222,257,221,257,220,258,219,258,218,258,217,258,216,258,215,258,214,258,213,257,212,257,211,257,210,257,209,257,208,257,207,258,206,258,205,257,204,257,203,257,202,257,201,256,200
159,201,158,202,157,202,156,203,155,203,154,204,153,204,152,205,151,206,150,207,150,208,150,209,149,210,149,211,149,212,149,213,149,214,149,215,149,216,150,217,150,218,150,219,151,220,151,221,152,222,152,223,153,224,154,225,155,225,156,226,156,227,157,228,157,229,157,230,157,231,158,231,159,231,160,231,161,232,162,232,163,232,164,232,165,232,165,231,166,230,166,229,167,228,168,227,169,226,170,225,171,224,171,223,171,222,172,221,173,221,172,220,173,219,173,218,173,217,173,216,173,215,173,214,173,213,173,212,173,211,172,210,172,209,172,208,171,207,171,206,170,205,170,204,169,204,168,204,167,203,166,203,165,202,164,202,163,202,162,202,161,202,160,201
218,201,217,202,216,202,215,202,214,203,213,203,212,204,212,205,211,206,211,207,210,208,210,209,210,210,209,211,208,212,209,213,210,214,211,215,212,216,213,217,214,218,215,218,216,219,217,220,218,221,219,222,220,222,221,222,222,221,223,221,224,220,225,220,226,219,227,218,227,217,228,216,229,215,229,214,229,213,229,212,229,211,229,210,229,209,229,208,229,207,228,206,227,205,226,204,225,203,224,202,223,202,222,201,221,201,220,201,219,201
299,211,298,212,297,212,296,213,295,213,294,214,293,215,292,215,291,216,290,216,289,216,288,217,287,217,286,218,285,219,284,220,283,221,282,222,282,223,281,224,280,225,280,226,279,227,278,228,278,229,278,230,278,231,279,232,280,232,281,233,282,233,283,233,284,233,285,233,286,233,287,234,288,233,289,233,290,233,291,233,292,233,293,233,294,233,295,233,296,233,297,233,298,232,299,232,300,232,301,232,302,231,303,231,304,230,305,230,306,229,307,229,308,228,309,227,310,226,311,225,311,224,312,223,312,222,312,221,312,220,311,219,311,218,310,217,310,216,309,215,308,214,308,213,307,212,306,212,305,211,304,211,303,211,302,211,301,211,300,211
207,213,206,214,205,215,205,216,205,217,205,218,204,219,204,220,204,221,204,222,204,223,204,224,205,225,205,226,206,227,207,228,208,229,209,229,210,230,211,230,212,230,213,230,214,229,215,229,216,228,217,228,218,227,219,226,219,225,219,224,220,223,219,223,218,222,217,221,216,220,215,219,214,219,213,218,212,217,211,216,210,215,209,214,208,213
180,217,179,218,178,219,177,220,176,221,175,222,174,223,173,223,172,224,171,225,170,226,169,227,168,228,167,229,167,230,166,231,166,232,165,233,166,234,166,235,166,236,167,237,167,238,167,239,167,240,168,241,167,242,168,242,169,242,170,242,171,241,172,241,173,241,174,241,175,241,176,241,177,241,178,241,179,240,180,240,181,240,182,240,183,240,184,240,185,240,186,240,187,240,188,240,189,240,190,240,191,239,192,239,193,239,194,239,195,239,196,239,197,238,198,238,199,238,200,238,201,237,202,237,202,236,202,235,202,234,203,233,203,232,203,231,203,230,203,229,203,228,203,227,203,226,202,225,202,224,201,223,201,222,201,221,200,221,199,221,198,221,197,220,196,220,195,219,194,219,193,218,192,218,191,217,190,217,189,217,188,217,187,217,186,217,185,217,184,217,183,217,182,217,181,217
229,227,228,228,227,229,226,230,225,231,224,232,224,233,223,234,223,235,222,236,222,237,222,238,222,239,222,240,221,241,221,242,222,243,222,244,222,245,223,246,224,247,225,248,226,248,227,249,228,249,229,250,230,251,231,250,232,250,233,250,234,250,235,250,236,249,237,248,238,248,239,247,239,246,240,245,241,244,241,243,242,242,242,241,243,240,243,239,243,238,243,237,244,236,244,235,244,234,243,233,243,232,242,231,241,230,240,229,239,229,238,228,237,228,236,228,235,227,234,227,233,227,232,227,231,227,230,227
313,231,312,232,311,232,311,233,310,234,309,235,308,235,307,236,307,237,306,238,306,239,306,240,307,241,307,242,308,243,309,244,309,245,310,246,311,247,312,247,313,248,314,248,315,248,316,248,317,249,318,249,319,248,320,248,321,248,322,248,323,247,324,246,324,245,325,244,325,243,325,242,325,241,325,240,325,239,325,238,324,237,324,236,323,235,322,234,321,233,320,233,319,232,318,231,317,231,316,231,315,231,314,231
157,232,157,233,156,234,155,235,155,236,155,237,154,238,154,239,154,240,155,241,155,242,155,243,155,244,156,244,157,245,158,245,159,245,160,245,161,245,162,245,163,244,164,244,165,243,166,243,166,242,167,241,166,240,166,239,166,238,166,237,165,236,165,235,165,234,164,233,163,233,162,233,161,233,160,232,159,232,158,232
288,234,287,235,286,236,285,237,284,238,283,239,282,240,281,241,280,242,279,243,279,244,278,245,278,246,278,247,277,248,277,249,277,250,277,251,277,252,277,253,278,254,279,255,280,256,281,256,282,256,283,256,284,256,285,256,286,256,287,256,288,256,289,256,290,255,291,255,292,255,293,254,294,254,295,253,296,253,297,253,298,252,299,251,300,250,301,249,302,248,303,247,303,246,303,245,304,244,304,243,304,242,305,241,304,240,304,239,303,238,302,237,301,236,300,235,299,235,298,234,297,234,296,234,295,234,294,234,293,234,292,234,291,234,290,234,289,234
201,238,200,239,199,239,198,239,197,239,196,240,195,240,194,240,193,240,192,240,191,240,190,241,189,241,188,241,187,241,186,241,185,241,184,241,183,241,182,241,181,241,180,241,179,241,178,242,177,242,176,242,175,242,174,242,173,242,172,242,171,242,170,243,169,243,168,243,167,243,167,244,167,245,166,246,166,247,166,248,166,249,165,250,165,251,165,252,165,253,164,254,164,255,165,256,165,257,165,258,165,259,166,260,166,261,167,262,168,263,169,264,170,264,171,265,172,265,173,266,174,266,175,267,176,267,177,267,178,267,179,267,180,267,181,267,182,267,183,267,184,267,185,267,186,267,187,267,188,267,189,267,190,266,191,266,192,265,193,264,194,264,195,263,196,263,197,262,198,262,199,261,200,261,201,260,202,260,201,259,202,258,203,257,204,256,204,255,205,254,206,253,206,252,205,251,206,250,206,249,206,248,207,247,207,246,207,245,206,244,206,243,206,242,206,241,205,240,204,239,203,238,202,238
219,247,218,248,217,248,216,248,215,249,214,249,213,249,212,250,211,251,210,251,209,252,208,253,207,253,206,254,205,255,205,256,204,257,204,258,204,259,203,260,203,261,204,262,205,263,206,264,207,265,208,266,209,267,210,268,211,269,212,270,213,270,214,271,215,271,216,271,217,271,218,271,219,270,220,270,221,270,222,269,223,269,224,268,225,267,226,266,227,265,228,264,229,263,229,262,230,261,231,260,231,259,231,258,231,257,231,256,231,255,231,254,231,253,230,252,229,251,228,250,227,250,226,249,225,249,224,248,223,247,222,247,221,247,220,247
247,254,246,255,245,255,244,255,243,256,243,257,242,258,241,258,240,259,239,259,238,260,238,261,237,262,236,263,235,264,235,265,235,266,235,267,234,268,234,269,234,270,233,271,233,272,232,273,232,274,232,275,232,276,232,277,233,277,234,278,235,278,236,278,237,278,238,279,239,279,240,279,241,279,242,278,243,278,244,277,245,276,246,275,247,274,247,273,248,272,249,271,249,270,250,269,250,268,250,267,250,266,251,265,251,264,252,263,252,262,253,261,254,260,254,259,255,258,254,257,254,256,253,255,252,255,251,254,250,254,249,254,248,254
322,255,321,256,320,256,319,256,318,256,317,257,316,258,315,258,315,259,314,260,313,261,313,262,313,263,312,264,312,265,312,266,313,267,313,268,313,269,314,270,314,271,315,272,316,273,317,274,318,274,319,275,320,275,321,275,322,275,323,275,324,275,325,274,326,274,327,273,328,273,329,272,330,271,330,270,331,269,331,268,332,267,332,266,332,265,332,264,332,263,332,262,331,261,331,260,330,259,329,258,328,257,327,257,326,256,325,256,324,255,323,255
256,258,255,259,255,260,254,261,253,262,253,263,252,264,252,265,251,266,251,267,251,268,251,269,250,270,250,271,251,272,251,273,252,274,253,275,254,276,254,277,255,277,256,278,257,279,258,279,259,280,260,280,261,280,262,280,263,281,264,281,265,280,266,280,267,280,268,280,269,279,270,278,271,277,271,276,272,275,272,274,272,273,272,272,273,271,272,270,272,269,272,268,272,267,271,266,271,265,271,264,270,263,270,262,269,261,268,260,267,259,266,259,265,258,264,258,263,258,262,258,261,258,260,258,259,259,258,259,257,259
201,261,200,262,199,262,198,263,197,263,196,264,195,264,194,265,193,265,192,266,191,267,190,267,190,268,190,269,189,270,188,271,188,272,188,273,188,274,188,275,188,276,188,277,188,278,188,279,189,280,189,281,189,282,190,283,190,284,191,285,192,286,193,287,194,287,195,287,196,287,197,287,198,287,199,288,200,288,201,287,202,287,203,287,204,287,205,287,205,286,206,285,207,284,208,283,209,282,210,281,211,280,212,279,213,278,213,277,214,276,214,275,215,274,215,273,215,272,214,272,213,271,212,271,211,270,210,269,209,268,208,267,207,266,206,265,205,264,204,263,203,262,202,261
224,269,223,270,222,270,221,271,220,271,219,271,218,272,217,272,216,272,216,273,216,274,215,275,215,276,214,277,214,278,213,279,212,280,211,281,210,282,209,283,208,284,207,285,206,286,206,287,206,288,207,288,208,289,209,289,210,289,211,289,212,289,213,289,214,289,215,289,216,288,217,288,218,288,219,287,220,287,221,286,222,286,223,285,224,284,225,284,226,283,227,282,228,281,229,281,229,280,229,279,230,278,231,277,231,276,231,275,231,274,231,273,231,272,230,271,229,271,228,270,227,270,226,270,225,270
292,271,291,272,290,272,289,272,288,272,287,273,286,273,285,273,284,274,283,275,282,276,281,277,281,278,281,279,281,280,281,281,281,282,282,283,282,284,283,285,284,286,285,286,286,286,287,287,288,287,289,287,290,287,291,287,292,287,293,287,294,287,295,287,296,288,297,288,298,288,299,288,300,288,301,287,302,287,303,287,304,287,305,286,306,285,307,284,308,283,308,282,309,281,309,280,309,279,309,278,308,277,307,276,307,275,306,274,305,274,304,273,303,273,302,272,301,272,300,271,299,271,298,271,297,271,296,271,295,271,294,271,293,271
320,279,319,280,318,280,317,281,316,281,316,282,315,283,314,284,314,285,314,286,314,287,314,288,313,289,313,290,313,291,313,292,313,293,313,294,313,295,313,296,313,297,313,298,314,299,315,300,316,301,317,301,318,301,319,301,320,301,321,301,322,300,323,300,324,300,325,300,326,299,327,298,328,297,329,296,330,295,331,294,331,293,331,292,332,291,332,290,332,289,332,288,332,287,332,286,332,285,332,284,331,283,331,282,331,281,330,280,329,280,328,279,327,279,326,279,325,279,324,279,323,279,322,279,321,279
229,284,228,285,227,286,226,287,225,287,225,288,224,289,223,290,222,291,222,292,221,293,221,294,221,295,222,296,222,297,223,298,224,299,225,300,226,300,227,300,228,300,229,299,230,299,231,298,232,298,233,297,234,296,235,295,236,294,237,293,237,292,238,291,238,290,238,289,238,288,238,287,237,286,237,285,236,284,235,284,234,284,233,284,232,284,231,284,230,284
256,288,255,289,254,290,253,290,252,291,252,292,252,293,253,294,253,295,253,296,254,297,254,298,254,299,255,300,255,301,255,302,255,303,255,304,255,305,255,306,255,307,255,308,255,309,256,309,257,309,258,309,259,309,260,309,261,308,262,308,263,308,264,307,265,306,266,306,267,306,267,305,268,304,268,303,269,302,269,301,270,300,269,299,269,298,269,297,269,296,268,295,268,294,267,293,267,292,266,291,265,290,264,290,263,289,262,288,261,288,260,288,259,288,258,288,257,288
244,292,243,293,242,293,241,293,240,294,239,295,238,295,237,295,236,296,236,297,235,298,234,299,233,300,232,301,232,302,231,303,230,304,229,305,229,306,228,307,227,308,227,309,226,310,226,311,225,312,225,313,225,314,225,315,225,316,225,317,225,318,226,319,226,320,227,320,228,321,229,321,230,322,231,322,232,322,233,322,234,322,235,322,236,321,237,321,238,321,239,320,240,319,241,319,242,318,243,317,244,316,244,315,245,314,245,313,246,312,247,312,248,311,249,310,250,310,251,309,252,309,253,309,254,309,254,308,254,307,254,306,254,305,254,304,254,303,254,302,254,301,254,300,253,299,253,298,253,297,252,296,252,295,252,294,251,293,251,292,250,292,249,292,248,292,247,292,246,292,245,292
297,292,296,293,295,293,294,294,293,295,292,296,291,297,290,297,290,298,290,299,290,300,289,301,289,302,289,303,288,304,288,305,288,306,288,307,288,308,287,309,287,310,287,311,287,312,287,313,287,314,288,315,289,316,290,316,291,315,292,315,293,315,294,315,295,315,296,315,297,314,298,314,299,313,300,313,300,312,301,311,302,311,303,310,304,309,304,308,305,307,306,306,306,305,306,304,307,303,307,302,308,301,307,300,307,299,307,298,306,297,305,296,305,295,304,294,303,293,302,293,301,292,300,292,299,292,298,292
280,295,279,296,278,296,277,296,276,297,275,298,274,299,273,299,272,300,271,300,270,301,270,302,269,303,269,304,268,305,268,306,268,307,268,308,268,309,268,310,268,311,268,312,268,313,269,314,269,315,270,316,271,317,272,318,273,319,274,320,275,320,276,321,277,321,278,321,279,321,280,321,281,320,282,320,283,319,284,318,285,317,286,316,287,315,286,314,286,313,286,312,286,311,286,310,286,309,287,308,287,307,287,306,287,305,287,304,288,303,288,302,288,301,289,300,289,299,289,298,288,297,287,297,286,297,285,296,284,296,283,295,282,295,281,295
326,300,325,301,324,301,323,301,322,301,321,302,320,302,319,303,318,303,317,304,316,304,315,305,314,305,313,305,312,306,311,307,310,307,309,308,308,308,307,309,306,310,305,310,304,311,303,312,302,313,302,314,301,315,300,316,300,317,300,318,300,319,300,320,301,321,302,322,303,323,304,323,305,323,306,323,307,322,308,322,309,322,310,322,311,321,312,320,313,320,314,319,315,318,316,318,317,317,318,316,319,316,320,316,321,315,322,315,323,314,324,313,325,313,326,312,327,311,328,310,329,310,330,309,331,308,331,307,332,306,332,305,332,304,332,303,332,302,331,301,330,301,329,300,328,300,327,300
256,316,255,317,254,317,253,318,252,318,251,318,250,318,249,319,248,319,247,320,246,320,245,321,244,322,243,323,242,324,241,325,241,326,240,327,240,328,239,329,239,330,239,331,239,332,240,333,240,334,241,335,242,335,243,336,244,336,245,337,246,337,247,338,248,338,249,338,250,339,251,339,252,338,253,338,254,338,255,337,256,337,257,336,258,335,259,334,260,333,261,332,261,331,262,330,262,329,262,328,263,327,263,326,263,325,263,324,262,323,262,322,261,321,261,320,260,319,259,318,258,317,257,316
279,325,278,326,277,326,276,326,275,327,274,327,273,328,272,329,271,330,270,330,269,331,268,331,267,332,266,333,266,334,265,335,265,336,265,337,265,338,265,339,265,340,266,341,267,342,268,342,269,342,270,342,271,343,272,343,273,342,274,342,275,341,276,341,277,340,278,339,279,339,280,338,281,337,282,336,283,335,284,334,284,333,285,332,285,331,285,330,285,329,285,328,284,327,283,326,282,325,281,325,280,325
288,333,287,334,286,334,285,334,284,335,283,336,282,337,281,338,280,339,279,340,278,341,278,342,278,343,278,344,278,345,279,346,279,347,279,348,280,349,281,350,281,351,282,351,283,352,284,353,285,353,286,353,287,353,288,353,289,353,290,352,291,352,292,351,293,350,294,349,295,348,296,347,296,346,297,345,297,344,297,343,297,342,297,341,297,340,296,339,296,338,295,337,295,336,294,335,294,334,293,333,292,333,291,333,290,333,289,333
328,334,327,335,326,335,325,335,324,335,323,335,322,336,321,336,320,336,319,337,318,337,317,337,316,338,315,338,314,339,313,339,312,340,311,340,310,341,309,341,308,342,307,343,306,343,305,344,304,345,303,346,302,347,301,348,300,349,300,350,299,351,299,352,299,353,299,354,299,355,300,356,301,357,302,357,303,358,304,358,305,359,306,359,307,359,308,358,309,358,310,357,311,357,312,356,313,355,314,354,315,354,316,353,317,352,318,352,319,351,320,350,321,349,322,349,323,348,324,348,325,347,326,347,327,346,328,346,329,345,330,344,331,344,332,343,333,342,334,342,335,341,336,340,337,339,338,338,338,337,338,336,337,335,336,334,335,334,334,334,333,334,332,334,331,334,330,334,329,334
338,348,337,349,336,349,335,349,334,350,333,350,332,350,331,350,330,351,329,351,328,352,327,352,326,353,325,353,324,353,323,354,322,354,321,355,320,355,319,356,318,356,318,357,317,358,316,358,316,359,315,360,314,360,314,361,313,362,313,363,312,364,312,365,312,366,312,367,312,368,313,369,314,370,315,370,316,370,317,371,318,370,319,370,320,370,321,370,322,369,323,369,324,368,325,368,326,367,327,367,328,367,329,366,330,365,331,365,332,364,333,364,334,364,335,363,336,363,337,362,338,362,339,361,340,360,341,360,342,359,343,358,344,357,345,357,346,356,347,355,347,354,348,353,348,352,347,351,347,350,346,349,345,349,344,348,343,348,342,348,341,348,340,348,339,348
351,358,350,359,349,359,348,359,347,359,346,360,345,360,344,361,343,361,342,361,341,361,340,361,339,362,338,363,337,363,336,364,335,365,334,366,333,367,332,368,332,369,331,370,331,371,332,372,332,373,333,374,334,373,335,373,336,373,337,373,338,373,339,373,340,373,341,372,342,372,343,372,344,372,345,372,346,372,347,372,348,372,349,372,350,371,351,371,352,371,353,371,354,370,355,370,356,369,357,369,358,368,359,367,359,366,360,365,360,364,360,363,359,362,359,361,359,360,358,359,357,358,356,358,355,358,354,358,353,358,352,358
346,373,345,374,344,374,343,374,342,374,341,375,340,375,339,375,338,376,337,376,336,377,335,377,334,378,333,378,332,378,331,379,330,379,329,379,328,380,327,381,326,382,325,383,324,384,323,385,323,386,322,387,323,388,323,389,324,390,325,390,326,390,327,390,328,390,329,390,330,390,331,389,332,389,333,388,334,388,335,387,336,387,337,386,338,386,339,385,340,385,341,385,342,385,343,384,344,384,345,384,346,384,347,383,348,383,349,383,350,383,351,382,352,382,353,381,354,380,355,379,355,378,354,377,354,376,353,375,352,375,351,374,350,374,349,373,348,373,347,373
340,388,339,389,338,389,337,389,336,389,335,390,334,391,333,391,332,390,331,390,330,391,329,391,329,392,328,393,328,394,327,395,327,396,328,397,328,398,329,398,330,399,331,399,332,399,333,399,334,398,335,398,336,398,337,397,338,397,339,396,340,396,341,395,342,395,343,394,344,394,345,393,346,392,346,391,346,390,346,389,345,388,344,389,343,389,342,389,341,388
355,393,354,394,353,394,352,394,351,394,350,395,349,395,348,395,347,396,346,396,345,397,344,398,343,398,342,399,342,400,342,401,342,402,342,403,343,404,344,405,345,405,346,406,347,406,348,406,349,407,350,407,351,407,352,407,353,407,354,407,355,407,356,407,357,407,358,407,359,406,360,406,361,406,362,405,363,404,364,403,365,402,365,401,365,400,366,399,365,398,365,397,364,396,364,395,363,395,362,394,361,394,360,393,359,393,358,393,357,393,356,393
360,411,359,412,358,412,357,412,356,412,355,413,354,413,353,413,352,413,351,414,350,414,349,414,348,415,347,415,346,416,345,416,344,417,343,418,342,419,341,420,341,421,340,422,340,423,340,424,340,425,340,426,341,427,342,428,343,429,344,429,345,429,346,429,347,429,348,429,349,429,350,429,351,429,352,429,353,429,354,428,355,428,356,428,357,428,358,427,359,427,360,426,361,426,362,426,363,425,364,424,365,423,366,422,367,422,368,421,369,420,370,419,371,418,371,417,372,416,372,415,372,414,372,413,371,412,370,411,369,411,368,411,367,411,366,411,365,411,364,411,363,411,362,411,361,411
378,414,377,415,376,415,375,416,374,417,373,416,372,417,372,418,371,419,370,420,369,421,369,422,369,423,368,424,368,425,368,426,368,427,368,428,369,429,369,430,370,430,371,431,372,432,373,432,374,432,375,433,376,433,377,433,378,433,379,432,380,432,381,432,382,432,383,432,384,431,385,430,385,429,386,428,387,427,388,426,389,425,389,424,389,423,389,422,389,421,389,420,388,419,387,418,387,417,386,416,385,416,384,415,383,414,382,414,381,414,380,414,379,414
304,416,303,417,302,417,301,417,300,417,299,418,298,419,297,419,297,420,296,421,296,422,295,423,295,424,295,425,295,426,295,427,296,428,296,429,296,430,297,430,298,431,298,432,299,432,300,432,301,432,302,433,303,433,304,433,305,434,306,433,307,433,308,433,309,433,310,433,311,432,312,432,313,431,314,431,315,430,315,429,316,428,317,427,317,426,318,425,318,424,318,423,318,422,318,421,318,420,317,419,317,418,316,417,315,417,314,417,313,416,312,416,311,416,310,416,309,416,308,416,307,416,306,416,305,416
331,424,330,425,329,425,328,426,327,427,327,428,327,429,327,430,326,431,327,432,327,433,327,434,328,435,328,436,329,437,330,438,331,439,332,440,333,440,334,441,335,441,336,441,337,442,338,442,339,441,340,441,341,441,342,440,343,439,344,439,345,438,345,437,346,436,346,435,346,434,345,433,344,432,343,431,343,430,342,429,341,428,340,427,339,427,338,426,337,426,336,425,335,425,334,424,333,424,332,424
390,425,389,426,388,427,387,428,386,429,386,430,385,431,384,432,383,433,384,434,384,435,385,436,386,437,387,438,388,439,388,440,389,440,390,440,391,441,392,441,393,441,394,441,395,441,396,441,397,442,398,442,399,442,399,441,400,440,400,439,401,438,401,437,402,436,402,435,402,434,402,433,402,432,401,431,400,430,399,429,398,429,397,428,396,427,395,427,394,427,393,426,392,426,391,426
135,428,134,429,133,429,132,430,131,430,130,431,129,432,128,433,128,434,127,435,127,436,127,437,127,438,127,439,127,440,127,441,127,442,127,443,128,444,129,445,130,446,131,447,132,448,133,448,134,449,135,450,136,449,137,449,138,449,139,449,140,449,141,449,142,448,143,448,144,448,145,447,146,447,146,446,147,445,147,444,148,443,148,442,149,441,149,440,149,439,149,438,149,437,149,436,148,435,148,434,147,433,147,432,146,431,145,430,144,429,143,429,142,429,141,428,140,428,139,428,138,428,137,428,136,428
161,429,160,430,159,430,158,431,157,431,156,432,156,433,155,434,155,435,154,436,154,437,154,438,153,439,153,440,153,441,154,442,154,443,154,444,155,445,156,446,157,447,158,447,159,448,160,448,161,448,162,449,163,449,164,449,165,448,166,448,167,447,168,447,169,446,170,445,170,444,171,443,172,442,172,441,172,440,173,439,173,438,173,437,173,436,173,435,172,434,171,433,170,432,169,431,168,431,167,431,166,430,165,430,164,430,163,430,162,429
286,430,285,431,284,431,283,432,283,433,282,434,282,435,282,436,282,437,282,438,283,439,283,440,284,441,284,442,285,443,286,443,287,444,288,445,289,445,290,446,291,446,292,446,293,447,294,447,295,446,296,446,297,446,298,446,299,446,300,446,300,445,301,444,302,443,302,442,303,441,302,440,301,439,301,438,301,437,300,436,300,435,299,434,299,433,298,433,297,432,296,431,295,431,294,430,293,430,292,430,291,430,290,430,289,430,288,430,287,430
112,437,111,438,110,438,109,439,108,439,107,440,106,440,105,441,104,442,103,443,103,444,102,445,102,446,101,447,101,448,101,449,100,450,100,451,101,452,101,453,102,454,103,455,104,456,105,457,106,457,107,458,108,458,109,458,110,458,111,458,112,458,113,458,114,457,115,457,116,457,117,456,118,456,119,455,120,454,121,453,122,452,122,451,123,450,123,449,123,448,124,447,124,446,124,445,124,444,123,443,123,442,122,441,121,440,120,439,119,438,118,438,117,438,116,437,115,437,114,437,113,437
312,438,311,439,310,439,309,439,308,439,307,440,306,441,305,441,304,441,303,442,303,443,302,444,301,445,301,446,301,447,302,448,302,449,302,450,303,451,303,452,303,453,303,454,303,455,304,456,304,457,305,458,306,459,306,460,306,461,307,462,308,463,309,464,310,465,311,466,312,466,313,466,314,467,315,467,316,467,317,468,318,468,319,468,320,468,321,467,322,467,323,467,324,466,325,466,326,465,327,465,328,464,328,463,329,462,329,461,330,460,331,459,331,458,332,457,332,456,331,455,331,454,331,453,331,452,331,451,331,450,331,449,331,448,330,447,330,446,330,445,329,444,329,443,328,442,327,442,326,441,325,440,324,440,323,439,322,439,321,439,320,439,319,438,318,438,317,439,316,439,315,438,314,439,313,439
181,440,180,441,179,441,178,441,177,442,176,443,175,444,175,445,174,446,174,447,174,448,174,449,175,450,175,451,175,452,176,453,176,454,177,455,178,456,179,456,180,457,181,457,182,457,183,458,184,458,185,458,186,458,187,458,188,457,189,457,190,457,191,456,192,455,193,454,193,453,193,452,193,451,193,450,194,449,193,448,193,447,193,446,193,445,193,444,192,443,191,442,190,441,189,441,188,441,187,441,186,441,185,441,184,441,183,440,182,440
270,440,269,441,268,441,267,441,267,442,266,443,265,444,265,445,264,446,263,447,263,448,262,449,262,450,262,451,262,452,262,453,263,454,264,455,265,456,266,457,267,457,268,458,269,458,270,458,271,459,272,459,273,459,274,460,275,460,276,461,277,461,278,461,279,460,279,459,279,458,279,457,279,456,280,455,280,454,280,453,280,452,280,451,280,450,280,449,280,448,280,447,280,446,280,445,280,444,280,443,279,442,278,441,277,441,276,441,275,440,274,440,273,440,272,440,271,440
388,441,387,442,386,442,385,442,384,442,383,442,382,442,381,442,380,442,379,443,378,443,377,443,376,443,375,444,374,444,373,445,373,446,372,447,372,448,373,449,373,450,374,451,375,452,376,453,377,454,378,455,379,455,380,456,381,456,382,457,383,457,384,458,385,458,386,459,387,459,388,459,389,460,390,461,391,461,392,462,393,463,394,464,395,464,396,465,397,465,398,466,399,466,400,466,401,466,402,466,403,465,404,465,405,465,406,465,407,464,408,463,409,463,410,462,410,461,411,460,411,459,411,458,411,457,411,456,411,455,411,454,410,453,410,452,409,451,409,450,408,449,407,448,406,447,405,446,404,445,403,445,402,444,401,444,400,443,399,443,398,443,397,443,396,442,395,442,394,442,393,442,392,442,391,442,390,441,389,441
145,448,144,449,143,449,142,449,141,450,140,450,139,450,138,450,137,450,136,450,135,451,134,451,133,452,132,453,132,454,132,455,132,456,132,457,131,458,131,459,131,460,131,461,130,462,130,463,131,464,132,465,132,466,133,467,134,468,135,469,136,469,137,470,138,471,139,471,140,471,141,470,142,470,143,469,144,469,145,468,146,468,147,467,148,467,149,466,149,465,150,464,151,463,152,462,153,461,153,460,153,459,153,458,153,457,153,456,153,455,152,454,152,453,151,452,151,451,150,450,149,449,148,449,147,448,146,448
340,452,339,453,338,453,337,454,336,455,335,455,334,456,333,456,333,457,332,458,332,459,331,460,330,461,330,462,329,463,329,464,328,465,327,466,327,467,328,468,328,469,328,470,327,471,327,472,327,473,327,474,327,475,327,476,327,477,328,478,328,479,328,480,328,481,329,482,330,483,331,484,332,485,333,486,334,486,335,487,336,488,337,488,338,489,339,489,340,489,341,490,342,490,343,490,344,490,345,490,346,490,347,489,348,489,349,489,350,488,351,488,352,487,353,487,354,486,355,486,356,485,357,484,358,483,359,482,360,481,361,480,361,479,362,478,362,477,363,476,363,475,363,474,363,473,363,472,363,471,363,470,363,469,363,468,363,467,363,466,363,465,362,464,362,463,362,462,362,461,361,460,361,459,360,458,359,457,358,457,357,456,356,455,355,454,354,454,353,453,352,453,351,453,350,452,349,452,348,452,347,452,346,452,345,452,344,452,343,452,342,452,341,452
166,456,165,457,164,457,163,457,162,457,161,457,160,458,159,458,158,459,158,460,157,461,156,462,156,463,155,464,155,465,154,466,154,467,154,468,154,469,155,470,155,471,155,472,156,473,157,473,158,474,159,475,160,475,161,475,162,476,163,476,164,476,165,476,166,476,167,476,168,475,169,475,170,475,171,475,172,474,173,473,173,472,174,471,174,470,175,469,175,468,176,467,176,466,176,465,176,464,176,463,175,462,175,461,175,460,174,459,173,458,172,457,171,457,170,456,169,456,168,456,167,456
262,459,261,460,260,460,259,461,258,462,258,463,257,464,257,465,257,466,256,467,256,468,256,469,256,470,256,471,256,472,256,473,256,474,257,475,257,476,258,477,259,478,260,478,261,478,262,479,263,479,264,479,265,479,266,478,267,478,268,478,269,477,270,476,271,476,271,475,272,474,273,473,274,472,274,471,275,470,275,469,276,468,276,467,276,466,276,465,275,464,274,463,273,462,273,461,272,460,271,460,270,459,269,459,268,459,267,459,266,459,265,459,264,459,263,459
112,460,111,461,110,461,109,461,108,462,107,462,106,463,105,464,105,465,104,466,104,467,104,468,104,469,103,470,103,471,103,472,103,473,103,474,103,475,103,476,103,477,102,478,102,479,102,480,102,481,102,482,101,483,101,484,101,485,101,486,101,487,101,488,102,489,102,490,101,491,101,492,102,493,103,494,104,495,105,495,106,496,107,497,108,497,109,498,110,498,111,499,112,499,113,500,114,500,115,500,116,500,117,500,118,501,119,501,120,501,121,501,122,501,123,501,124,501,125,501,126,501,127,500,128,500,129,500,130,500,131,499,132,499,133,498,134,497,135,496,136,495,137,494,138,493,138,492,139,491,139,490,140,489,140,488,141,487,141,486,141,485,141,484,142,483,141,482,142,481,142,480,141,479,141,478,141,477,140,476,140,475,140,474,140,473,140,472,139,472,138,472,137,471,136,470,135,470,134,469,133,468,132,467,131,466,131,465,130,464,129,463,128,463,127,463,126,462,125,462,124,461,123,461,122,461,121,460,120,460,119,460,118,460,117,460,116,460,115,460,114,460,113,460
185,463,184,464,183,464,182,465,181,466,180,466,179,467,179,468,178,469,178,470,177,471,177,472,177,473,177,474,176,475,176,476,176,477,177,478,177,479,178,480,178,481,179,482,179,483,180,483,181,484,182,484,183,485,184,485,185,485,186,485,187,485,188,485,189,485,190,484,191,483,192,483,193,483,194,482,195,481,196,480,197,479,198,478,198,477,199,476,199,475,199,474,199,473,199,472,199,471,198,470,198,469,197,468,196,467,196,466,195,465,194,464,193,464,192,464,191,463,190,463,189,463,188,463,187,463,186,463
414,469,413,470,412,470,411,470,410,470,409,470,408,470,407,471,406,471,405,471,404,472,403,472,402,473,401,474,400,475,400,476,400,477,400,478,400,479,400,480,400,481,400,482,400,483,400,484,401,485,401,486,402,487,402,488,403,489,404,489,405,490,406,490,407,491,408,491,409,491,410,491,411,491,412,491,413,491,414,491,415,490,416,490,417,489,418,489,418,488,419,487,420,486,420,485,420,484,421,483,421,482,421,481,421,480,421,479,421,478,421,477,420,476,420,475,420,474,420,473,419,472,418,471,417,470,416,470,415,470
83,480,82,481,81,481,80,481,79,481,78,482,77,483,76,483,75,484,75,485,74,486,74,487,74,488,73,489,73,490,73,491,74,492,74,493,74,494,75,495,76,496,77,496,78,497,79,497,80,498,81,499,82,499,83,499,84,499,85,499,86,499,87,499,88,499,89,498,90,497,91,496,92,495,92,494,93,493,93,492,93,491,94,490,94,489,94,488,94,487,93,486,93,485,92,484,91,483,90,482,89,482,88,481,87,481,86,481,85,480,84,480
200,481,199,482,198,482,197,482,196,483,195,483,194,484,193,484,193,485,192,486,192,487,191,488,191,489,191,490,191,491,191,492,191,493,191,494,192,495,192,496,192,497,193,498,193,499,194,500,195,501,196,501,197,502,198,502,199,502,200,502,201,502,202,502,203,502,204,501,205,501,206,501,207,501,208,500,209,500,210,499,211,498,211,497,212,496,212,495,212,494,213,493,213,492,213,491,213,490,213,489,212,488,212,487,211,486,211,485,210,484,209,483,208,482,207,482,206,481,205,481,204,481,203,481,202,481,201,481
295,481,294,482,293,482,292,483,291,484,290,484,289,485,288,486,287,486,286,487,286,488,285,489,284,490,284,491,284,492,283,493,282,494,282,495,283,496,283,497,283,498,283,499,284,500,284,501,284,502,285,503,285,504,285,505,286,506,286,507,286,508,287,509,288,509,289,510,290,510,291,510,292,510,293,510,294,510,295,511,296,511,297,511,298,511,299,511,300,511,301,511,302,511,303,511,304,511,305,511,306,511,307,511,308,511,309,511,310,511,311,510,312,510,313,510,313,509,314,508,315,507,316,506,317,505,317,504,317,503,317,502,316,501,316,500,316,499,316,498,316,497,315,496,315,495,315,494,315,493,315,492,315,491,314,490,314,489,313,488,312,488,311,487,310,486,309,485,308,484,307,483,306,483,305,482,304,482,303,481,302,481,301,481,300,481,299,481,298,481,297,481,296,481
367,482,366,483,365,484,364,484,363,485,362,486,361,487,361,488,360,489,359,490,358,491,358,492,358,493,357,494,357,495,357,496,357,497,356,498,356,499,356,500,356,501,356,502,356,503,356,504,356,505,356,506,356,507,355,508,356,509,357,510,358,510,359,510,360,510,361,511,362,511,363,511,364,511,365,511,366,511,367,511,368,511,369,511,370,511,371,511,372,511,373,511,374,511,375,511,376,511,377,511,378,511,379,511,380,511,381,511,382,511,383,511,384,511,385,511,386,510,387,510,388,510,389,510,390,509,391,508,392,507,392,506,392,505,393,504,393,503,393,502,393,501,393,500,393,499,393,498,392,497,392,496,392,495,391,494,391,493,390,492,390,491,389,490,389,489,388,488,387,487,386,486,385,485,384,485,383,484,382,484,381,483,380,483,379,483,378,483,377,482,376,482,375,482,374,482,373,482,372,482,371,482,370,482,369,482,368,482
321,483,320,484,319,484,318,485,317,486,317,487,316,488,315,488,315,489,315,490,316,491,316,492,316,493,316,494,316,495,316,496,317,497,317,498,317,499,317,500,317,501,318,502,318,503,318,504,318,505,319,505,320,506,321,507,322,508,323,509,324,510,325,510,326,510,327,510,328,510,329,510,330,510,331,510,332,510,333,510,334,511,335,511,336,511,337,510,338,511,339,511,340,511,341,511,342,510,343,510,344,510,345,510,345,509,346,508,347,507,347,506,347,505,347,504,347,503,348,502,347,501,347,500,347,499,347,498,347,497,347,496,347,495,347,494,346,493,346,492,345,491,344,491,343,491,342,491,341,491,340,490,339,490,338,490,337,489,336,489,335,488,334,487,333,487,332,486,331,485,330,484,329,483,328,483,327,483,326,483,325,483,324,483,323,483,322,483
273,493,272,494,271,494,270,494,269,494,268,495,268,496,267,497,266,498,266,499,266,500,266,501,266,502,266,503,266,504,266,505,267,506,267,507,267,508,268,508,269,509,269,510,270,510,271,510,272,510,273,510,274,510,275,510,276,510,277,510,278,510,279,510,280,510,281,510,282,510,283,511,284,510,285,510,286,510,286,509,285,508,285,507,285,506,284,505,284,504,284,503,283,502,283,501,283,500,282,499,282,498,282,497,282,496,281,495,280,494,279,494,278,493,277,493,276,493,275,493,274,493
184,500,183,501,182,501,181,502,180,503,179,504,179,505,178,506,178,507,178,508,178,509,178,510,179,511,180,511,181,511,182,511,183,511,184,511,185,511,186,511,187,511,188,511,189,511,190,511,191,511,192,511,193,511,194,511,195,511,196,511,197,511,198,511,199,510,199,509,199,508,199,507,198,506,198,505,197,504,197,503,196,502,195,502,194,501,193,501,192,501,191,501,190,500,189,500,188,500,187,500,186,500,185,500
79,502,78,503,77,503,76,503,75,503,74,503,73,503,72,504,71,504,70,504,69,505,68,506,68,507,67,508,67,509,67,510,68,511,69,511,70,511,71,511,72,511,73,511,74,511,75,511,76,511,77,511,78,511,79,511,80,511,81,511,82,511,83,511,84,511,85,511,86,511,87,511,88,511,89,511,90,510,90,509,89,508,89,507,89,506,88,505,87,504,86,504,85,504,84,503,83,503,82,502,81,502,80,502
