87,78,86,79,85,79,84,80,83,80,82,81,81,82,81,83,81,84,80,85,80,86,80,87,80,88,80,89,80,90,80,91,81,92,81,93,82,94,83,94,84,94,85,95,86,95,87,95,88,95,89,95,90,94,91,94,92,94,93,93,94,92,95,91,95,90,96,89,96,88,96,87,96,86,96,85,96,84,96,83,96,82,95,81,94,80,93,79,92,79,91,79,90,79,89,78,88,78
138,121,137,122,136,122,135,123,134,124,133,125,133,126,132,127,132,128,131,129,130,130,130,131,130,132,129,133,129,134,129,135,129,136,129,137,129,138,129,139,130,139,131,140,132,140,133,140,134,141,135,141,136,141,137,142,138,142,139,142,140,142,141,141,142,141,143,141,143,140,144,139,144,138,145,137,146,136,146,135,147,134,147,133,148,132,148,131,149,130,149,129,149,128,149,127,149,126,149,125,148,124,147,123,146,123,145,122,144,122,143,121,142,121,141,121,140,121,139,121
185,125,184,126,183,127,182,127,182,128,181,129,180,130,180,131,180,132,180,133,180,134,180,135,180,136,180,137,181,138,181,139,182,140,183,141,183,142,184,143,185,144,186,145,187,145,188,146,189,146,190,147,191,147,192,147,193,147,194,146,195,146,196,146,197,146,198,145,199,145,200,144,201,143,202,142,203,141,203,140,203,139,203,138,203,137,203,136,203,135,203,134,202,133,201,132,200,131,199,130,198,129,197,128,196,128,195,127,194,127,193,126,192,126,191,125,190,125,189,125,188,125,187,125,186,125
160,126,159,127,158,127,157,127,156,127,155,127,154,128,153,128,152,129,151,129,150,129,150,130,149,131,149,132,148,133,148,134,147,135,147,136,146,137,145,138,145,139,144,140,144,141,143,142,144,143,144,144,144,145,143,146,143,147,143,148,144,149,144,150,144,151,144,152,144,153,145,154,146,155,147,156,148,157,149,158,150,159,151,160,152,161,153,161,154,161,155,161,156,161,157,161,158,161,159,161,160,161,161,161,162,160,163,160,164,159,165,158,166,157,167,156,167,155,167,154,168,153,168,152,168,151,168,150,168,149,168,148,167,147,167,146,167,145,167,144,167,143,167,142,168,141,168,140,168,139,168,138,169,137,169,136,169,135,169,134,169,133,169,132,168,131,168,130,167,129,166,128,165,128,164,127,163,127,162,127,161,126
221,138,220,139,219,139,218,140,217,141,216,142,216,143,215,144,215,145,214,146,214,147,213,148,213,149,212,150,212,151,212,152,212,153,212,154,213,155,213,156,213,157,213,158,213,159,214,160,214,161,214,162,214,163,214,164,215,164,216,165,217,166,218,166,219,166,220,166,221,166,222,166,223,166,224,165,225,164,226,164,226,163,226,162,226,161,227,160,227,159,227,158,227,157,227,156,228,155,228,154,228,153,229,152,229,151,230,150,231,149,231,148,232,147,233,146,233,145,233,144,232,143,232,142,232,141,231,140,230,140,229,139,228,139,227,138,226,138,225,138,224,138,223,138,222,138
128,140,128,141,127,142,127,143,126,144,125,145,125,146,124,147,124,148,123,149,123,150,123,151,123,152,123,153,123,154,123,155,124,156,124,157,124,158,125,159,126,160,126,161,127,162,128,163,128,164,129,164,130,164,131,164,132,164,133,164,134,164,135,164,136,163,137,163,138,162,139,162,140,161,140,160,141,159,142,158,142,157,142,156,143,155,143,154,143,153,143,152,143,151,143,150,143,149,142,148,142,147,141,146,141,145,140,145,139,144,139,143,138,143,137,143,136,142,135,142,134,142,133,141,132,141,131,141,130,140,129,140
233,147,232,148,232,149,231,150,230,151,230,152,229,153,229,154,229,155,228,156,228,157,228,158,228,159,228,160,227,161,227,162,227,163,227,164,228,165,229,166,230,166,231,167,232,168,233,169,234,169,235,170,236,171,237,172,238,173,239,174,240,175,240,176,241,177,241,178,241,179,242,180,243,181,244,182,245,181,246,181,247,180,247,179,248,178,249,177,249,176,250,175,250,174,251,173,252,172,252,171,252,170,252,169,252,168,252,167,252,166,252,165,252,164,253,163,252,162,252,161,252,160,252,159,252,158,252,157,251,156,250,155,250,154,249,153,248,152,247,151,247,150,246,149,245,149,244,149,243,148,242,148,241,148,240,148,239,147,238,147,237,147,236,147,235,147,234,147
200,149,199,150,198,150,197,151,196,152,195,152,194,153,193,154,192,155,192,156,191,157,191,158,190,159,190,160,190,161,189,162,189,163,189,164,189,165,189,166,189,167,190,168,190,169,191,170,192,171,193,171,194,171,195,171,196,171,197,171,198,171,199,171,200,171,201,170,202,170,203,170,204,169,205,169,206,168,207,167,208,167,209,167,210,166,211,165,212,165,213,164,213,163,213,162,213,161,213,160,212,159,212,158,212,157,212,156,212,155,211,154,211,153,210,152,209,151,208,151,207,150,206,150,205,149,204,149,203,149,202,149,201,149
145,161,144,162,143,162,142,162,141,162,140,162,139,163,138,163,137,164,136,164,135,165,134,165,133,165,132,165,131,165,130,165,129,165,128,165,128,166,127,167,126,168,126,169,126,170,126,171,125,172,125,173,126,174,126,175,126,176,126,177,127,178,128,179,129,180,130,181,131,182,132,183,133,184,133,185,134,186,134,187,135,188,135,189,135,190,136,191,136,192,137,193,138,194,139,194,140,195,141,195,142,194,142,193,143,192,143,191,143,190,144,189,144,188,145,187,145,186,146,185,147,184,148,183,148,182,149,181,150,180,151,179,152,178,153,177,154,176,154,175,154,174,154,173,154,172,155,171,155,170,155,169,155,168,155,167,155,166,155,165,155,164,155,163,154,163,153,162,152,162,151,161,150,161,149,161,148,161,147,161,146,161
166,163,165,164,164,164,163,164,162,164,161,164,160,164,159,165,158,165,157,165,156,164,156,165,156,166,156,167,156,168,156,169,156,170,156,171,155,172,155,173,155,174,155,175,156,176,157,176,158,176,159,177,160,177,161,177,162,178,163,178,164,179,165,179,166,180,167,180,168,181,169,182,170,183,171,183,172,183,173,183,174,183,175,183,176,183,177,183,178,184,179,184,180,184,181,184,182,184,183,183,184,183,185,182,186,181,187,181,188,180,188,179,189,178,189,177,190,176,190,175,190,174,190,173,190,172,189,171,189,170,188,169,187,169,186,168,186,167,185,166,184,166,183,165,182,165,181,164,180,164,179,163,178,163,177,163,176,163,175,163,174,163,173,163,172,163,171,163,170,163,169,164,168,163,167,163
226,166,225,167,224,167,223,168,222,169,221,170,220,170,219,171,219,172,218,173,218,174,218,175,218,176,218,177,218,178,219,179,219,180,220,181,220,182,221,183,222,184,223,185,224,186,225,187,226,188,227,189,228,190,228,191,229,192,230,193,231,193,232,193,233,193,234,193,235,193,236,193,237,192,238,192,239,193,238,192,238,191,239,190,240,190,240,189,240,188,241,187,240,186,240,185,241,184,241,183,241,182,241,181,241,180,240,179,240,178,240,177,239,176,239,175,238,174,237,173,236,172,235,171,234,170,233,170,232,169,231,168,230,167,229,167,228,166,227,166
259,167,258,168,257,168,256,169,255,170,254,171,253,171,253,172,252,173,251,174,251,175,250,176,250,177,249,178,248,179,248,180,247,181,246,182,245,182,244,183,244,184,243,185,242,186,242,187,241,188,241,189,241,190,241,191,241,192,241,193,241,194,242,195,243,195,244,195,245,195,246,195,247,195,248,194,249,194,250,194,251,193,252,193,253,192,254,191,255,190,256,189,257,189,258,188,259,187,260,186,261,185,262,185,263,184,264,183,265,182,265,181,266,180,266,179,267,178,268,177,268,176,269,175,269,174,269,173,269,172,269,171,268,170,267,169,266,168,265,167,264,167,263,167,262,167,261,167,260,167
205,174,204,175,203,175,202,175,201,176,200,177,199,177,198,178,197,179,196,180,195,181,195,182,194,183,194,184,194,185,194,186,194,187,194,188,194,189,195,190,195,191,196,192,197,193,198,194,199,195,200,196,201,196,202,197,203,197,204,197,205,197,206,197,207,197,208,196,209,196,210,195,211,194,212,193,213,192,214,191,215,190,216,189,217,188,218,187,219,186,220,185,220,184,220,183,219,182,219,181,218,180,218,179,217,178,217,177,216,177,215,176,214,176,213,175,212,175,211,174,210,174,209,174,208,174,207,174,206,174
155,176,154,177,153,178,152,179,151,180,150,181,149,182,149,183,148,184,147,185,146,186,146,187,145,188,145,189,144,190,144,191,144,192,143,193,143,194,142,195,143,196,143,197,143,198,144,199,144,200,145,201,146,202,147,202,148,202,149,203,150,203,151,203,152,203,153,203,154,203,155,204,156,204,156,203,157,202,158,202,159,201,160,200,161,199,162,198,162,197,163,196,164,195,165,194,166,193,167,192,168,191,168,190,169,189,170,188,170,187,170,186,170,185,170,184,169,183,168,182,167,181,166,181,165,180,164,180,163,179,162,179,161,178,160,178,159,178,158,177,157,177,156,177
275,184,274,185,273,185,272,186,271,186,270,187,269,188,268,189,267,189,266,190,265,191,264,192,263,193,262,194,261,195,261,196,260,197,260,198,261,199,261,200,262,201,263,201,264,201,265,201,266,201,267,201,268,201,269,201,270,201,271,201,272,201,273,200,274,199,275,199,276,199,277,198,278,198,279,197,279,196,280,195,281,194,281,193,282,192,283,191,283,190,283,189,283,188,282,187,282,186,281,185,280,184,279,185,278,185,277,185,276,184
134,196,133,197,132,198,131,199,131,200,130,201,130,202,130,203,130,204,130,205,130,206,130,207,131,208,131,209,132,210,132,211,133,212,133,213,134,214,135,215,136,216,137,217,137,218,138,219,139,220,140,221,141,221,142,222,143,223,144,222,145,221,145,220,145,219,146,218,146,217,146,216,146,215,147,214,147,213,147,212,147,211,148,210,148,209,148,208,148,207,147,207,146,206,146,205,145,204,145,203,145,202,144,201,143,200,143,199,142,199,141,198,140,198,139,197,138,197,137,196,136,196,135,196
196,196,195,197,194,197,193,197,192,198,191,198,190,199,189,199,188,200,187,200,186,201,185,202,184,203,183,203,182,204,181,205,181,206,181,207,181,208,182,209,183,210,184,211,185,212,186,213,187,213,188,213,189,214,190,214,191,214,192,214,193,214,194,214,195,214,196,214,197,213,198,213,199,212,200,211,201,210,202,209,202,208,203,207,203,206,203,205,204,204,204,203,204,202,204,201,204,200,203,199,203,198,202,198,201,197,200,197,199,196,198,196,197,196
249,201,248,202,247,202,246,203,245,203,244,204,243,204,242,205,241,206,240,206,239,207,238,208,237,208,236,209,236,210,236,211,235,212,235,213,235,214,235,215,235,216,235,217,236,218,236,219,236,220,237,221,237,222,237,223,238,224,238,225,239,226,239,227,239,228,239,229,239,230,239,231,240,232,241,233,242,234,243,235,243,236,244,237,245,237,246,237,247,238,248,238,249,238,250,238,251,237,252,237,253,236,253,235,254,234,255,234,256,234,257,233,257,232,257,231,257,230,257,229,257,228,257,227,257,226,258,225,258,224,258,223,259,222,259,221,259,220,260,219,259,218,259,217,259,216,259,215,259,214,259,213,259,212,259,211,259,210,259,209,259,208,259,207,259,206,258,205,258,204,257,203,257,202,256,202,255,201,254,201,253,201,252,201,251,201,250,201
159,204,158,205,157,205,156,205,155,206,154,206,153,206,152,207,151,207,150,208,149,208,149,209,149,210,148,211,148,212,148,213,148,214,147,215,147,216,147,217,147,218,146,219,146,220,146,221,145,222,144,223,145,223,146,224,147,224,148,224,149,225,150,225,151,225,152,226,153,226,154,226,155,227,156,227,157,227,158,227,159,228,160,228,161,228,162,229,163,230,162,229,162,228,162,227,162,226,162,225,163,224,163,223,164,222,165,221,166,220,166,219,167,218,168,217,169,216,170,215,170,214,170,213,170,212,169,211,169,210,169,209,168,208,167,207,166,207,165,206,164,206,163,205,162,205,161,205,160,205
300,204,299,205,298,205,297,206,296,207,296,208,295,209,295,210,294,211,294,212,293,213,293,214,293,215,292,216,292,217,292,218,292,219,291,220,291,221,292,222,292,223,291,224,292,225,292,226,293,227,294,228,295,229,296,230,297,230,298,231,299,231,300,231,301,231,302,231,303,231,304,231,305,232,306,232,307,231,308,231,309,230,310,230,311,230,312,229,313,228,314,227,315,226,315,225,316,224,316,223,316,222,316,221,316,220,316,219,315,218,315,217,314,216,314,215,313,214,313,213,313,212,312,211,312,210,312,209,311,208,310,207,310,206,309,205,308,205,307,204,306,204,305,204,304,204,303,204,302,204,301,204
215,205,215,206,214,207,214,208,213,209,212,209,211,210,210,211,209,212,209,213,208,214,208,215,207,216,207,217,208,218,209,218,210,218,211,218,212,219,213,219,214,220,215,220,216,220,217,221,218,220,219,220,220,220,221,220,222,219,223,218,224,217,225,216,226,215,227,214,228,213,229,212,230,211,229,210,228,209,227,208,226,207,225,206,224,206,223,206,222,206,221,205,220,205,219,205,218,205,217,205,216,205
271,207,270,208,269,209,268,210,267,211,267,212,267,213,266,214,266,215,267,216,268,217,269,218,269,219,270,220,270,221,271,222,271,223,272,224,273,225,274,226,275,227,276,227,277,226,278,226,279,226,280,225,281,224,282,223,282,222,283,221,283,220,283,219,283,218,283,217,283,216,284,215,283,214,282,213,281,212,280,212,279,211,278,210,278,209,277,208,276,208,275,207,274,207,273,207,272,207
171,215,170,216,169,217,168,218,167,219,167,220,166,221,165,222,164,223,164,224,163,225,163,226,163,227,163,228,163,229,164,230,164,231,164,232,165,233,165,234,165,235,166,236,166,237,167,238,167,239,168,239,169,239,170,239,171,239,172,239,173,239,174,239,175,239,176,239,177,240,178,240,179,239,180,239,181,238,182,237,182,236,182,235,182,234,182,233,182,232,182,231,182,230,182,229,183,228,183,227,183,226,183,225,184,224,184,223,184,222,184,221,184,220,183,219,182,218,181,218,180,217,179,217,178,217,177,217,176,217,175,216,174,216,173,216,172,216
265,215,264,216,263,217,262,218,261,218,261,219,260,220,260,221,260,222,259,223,259,224,259,225,259,226,258,227,258,228,258,229,258,230,258,231,258,232,258,233,257,234,258,235,258,236,257,237,257,238,257,239,258,240,258,241,259,242,259,243,260,243,261,243,262,244,263,243,264,243,265,243,266,242,267,242,268,241,269,240,270,239,271,238,272,237,272,236,273,235,274,234,274,233,275,232,275,231,275,230,275,229,275,228,274,227,273,226,272,225,271,224,270,223,270,222,269,221,269,220,268,219,268,218,267,217,266,216
208,219,207,220,206,220,205,220,204,221,203,222,203,223,203,224,202,225,202,226,202,227,203,228,203,229,203,230,204,231,204,232,204,233,204,234,204,235,205,236,206,237,206,238,207,238,208,239,209,239,210,239,211,239,212,238,213,238,214,238,215,237,216,236,217,236,218,235,219,234,219,233,220,232,220,231,220,230,220,229,221,228,220,227,220,226,220,225,219,224,218,223,218,222,217,222,216,221,215,221,214,221,213,220,212,220,211,219,210,219,209,219
189,220,188,221,187,221,186,222,185,222,185,223,185,224,184,225,184,226,184,227,184,228,183,229,183,230,183,231,183,232,183,233,183,234,183,235,183,236,183,237,184,238,185,239,185,240,186,241,186,242,187,243,188,244,189,245,190,246,191,246,192,247,193,247,194,247,195,247,196,246,197,246,198,246,199,245,199,244,200,243,201,242,201,241,202,240,202,239,202,238,202,237,202,236,203,235,203,234,203,233,203,232,203,231,202,230,202,229,202,228,201,227,201,226,201,225,200,224,199,223,199,222,198,222,197,221,196,221,195,221,194,220,193,220,192,220,191,220,190,220
144,224,144,225,143,226,143,227,143,228,143,229,144,230,143,231,144,232,144,233,144,234,145,235,145,236,146,237,147,238,148,239,148,240,149,241,150,241,151,241,152,241,153,241,154,241,155,241,156,242,157,242,158,242,159,243,160,243,161,244,162,244,163,243,164,242,165,241,166,240,167,240,166,239,166,238,165,237,165,236,164,235,164,234,164,233,163,232,163,231,162,230,161,229,160,229,159,229,158,228,157,228,156,228,155,228,154,227,153,227,152,227,151,226,150,226,149,226,148,225,147,225,146,225,145,224
227,228,226,229,225,230,224,230,224,231,223,232,223,233,222,234,221,235,221,236,221,237,220,238,220,239,220,240,220,241,220,242,220,243,220,244,221,245,221,246,222,247,223,248,224,248,225,249,226,250,227,250,228,250,229,251,230,251,231,251,232,251,233,251,234,251,235,251,236,251,237,251,238,251,238,250,239,249,239,248,240,247,241,246,242,245,242,244,242,243,243,242,243,241,243,240,243,239,243,238,243,237,242,236,242,235,241,234,240,233,239,232,238,231,238,230,237,230,236,230,235,229,234,229,233,228,232,228,231,228,230,228,229,228,228,228
311,231,310,232,309,233,308,234,307,235,307,236,306,237,306,238,306,239,307,240,307,241,307,242,308,243,309,244,310,245,311,246,312,246,313,246,314,247,315,247,316,247,317,247,318,247,319,247,320,246,321,246,322,246,323,245,324,245,325,244,326,243,326,242,326,241,326,240,327,239,327,238,326,237,326,236,325,235,325,234,324,234,323,233,322,233,321,232,320,232,319,232,318,231,317,231,316,231,315,231,314,231,313,231,312,231
289,233,288,234,287,234,286,235,285,236,284,237,284,238,283,239,282,239,281,240,281,241,280,242,279,243,278,244,278,245,277,246,277,247,276,248,276,249,276,250,276,251,276,252,276,253,276,254,277,255,278,256,279,257,280,256,281,256,282,255,283,255,284,255,285,255,286,255,287,255,288,255,289,254,290,254,291,254,292,254,293,254,294,254,295,254,296,254,297,253,298,253,299,253,300,253,301,253,302,253,302,252,302,251,302,250,302,249,302,248,303,247,303,246,303,245,304,244,304,243,304,242,304,241,303,240,303,239,303,238,302,237,301,236,300,235,299,234,298,233,297,233,296,233,295,233,294,233,293,233,292,233,291,233,290,233
168,240,167,241,166,241,165,242,164,243,163,244,162,245,161,246,161,247,161,248,161,249,161,250,160,251,160,252,160,253,160,254,160,255,159,256,160,257,160,258,161,259,161,260,162,261,163,262,163,263,164,264,165,265,166,265,167,266,168,266,169,266,170,267,171,267,172,267,173,267,174,267,175,266,176,266,177,266,178,267,179,267,180,267,181,267,182,267,183,267,184,267,185,267,186,267,187,266,188,265,189,265,190,264,191,263,192,263,193,262,194,261,194,260,194,259,193,258,192,257,192,256,192,255,192,254,192,253,192,252,191,251,191,250,190,249,189,248,189,247,188,247,187,246,186,246,185,245,184,245,183,244,182,244,181,243,180,243,179,242,178,242,177,241,176,240,175,240,174,240,173,240,172,240,171,240,170,240,169,240
150,242,150,243,150,244,149,245,149,246,149,247,149,248,149,249,149,250,149,251,149,252,150,253,150,254,151,255,152,256,153,256,154,257,155,257,156,257,157,256,158,256,159,255,159,254,159,253,159,252,159,251,160,250,160,249,160,248,160,247,160,246,161,245,160,244,159,244,158,243,157,243,156,243,155,242,154,242,153,242,152,242,151,242
215,246,214,247,213,247,212,248,211,248,210,249,209,250,208,250,207,251,206,252,206,253,205,254,205,255,205,256,204,257,204,258,204,259,204,260,203,261,203,262,203,263,203,264,202,265,203,266,204,267,204,268,205,269,206,270,207,271,207,272,208,273,209,274,209,275,210,276,210,277,211,278,211,279,212,280,213,279,214,280,215,280,216,280,217,280,218,279,219,279,220,278,221,278,222,277,223,277,223,276,224,275,225,274,225,273,226,272,226,271,227,270,227,269,227,268,227,267,228,266,228,265,228,264,229,263,230,262,231,262,232,261,233,261,233,260,233,259,233,258,234,257,235,256,235,255,236,254,236,253,235,252,234,252,233,252,232,252,231,252,230,252,229,252,228,251,227,251,226,251,225,250,224,249,223,249,222,248,221,247,220,246,219,246,218,246,217,246,216,246
297,254,296,255,295,255,294,255,293,255,292,255,291,255,290,255,289,255,288,256,287,256,286,256,285,256,284,256,283,256,282,256,281,257,280,257,279,258,279,259,279,260,279,261,279,262,278,263,279,264,279,265,279,266,279,267,280,268,281,269,282,270,283,270,284,270,285,271,286,271,287,271,288,271,289,270,290,270,291,270,292,270,293,270,294,269,295,268,296,268,297,267,298,266,299,265,300,264,300,263,301,262,301,261,301,260,301,259,302,258,302,257,301,256,302,255,302,254,301,254,300,254,299,254,298,254
261,257,260,258,259,258,258,258,257,258,256,258,255,259,254,260,253,261,252,262,252,263,251,264,250,265,250,266,249,267,249,268,249,269,249,270,250,271,250,272,250,273,251,274,251,275,252,276,253,277,254,278,255,279,256,279,257,279,258,280,259,280,260,280,261,280,262,280,263,280,264,280,265,279,266,279,267,279,268,278,269,278,270,278,271,277,272,276,272,275,273,274,273,273,273,272,273,271,273,270,272,269,272,268,272,267,271,266,271,265,271,264,270,263,270,262,269,261,269,260,268,259,267,259,266,258,265,258,264,258,263,257,262,257
200,266,199,267,198,267,197,267,196,268,195,268,194,268,193,269,192,269,191,270,190,270,189,271,188,271,188,272,188,273,187,274,187,275,186,276,186,277,186,278,186,279,186,280,186,281,186,282,186,283,187,284,187,285,187,286,187,287,188,287,189,287,190,288,191,289,192,289,193,290,194,290,195,289,196,289,197,289,198,289,199,289,200,289,201,288,202,288,203,287,204,287,205,287,206,286,207,285,208,284,209,283,210,282,211,281,211,280,210,279,210,278,209,277,209,276,208,275,208,274,207,273,206,272,206,271,205,270,204,269,203,268,203,267,202,266,201,266
298,270,297,271,296,271,295,271,294,271,293,271,292,271,291,271,290,271,289,271,288,272,287,272,286,272,285,272,284,273,283,273,282,274,281,275,280,276,279,277,279,278,279,279,280,280,280,281,280,282,281,283,282,284,282,285,283,286,284,286,285,287,286,287,287,288,288,288,289,288,290,289,291,289,292,289,293,290,294,290,295,290,296,290,297,290,298,290,299,290,300,290,301,290,302,290,303,290,304,289,305,289,306,288,307,287,308,286,309,285,309,284,309,283,310,282,310,281,310,280,310,279,310,278,309,277,309,276,309,275,308,274,308,273,307,272,306,271,305,271,304,270,303,270,302,270,301,270,300,270,299,270
252,284,251,285,250,285,249,286,248,287,247,288,246,289,246,290,245,291,245,292,245,293,244,294,244,295,244,296,243,297,243,298,243,299,243,300,243,301,244,302,244,303,245,304,245,305,245,306,246,307,246,308,247,308,248,309,249,310,250,311,251,311,252,312,253,312,254,312,255,312,256,312,257,311,258,311,259,311,260,311,261,310,262,309,263,309,264,308,265,307,266,306,266,305,267,304,267,303,268,302,268,301,268,300,269,299,269,298,269,297,269,296,270,295,270,294,269,293,269,292,269,291,268,290,267,289,266,288,265,287,264,287,263,286,262,286,261,286,260,285,259,285,258,285,257,284,256,284,255,284,254,284,253,284
221,285,220,286,219,286,218,286,217,287,216,288,215,289,214,290,213,290,212,290,211,291,210,292,209,293,208,294,207,295,206,296,205,297,204,298,204,299,204,300,204,301,205,302,206,303,207,304,208,304,209,304,210,304,211,304,212,304,213,304,214,304,215,304,216,304,217,303,218,303,219,302,220,302,221,301,222,301,223,300,224,299,225,298,226,297,227,296,227,295,228,294,229,293,229,292,229,291,230,290,230,289,230,288,229,287,228,286,227,285,226,285,225,285,224,285,223,285,222,285
279,296,278,297,277,297,277,298,276,299,276,300,275,301,274,302,274,303,274,304,274,305,273,306,273,307,273,308,273,309,273,310,273,311,273,312,273,313,274,314,274,315,275,316,275,317,276,318,277,319,278,319,279,320,280,320,281,320,282,319,283,319,284,319,285,319,286,318,287,318,288,317,289,316,290,315,291,315,292,314,293,313,294,312,295,311,296,310,296,309,297,308,297,307,297,306,298,305,298,304,297,303,297,302,297,301,297,300,296,299,295,298,294,297,293,297,292,297,291,297,290,296,289,296,288,296,287,296,286,296,285,296,284,296,283,296,282,296,281,296,280,296
237,297,236,298,235,298,234,299,233,300,232,301,231,302,230,303,229,304,229,305,228,306,227,307,227,308,226,309,226,310,226,311,226,312,226,313,226,314,226,315,226,316,227,317,227,318,228,319,229,320,230,320,231,320,232,320,233,320,234,320,235,320,236,320,237,319,238,319,239,318,240,317,241,316,242,315,243,314,243,313,244,312,244,311,245,310,245,309,245,308,245,307,244,306,244,305,244,304,243,303,243,302,242,301,242,300,242,299,242,298,241,298,240,298,239,297,238,297
322,299,321,300,320,300,319,301,318,301,317,302,316,302,315,303,314,304,313,304,312,305,311,305,310,306,309,307,308,308,307,308,306,309,305,310,305,311,304,312,304,313,303,314,303,315,302,316,302,317,303,318,303,319,304,319,305,320,306,320,307,320,308,320,309,320,310,319,311,319,312,319,313,318,314,318,315,318,316,317,317,317,318,316,319,315,320,315,321,314,322,313,323,313,324,312,325,312,326,311,327,310,328,309,329,308,329,307,330,306,330,305,330,304,330,303,330,302,329,301,328,300,327,299,326,299,325,299,324,299,323,299
335,313,334,314,333,314,332,314,331,315,330,316,329,316,329,317,329,318,328,319,328,320,328,321,329,322,329,323,330,324,330,325,331,326,332,327,333,328,334,328,335,329,336,329,337,329,338,329,339,329,340,329,341,329,342,329,343,329,344,328,345,328,346,327,346,326,346,325,346,324,346,323,346,322,346,321,346,320,346,319,346,318,345,317,345,316,345,315,344,314,343,313,342,313,341,313,340,313,339,313,338,313,337,313,336,313
254,319,253,320,252,320,251,320,250,320,249,321,248,321,247,321,246,322,245,322,244,323,243,323,242,324,241,325,240,326,240,327,239,328,238,329,238,330,238,331,238,332,238,333,239,334,239,335,239,336,240,337,241,338,242,339,243,339,244,340,245,340,246,340,247,340,248,341,249,341,250,340,251,340,252,340,253,340,254,339,255,339,256,338,257,338,258,337,259,336,260,335,261,334,262,333,262,332,263,331,263,330,263,329,263,328,262,327,262,326,261,325,261,324,260,323,259,322,258,321,257,321,256,320,255,320
318,323,317,324,316,324,315,324,314,324,313,325,312,325,311,325,310,326,309,326,308,326,307,327,306,327,305,328,304,328,303,329,302,330,301,330,300,331,299,332,298,333,298,334,298,335,298,336,298,337,299,338,299,339,300,340,300,341,301,341,302,342,303,343,304,344,305,345,306,346,306,347,307,347,308,348,309,349,310,349,311,349,312,349,313,349,314,348,315,348,316,348,317,348,318,348,319,347,320,348,321,348,322,348,323,347,324,346,325,346,326,346,327,346,328,345,329,345,330,345,331,344,332,344,333,343,334,343,335,342,336,342,337,341,338,340,338,339,339,338,339,337,339,336,339,335,339,334,338,334,337,333,336,333,335,332,334,332,333,332,332,332,331,332,330,332,329,332,328,332,327,332,326,331,325,330,326,329,325,328,326,327,325,326,325,325,324,325,323,324,322,324,321,323,320,323,319,323
278,325,277,326,276,326,275,327,274,327,273,328,272,329,271,330,270,331,269,331,268,332,267,333,266,333,265,334,264,335,263,336,263,337,263,338,263,339,263,340,263,341,263,342,264,343,264,344,265,345,266,346,267,346,268,346,269,346,270,346,271,346,272,345,273,345,274,344,275,343,276,342,277,341,278,341,279,340,280,339,281,338,282,337,283,336,284,335,285,334,285,333,285,332,285,331,285,330,285,329,285,328,285,327,284,326,283,326,282,325,281,325,280,325,279,325
286,335,285,336,284,337,283,338,282,339,281,340,280,341,279,341,278,342,278,343,277,344,277,345,277,346,276,347,276,348,276,349,276,350,276,351,276,352,276,353,276,354,277,355,278,355,279,356,280,357,281,358,282,358,283,359,284,359,285,358,286,357,287,356,288,356,289,355,290,354,290,353,291,352,291,351,292,350,292,349,292,348,292,347,292,346,293,345,293,344,293,343,293,342,293,341,293,340,293,339,293,338,292,337,292,336,291,336,290,335,289,335,288,335,287,335
338,347,337,348,336,348,335,348,334,349,333,349,332,349,331,350,330,351,329,351,328,352,327,353,326,353,325,354,324,355,323,356,322,357,321,358,320,359,319,360,319,361,318,362,317,362,317,363,317,364,316,365,316,366,316,367,317,367,318,368,319,368,320,368,321,368,322,368,323,368,324,367,325,367,326,366,327,366,328,365,329,365,330,364,331,364,332,363,333,363,334,363,335,362,336,362,337,361,338,362,339,361,340,360,341,360,342,359,343,359,344,358,345,358,346,357,347,357,348,356,349,356,349,355,350,354,350,353,350,352,350,351,349,350,349,349,348,348,347,348,346,348,345,348,344,348,343,348,342,348,341,347,340,347,339,347
318,349,317,350,316,350,315,351,314,351,313,352,312,352,311,353,310,353,309,354,308,354,307,355,306,356,305,356,304,357,303,358,302,359,301,359,300,360,300,361,299,362,298,363,298,364,298,365,298,366,298,367,298,368,298,369,299,370,300,370,301,370,302,369,303,369,304,369,305,368,306,368,307,367,308,367,309,366,310,365,311,364,312,364,313,363,314,362,315,362,316,362,317,361,318,360,319,359,320,358,321,357,322,356,323,355,324,354,325,353,325,352,325,351,325,350,324,349,323,349,322,349,321,349,320,349,319,349
348,357,347,358,346,358,345,359,344,359,343,360,342,360,341,361,340,361,339,362,338,363,337,364,336,365,335,366,334,366,333,367,332,367,331,368,330,368,329,369,328,370,328,371,327,372,327,373,328,374,329,375,330,374,331,374,332,374,333,374,334,374,335,374,336,374,337,373,338,373,339,373,340,372,341,372,342,372,343,372,344,372,345,372,346,372,347,372,348,372,349,371,350,371,351,371,352,371,353,371,354,371,355,371,356,371,357,370,358,370,359,369,360,368,361,367,361,366,361,365,362,364,361,363,361,362,361,361,361,360,360,359,359,358,358,358,357,357,356,357,355,357,354,357,353,357,352,357,351,357,350,357,349,357
349,372,348,373,347,373,346,373,345,373,344,373,343,373,342,373,341,373,340,373,339,374,338,374,337,374,337,375,336,376,335,376,334,377,333,377,332,378,331,378,330,379,329,379,328,380,327,380,326,381,325,382,324,382,323,383,322,384,322,385,322,386,322,387,323,388,324,388,325,388,326,388,327,389,328,388,329,388,330,388,331,388,332,387,333,386,334,386,335,386,336,386,337,385,338,385,339,385,340,385,341,385,342,384,343,384,344,384,345,384,346,384,347,384,348,384,349,384,350,383,351,383,352,383,353,383,354,383,355,383,356,383,357,382,358,381,359,380,359,379,359,378,359,377,359,376,359,375,359,374,358,374,357,373,356,372,355,372,354,372,353,372,352,372,351,372,350,372
343,387,342,388,341,388,340,388,339,388,338,389,337,389,336,389,335,389,334,389,333,389,332,389,331,389,330,389,329,389,329,390,328,391,327,391,326,392,325,392,324,393,323,393,322,394,321,395,321,396,321,397,321,398,321,399,322,400,323,401,324,401,325,401,326,401,327,401,328,400,329,400,330,400,331,400,332,400,333,399,334,399,335,399,336,398,337,398,338,398,339,398,340,397,341,397,342,396,343,396,344,396,345,395,346,395,347,394,348,393,349,393,350,393,351,392,352,391,352,390,353,389,352,388,351,387,350,387,349,387,348,387,347,387,346,387,345,387,344,387
356,392,355,393,354,393,353,393,352,394,351,394,350,394,349,395,348,395,347,395,346,396,345,396,344,397,343,397,342,397,341,398,340,398,339,399,338,399,337,400,337,401,336,402,336,403,336,404,336,405,337,406,338,406,339,406,340,406,341,407,342,407,343,407,344,406,345,406,346,406,347,406,348,406,349,406,350,407,351,407,352,407,353,407,354,407,355,407,356,407,357,407,358,407,359,408,360,408,361,408,362,408,363,408,364,407,365,407,366,406,367,405,367,404,368,403,368,402,368,401,369,400,369,399,369,398,369,397,368,396,367,395,366,394,365,393,364,392,363,392,362,392,361,392,360,392,359,392,358,392,357,392
332,409,331,410,330,410,329,410,328,410,327,410,326,410,325,411,324,412,325,413,325,414,326,415,327,416,328,416,329,417,330,417,331,417,332,417,333,418,334,418,335,418,336,418,337,418,338,419,339,419,340,419,341,420,342,420,343,420,344,420,345,420,346,420,347,419,348,419,349,418,350,418,351,417,352,417,353,416,353,415,354,414,354,413,353,412,352,411,351,410,350,410,349,410,348,409,347,409,346,409,345,409,344,409,343,409,342,409,341,409,340,409,339,409,338,409,337,409,336,409,335,409,334,409,333,409
363,410,362,411,361,412,360,412,359,412,358,413,357,413,356,414,355,414,354,415,354,416,353,417,352,418,351,418,350,419,349,419,348,420,347,420,346,421,345,421,344,421,343,421,342,421,341,421,341,422,340,423,340,424,340,425,340,426,340,427,341,428,342,428,343,429,344,429,345,429,346,429,347,430,348,430,349,430,350,430,351,430,352,430,353,430,354,430,355,429,356,429,357,429,358,428,359,428,360,427,361,427,362,426,363,426,364,425,365,425,366,425,366,424,367,423,367,422,368,421,369,420,369,419,370,418,371,417,372,416,373,415,373,414,373,413,373,412,373,411,372,410,371,410,370,410,369,410,368,410,367,410,366,410,365,410,364,410
381,412,380,413,379,413,378,413,377,414,376,414,375,415,374,415,373,416,372,417,371,418,370,419,370,420,369,421,368,422,368,423,367,424,367,425,367,426,367,427,367,428,367,429,368,430,368,431,369,431,370,432,371,432,372,433,373,433,374,433,375,433,376,433,377,433,378,433,379,433,380,433,381,432,382,432,383,431,384,431,385,430,386,429,387,428,388,427,389,426,389,425,390,424,390,423,391,422,391,421,390,420,390,419,390,418,390,417,389,416,389,415,388,414,387,413,386,413,385,413,384,412,383,412,382,412
300,414,299,415,298,416,297,416,296,417,295,418,294,419,294,420,294,421,293,422,293,423,293,424,293,425,293,426,294,427,294,428,294,429,295,430,296,431,297,431,298,432,299,432,300,432,301,432,302,433,303,433,304,433,305,433,306,433,307,432,308,432,309,432,310,431,311,431,312,430,313,429,314,428,315,427,316,426,316,425,317,424,317,423,318,422,318,421,317,420,317,419,316,418,315,417,315,416,314,416,313,415,312,415,311,414,310,414,309,414,308,414,307,414,306,414,305,414,304,414,303,414,302,414,301,414
120,419,119,420,118,420,117,421,116,422,115,423,115,424,114,425,114,426,115,427,115,428,116,429,117,430,118,431,119,431,120,431,121,431,122,431,123,431,124,430,125,429,126,429,127,428,128,427,129,426,130,425,129,424,129,423,129,422,128,421,127,420,126,420,125,419,124,419,123,419,122,419,121,419
395,419,394,420,393,420,393,421,392,422,391,423,391,424,390,425,390,426,389,427,388,428,388,429,388,430,387,431,386,432,386,433,385,434,385,435,384,436,384,437,384,438,383,439,383,440,382,441,382,442,381,443,381,444,380,445,380,446,380,447,380,448,379,449,379,450,380,451,380,452,381,453,382,454,383,455,384,455,385,456,386,457,387,457,388,458,389,458,390,459,391,459,392,460,393,460,394,461,395,461,396,462,397,462,398,462,399,462,400,463,401,463,402,463,403,463,404,462,405,462,406,461,407,460,407,459,408,458,408,457,408,456,409,455,409,454,408,453,408,452,408,451,408,450,408,449,408,448,408,447,408,446,408,445,408,444,408,443,408,442,409,441,409,440,409,439,409,438,409,437,409,436,409,435,409,434,408,433,408,432,407,431,407,430,406,429,405,428,404,427,404,426,403,425,402,424,402,423,401,422,400,421,399,421,398,420,397,420,396,419
159,427,158,428,157,429,156,430,155,431,155,432,154,433,154,434,153,435,153,436,153,437,153,438,153,439,153,440,153,441,153,442,153,443,154,444,154,445,155,446,156,447,157,448,158,448,159,449,160,449,161,449,162,449,163,449,164,449,165,449,166,448,167,448,168,447,169,446,170,445,171,444,172,443,173,442,173,441,173,440,173,439,173,438,173,437,173,436,173,435,173,434,173,433,173,432,172,431,171,430,170,430,169,429,168,429,167,428,166,428,165,428,164,427,163,427,162,427,161,427,160,427
134,428,133,429,132,429,131,429,130,430,129,430,128,430,128,431,127,432,127,433,126,434,126,435,126,436,126,437,126,438,126,439,126,440,126,441,127,442,127,443,128,444,128,445,129,446,130,446,131,447,132,448,133,449,134,450,135,450,136,450,137,450,138,450,139,450,140,450,141,450,142,449,143,449,144,448,145,447,146,446,146,445,147,444,147,443,148,442,148,441,148,440,148,439,148,438,148,437,148,436,147,435,147,434,146,433,146,432,145,431,144,430,143,430,142,429,141,429,140,429,139,429,138,429,137,428,136,428,135,428
311,435,310,436,309,436,308,436,307,437,306,438,305,438,304,439,303,440,302,441,302,442,301,443,301,444,300,445,300,446,300,447,299,448,299,449,299,450,299,451,299,452,299,453,299,454,299,455,299,456,300,457,300,458,301,459,301,460,302,461,302,462,303,463,303,464,304,465,305,466,306,467,307,468,308,469,309,469,310,470,311,470,312,470,313,470,314,471,315,471,316,471,317,471,318,471,319,471,320,471,321,471,322,471,323,470,324,470,325,470,326,469,327,469,328,468,329,467,330,467,330,466,331,465,332,464,332,463,333,462,333,461,334,460,334,459,335,458,335,457,335,456,336,455,335,454,334,453,334,452,333,451,333,450,333,449,332,448,332,447,331,446,331,445,331,444,330,443,330,442,329,441,329,440,328,439,327,438,326,438,325,437,324,437,323,437,322,437,321,437,320,436,319,436,318,436,317,436,316,435,315,435,314,435,313,435,312,435
113,437,112,438,111,438,110,438,109,438,108,438,107,439,106,439,105,440,104,441,103,442,103,443,103,444,102,445,102,446,102,447,102,448,102,449,102,450,103,451,104,452,105,453,105,454,106,455,106,456,107,457,108,457,109,457,110,457,111,457,112,457,113,457,114,457,115,457,116,456,117,456,118,455,119,454,120,453,121,452,121,451,121,450,122,449,122,448,122,447,122,446,122,445,122,444,122,443,122,442,121,441,121,440,120,439,119,439,118,438,117,438,116,438,115,437,114,438
183,438,182,439,181,439,180,439,179,439,178,439,177,440,176,440,175,441,174,441,174,442,173,443,173,444,173,445,173,446,172,447,172,448,172,449,173,450,173,451,174,452,174,453,175,454,175,455,176,455,177,456,178,456,179,457,180,457,181,457,182,458,183,458,184,458,185,458,186,458,187,458,188,458,189,458,190,458,191,457,192,456,193,455,193,454,194,453,194,452,194,451,195,450,195,449,195,448,195,447,195,446,195,445,195,444,195,443,194,442,193,441,193,440,192,439,191,438,190,438,189,438,188,438,187,438,186,438,185,438,184,438
270,438,269,439,268,439,267,439,266,440,265,440,264,440,263,441,263,442,262,443,262,444,261,445,261,446,261,447,260,448,260,449,260,450,260,451,261,452,261,453,262,454,263,455,263,456,264,456,265,457,266,457,267,457,268,457,269,457,270,458,271,458,272,457,273,457,274,457,275,457,276,456,277,455,278,454,279,453,280,452,280,451,280,450,281,449,281,448,281,447,280,446,280,445,279,444,279,443,278,442,277,441,276,440,275,439,274,439,273,438,272,438,271,438
88,441,87,442,86,442,85,443,84,443,83,444,82,445,81,446,81,447,80,448,80,449,79,450,79,451,79,452,79,453,79,454,80,455,80,456,81,457,82,458,83,458,84,459,85,459,86,459,87,459,88,459,89,459,90,459,91,458,92,458,93,458,94,457,95,457,96,456,97,455,98,455,98,454,99,453,100,452,100,451,100,450,101,449,101,448,101,447,100,446,100,445,99,444,98,443,97,442,96,442,95,442,94,441,93,441,92,441,91,441,90,441,89,441
342,452,341,453,340,453,339,453,338,454,337,455,336,456,336,457,336,458,335,459,335,460,334,461,334,462,333,463,333,464,332,465,331,466,331,467,331,468,331,469,331,470,331,471,331,472,331,473,331,474,330,475,331,476,331,477,331,478,331,479,331,480,331,481,332,482,332,483,333,484,334,485,335,486,336,486,337,487,338,487,339,487,340,487,341,487,342,487,343,487,344,487,345,487,346,487,347,486,348,486,349,485,350,485,351,484,352,484,353,483,354,482,354,481,354,480,354,479,355,478,355,477,355,476,355,475,355,474,356,473,356,472,356,471,356,470,356,469,357,468,357,467,357,466,357,465,358,464,358,463,357,462,357,461,357,460,357,459,356,458,356,457,355,456,354,455,353,454,352,454,351,453,350,453,349,453,348,452,347,452,346,452,345,452,344,452,343,452
206,453,205,454,204,454,203,455,202,455,201,456,200,457,199,457,199,458,198,459,198,460,197,461,197,462,197,463,197,464,197,465,197,466,197,467,197,468,197,469,198,470,199,471,200,472,201,472,202,473,203,473,204,474,205,474,206,474,207,474,208,474,209,474,210,474,211,474,212,473,213,473,214,473,215,472,216,471,217,470,217,469,218,468,218,467,218,466,219,465,219,464,219,463,219,462,218,461,218,460,217,459,217,458,216,457,215,456,214,455,213,454,212,454,211,454,210,454,209,453,208,453,207,453
262,459,261,460,260,460,259,460,258,461,257,461,256,462,256,463,256,464,256,465,255,466,255,467,255,468,255,469,255,470,256,471,256,472,256,473,256,474,256,475,256,476,256,477,256,478,256,479,256,480,256,481,256,482,257,483,257,484,257,485,258,486,259,487,260,487,261,488,262,488,263,489,264,489,265,489,266,489,267,489,268,489,269,489,270,489,271,489,272,488,273,487,274,487,274,486,275,485,275,484,275,483,275,482,275,481,275,480,275,479,274,478,274,477,274,476,274,475,274,474,274,473,274,472,273,471,273,470,273,469,274,468,273,467,273,466,273,465,272,464,271,463,270,462,269,461,268,461,267,460,266,459,265,459,264,459,263,459
114,460,113,461,112,461,111,461,110,461,109,462,108,462,107,462,106,463,105,463,104,464,103,465,102,466,101,467,100,468,99,469,99,470,98,471,98,472,97,473,97,474,97,475,96,476,96,477,96,478,96,479,96,480,96,481,96,482,96,483,96,484,96,485,96,486,97,487,97,488,97,489,98,490,98,491,99,492,100,493,100,494,101,495,102,496,103,497,104,498,105,499,106,500,107,500,108,501,109,501,110,501,111,502,112,502,113,502,114,503,115,503,116,503,117,503,118,503,119,503,120,503,121,503,122,503,123,503,124,503,125,502,126,502,127,502,128,502,129,501,130,501,131,500,132,499,133,498,134,497,135,496,136,495,136,494,137,493,138,492,139,491,139,490,140,489,140,488,141,487,141,486,141,485,142,484,142,483,142,482,142,481,142,480,143,479,143,478,142,477,142,476,142,475,142,474,141,473,141,472,140,471,140,470,139,469,139,468,138,467,137,466,136,465,135,465,134,464,133,463,132,463,131,463,130,462,129,462,128,462,127,462,126,461,125,461,124,461,123,461,122,460,121,460,120,460,119,460,118,460,117,460,116,460,115,460
365,461,364,462,363,462,362,462,361,463,360,464,359,464,358,465,358,466,358,467,358,468,357,469,357,470,357,471,357,472,357,473,356,474,356,475,356,476,356,477,356,478,355,479,355,480,355,481,355,482,354,483,354,484,355,485,356,486,356,487,356,488,357,489,358,490,359,491,360,492,360,493,361,494,362,494,363,494,364,494,365,494,366,493,367,493,368,493,369,493,370,493,371,493,372,493,373,493,374,493,375,492,376,492,377,492,378,491,379,491,378,490,379,489,379,488,379,487,380,486,380,485,381,484,382,483,382,482,382,481,382,480,382,479,383,478,383,477,383,476,383,475,383,474,383,473,383,472,382,471,382,470,382,469,381,468,381,467,380,466,379,465,378,464,377,463,376,463,375,463,374,463,373,462,372,462,371,462,370,462,369,462,368,462,367,462,366,462
68,468,67,469,66,469,65,470,64,470,63,471,62,472,61,473,61,474,60,475,60,476,60,477,60,478,60,479,60,480,60,481,61,482,62,483,63,484,64,484,65,484,66,484,67,484,68,484,69,484,70,484,71,484,72,484,73,483,74,482,75,481,75,480,76,479,76,478,76,477,76,476,76,475,76,474,76,473,75,472,74,471,74,470,73,469,72,469,71,468,70,468,69,468
409,471,408,472,407,472,406,472,405,473,404,474,403,475,402,476,401,477,401,478,400,479,400,480,400,481,400,482,400,483,401,484,401,485,402,486,403,487,404,487,405,488,406,489,407,489,408,489,409,490,410,489,411,489,412,489,413,489,414,488,415,488,416,487,417,486,418,485,419,484,419,483,420,482,420,481,420,480,420,479,420,478,420,477,420,476,419,475,418,474,417,473,416,472,415,472,414,472,413,471,412,471,411,471,410,471
218,474,217,475,216,476,215,477,215,478,214,479,214,480,213,481,213,482,213,483,212,484,213,485,213,486,213,487,214,488,215,489,216,489,217,490,218,491,219,491,220,491,221,491,222,491,223,491,224,491,225,491,226,490,227,489,228,488,228,487,229,486,229,485,229,484,229,483,229,482,229,481,229,480,229,479,228,478,227,477,226,476,225,476,224,475,223,475,222,475,221,475,220,475,219,474
297,479,296,480,295,480,294,480,293,481,292,481,291,481,290,482,289,482,288,483,287,484,286,485,285,486,284,487,283,488,283,489,282,490,282,491,282,492,281,493,281,494,281,495,281,496,282,497,282,498,282,499,282,500,283,501,284,502,284,503,285,504,285,505,286,506,287,507,288,508,289,509,290,510,291,510,292,510,293,511,294,511,295,511,296,511,297,511,298,511,299,511,300,511,301,511,302,511,303,511,304,511,305,511,306,511,307,511,308,511,309,511,310,511,311,510,312,510,313,509,313,508,314,507,314,506,315,505,315,504,316,503,316,502,316,501,316,500,316,499,316,498,315,497,315,496,315,495,314,494,314,493,313,492,312,491,312,490,312,489,311,488,310,487,310,486,309,485,308,484,307,483,307,482,306,481,305,481,304,480,303,480,302,480,301,479,300,479,299,479,298,479
199,483,198,484,197,484,196,484,195,485,194,486,194,487,193,488,193,489,193,490,192,491,192,492,193,493,193,494,193,495,194,496,195,497,195,498,196,499,197,499,198,500,199,500,200,501,201,500,202,499,203,499,204,499,205,499,206,498,207,497,208,497,209,496,210,495,210,494,211,493,211,492,211,491,212,490,212,489,211,488,210,487,209,487,208,486,207,485,206,484,205,484,204,484,203,483,202,483,201,483,200,483
390,488,389,489,388,489,387,489,386,490,385,491,384,491,383,492,382,492,381,492,380,493,379,493,378,492,377,493,376,493,375,493,374,494,373,494,372,494,371,494,370,494,369,494,368,494,367,494,366,494,365,495,364,495,363,495,362,495,362,496,361,497,361,498,361,499,360,500,360,501,360,502,360,503,360,504,360,505,361,506,362,507,362,508,363,508,364,509,365,510,366,510,367,510,368,510,369,510,370,510,371,510,372,510,373,510,374,510,375,510,376,511,377,511,378,511,379,511,380,511,381,511,382,511,383,511,384,511,385,511,386,511,387,511,388,511,389,511,390,511,391,511,392,511,393,511,394,511,395,511,396,511,397,511,398,511,399,510,400,510,401,510,402,510,402,509,402,508,403,507,403,506,404,505,404,504,405,503,405,502,405,501,405,500,405,499,405,498,405,497,404,496,404,495,403,494,403,493,402,492,402,491,401,491,400,490,399,489,398,489,397,488,396,488,395,488,394,488,393,488,392,488,391,488
59,491,58,492,57,492,56,493,55,494,54,495,54,496,53,497,53,498,52,499,52,500,52,501,52,502,52,503,52,504,52,505,52,506,52,507,53,508,53,509,54,510,55,510,56,510,57,510,58,511,59,511,60,511,61,511,62,511,63,511,64,511,65,511,66,511,67,511,68,511,69,511,70,510,71,510,72,510,73,510,73,509,73,508,73,507,73,506,73,505,73,504,73,503,72,502,72,501,72,500,71,499,71,498,70,497,70,496,69,495,68,494,67,493,66,493,65,493,64,492,63,492,62,492,61,492,60,491
261,493,260,494,259,495,258,496,258,497,257,498,257,499,257,500,257,501,257,502,257,503,258,504,258,505,259,506,260,507,261,508,262,508,263,508,264,509,265,510,266,511,267,511,268,510,269,509,270,508,270,507,271,506,272,505,273,505,273,504,274,503,274,502,274,501,274,500,273,499,273,498,272,497,272,496,271,495,270,494,269,494,268,493,267,493,266,493,265,493,264,493,263,493,262,493
412,500,411,501,410,501,409,501,408,502,407,502,406,503,405,504,405,505,404,506,404,507,403,508,403,509,403,510,404,511,405,511,406,511,407,511,408,511,409,511,410,511,411,511,412,511,413,511,414,511,415,511,416,511,417,511,418,511,419,511,420,511,421,511,422,510,422,509,423,508,423,507,423,506,423,505,422,504,422,503,421,502,420,502,419,501,418,501,417,501,416,500,415,500,414,500,413,500
211,501,210,502,209,503,208,503,207,504,206,505,205,506,204,507,203,508,202,509,202,510,203,511,204,511,205,511,206,511,207,511,208,511,209,511,210,511,211,511,212,511,213,511,214,511,215,511,216,511,217,511,218,511,219,511,220,511,221,511,222,511,223,511,224,511,224,510,225,509,225,508,224,507,223,506,223,505,222,504,221,504,220,503,219,502,218,502,217,501,216,501,215,501,214,501,213,501,212,501
147,503,146,504,145,504,144,504,143,505,142,505,141,505,140,506,139,506,138,507,137,508,136,509,135,510,136,511,137,511,138,511,139,511,140,511,141,511,142,511,143,511,144,511,145,511,146,511,147,511,148,511,149,511,150,511,151,511,152,511,153,511,154,511,155,511,156,511,157,511,158,511,159,511,160,511,161,511,162,511,163,511,164,511,165,511,166,511,167,511,168,511,169,511,170,510,169,509,168,508,167,507,166,507,165,506,164,506,163,505,162,505,161,505,160,504,159,503,158,503,157,503,156,503,155,503,154,503,153,503,152,503,151,503,150,503,149,503,148,503
