159,55,158,56,157,56,156,57,155,57,154,58,153,58,152,59,151,60,151,61,150,62,150,63,150,64,150,65,149,66,150,67,150,68,150,69,151,70,152,71,153,72,154,72,155,73,156,73,157,73,158,73,159,73,160,73,161,73,162,73,163,73,164,72,165,72,166,72,167,72,168,72,169,71,170,70,171,69,171,68,172,67,172,66,172,65,172,64,172,63,171,62,171,61,170,60,169,59,168,58,167,57,166,57,165,56,164,56,163,56,162,56,161,55,160,55
86,70,85,71,84,71,83,71,82,72,81,72,80,73,79,73,78,74,77,75,76,76,75,77,75,78,75,79,74,80,74,81,74,82,75,83,75,84,76,85,77,86,78,87,79,87,80,88,81,88,82,87,83,87,84,87,85,86,86,86,87,86,88,86,89,85,90,85,91,85,92,85,93,84,94,83,95,82,95,81,96,80,96,79,97,78,97,77,97,76,96,75,96,74,95,73,94,72,93,71,92,71,91,71,90,70,89,70,88,70,87,70
96,82,95,83,94,84,93,85,92,86,92,87,92,88,91,89,91,90,91,91,91,92,91,93,91,94,91,95,91,96,92,97,93,98,94,99,95,99,96,99,97,99,98,99,99,99,100,98,101,97,102,97,103,96,104,96,105,95,106,95,106,94,106,93,107,92,107,91,106,90,106,89,106,88,106,87,105,86,105,85,104,84,103,84,102,83,101,83,100,82,99,82,98,82,97,82
105,96,104,97,103,97,102,98,101,98,100,99,99,100,98,100,98,101,98,102,97,103,97,104,96,105,96,106,97,107,97,108,97,109,98,110,99,111,100,112,101,113,102,114,103,113,104,113,105,112,106,112,107,112,108,111,109,110,110,110,111,109,112,108,113,108,114,107,114,106,115,105,115,104,115,103,116,102,116,101,115,100,114,99,113,98,112,98,111,97,110,97,109,97,108,96,107,96,106,96
134,101,133,102,133,103,133,104,132,105,132,106,132,107,131,108,131,109,130,110,130,111,129,112,129,113,128,114,129,115,130,116,130,117,130,118,131,119,131,120,132,121,132,122,132,123,133,124,133,125,134,126,135,127,136,128,137,129,138,130,139,130,139,129,140,128,141,127,141,126,142,125,142,124,143,123,144,122,144,121,145,120,145,119,145,118,146,117,146,116,146,115,146,114,147,113,147,112,147,111,147,110,147,109,147,108,147,107,147,106,146,105,145,104,145,103,144,102,143,102,142,102,141,101,140,101,139,101,138,101,137,101,136,101,135,101
115,106,115,107,114,108,113,109,112,109,111,110,110,111,109,111,108,112,107,113,106,113,105,113,104,114,103,114,102,115,102,116,101,117,101,118,101,119,101,120,101,121,101,122,101,123,102,124,102,125,102,126,102,127,102,128,102,129,102,130,102,131,103,132,103,133,103,134,104,135,104,136,105,137,105,138,106,139,107,140,108,141,109,141,110,141,111,141,112,141,113,141,114,140,115,140,116,140,117,140,118,140,119,139,120,139,121,139,122,139,123,140,124,140,125,140,126,141,127,141,128,141,129,142,130,143,130,144,131,145,132,145,133,146,133,147,133,148,134,148,135,148,136,148,137,149,137,148,137,147,138,146,138,145,138,144,139,143,139,142,139,141,140,140,140,139,141,138,141,137,142,136,142,135,143,134,143,133,142,132,141,132,140,131,139,131,138,131,137,130,136,129,135,128,134,127,133,126,132,125,132,124,131,123,131,122,131,121,130,120,130,119,129,118,129,117,129,116,128,115,127,114,126,113,125,113,124,112,123,112,122,112,121,111,120,111,119,110,118,109,117,109,116,108,115,107
169,110,168,111,167,111,166,111,165,111,164,112,163,113,162,114,161,115,161,116,161,117,161,118,161,119,160,120,159,120,159,121,159,122,159,123,160,123,161,124,161,125,162,125,163,125,164,125,165,126,166,126,167,127,168,128,169,129,170,130,171,131,172,131,173,132,174,132,175,132,176,133,177,133,178,133,179,133,180,134,181,133,182,132,183,132,184,131,185,130,186,129,187,129,187,128,188,127,189,126,189,125,189,124,188,123,188,122,188,121,188,120,187,119,187,118,186,117,186,116,185,115,184,115,183,114,182,113,181,113,180,112,179,112,178,111,177,111,176,110,175,110,174,110,173,110,172,110,171,110,170,110
189,127,188,128,188,129,187,130,186,130,185,131,184,132,183,133,182,133,181,134,180,135,180,136,180,137,179,138,179,139,179,140,179,141,179,142,178,143,179,144,179,145,179,146,179,147,180,148,181,149,181,150,181,151,182,152,182,153,183,154,184,155,184,156,185,157,184,158,184,159,184,160,185,160,186,160,187,160,188,159,189,159,190,159,191,159,192,159,193,159,194,159,195,159,196,160,197,160,198,159,199,159,200,159,201,160,202,160,203,160,204,160,205,160,206,160,207,160,208,160,208,159,208,158,209,157,210,156,210,155,211,154,211,153,212,152,212,151,212,150,212,149,212,148,213,147,213,146,213,145,213,144,213,143,213,142,213,141,213,140,213,139,213,138,212,137,212,136,211,135,211,134,210,134,209,133,208,132,207,131,206,130,205,130,204,129,203,129,202,129,201,129,200,128,199,128,198,128,197,127,196,127,195,127,194,127,193,127,192,127,191,127,190,127
154,128,153,129,152,129,151,129,150,130,149,131,148,131,147,132,146,133,145,133,144,133,144,134,143,135,143,136,142,137,142,138,141,139,141,140,140,141,140,142,140,143,139,144,139,145,139,146,138,147,138,148,138,149,139,150,140,151,140,152,141,153,142,154,142,155,143,156,143,157,144,158,144,159,145,160,145,161,146,162,147,163,148,164,149,165,150,166,151,166,152,167,153,168,154,168,155,168,156,169,157,169,158,169,159,170,160,170,161,170,162,170,163,169,164,169,165,169,166,169,167,168,168,167,169,166,170,165,171,164,171,163,172,162,172,161,172,160,172,159,172,158,172,157,172,156,173,155,173,154,173,153,173,152,173,151,173,150,173,149,172,148,172,147,172,146,172,145,171,144,171,143,170,142,170,141,170,140,169,139,169,138,168,137,167,136,167,135,166,134,166,133,165,132,164,131,163,131,162,130,161,129,160,129,159,129,158,128,157,128,156,128,155,128
226,138,225,139,224,139,223,140,222,140,221,141,220,142,220,143,220,144,220,145,219,146,219,147,219,148,219,149,218,150,218,151,218,152,218,153,219,154,219,155,219,156,219,157,220,158,220,159,221,160,221,161,222,162,223,163,224,163,225,164,226,164,227,165,228,165,229,165,230,166,231,166,232,167,233,167,234,167,235,168,236,167,237,167,238,167,239,167,240,167,241,167,241,166,242,165,243,164,244,164,245,163,246,162,247,161,248,160,249,159,249,158,249,157,249,156,249,155,249,154,248,153,248,152,247,151,247,150,246,149,245,148,244,147,243,146,242,146,241,145,240,144,239,143,238,143,237,142,236,142,235,141,234,140,233,140,232,139,231,139,230,139,229,139,228,139,227,138
130,148,129,149,128,149,127,149,126,150,125,150,124,151,123,152,122,153,121,154,120,155,119,156,118,157,117,158,117,159,116,160,115,160,115,161,115,162,115,163,114,164,114,165,114,166,113,167,113,168,113,169,114,170,114,171,114,172,115,173,115,174,115,175,116,176,116,177,116,178,117,179,117,180,116,181,117,182,118,183,119,183,120,184,121,185,122,185,123,186,124,187,125,187,126,188,127,188,128,188,129,188,130,188,131,187,132,187,133,187,134,187,135,187,136,186,137,185,137,184,138,183,138,182,139,181,139,180,140,179,140,178,141,177,141,176,141,175,142,174,142,173,143,172,143,171,143,170,144,169,144,168,144,167,144,166,144,165,144,164,144,163,144,162,144,161,144,160,143,159,143,158,142,157,142,156,141,155,141,154,140,153,139,152,139,151,138,150,137,150,136,149,135,149,134,149,133,149,132,148,131,148
163,178,162,179,161,179,160,179,159,180,158,181,157,182,156,182,155,183,154,184,153,185,152,186,151,187,150,187,150,188,149,189,148,190,147,191,146,192,145,193,144,194,144,195,144,196,144,197,143,198,143,199,142,200,142,201,142,202,143,203,144,204,144,205,145,206,146,207,146,208,147,209,148,210,149,211,149,212,150,213,151,214,151,215,152,214,153,214,154,213,155,212,156,212,157,211,158,210,159,210,159,209,160,208,160,207,161,206,162,205,162,204,163,203,164,202,165,201,166,200,167,199,168,198,169,197,170,196,170,195,171,194,172,193,173,192,174,192,175,191,175,190,175,189,175,188,175,187,175,186,175,185,175,184,175,183,175,182,175,181,174,180,173,180,172,180,171,179,170,179,169,178,168,178,167,178,166,178,165,178,164,178
113,182,112,183,111,184,110,185,110,186,109,187,109,188,109,189,109,190,109,191,110,192,110,193,111,194,111,195,112,196,113,197,113,198,114,199,114,200,114,201,114,202,115,203,115,204,115,205,115,206,116,207,116,208,116,209,117,210,117,211,117,212,118,213,118,214,118,215,119,216,120,217,121,218,122,219,123,219,124,220,125,220,126,221,127,221,128,222,129,222,130,223,131,223,132,223,133,223,134,223,135,223,136,222,137,222,138,221,139,220,140,220,141,219,142,219,143,218,144,218,145,218,146,217,147,216,148,216,149,216,150,215,150,214,149,213,148,212,148,211,147,210,146,209,145,208,145,207,144,206,143,205,143,204,142,203,141,202,140,202,139,202,138,201,137,200,136,200,135,199,134,198,133,197,132,196,131,195,130,194,129,193,128,192,127,191,127,190,126,189,125,188,124,188,123,187,122,186,121,186,120,185,119,184,118,184,117,183,116,182,115,182,114,182
283,195,282,196,281,196,280,197,280,198,279,199,278,200,278,201,277,202,276,203,275,204,274,205,273,206,272,207,271,208,270,209,269,209,268,210,267,211,266,211,267,212,267,213,268,214,269,215,269,216,270,217,271,217,272,217,273,217,274,216,275,216,276,216,277,216,278,216,279,215,280,215,281,215,282,215,283,214,284,214,285,214,286,214,287,214,288,213,289,213,290,213,291,212,291,211,292,210,293,209,294,208,294,207,294,206,294,205,294,204,294,203,294,202,294,201,293,200,293,199,292,198,291,197,290,197,289,196,288,196,287,195,286,195,285,195,284,195
170,197,169,198,168,199,167,200,166,201,165,202,164,203,163,204,163,205,162,206,161,207,161,208,160,209,160,210,160,211,160,212,160,213,160,214,160,215,161,216,161,217,162,218,162,219,163,220,164,220,165,221,166,221,167,221,168,222,169,221,170,221,171,222,172,221,173,221,174,221,175,221,176,221,177,221,178,220,179,220,180,219,181,219,182,218,183,217,183,216,184,215,184,214,185,213,185,212,186,211,187,210,187,209,186,208,186,207,186,206,186,205,186,204,185,203,185,202,184,201,184,200,183,199,182,198,181,197,180,197,179,197,178,197,177,197,176,197,175,197,174,197,173,197,172,198,171,198
198,202,197,203,196,203,195,203,194,203,193,203,192,204,191,204,190,204,189,205,188,206,188,207,188,208,188,209,188,210,188,211,189,212,189,213,190,214,190,215,191,216,191,217,191,218,191,219,192,220,192,221,192,222,193,223,193,224,193,225,193,226,194,227,194,228,195,229,196,230,197,231,198,231,199,232,200,233,201,233,202,234,203,234,204,234,205,233,206,234,207,234,208,234,209,233,210,233,211,233,212,233,213,232,214,231,215,231,216,230,217,229,218,229,219,229,218,228,218,227,218,226,218,225,218,224,218,223,218,222,218,221,217,220,217,219,216,218,215,217,215,216,214,215,213,215,212,215,211,214,210,213,209,212,209,211,208,210,207,209,206,208,205,207,204,206,203,206,202,205,202,204,201,204,200,203,199,203
291,213,290,214,289,214,288,214,287,215,286,215,285,215,284,215,283,215,282,216,281,216,280,216,279,216,278,217,277,217,276,217,276,218,275,219,274,220,273,220,272,221,271,221,270,221,269,222,268,222,267,222,266,223,265,224,264,224,263,225,263,226,262,227,261,228,260,229,260,230,259,231,259,232,260,233,261,234,262,235,262,236,263,237,264,238,265,239,266,240,267,241,268,242,269,242,270,242,271,242,272,241,273,240,274,239,275,238,276,238,277,237,278,236,279,235,280,235,281,234,282,234,283,233,284,233,285,232,286,232,287,231,288,230,289,230,290,229,291,229,292,228,293,228,294,228,295,227,296,227,297,227,298,227,299,227,299,226,299,225,299,224,299,223,300,222,299,221,300,220,299,219,299,218,298,217,298,216,297,215,296,215,295,215,294,215,293,214,292,214
143,219,142,220,141,220,140,221,139,221,138,222,137,223,136,223,136,224,135,225,135,226,135,227,135,228,135,229,134,230,135,231,135,232,135,233,135,234,136,235,136,236,137,237,137,238,138,239,139,240,140,241,141,241,142,241,143,242,144,242,145,242,146,242,147,242,148,242,149,242,150,242,151,242,152,242,153,241,154,240,155,240,156,239,156,238,157,237,157,236,158,235,159,234,159,233,160,232,160,231,160,230,160,229,160,228,160,227,160,226,159,225,159,224,158,223,157,222,156,221,155,221,154,220,153,220,152,220,151,219,150,219,149,219,148,219,147,219,146,219,145,220,144,220
295,228,294,229,293,229,292,229,291,230,290,230,289,231,288,231,287,232,286,233,285,233,284,234,283,234,282,235,281,235,280,236,279,236,278,237,277,238,276,239,275,239,274,240,273,241,272,242,271,243,271,244,271,245,272,246,271,247,270,248,269,249,268,250,268,251,267,252,267,253,266,254,266,255,265,256,265,257,264,258,263,259,263,260,262,261,261,262,261,263,262,263,263,263,264,263,265,263,266,263,267,264,268,264,269,264,270,263,271,263,272,263,273,263,274,263,275,263,276,262,277,261,278,260,279,259,280,258,280,257,281,256,281,255,282,254,283,254,284,253,284,252,285,251,286,250,287,249,288,248,288,247,289,246,289,245,290,244,291,243,291,242,292,241,293,241,294,240,295,239,296,238,296,237,297,236,297,235,298,234,298,233,298,232,298,231,298,230,299,229,299,228,298,228,297,228,296,228
171,229,170,230,170,231,169,232,169,233,170,234,170,235,170,236,170,237,170,238,170,239,170,240,170,241,171,242,171,243,171,244,172,245,173,246,174,247,175,247,176,248,177,248,178,247,179,247,180,247,181,247,182,247,183,246,184,246,185,245,186,245,187,244,188,244,189,243,189,242,190,241,191,240,192,239,193,238,193,237,193,236,193,235,193,234,193,233,193,232,192,231,191,230,190,230,189,230,188,229,187,229,186,229,185,229,184,229,183,229,182,229,181,229,180,229,179,230,178,230,177,230,176,230,175,230,174,230,173,230,172,230
257,232,256,233,255,233,254,233,253,233,252,234,251,235,250,235,251,236,250,237,249,237,248,238,247,239,246,240,245,241,244,242,243,243,242,244,242,245,241,246,241,247,241,248,240,249,240,250,240,251,240,252,240,253,240,254,240,255,240,256,240,257,240,258,240,259,241,260,241,261,242,262,243,262,244,263,244,264,245,265,246,265,247,266,248,266,249,266,250,266,251,266,252,265,253,266,254,266,255,265,256,265,257,264,258,264,259,263,260,262,261,261,262,260,262,259,263,258,264,257,264,256,265,255,265,254,266,253,266,252,267,251,267,250,267,249,267,248,267,247,267,246,267,245,268,244,268,243,267,242,266,241,265,240,264,239,263,238,262,237,261,236,261,235,260,234,259,233,258,232
303,242,302,243,301,243,300,244,299,245,298,246,297,247,296,248,295,249,294,250,293,251,293,252,292,253,291,254,290,255,290,256,289,257,289,258,288,259,288,260,287,261,287,262,287,263,287,264,287,265,287,266,287,267,288,268,288,269,288,270,289,270,290,270,291,270,292,270,293,270,294,270,295,270,296,270,297,271,298,271,299,271,300,270,301,270,302,271,303,271,304,272,305,272,306,272,307,272,308,272,309,272,310,272,311,272,312,271,313,271,314,270,315,270,316,269,317,269,318,268,319,267,319,266,319,265,320,264,320,263,321,262,321,261,322,260,322,259,322,258,323,257,323,256,323,255,323,254,322,253,322,252,322,251,322,250,321,249,320,248,319,247,318,247,317,246,316,245,315,245,314,244,313,244,312,243,311,243,310,242,309,242,308,242,307,242,306,242,305,242,304,242
155,244,154,245,153,245,152,245,151,246,150,246,149,246,149,247,149,248,148,249,148,250,148,251,148,252,148,253,148,254,149,255,150,256,151,257,152,257,153,258,154,258,155,259,156,259,157,260,158,260,159,260,160,261,161,261,162,261,163,261,164,261,165,260,166,260,167,260,168,260,169,260,170,260,171,259,172,259,173,258,174,257,175,256,175,255,175,254,175,253,175,252,176,251,175,250,175,249,175,248,174,248,173,247,172,246,171,245,170,245,169,245,168,245,167,245,166,245,165,245,164,245,163,244,162,244,161,244,160,244,159,244,158,244,157,244,156,244
198,245,197,246,196,246,195,246,194,246,193,246,192,246,191,246,190,246,189,246,188,246,187,247,186,248,185,248,184,249,183,250,183,251,182,252,182,253,181,254,181,255,181,256,181,257,182,258,183,259,184,260,184,261,185,262,186,263,187,264,188,265,189,266,189,267,190,268,191,269,192,270,193,271,194,270,195,270,196,270,197,269,198,269,199,269,200,269,201,268,202,267,203,266,204,265,205,264,206,263,206,262,207,261,208,260,209,260,210,259,209,258,209,257,209,256,209,255,208,254,208,253,207,252,206,251,205,250,204,249,203,248,202,247,201,246,200,245,199,245
176,256,175,257,174,258,173,259,172,260,171,260,170,261,169,261,168,261,167,261,166,261,165,261,164,262,163,262,162,262,161,262,160,262,161,263,160,264,160,265,160,266,160,267,160,268,160,269,160,270,161,271,161,272,161,273,161,274,162,275,162,276,163,277,163,278,163,279,163,280,163,281,164,282,165,283,166,284,166,285,167,285,168,286,169,286,170,286,171,286,172,286,173,287,174,287,175,287,176,286,177,286,178,286,179,286,180,286,181,286,182,286,183,286,184,285,185,285,186,284,187,284,188,284,189,283,190,282,191,281,191,280,192,279,192,278,192,277,192,276,192,275,192,274,193,273,192,272,192,271,191,270,190,269,189,268,188,267,188,266,187,265,186,264,185,263,184,262,183,261,183,260,182,259,181,258,180,257,180,256,179,257,178,257,177,257
231,262,230,263,229,263,228,264,227,264,226,265,225,266,224,266,224,267,223,268,222,269,222,270,222,271,222,272,222,273,222,274,222,275,222,276,222,277,222,278,222,279,222,280,223,280,224,281,224,282,225,283,225,284,226,285,227,285,228,285,229,286,230,286,231,285,232,285,233,285,234,284,235,284,236,283,237,283,238,282,239,282,240,281,241,280,242,279,243,278,244,277,245,276,245,275,246,274,247,273,246,272,246,271,246,270,246,269,245,268,245,267,245,266,244,265,243,265,242,265,241,264,240,264,239,263,238,263,237,263,236,262,235,262,234,262,233,262,232,262
260,263,259,264,258,265,257,266,256,266,255,266,255,267,254,268,253,269,252,269,251,270,250,271,250,272,249,273,248,274,247,274,246,275,246,276,245,277,244,278,243,279,242,280,241,281,240,282,239,283,238,283,237,284,236,284,235,285,234,285,233,286,232,286,231,286,230,287,229,287,228,286,227,286,226,286,225,285,224,284,224,285,223,286,222,286,221,285,220,285,219,286,219,287,219,288,218,289,218,290,218,291,219,292,218,293,218,294,219,295,220,296,220,297,221,298,222,299,223,300,224,301,225,300,226,300,227,300,228,301,229,301,230,301,231,300,232,300,233,300,234,300,235,300,236,300,237,299,238,299,239,299,240,298,241,298,242,298,243,298,244,297,245,297,246,297,247,297,248,298,249,299,250,299,251,299,252,299,253,299,254,299,255,299,256,299,257,299,258,299,259,299,260,298,261,297,261,296,262,295,263,294,264,293,265,293,266,292,267,291,268,290,269,289,270,288,271,288,272,287,273,286,274,286,275,285,276,284,276,283,276,282,277,281,278,281,278,280,279,279,280,278,281,277,281,276,281,275,281,274,282,273,282,272,283,271,283,270,283,269,283,268,282,267,282,266,281,265,280,265,279,264,278,264,277,263,276,263,275,264,274,264,273,264,272,264,271,264,270,264,269,265,268,265,267,265,266,264,265,264,264,264,263,264,262,264,261,264
214,265,213,266,212,266,211,267,210,268,209,268,208,269,207,270,206,271,205,272,204,273,203,273,202,274,201,275,200,276,199,277,199,278,198,279,198,280,198,281,197,282,197,283,197,284,197,285,198,286,199,287,200,287,201,288,202,289,203,289,204,289,205,290,206,290,207,290,208,290,209,290,210,289,211,289,212,288,213,288,214,288,215,288,216,287,217,286,218,285,219,285,220,284,220,283,220,282,221,281,221,280,221,279,221,278,221,277,221,276,221,275,221,274,221,273,221,272,221,271,220,270,220,269,220,268,219,267,218,266,217,266,216,266,215,266
289,271,288,272,287,273,286,273,285,274,284,275,284,276,283,277,283,278,282,279,282,280,282,281,282,282,283,283,283,284,282,285,283,286,284,286,285,287,286,288,287,289,288,290,289,291,290,292,291,292,292,293,293,293,294,292,295,292,296,292,297,291,298,291,299,291,300,290,301,289,302,289,303,289,303,288,303,287,303,286,304,285,304,284,305,283,305,282,304,281,304,280,304,279,304,278,303,277,303,276,302,275,301,274,301,273,300,272,299,273,298,272,297,272,296,271,295,271,294,271,293,271,292,271,291,271,290,271
315,279,314,280,313,280,312,281,311,282,310,282,309,283,308,284,308,285,307,286,306,287,306,288,305,289,304,288,304,289,304,290,303,291,303,292,302,293,301,294,301,295,300,296,300,297,299,298,299,299,299,300,298,301,298,302,298,303,298,304,298,305,298,306,298,307,298,308,298,309,298,310,298,311,298,312,299,313,299,314,300,314,301,314,302,314,303,315,304,315,305,314,306,313,307,313,307,312,308,311,309,311,310,310,311,309,312,308,312,307,313,306,314,305,315,304,316,303,316,302,317,301,318,300,319,299,319,298,320,297,321,296,321,295,321,294,322,293,322,292,322,291,322,290,323,289,322,288,322,287,322,286,322,285,321,284,321,283,320,282,319,281,319,280,318,280,317,280,316,279
281,286,280,287,279,287,278,287,277,287,276,287,275,287,274,287,273,287,272,288,271,289,270,289,269,290,268,291,267,292,266,293,265,294,264,294,263,295,262,296,262,297,261,298,261,299,261,300,261,301,261,302,261,303,261,304,260,305,260,306,259,307,259,308,259,309,259,310,258,311,258,312,258,313,258,314,258,315,257,316,258,316,259,317,259,318,260,319,261,319,262,320,263,321,264,321,265,321,266,321,267,321,268,322,269,321,270,321,271,321,272,320,273,320,274,319,275,319,276,319,277,318,278,318,279,317,280,316,281,316,282,315,283,314,284,314,285,313,285,312,286,311,287,310,288,309,289,308,290,307,291,306,291,305,291,304,292,303,292,302,292,301,292,300,292,299,292,298,292,297,292,296,291,295,291,294,291,293,290,293,289,292,288,291,287,290,286,289,285,288,284,287,283,287,282,286
260,299,259,300,258,300,257,300,256,300,255,300,254,300,253,300,252,300,251,300,250,300,249,300,248,301,247,301,246,302,245,303,244,303,243,303,242,303,241,304,240,305,239,305,238,305,237,306,236,306,235,307,234,307,233,308,232,309,231,309,230,310,229,311,228,312,228,313,227,314,227,315,226,316,226,317,226,318,226,319,226,320,226,321,226,322,227,323,227,324,227,325,227,326,228,327,229,328,230,328,231,329,232,329,233,330,234,330,235,330,236,329,237,329,238,328,239,328,240,328,241,327,242,326,243,326,244,325,245,324,246,324,247,323,248,322,249,321,250,320,250,319,251,318,252,318,253,317,254,317,255,316,256,316,257,315,257,314,257,313,257,312,257,311,258,310,258,309,258,308,258,307,259,306,259,305,260,304,260,303,260,302,260,301,260,300
258,325,257,326,256,326,255,327,254,327,253,327,252,328,251,328,250,329,249,329,248,330,247,331,246,332,245,333,244,334,244,335,244,336,244,337,244,338,244,339,245,340,245,341,246,342,247,342,248,343,249,343,250,343,251,343,252,344,253,344,254,344,255,344,256,344,257,344,258,343,259,343,260,343,261,343,262,343,263,342,264,342,265,341,266,341,267,341,268,340,269,340,270,339,271,338,272,337,272,336,272,335,272,334,272,333,271,332,271,331,270,330,269,329,269,328,268,327,267,327,266,326,265,326,264,326,263,325,262,325,261,325,260,325,259,325
150,415,149,416,148,416,147,417,146,418,145,419,145,420,144,421,144,422,144,423,144,424,144,425,144,426,144,427,145,428,146,429,147,430,147,431,148,432,149,433,149,434,150,435,151,436,152,436,153,437,154,437,155,437,156,438,157,438,158,438,159,438,160,438,161,437,162,437,163,437,164,436,165,436,166,435,167,434,167,433,168,432,169,431,170,430,170,429,170,428,170,427,170,426,170,425,170,424,170,423,169,422,168,421,168,420,167,419,166,419,165,418,164,417,163,417,162,416,161,416,160,415,159,415,158,415,157,415,156,415,155,415,154,415,153,415,152,415,151,415
177,417,176,418,175,418,174,419,173,420,173,421,172,422,172,423,171,424,171,425,171,426,171,427,171,428,171,429,171,430,171,431,171,432,172,433,172,434,172,435,172,436,172,437,173,438,174,439,175,440,176,440,177,441,178,441,179,441,180,441,181,441,182,441,183,441,184,440,185,440,186,440,187,439,188,438,189,437,190,436,191,435,191,434,191,433,192,432,192,431,192,430,192,429,191,428,191,427,191,426,191,425,191,424,190,423,190,422,189,421,188,420,187,419,186,418,185,418,184,418,183,417,182,417,181,417,180,417,179,417,178,417
329,419,328,420,327,420,326,420,325,420,324,420,323,420,322,420,321,421,320,421,319,422,318,423,318,424,317,425,316,426,316,427,315,428,315,429,315,430,315,431,315,432,315,433,315,434,316,435,316,436,317,437,318,438,319,439,320,439,321,440,322,440,323,441,324,441,325,441,326,441,327,441,328,441,329,441,330,442,331,441,332,441,333,441,334,441,335,442,336,442,337,441,338,441,339,442,340,442,341,442,342,442,343,441,344,441,345,441,346,440,347,440,348,439,349,438,349,437,350,436,350,435,351,434,351,433,351,432,351,431,350,430,350,429,350,428,349,427,348,426,347,425,346,424,345,423,344,422,343,422,342,421,341,421,340,421,339,420,338,420,337,420,336,419,335,419,334,419,333,419,332,419,331,419,330,419
125,421,124,422,123,423,122,424,121,425,120,426,119,427,119,428,119,429,118,430,118,431,119,432,119,433,119,434,119,435,120,436,120,437,121,438,121,439,122,440,123,441,124,441,125,442,126,442,127,442,128,442,129,443,130,443,131,443,132,442,133,442,134,442,135,442,136,441,137,440,138,440,139,439,140,438,140,437,141,436,141,435,141,434,141,433,141,432,141,431,141,430,141,429,140,428,140,427,139,426,138,425,137,424,136,424,135,423,134,423,133,422,132,422,131,421,130,421,129,421,128,421,127,421,126,421
374,426,373,427,372,427,371,428,370,429,369,429,369,430,368,431,367,432,366,433,365,434,365,435,364,436,363,437,362,438,361,439,360,440,360,441,359,442,359,443,358,444,358,445,358,446,358,447,358,448,358,449,359,450,359,451,359,452,359,453,360,454,361,455,362,456,362,457,363,458,364,458,365,459,366,460,367,460,368,460,369,461,370,461,371,461,372,461,373,461,374,460,375,460,376,460,377,459,378,459,379,459,380,458,381,457,382,456,383,455,383,454,383,453,383,452,383,451,383,450,382,449,382,448,382,447,382,446,382,445,382,444,382,443,382,442,382,441,382,440,382,439,382,438,383,437,383,436,382,435,382,434,382,433,382,432,382,431,381,430,381,429,380,428,379,428,378,428,377,427,376,427,375,426
204,431,203,432,202,432,201,432,200,433,199,433,198,434,197,435,196,436,196,437,195,438,195,439,195,440,195,441,196,442,196,443,196,444,197,445,198,446,199,447,200,448,201,449,202,450,203,451,204,452,205,452,206,452,207,452,208,453,209,453,210,453,211,453,212,453,213,453,214,453,215,453,216,453,217,452,218,452,219,451,220,450,221,450,222,449,223,449,224,448,224,447,225,446,226,445,226,444,226,443,226,442,226,441,226,440,226,439,226,438,226,437,225,436,224,435,223,434,222,433,221,432,220,432,219,432,218,431,217,431,216,431,215,431,214,431,213,431,212,431,211,431,210,431,209,431,208,431,207,431,206,431,205,431
299,433,298,434,297,434,296,434,295,434,294,434,293,435,292,435,291,436,290,437,289,438,288,439,288,440,287,441,287,442,287,443,287,444,287,445,288,446,288,447,288,448,289,449,290,450,291,451,292,452,293,452,294,453,295,453,296,453,297,454,298,454,299,454,300,454,301,453,302,453,303,453,304,452,305,451,306,450,307,450,308,449,309,448,310,447,311,446,312,445,313,444,313,443,313,442,313,441,313,440,313,439,312,438,311,437,310,436,309,435,308,435,307,434,306,434,305,433,304,433,303,433,302,433,301,433,300,433
102,437,101,438,100,438,99,439,98,440,97,441,97,442,96,443,96,444,96,445,95,446,95,447,95,448,95,449,96,450,96,451,97,452,97,453,98,454,98,455,99,456,99,457,100,458,101,458,102,458,103,458,104,458,105,458,106,458,107,458,108,458,109,458,110,458,111,458,112,457,113,457,114,456,114,455,115,454,116,453,117,452,117,451,118,450,118,449,118,448,119,447,118,446,118,445,118,444,117,443,117,442,116,441,115,440,114,439,113,438,112,438,111,437,110,437,109,437,108,437,107,437,106,437,105,437,104,437,103,437
392,442,391,443,390,443,389,444,388,445,388,446,387,447,387,448,386,449,386,450,385,451,385,452,384,453,384,454,384,455,384,456,384,457,384,458,385,459,385,460,386,461,386,462,387,462,388,463,389,463,390,463,391,464,392,464,393,464,394,464,395,464,396,464,397,464,398,464,399,464,400,463,401,463,402,463,403,462,403,461,404,460,404,459,405,458,405,457,405,456,405,455,405,454,405,453,405,452,405,451,405,450,404,449,404,448,404,447,403,446,402,445,401,444,400,444,399,443,398,442,397,442,396,442,395,442,394,442,393,442
328,450,327,451,326,451,325,451,324,452,323,452,322,452,321,453,320,453,319,454,318,455,317,456,316,457,316,458,315,459,315,460,314,461,314,462,314,463,313,464,313,465,313,466,313,467,313,468,313,469,313,470,314,471,314,472,314,473,314,474,315,475,315,476,316,477,317,478,317,479,318,480,319,481,320,482,321,483,322,483,323,484,324,485,325,485,326,486,327,486,328,486,329,486,330,486,331,487,332,487,333,486,334,486,335,486,336,486,337,485,338,485,339,484,340,483,341,483,342,482,343,481,344,482,344,481,345,480,346,479,347,478,347,477,347,476,347,475,348,474,348,473,348,472,349,471,349,470,349,469,349,468,349,467,349,466,349,465,349,464,349,463,349,462,348,461,348,460,348,459,347,458,347,457,346,456,345,455,344,454,343,453,342,452,341,452,340,451,339,451,338,451,337,451,336,450,335,450,334,450,333,450,332,450,331,450,330,450,329,450
135,453,134,454,133,454,132,454,131,454,130,455,129,456,128,456,127,457,126,458,125,458,124,459,123,460,122,461,121,462,120,463,119,464,119,465,118,466,118,467,117,468,117,469,117,470,117,471,117,472,117,473,116,474,116,475,116,476,116,477,117,478,117,479,117,480,117,481,118,482,118,483,119,484,119,485,120,486,120,487,121,488,122,489,122,490,123,491,124,492,125,493,126,493,127,493,128,494,129,494,130,495,131,495,132,496,133,496,134,497,135,497,136,497,137,498,138,498,139,499,140,499,141,499,142,499,143,499,144,498,145,498,146,498,147,497,148,497,149,497,150,497,151,497,152,496,153,496,154,495,155,495,156,494,157,493,158,492,159,492,159,491,160,490,161,489,162,488,162,487,163,486,163,485,164,484,164,483,165,482,165,481,165,480,165,479,165,478,165,477,165,476,165,475,165,474,164,473,164,472,163,471,163,470,163,469,162,468,162,467,162,466,161,465,160,464,160,463,159,462,158,461,157,460,156,459,155,458,154,457,153,456,152,456,151,455,150,455,149,454,148,454,147,454,146,453,145,453,144,453,143,453,142,453,141,453,140,453,139,453,138,453,137,453,136,453
231,453,230,454,229,454,228,455,227,455,226,456,225,457,224,458,223,459,222,460,221,461,221,462,221,463,221,464,221,465,221,466,222,467,222,468,223,469,224,470,225,470,226,471,227,472,228,472,229,472,230,472,231,471,232,471,233,470,234,470,235,469,236,468,237,467,238,466,238,465,239,464,239,463,239,462,239,461,239,460,239,459,238,458,237,457,237,456,236,455,235,454,234,454,233,453,232,453
285,455,284,456,283,456,282,457,281,457,280,458,280,459,279,460,279,461,278,462,278,463,278,464,278,465,278,466,279,467,279,468,280,469,280,470,281,471,281,472,282,473,283,474,284,475,284,476,285,477,286,477,287,478,288,478,289,479,290,479,291,479,292,479,293,479,294,479,295,478,296,478,297,477,297,476,297,475,297,474,298,473,298,472,299,471,299,470,299,469,299,468,299,467,299,466,299,465,299,464,299,463,299,462,299,461,298,460,297,459,297,458,296,458,295,457,294,456,293,456,292,456,291,455,290,455,289,455,288,455,287,455,286,455
89,458,88,459,87,459,86,459,85,460,84,460,83,460,82,460,81,461,80,461,79,461,78,461,77,462,76,462,75,462,74,463,73,464,72,465,72,466,71,467,71,468,71,469,70,470,70,471,70,472,70,473,71,474,71,475,72,476,73,477,74,478,75,479,76,479,77,480,78,480,79,480,80,481,81,481,82,481,83,480,84,480,85,480,86,480,87,480,88,480,89,480,90,480,91,480,92,479,93,479,94,479,95,478,96,478,97,477,98,476,99,476,100,475,101,474,102,473,103,472,104,471,104,470,105,469,105,468,105,467,105,466,104,465,104,464,103,463,103,462,102,461,101,460,100,460,99,460,98,459,97,459,96,458,95,458,94,458,93,458,92,458,91,458,90,458
385,463,385,464,384,465,383,465,382,466,381,467,380,467,380,468,379,469,378,470,378,471,378,472,377,473,377,474,377,475,376,476,376,477,377,478,377,479,378,480,378,481,379,482,380,483,381,483,382,484,383,485,384,485,385,486,386,487,387,487,388,488,389,489,390,489,391,489,392,488,393,488,394,488,395,488,396,488,397,489,398,489,399,488,400,488,401,488,402,488,403,488,404,488,405,487,406,486,407,486,408,486,409,485,410,485,411,484,412,483,413,482,414,481,414,480,414,479,415,478,415,477,415,476,414,475,414,474,414,473,413,472,413,471,412,470,412,469,411,468,410,467,409,467,408,467,407,467,406,466,405,465,404,465,403,465,402,464,401,464,400,464,399,465,398,465,397,465,396,465,395,465,394,465,393,465,392,465,391,465,390,464,389,464,388,464,387,463,386,463
360,471,359,472,358,472,357,472,356,473,355,473,354,474,353,475,352,476,351,476,350,477,349,478,348,479,347,479,346,480,345,481,345,482,344,483,344,484,343,485,343,486,343,487,343,488,343,489,342,490,342,491,342,492,342,493,342,494,343,495,343,496,343,497,343,498,343,499,344,500,345,501,345,502,346,503,347,504,348,505,349,506,350,507,351,508,352,509,353,509,354,510,355,510,356,510,357,510,358,511,359,510,360,510,361,510,362,510,363,510,364,510,365,510,366,510,367,509,368,508,369,507,370,507,371,506,372,505,373,504,374,503,375,502,375,501,376,500,376,499,377,498,377,497,377,496,378,495,378,494,379,493,379,492,379,491,379,490,379,489,379,488,379,487,379,486,379,485,378,484,378,483,378,482,377,481,377,480,376,479,376,478,375,477,375,476,374,476,373,475,372,474,371,474,370,473,369,473,368,472,367,472,366,472,365,472,364,472,363,472,362,472,361,471
268,474,267,475,266,476,266,477,265,478,265,479,265,480,265,481,264,482,264,483,264,484,264,485,264,486,264,487,264,488,265,489,265,490,266,491,266,492,267,493,267,494,268,495,269,496,270,497,271,498,272,499,273,499,274,500,275,500,276,500,277,500,278,500,279,499,280,499,281,499,282,498,283,498,284,497,285,496,285,495,286,494,286,493,286,492,286,491,286,490,286,489,285,488,285,487,284,486,284,485,283,484,283,483,282,482,281,481,281,480,280,479,279,478,278,477,277,476,276,476,275,475,274,475,273,474,272,474,271,474,270,474,269,474
207,480,206,481,205,481,204,482,203,482,202,483,201,483,200,484,199,484,198,485,197,486,196,486,195,487,194,488,193,489,192,489,192,490,191,491,191,492,190,493,190,494,189,495,189,496,189,497,189,498,188,499,188,500,188,501,188,502,189,503,189,504,189,505,190,506,190,507,191,508,192,509,193,510,194,510,195,510,196,510,197,510,198,511,199,511,200,511,201,511,202,511,203,511,204,511,205,511,206,511,207,511,208,511,209,511,210,511,211,511,212,511,213,511,214,511,215,511,216,511,217,511,218,511,219,511,220,511,221,511,222,511,223,510,224,510,225,510,226,510,227,510,228,509,229,509,230,508,231,507,231,506,232,505,232,504,231,503,231,502,231,501,230,500,230,499,230,498,229,497,229,496,229,495,228,494,228,493,227,492,226,491,226,490,225,489,225,488,224,487,223,486,222,485,221,484,220,483,219,483,218,482,217,482,216,481,215,481,214,480,213,480,212,480,211,480,210,480,209,480,208,480
68,484,67,485,66,485,65,486,64,486,64,487,63,488,63,489,62,490,62,491,62,492,62,493,62,494,62,495,62,496,62,497,62,498,63,499,63,500,64,501,64,502,65,503,66,504,67,505,67,506,67,507,68,508,68,509,69,509,70,509,71,509,72,508,73,509,74,509,75,509,76,509,77,508,78,508,79,507,80,506,80,505,81,504,81,503,82,502,82,501,83,500,82,499,82,498,82,497,82,496,82,495,82,494,82,493,82,492,81,491,81,490,81,489,80,488,79,487,79,486,78,485,77,485,76,484,75,484,74,484,73,484,72,484,71,484,70,484,69,484
106,488,105,489,104,489,103,489,102,489,101,490,100,490,99,490,98,491,97,491,96,492,95,493,94,493,93,494,92,495,91,496,90,496,89,497,89,498,88,499,88,500,87,501,87,502,86,503,86,504,85,505,85,506,85,507,85,508,85,509,85,510,85,511,86,511,87,511,88,511,89,511,90,511,91,511,92,511,93,511,94,511,95,511,96,511,97,511,98,511,99,511,100,511,101,511,102,511,103,511,104,511,105,511,106,511,107,511,108,511,109,511,110,511,111,511,112,511,113,511,114,511,115,511,116,511,117,511,118,511,119,511,120,511,121,511,122,511,123,511,124,511,125,511,126,511,127,511,128,511,129,511,130,510,131,510,131,509,131,508,131,507,131,506,131,505,130,504,130,503,130,502,130,501,129,500,128,499,128,498,128,497,127,496,126,495,125,494,124,493,123,492,122,491,121,491,120,490,119,490,118,490,117,489,116,489,115,489,114,489,113,489,112,489,111,489,110,489,109,488,108,488,107,488
250,489,249,490,248,490,247,490,246,490,245,490,244,490,243,490,242,490,241,490,240,490,239,490,238,491,237,492,236,492,235,493,235,494,234,495,234,496,234,497,234,498,234,499,234,500,234,501,234,502,235,503,235,504,236,505,237,506,238,507,239,508,240,508,241,509,242,510,243,510,244,510,245,510,246,510,247,510,248,510,249,510,250,510,251,509,252,509,253,509,254,508,255,508,256,507,257,506,258,505,258,504,259,503,260,502,260,501,260,500,261,499,261,498,260,497,260,496,259,495,259,494,258,493,257,492,256,491,255,491,254,491,253,490,252,490,251,490
307,489,306,490,305,490,304,491,303,492,302,493,302,494,302,495,301,496,301,497,301,498,301,499,301,500,301,501,301,502,300,503,301,504,300,505,299,505,300,506,300,507,301,508,302,509,302,510,303,510,304,510,305,510,306,510,307,510,308,510,309,511,310,511,311,511,312,511,313,511,314,511,315,511,316,511,317,511,318,511,319,511,320,511,321,511,322,511,323,511,324,511,325,511,326,511,327,511,328,511,329,510,330,510,331,511,332,511,333,510,334,510,335,509,336,509,337,508,338,507,338,506,338,505,338,504,338,503,338,502,338,501,337,500,337,499,337,498,336,497,335,496,334,495,333,495,332,494,331,494,330,493,329,493,328,492,327,492,326,491,325,491,324,491,323,490,322,490,321,490,320,490,319,489,318,489,317,489,316,489,315,489,314,489,313,489,312,489,311,489,310,489,309,489,308,489
387,490,386,491,385,491,384,492,383,492,382,493,381,494,380,494,379,494,379,495,378,496,378,497,378,498,377,499,377,500,376,501,377,502,377,503,378,504,377,505,377,506,377,507,376,508,376,509,377,510,378,510,379,510,380,510,381,510,382,510,383,511,384,511,385,511,386,511,387,511,388,511,389,511,390,511,391,511,392,511,393,511,394,511,395,511,396,511,397,511,398,511,399,511,400,511,401,511,402,510,403,509,404,508,404,507,404,506,404,505,404,504,404,503,403,502,403,501,403,500,402,499,402,498,401,497,400,497,399,496,398,495,397,495,396,494,395,493,394,493,393,492,392,492,391,492,390,491,389,491,388,491
290,503,289,504,288,504,287,504,286,504,285,504,284,505,283,505,282,505,281,505,280,506,279,507,278,508,277,509,277,510,277,511,278,511,279,511,280,511,281,511,282,511,283,511,284,511,285,511,286,511,287,511,288,511,289,511,290,511,291,511,292,511,293,511,294,511,295,511,296,511,297,511,298,511,299,511,300,511,301,511,301,510,301,509,300,508,299,507,299,506,298,505,297,504,296,504,295,504,294,504,293,503,292,503,291,503
56,505,55,506,54,506,53,506,52,507,51,508,50,509,49,509,49,510,50,511,51,511,52,511,53,511,54,511,55,511,56,511,57,511,58,511,59,511,60,511,61,511,62,511,63,511,64,511,65,511,66,511,67,510,68,510,67,509,67,508,66,507,65,507,64,507,63,507,62,506,61,506,60,506,59,506,58,505,57,505
