44,8,43,9,42,9,41,9,40,10,39,10,38,11,38,12,37,13,37,14,37,15,37,16,37,17,37,18,37,19,38,20,38,21,39,22,40,22,41,22,42,22,43,22,44,22,45,22,46,21,47,21,48,20,49,19,50,18,50,17,51,16,51,15,51,14,51,13,51,12,50,11,49,10,49,9,48,9,47,9,46,8,45,8
43,32,42,33,41,33,40,34,39,35,39,36,38,37,38,38,38,39,38,40,38,41,39,42,40,43,41,44,42,44,43,45,44,46,45,46,46,47,47,47,48,48,49,48,50,48,51,49,52,49,53,49,54,49,55,49,56,49,57,49,58,48,59,48,60,47,60,46,61,45,61,44,62,43,62,42,62,41,61,40,61,39,61,38,60,37,59,36,58,35,57,35,56,34,55,34,54,34,53,34,52,33,51,33,50,33,49,33,48,33,47,32,46,32,45,32,44,32
21,37,20,38,19,38,18,38,17,39,16,39,15,40,14,41,14,42,13,43,13,44,13,45,12,46,13,47,13,48,13,49,13,50,14,51,15,52,16,53,17,54,18,54,19,54,20,54,21,54,22,54,23,54,24,54,25,53,26,53,27,52,28,52,28,51,29,50,30,50,30,49,30,48,31,47,31,46,31,45,31,44,31,43,30,42,29,41,29,40,28,40,27,39,26,38,25,38,24,38,23,38,22,37
56,51,55,52,54,52,53,52,52,52,51,52,50,52,49,52,48,52,47,52,46,52,45,53,44,53,44,54,43,55,43,56,42,57,43,58,44,59,45,60,46,61,47,62,48,63,49,63,50,64,51,65,52,65,53,65,54,65,55,66,56,66,57,66,58,66,59,66,60,66,61,66,62,66,63,66,64,66,65,66,65,65,66,64,66,63,66,62,67,61,67,60,67,59,67,58,67,57,67,56,67,55,66,54,65,53,64,52,63,52,62,51,61,51,60,51,59,51,58,51,57,51
42,58,41,59,40,60,39,61,39,62,38,63,38,64,38,65,37,66,37,67,37,68,37,69,37,70,37,71,37,72,38,73,38,74,39,75,39,76,39,77,40,78,41,79,41,80,42,81,43,81,44,82,45,82,46,83,47,83,48,84,49,84,50,84,51,84,52,84,53,85,54,85,55,85,56,85,57,86,58,85,59,85,60,85,61,84,62,84,63,83,64,83,65,82,66,81,67,80,68,79,68,78,68,77,69,76,69,75,69,74,69,73,69,72,69,71,68,70,67,69,67,68,66,67,65,67,64,67,63,67,62,67,61,67,60,67,59,67,58,67,57,67,56,67,55,67,54,66,53,66,52,66,51,66,50,65,49,64,48,64,47,63,46,62,45,61,44,60,43,59
67,109,66,110,65,110,64,110,63,110,62,111,61,111,60,112,59,112,58,113,58,114,57,115,57,116,57,117,57,118,57,119,57,120,57,121,57,122,58,123,59,124,59,125,60,125,61,126,62,127,63,128,64,128,65,129,66,129,67,129,68,129,69,129,70,129,71,128,72,128,73,128,74,127,75,127,76,126,77,125,78,124,79,123,79,122,79,121,79,120,79,119,79,118,78,117,78,116,78,115,77,114,76,113,75,112,74,111,73,111,72,110,71,110,70,110,69,109,68,109
170,113,169,114,168,114,167,114,166,115,165,115,164,116,163,117,162,118,161,119,161,120,160,121,160,122,160,123,160,124,159,125,160,126,160,127,160,128,161,129,161,130,162,131,162,132,163,133,163,134,164,135,165,136,166,137,167,137,168,137,169,138,170,139,171,139,172,139,173,140,174,140,175,140,176,140,177,141,178,141,179,140,180,140,181,139,182,139,183,139,184,138,184,137,185,136,185,135,186,134,186,133,187,132,187,131,187,130,187,129,187,128,187,127,187,126,187,125,187,124,186,123,185,122,185,121,185,120,184,119,183,118,183,117,182,116,181,115,180,114,179,114,178,114,177,114,176,113,175,113,174,113,173,113,172,113,171,113
131,127,130,128,129,128,129,129,128,130,127,131,126,131,125,131,124,131,123,130,124,131,123,132,122,133,121,134,120,135,120,136,119,137,119,138,120,139,120,140,121,141,121,142,121,143,122,144,122,145,122,146,122,147,123,148,123,149,124,150,125,151,126,152,127,153,128,153,129,154,130,154,131,154,132,154,133,154,134,154,135,154,136,154,137,154,138,154,139,153,140,153,141,152,142,151,143,150,144,149,144,148,145,147,146,147,147,146,148,145,149,144,150,144,151,143,150,142,149,141,150,140,151,140,150,139,149,139,148,138,148,137,148,136,148,135,148,134,147,133,146,132,145,132,144,131,143,131,142,131,141,130,140,130,139,129,138,129,137,129,136,128,135,128,134,128,133,127,132,127
184,139,183,140,182,140,181,140,180,141,179,141,178,142,177,142,176,143,175,144,174,145,174,146,173,147,172,148,172,149,171,150,171,151,170,152,169,152,169,153,169,154,169,155,168,156,168,157,168,158,167,159,167,160,166,161,165,162,164,163,164,164,163,165,162,166,161,167,160,168,159,169,158,170,158,171,159,172,158,173,158,174,158,175,159,175,160,176,161,177,162,178,163,179,164,180,165,181,165,182,166,183,166,184,167,185,167,186,167,187,166,188,166,189,167,189,168,189,169,189,170,189,171,189,172,189,173,188,174,188,175,188,176,188,177,188,178,188,179,188,180,188,181,188,182,188,183,188,184,188,185,188,186,189,187,189,188,189,189,189,190,189,191,189,192,189,193,189,194,189,194,188,194,187,193,186,193,185,193,184,193,183,193,182,193,181,193,180,193,179,194,178,194,177,194,176,195,175,195,174,196,173,196,172,197,171,197,170,198,169,198,168,199,167,199,166,198,165,198,164,198,163,198,162,198,161,198,160,198,159,198,158,198,157,198,156,198,155,199,154,199,153,199,152,199,151,200,150,200,149,200,148,200,147,199,146,199,145,199,144,198,143,197,142,196,141,195,141,194,141,193,140,192,140,191,140,190,140,189,140,188,140,187,140,186,140,185,140
215,140,214,141,213,141,212,142,211,143,211,144,211,145,210,146,210,147,210,148,210,149,210,150,210,151,210,152,211,153,211,154,212,155,212,156,213,157,213,158,214,159,215,160,216,161,217,162,218,162,219,161,220,161,221,161,222,160,223,159,224,159,225,158,225,157,226,156,227,155,227,154,227,153,227,152,227,151,227,150,227,149,226,148,226,147,225,146,225,145,224,144,223,143,222,142,221,141,220,141,219,140,218,140,217,140,216,140
151,144,150,145,149,145,148,146,147,147,146,148,145,148,145,149,144,150,143,151,142,152,141,153,141,154,141,155,141,156,141,157,141,158,141,159,142,160,142,161,142,162,142,163,143,164,143,165,144,166,145,167,146,168,147,168,148,169,149,169,150,169,151,169,152,169,153,169,154,169,155,169,156,169,157,169,158,169,159,168,160,167,161,166,162,165,163,164,163,163,164,162,165,161,166,160,166,159,167,158,167,157,167,156,168,155,168,154,168,153,167,153,166,152,166,151,165,150,165,149,164,148,164,147,163,147,162,146,161,146,160,145,159,145,158,145,157,145,156,145,155,145,154,145,153,145,152,144
87,146,86,147,85,147,84,147,83,147,82,148,81,148,80,149,79,150,78,151,77,152,77,153,76,154,75,155,75,156,74,157,74,158,74,159,74,160,74,161,75,162,75,163,76,164,77,165,78,165,79,166,80,166,81,166,82,166,83,166,84,166,85,166,86,166,87,166,88,166,89,166,90,165,91,165,92,164,93,163,94,162,95,161,95,160,96,159,96,158,96,157,96,156,96,155,96,154,95,153,95,152,94,151,94,150,93,149,92,148,91,148,90,147,89,147,88,147
211,163,210,164,209,164,208,164,207,164,206,165,205,165,204,165,203,166,202,167,201,167,200,167,199,168,199,169,198,170,198,171,197,172,197,173,196,174,196,175,195,176,195,177,195,178,194,179,194,180,194,181,194,182,194,183,194,184,194,185,194,186,195,187,195,188,195,189,196,190,197,191,198,192,199,193,200,193,201,194,202,194,203,195,204,195,205,195,206,196,207,196,208,196,209,196,210,196,211,196,212,196,213,195,214,195,215,195,216,195,217,194,217,193,218,192,218,191,219,190,219,189,219,188,220,187,220,186,221,185,221,184,222,183,222,182,221,181,221,180,222,179,222,178,222,177,222,176,223,175,223,174,223,173,224,172,225,172,225,171,225,170,224,169,224,168,223,167,223,166,222,166,221,165,220,165,219,166,218,165,217,164,216,164,215,163,214,163,213,163,212,163
253,173,252,174,251,175,250,175,249,176,248,177,247,177,246,177,246,178,246,179,246,180,246,181,246,182,246,183,246,184,246,185,246,186,246,187,246,188,246,189,246,190,246,191,246,192,246,193,246,194,246,195,246,196,246,197,246,198,246,199,246,200,246,201,246,202,246,203,246,204,246,205,246,206,246,207,245,208,246,208,247,207,248,206,249,205,250,205,251,204,252,203,253,203,254,202,255,201,256,201,257,200,258,199,259,198,260,197,261,196,262,196,263,195,264,194,265,193,266,192,267,191,268,190,268,189,268,188,267,187,268,186,268,185,268,184,268,183,267,182,267,181,267,180,266,179,265,178,265,177,264,176,263,176,262,176,261,175,260,175,259,174,258,173,257,173,256,173,255,173,254,173
235,175,234,176,233,176,232,177,231,177,230,177,229,178,228,179,227,179,226,180,225,181,225,182,224,183,223,183,222,184,222,185,221,186,221,187,222,188,221,189,221,190,220,191,220,192,220,193,220,194,220,195,219,196,218,195,219,196,220,196,221,197,222,198,222,199,223,200,224,201,224,202,224,203,225,204,226,204,227,205,228,205,229,205,230,206,231,206,232,206,233,206,234,207,235,207,236,207,237,207,238,207,239,207,240,207,241,208,242,208,243,208,244,208,245,207,245,206,245,205,245,204,245,203,245,202,245,201,245,200,245,199,245,198,245,197,245,196,245,195,245,194,245,193,245,192,245,191,245,190,245,189,245,188,245,187,245,186,245,185,245,184,245,183,245,182,245,181,245,180,245,179,245,178,245,177,244,176,243,176,242,175,241,175,240,175,239,176,238,176,237,175,236,175
269,190,268,191,267,192,266,193,265,194,264,195,263,196,262,197,261,197,260,198,259,199,258,200,257,201,256,202,255,202,254,203,253,204,252,204,251,205,250,206,249,206,248,207,248,208,247,209,246,209,245,209,244,209,245,210,245,211,245,212,245,213,245,214,244,215,244,216,244,217,244,218,243,219,243,220,243,221,242,222,242,223,242,224,242,225,242,226,241,227,241,228,241,229,241,230,242,231,242,232,243,233,244,233,245,233,246,234,247,234,248,234,249,234,250,234,251,234,252,234,253,233,254,233,255,233,256,232,257,232,258,231,259,231,260,230,261,229,262,228,263,227,264,226,265,225,266,224,267,223,268,222,268,221,269,220,269,219,269,218,270,217,271,217,270,216,271,215,271,214,272,213,273,212,274,211,274,210,275,209,276,208,276,207,277,206,277,205,277,204,277,203,277,202,277,201,277,200,277,199,277,198,276,197,276,196,276,195,275,194,274,193,273,193,272,192,271,192,270,191
213,196,212,197,211,197,210,197,209,197,209,198,208,199,207,199,206,200,205,200,204,201,203,201,202,202,201,203,200,203,199,204,198,204,198,205,197,206,196,206,195,205,195,206,195,207,194,208,193,209,193,210,192,211,191,212,190,213,190,214,189,215,188,216,187,217,186,218,186,219,186,220,185,221,185,222,185,223,184,224,184,225,184,226,185,227,186,228,187,228,188,229,189,229,190,230,191,230,192,230,193,231,194,231,195,232,196,232,197,232,198,232,199,233,200,233,201,233,202,233,203,233,204,233,205,233,206,233,207,234,208,233,209,232,209,231,209,230,209,229,209,228,209,227,209,226,209,225,209,224,209,223,209,222,209,221,209,220,209,219,210,218,210,217,210,216,211,215,211,214,212,213,212,212,213,211,214,210,215,209,216,208,217,207,218,206,219,205,220,204,220,203,221,202,220,201,220,200,220,199,219,198,218,197,217,197,216,197,215,197,214,196
221,203,221,204,220,205,219,206,218,207,217,208,216,209,215,210,214,211,213,212,213,213,212,214,212,215,211,216,211,217,211,218,210,219,210,220,210,221,210,222,210,223,210,224,210,225,210,226,210,227,210,228,210,229,210,230,210,231,210,232,211,231,212,232,212,233,213,234,214,235,215,235,216,235,217,236,218,236,219,236,220,237,221,237,222,237,223,237,224,237,225,237,226,237,227,237,228,236,229,236,230,235,231,235,232,234,233,234,234,234,235,233,236,233,237,232,238,232,239,231,240,230,240,229,240,228,240,227,241,226,241,225,241,224,241,223,241,222,242,221,242,220,242,219,243,218,243,217,243,216,243,215,244,214,244,213,244,212,244,211,244,210,243,209,242,209,241,209,240,208,239,208,238,208,237,208,236,208,235,208,234,208,233,207,232,207,231,207,230,207,229,206,228,206,227,206,226,205,225,205,224,204,223,204,222,204
184,227,183,228,182,229,181,230,180,231,179,231,178,232,177,233,176,234,176,235,175,236,176,237,177,238,178,238,179,239,180,240,180,241,181,242,182,243,183,244,184,244,185,245,186,246,187,247,188,248,189,248,190,249,191,249,192,249,193,250,194,250,195,250,196,250,197,250,198,250,199,250,200,250,201,249,202,249,203,248,204,248,205,247,206,246,206,245,207,244,208,243,207,242,207,241,208,240,208,239,207,238,207,237,207,236,208,235,207,235,206,234,205,234,204,234,203,234,202,234,201,234,200,234,199,234,198,233,197,233,196,233,195,233,194,232,193,232,192,231,191,231,190,231,189,230,188,230,187,229,186,229,185,228
83,229,82,230,81,230,80,231,80,232,79,233,79,234,78,235,78,236,78,237,78,238,78,239,78,240,79,241,79,242,80,243,81,243,82,244,83,244,84,245,85,245,86,245,87,245,88,245,89,245,90,244,91,243,92,242,93,241,93,240,94,239,94,238,94,237,94,236,94,235,94,234,94,233,93,232,92,231,91,230,90,230,89,230,88,229,87,229,86,229,85,229,84,229
174,397,173,398,172,399,171,399,170,400,169,401,168,402,168,403,167,404,167,405,167,406,166,407,166,408,166,409,166,410,166,411,166,412,166,413,166,414,167,415,167,416,167,417,168,418,169,419,170,420,170,421,171,421,172,422,173,422,174,423,175,423,176,424,177,424,178,424,179,424,180,424,181,424,182,424,183,423,184,423,185,423,186,422,187,422,188,421,189,420,190,420,191,419,192,418,193,417,193,416,194,415,194,414,195,413,195,412,195,411,195,410,194,409,194,408,194,407,193,407,192,406,191,405,191,404,190,403,190,402,189,401,188,400,187,400,186,399,185,398,184,398,183,398,182,397,181,397,180,397,179,397,178,397,177,397,176,397,175,397
201,400,200,401,199,401,198,402,197,403,197,404,196,405,195,406,195,407,195,408,195,409,196,410,196,411,196,412,197,413,198,414,198,415,199,416,200,417,201,418,202,419,203,420,204,420,205,420,206,420,207,420,208,421,209,420,210,420,211,420,211,419,211,418,212,417,212,416,212,415,212,414,212,413,213,412,213,411,213,410,213,409,213,408,214,407,214,406,213,406,212,405,211,404,211,403,210,402,209,401,208,401,207,400,206,400,205,400,204,400,203,400,202,400
221,403,220,404,219,404,218,404,217,405,216,405,215,405,215,406,215,407,214,408,214,409,214,410,214,411,214,412,213,413,213,414,213,415,213,416,213,417,212,418,212,419,212,420,213,420,214,421,215,421,216,422,217,423,218,423,219,423,220,423,221,423,222,423,223,423,224,423,225,423,226,422,227,422,228,421,229,421,230,420,230,419,230,418,231,417,231,416,232,415,232,414,232,413,232,412,232,411,231,410,231,409,230,408,230,407,229,406,228,405,227,404,226,404,225,403,224,403,223,403,222,403
144,412,143,413,142,414,142,415,141,416,141,417,140,418,140,419,140,420,140,421,140,422,140,423,141,424,141,425,141,426,140,427,140,428,140,429,141,430,141,431,141,432,142,433,142,434,142,435,142,436,143,437,143,438,143,439,144,439,145,440,146,441,147,442,148,442,149,443,150,443,151,443,152,443,153,443,154,443,155,443,156,442,157,442,158,442,159,441,160,440,161,439,162,438,162,437,162,436,163,435,163,434,163,433,163,432,163,431,163,430,163,429,163,428,163,427,163,426,163,425,163,424,162,423,161,422,161,421,160,420,160,419,159,418,158,417,157,416,156,415,155,414,154,413,153,413,152,412,151,412,150,412,149,412,148,412,147,412,146,412,145,412
237,412,236,413,235,414,234,415,233,415,232,416,232,417,231,418,231,419,231,420,230,421,230,422,231,423,232,424,232,425,233,426,234,427,234,428,235,429,236,429,237,430,238,431,239,432,240,432,241,432,242,432,243,432,244,432,245,431,246,431,247,430,248,431,249,430,249,429,250,428,250,427,250,426,251,425,251,424,251,423,252,422,252,421,252,420,252,419,252,418,252,417,251,416,250,415,250,414,249,413,248,413,247,412,246,412,245,412,244,412,243,412,242,412,241,412,240,412,239,412,238,412
129,425,128,426,127,426,126,426,125,427,124,428,123,429,122,430,122,431,121,432,121,433,121,434,121,435,121,436,121,437,121,438,121,439,121,440,120,441,119,442,118,443,118,444,117,445,116,446,116,447,115,448,115,449,114,450,114,451,113,452,113,453,113,454,112,455,112,456,112,457,113,458,114,459,115,460,115,461,116,462,117,463,118,464,119,464,120,464,121,464,122,463,123,463,124,463,125,463,126,462,127,462,128,461,129,461,130,460,131,459,132,459,133,458,134,457,134,456,135,455,135,454,136,453,137,452,137,451,138,450,139,449,139,448,140,447,140,446,141,445,141,444,142,443,142,442,142,441,143,440,142,439,142,438,142,437,141,436,141,435,141,434,141,433,140,432,140,431,140,430,139,429,139,428,138,427,137,427,136,426,135,426,134,425,133,425,132,425,131,425,130,425
259,425,258,426,257,426,256,426,255,427,254,427,253,428,252,429,251,430,250,429,250,430,249,431,249,432,248,433,248,434,248,435,248,436,247,437,248,438,248,439,248,440,248,441,249,442,249,443,250,444,251,445,252,446,253,446,254,447,255,447,256,448,257,448,258,449,259,449,260,450,261,450,262,451,263,452,264,452,265,453,266,453,267,453,268,454,269,454,270,455,271,455,272,455,273,456,274,456,275,456,276,456,277,456,278,455,279,455,280,454,281,454,282,453,283,453,283,452,284,451,285,450,285,449,286,448,286,447,286,446,285,445,286,444,285,443,285,442,284,441,284,440,283,439,283,438,282,437,281,436,280,435,279,434,278,433,277,433,276,432,275,432,274,431,273,430,272,430,271,429,270,428,269,428,268,427,267,427,266,426,265,426,264,426,263,425,262,425,261,425,260,425
367,425,366,426,365,426,364,427,363,428,363,429,362,430,362,431,361,432,361,433,361,434,360,435,361,436,361,437,361,438,361,439,361,440,362,441,362,442,363,443,363,444,364,445,364,446,365,447,366,448,366,449,367,449,368,449,369,449,370,449,371,449,372,449,373,449,374,449,375,449,376,449,377,449,378,449,379,449,380,449,381,449,382,449,383,449,384,449,385,449,386,448,387,447,387,446,388,445,389,444,390,444,390,443,389,442,389,441,389,440,388,439,388,438,387,437,387,436,386,435,386,434,385,433,385,432,384,431,383,430,382,429,381,428,380,427,379,426,378,426,377,426,376,425,375,425,374,425,373,425,372,425,371,425,370,425,369,425,368,425
403,432,402,433,401,433,400,433,399,434,398,434,397,434,396,435,395,436,394,436,393,437,393,438,393,439,392,440,392,441,392,442,391,443,391,444,391,445,392,446,392,447,393,448,393,449,394,450,395,451,396,452,397,453,398,453,399,453,400,454,401,454,402,454,403,454,404,454,405,455,406,455,407,455,408,454,409,454,410,455,411,454,412,453,413,452,414,451,415,450,415,449,416,448,416,447,417,446,417,445,417,444,418,443,418,442,418,441,417,440,417,439,416,438,415,437,414,436,414,435,413,434,412,434,411,433,410,433,409,432,408,432,407,432,406,432,405,432,404,432
429,437,428,438,427,438,426,438,425,438,424,438,423,439,422,440,421,440,420,440,420,441,419,442,419,443,418,444,418,445,418,446,417,447,417,448,416,449,416,450,415,451,414,452,413,453,412,454,411,455,410,456,410,457,410,458,410,459,410,460,410,461,411,462,411,463,411,464,412,465,413,466,414,466,415,467,416,467,417,467,418,467,419,468,420,468,421,468,422,467,423,467,424,467,425,467,426,467,427,466,428,466,429,466,430,465,431,465,432,464,433,464,434,463,434,462,435,461,435,460,436,459,436,458,437,457,437,456,437,455,437,454,438,453,438,452,438,451,438,450,439,449,439,448,439,447,438,446,439,445,439,444,439,443,438,442,438,441,437,440,436,439,435,439,434,438,433,438,432,437,431,437,430,437
173,444,172,445,171,445,170,445,169,445,168,445,167,446,166,446,165,446,164,447,163,447,162,448,161,449,160,449,159,450,158,450,157,451,156,451,155,451,154,452,153,452,152,453,151,453,150,454,149,455,149,456,148,457,148,458,147,459,147,460,146,461,146,462,145,463,145,464,145,465,144,466,144,467,144,468,144,469,144,470,144,471,144,472,144,473,144,474,144,475,144,476,144,477,145,478,145,479,145,480,145,481,145,482,145,483,145,484,145,485,146,486,147,487,147,488,148,489,148,490,149,491,150,492,150,493,151,494,152,495,153,496,153,497,154,498,155,499,156,500,157,501,158,501,159,502,160,502,161,503,162,503,163,503,164,503,165,504,166,504,167,504,168,504,169,504,170,504,171,504,172,504,173,503,174,503,175,503,176,502,177,502,178,501,179,501,180,500,181,500,182,499,183,498,184,497,185,497,186,496,187,495,188,495,189,494,190,493,191,492,192,491,193,490,193,489,194,488,195,487,196,486,197,485,197,484,198,483,198,482,199,481,199,480,200,479,200,478,201,477,201,476,200,475,201,474,201,473,201,472,200,471,200,470,200,469,200,468,199,467,199,466,199,465,199,464,198,463,198,462,198,461,197,460,197,459,197,458,196,457,195,456,195,455,194,454,193,453,193,452,192,451,191,450,190,449,189,449,188,448,187,448,186,447,185,446,184,446,183,446,182,446,181,445,180,445,179,445,178,444,177,444,176,444,175,444,174,444
449,454,448,455,447,455,446,456,445,457,444,458,444,459,443,460,443,461,443,462,443,463,442,464,443,465,443,466,443,467,443,468,443,469,444,470,444,471,445,472,445,473,446,473,447,474,448,475,449,476,450,476,451,477,452,477,453,477,454,477,455,476,456,476,457,476,458,476,459,475,460,474,461,473,462,472,462,471,463,470,463,469,463,468,463,467,463,466,463,465,463,464,463,463,463,462,463,461,462,460,461,459,461,458,460,457,459,457,458,456,457,456,456,455,455,455,454,455,453,454,452,454,451,454,450,454
342,455,341,456,340,456,339,456,338,456,337,457,336,458,335,458,335,459,334,460,334,461,334,462,334,463,333,464,333,465,333,466,334,467,334,468,334,469,334,470,335,471,335,472,336,473,337,474,338,475,339,476,340,476,341,477,342,477,343,477,344,477,345,478,346,478,347,478,348,478,349,478,350,478,351,478,352,478,353,477,354,477,355,477,356,477,357,477,358,477,359,476,360,475,361,474,361,473,361,472,361,471,361,470,361,469,360,468,360,467,360,466,359,465,359,464,359,463,358,462,357,461,356,460,355,459,354,458,353,458,352,457,351,456,350,456,349,456,348,456,347,456,346,455,345,455,344,455,343,455
103,456,102,457,101,457,100,457,99,457,98,458,97,458,96,459,95,460,94,461,94,462,93,463,93,464,93,465,93,466,93,467,93,468,94,469,94,470,95,471,96,472,97,472,98,473,99,474,100,474,101,475,102,475,103,475,104,476,105,476,106,477,107,477,108,477,109,476,110,476,111,476,112,475,113,474,114,473,114,472,115,471,115,470,116,469,116,468,116,467,117,466,117,465,117,464,116,463,115,462,114,461,114,460,113,459,112,458,111,457,110,457,109,457,108,456,107,456,106,456,105,456,104,456
395,467,394,468,393,468,392,468,391,468,390,468,389,469,388,468,387,468,386,469,385,469,384,470,383,470,382,471,381,471,381,472,380,473,379,473,378,474,378,475,377,476,376,476,376,477,375,478,374,478,374,479,373,480,373,481,373,482,373,483,373,484,373,485,373,486,374,487,374,488,374,489,375,490,375,491,376,492,376,493,377,494,377,495,378,496,378,497,379,498,380,499,380,500,380,501,381,501,382,502,382,503,383,503,384,504,385,504,386,505,387,505,388,506,389,506,390,506,391,507,392,507,393,506,394,506,395,506,396,507,397,507,398,507,399,507,400,507,401,506,402,506,403,506,404,506,405,506,406,506,407,505,408,505,409,504,410,503,411,502,411,501,412,500,413,499,413,498,414,497,414,496,414,495,414,494,415,493,415,492,415,491,415,490,415,489,416,488,416,487,416,486,415,485,415,484,415,483,415,482,414,481,414,480,414,479,413,478,413,477,412,476,412,475,411,474,410,473,409,472,408,471,407,470,406,470,405,469,404,469,403,468,402,468,401,468,400,468,399,468,398,468,397,467,396,467
241,471,240,472,239,472,238,472,237,473,236,473,235,473,234,474,233,474,232,474,231,475,230,475,229,476,229,477,228,478,227,478,226,479,225,480,224,481,224,482,223,483,223,484,223,485,223,486,222,487,221,487,221,488,221,489,221,490,221,491,220,492,220,493,219,494,218,495,218,496,218,497,217,498,216,498,216,499,215,500,214,500,213,500,212,501,212,502,211,503,210,503,209,504,210,505,211,506,212,507,213,508,214,508,215,508,216,508,217,508,218,508,219,509,220,509,221,510,222,510,223,509,224,509,225,510,226,510,227,510,228,510,229,510,230,510,231,511,232,510,233,510,234,511,235,511,236,511,237,511,238,511,239,511,240,511,241,511,242,511,243,511,244,511,245,511,246,511,247,511,248,511,249,511,250,511,251,511,252,511,253,511,254,511,255,511,256,511,257,511,258,511,259,511,260,511,261,510,262,511,263,511,264,510,265,510,266,510,267,510,268,509,269,509,270,508,271,507,271,506,271,505,271,504,272,503,272,502,272,501,271,500,271,499,271,498,271,497,271,496,271,495,271,494,271,493,271,492,271,491,271,490,271,489,271,488,270,487,270,486,269,485,269,484,269,483,268,482,268,481,267,480,266,479,265,478,265,477,264,476,263,476,262,475,261,474,260,473,259,473,258,473,257,473,256,472,255,472,254,472,253,471,252,471,251,471,250,471,249,471,248,471,247,471,246,471,245,471,244,471,243,471,242,471
88,475,87,476,86,476,85,477,84,478,83,478,83,479,82,480,81,481,81,482,81,483,81,484,82,485,82,486,82,487,82,488,83,489,83,490,83,491,84,492,85,492,86,493,87,493,88,494,89,495,90,495,91,496,92,496,93,495,94,495,95,495,96,495,97,495,98,494,99,494,100,493,101,492,101,491,102,490,102,489,102,488,102,487,102,486,101,485,101,484,101,483,100,482,100,481,99,480,98,479,97,478,96,477,95,477,94,476,93,476,92,476,91,475,90,475,89,475
436,476,435,477,434,477,433,477,432,477,431,477,430,478,429,479,428,479,427,480,426,481,425,482,424,483,423,484,423,485,422,486,422,487,422,488,422,489,421,490,421,491,421,492,421,493,421,494,421,495,421,496,422,497,422,498,422,499,423,500,423,501,423,502,423,503,424,503,425,503,426,504,426,505,427,506,428,505,429,506,430,507,431,507,432,507,433,508,434,507,435,508,436,508,437,507,438,507,439,507,440,507,441,507,442,507,443,507,444,506,444,505,445,504,445,503,446,502,447,501,448,500,449,499,450,498,449,497,450,496,451,495,451,494,451,493,452,492,452,491,451,490,451,489,451,488,451,487,450,486,450,485,450,484,449,483,448,482,448,481,447,480,446,479,445,478,444,477,443,477,442,477,441,477,440,476,439,476,438,476,437,476
465,480,464,481,463,481,462,482,461,483,460,484,459,485,458,486,457,487,457,488,457,489,456,490,456,491,457,492,457,493,458,494,458,495,458,496,459,496,460,496,461,497,462,497,463,498,464,498,465,499,466,499,467,500,468,500,469,500,470,499,471,499,472,499,473,498,474,498,475,497,476,497,477,496,478,496,478,495,479,494,478,493,478,492,478,491,478,490,478,489,478,488,478,487,477,486,477,485,476,484,475,483,474,482,473,481,472,481,471,480,470,480,469,480,468,480,467,480,466,480
346,483,345,484,344,484,343,485,342,486,341,487,340,488,339,489,338,490,337,491,337,492,336,493,336,494,335,495,335,496,335,497,335,498,335,499,336,500,336,501,337,502,338,503,338,504,339,504,340,505,341,506,342,507,343,507,344,507,345,508,346,508,347,508,348,508,349,508,350,508,351,508,352,508,353,508,354,508,355,508,356,508,357,508,358,507,359,507,360,506,361,505,362,504,362,503,362,502,362,501,363,500,363,499,363,498,363,497,363,496,363,495,363,494,363,493,362,492,362,491,362,490,361,489,361,488,360,487,359,486,358,485,357,485,356,484,355,484,354,484,353,483,352,483,351,483,350,483,349,483,348,483,347,483
73,492,72,493,71,493,70,494,69,495,68,496,67,496,67,497,66,498,66,499,65,500,65,501,65,502,66,503,66,504,66,505,67,506,68,507,69,508,70,509,71,510,72,510,73,510,74,511,75,511,76,511,77,511,78,511,79,511,80,511,81,511,82,511,83,511,84,511,85,511,86,511,87,511,88,511,89,511,90,511,91,510,92,510,93,510,94,510,95,509,95,508,95,507,95,506,95,505,95,504,94,503,94,502,93,501,92,500,92,499,92,498,92,497,91,497,90,496,89,496,88,495,87,494,86,494,85,493,84,493,83,492,82,492,81,492,80,492,79,492,78,492,77,492,76,492,75,492,74,492
457,497,456,498,455,498,454,498,453,499,452,499,451,500,450,500,449,500,448,501,447,502,446,503,446,504,445,505,445,506,444,507,444,508,445,509,445,510,446,511,447,511,448,511,449,511,450,511,451,511,452,511,453,511,454,511,455,511,456,511,457,511,458,511,459,511,460,511,461,511,462,511,463,511,464,511,465,511,466,511,467,511,468,511,469,511,470,510,470,509,470,508,469,507,469,506,468,505,468,504,468,503,467,502,467,501,466,500,465,500,464,499,463,499,462,498,461,498,460,497,459,497,458,497
135,499,134,500,133,500,132,501,131,502,130,502,129,503,128,503,128,504,127,505,126,505,125,506,124,507,123,507,122,508,122,509,122,510,123,511,124,511,125,511,126,511,127,511,128,511,129,511,130,511,131,511,132,511,133,511,134,511,135,511,136,511,137,511,138,511,139,511,140,511,141,511,142,511,143,511,144,511,145,511,146,510,147,510,147,509,147,508,147,507,147,506,146,505,146,504,146,503,145,502,145,501,144,501,143,500,142,500,141,499,140,499,139,499,138,499,137,499,136,499
