306,24,305,25,304,25,303,26,302,27,302,28,302,29,301,30,301,31,301,32,301,33,301,34,302,35,303,36,304,37,305,37,306,37,307,37,308,37,309,37,310,37,311,36,312,36,312,35,312,34,313,33,313,32,313,31,313,30,313,29,312,28,312,27,311,26,310,26,309,25,308,25,307,24
185,197,184,198,183,198,182,198,181,199,180,199,179,200,178,201,177,202,176,203,176,204,176,205,176,206,176,207,176,208,177,209,177,210,177,211,177,212,178,212,179,213,180,214,181,214,182,214,183,215,184,215,185,215,186,215,187,215,188,215,189,214,190,213,191,212,192,211,192,210,193,209,193,208,193,207,193,206,193,205,192,204,192,203,192,202,192,201,191,200,190,200,189,199,188,198,187,198,186,198
185,240,184,241,183,242,182,243,182,244,181,245,181,246,181,247,181,248,181,249,182,250,182,251,183,251,184,252,185,252,186,252,187,252,188,251,189,251,190,250,191,250,191,249,192,248,192,247,192,246,192,245,192,244,192,243,191,242,190,242,189,241,188,240,187,240,186,240
312,267,311,268,310,269,309,270,309,271,308,272,308,273,308,274,308,275,308,276,309,277,310,278,311,279,312,280,313,281,313,282,314,282,315,282,314,281,315,280,316,280,317,279,318,278,319,277,319,276,319,275,320,274,320,273,319,272,319,271,319,270,318,269,317,268,317,267,316,267,315,267,314,267,313,267
14,296,13,297,12,297,11,298,10,299,10,300,9,301,9,302,9,303,9,304,10,305,10,306,11,306,12,307,13,308,14,308,15,308,16,308,17,308,18,307,19,306,20,305,20,304,20,303,20,302,20,301,20,300,19,299,19,298,18,297,17,297,16,296,15,296
186,328,185,329,184,329,183,330,182,331,181,332,180,332,179,333,178,334,178,335,177,336,177,337,176,338,176,339,176,340,175,341,176,342,176,343,176,344,177,345,177,346,178,347,178,348,179,349,180,349,181,350,182,351,183,351,184,352,185,353,186,353,187,353,188,353,189,353,190,353,191,352,192,352,193,351,194,350,195,349,196,348,197,348,197,347,198,346,198,345,198,344,198,343,199,342,199,341,199,340,199,339,199,338,199,337,199,336,199,335,198,334,198,333,197,332,197,331,196,330,195,329,194,328,193,328,192,328,191,328,190,328,189,328,188,328,187,328
225,356,224,357,223,357,222,358,221,358,220,359,219,360,218,361,217,362,216,363,215,364,215,365,215,366,214,367,214,368,213,369,214,370,214,371,214,372,214,373,215,374,215,375,216,375,217,376,218,377,219,377,220,378,221,378,222,378,223,379,224,380,224,381,225,381,226,381,227,381,228,382,229,382,230,382,231,381,232,381,233,380,234,379,234,378,235,377,236,376,237,375,238,374,238,373,239,372,239,371,239,370,238,369,239,368,240,367,241,366,241,365,240,364,240,363,240,362,239,361,239,360,238,359,238,358,237,357,236,357,235,356,234,356,233,356,232,356,231,356,230,356,229,356,228,356,227,356,226,356
89,372,88,373,87,373,86,374,85,375,84,376,83,377,83,378,82,379,82,380,81,381,81,382,81,383,81,384,80,385,80,386,80,387,81,388,82,389,82,390,83,391,84,392,85,393,85,394,86,395,87,395,88,396,89,396,90,396,91,396,92,396,93,395,94,395,95,395,96,394,97,393,98,393,99,393,100,392,101,392,102,393,102,392,102,391,102,390,103,389,103,388,104,387,104,386,105,385,105,384,105,383,105,382,105,381,105,380,105,379,105,378,104,377,103,376,103,375,102,374,101,373,100,373,99,372,98,372,97,372,96,372,95,372,94,372,93,372,92,372,91,372,90,372
202,374,201,375,200,375,199,376,198,376,197,377,196,377,195,378,195,379,194,380,194,381,193,382,193,383,193,384,192,385,192,386,192,387,192,388,192,389,192,390,193,391,194,392,194,393,195,394,196,395,197,396,198,397,199,397,200,397,201,398,202,399,203,398,204,398,205,398,206,398,207,397,208,397,209,396,210,396,211,396,212,395,213,394,214,393,215,392,216,391,217,390,217,389,218,388,219,388,218,387,218,386,219,385,220,385,221,386,221,385,221,384,221,383,220,383,219,382,219,381,218,380,217,379,216,379,215,378,214,377,213,376,212,376,211,376,210,375,209,375,208,374,207,374,206,374,205,374,204,374,203,374
55,380,54,381,53,381,52,382,51,383,50,384,49,385,48,386,48,387,48,388,48,389,49,390,49,391,50,392,51,393,52,393,53,393,54,393,55,394,56,393,57,393,58,393,59,392,60,392,61,392,62,391,63,390,63,389,64,388,65,387,65,386,65,385,64,384,63,383,62,382,61,381,60,381,59,380,58,380,57,380,56,380
