307,26,306,27,305,27,304,27,303,28,302,28,301,29,301,30,300,31,300,32,299,33,299,34,299,35,299,36,300,37,300,38,301,39,302,40,303,41,304,42,305,43,306,43,307,43,308,44,309,44,310,43,311,43,312,43,313,43,314,42,315,41,316,40,317,39,318,38,318,37,319,36,318,35,318,34,318,33,318,32,317,31,317,30,316,29,315,28,314,28,313,27,312,27,311,26,310,26,309,26,308,26
481,153,480,154,479,155,478,156,478,157,478,158,478,159,478,160,479,161,480,162,481,163,482,163,483,163,484,162,485,162,486,161,486,160,487,159,487,158,487,157,487,156,486,155,486,154,485,153,484,153,483,153,482,153
189,184,188,185,187,186,186,187,185,188,185,189,184,190,184,191,184,192,184,193,183,194,183,195,184,195,185,196,186,197,187,198,188,199,189,200,190,201,191,202,192,203,193,203,194,203,195,203,196,204,197,205,198,204,199,203,199,202,200,201,201,200,201,199,201,198,202,197,202,196,203,195,203,194,203,193,203,192,203,191,202,190,201,189,200,188,199,187,198,186,197,185,196,184,195,184,194,184,193,184,192,184,191,184,190,184
181,195,180,196,179,197,178,197,177,198,176,199,175,200,175,201,175,202,175,203,175,204,176,205,176,206,176,207,176,208,176,209,177,210,177,211,178,212,178,213,179,214,180,215,181,215,182,215,183,215,184,215,185,215,186,215,187,214,188,213,189,212,190,211,191,210,191,209,191,208,192,207,191,206,191,205,191,204,191,203,190,202,189,201,188,200,187,199,186,198,185,197,184,196,183,196,182,195
185,239,184,240,183,240,182,240,181,241,180,242,179,243,179,244,178,245,178,246,178,247,178,248,178,249,179,250,179,251,180,252,180,253,181,253,182,254,183,255,184,255,185,255,186,256,187,256,188,256,189,256,190,256,191,256,192,256,193,256,194,256,195,256,196,256,197,255,198,255,199,254,200,254,201,253,201,252,202,251,202,250,203,249,203,248,203,247,202,246,201,245,201,244,200,244,199,243,198,242,197,242,196,242,195,241,194,241,193,240,192,240,191,240,190,239,189,239,188,239,187,239,186,239
190,326,189,327,188,327,187,327,186,328,185,328,184,328,183,329,182,330,181,330,180,331,180,332,179,333,178,334,178,335,177,336,177,337,177,338,177,339,176,340,176,341,176,342,176,343,176,344,177,345,177,346,177,347,177,348,178,349,179,350,179,351,180,352,181,352,182,353,183,353,184,354,185,354,186,354,187,354,188,353,189,353,190,353,191,353,192,353,193,352,194,352,195,351,196,351,197,350,198,349,199,348,199,347,200,346,200,345,201,344,201,343,201,342,201,341,201,340,202,339,202,338,202,337,202,336,201,335,201,334,201,333,200,332,200,331,199,330,198,329,197,328,196,328,195,327,194,327,193,327,192,326,191,326
160,336,159,337,158,337,157,338,156,339,155,339,155,340,155,341,154,342,155,343,155,344,156,345,157,346,158,346,159,346,160,347,161,347,162,346,163,346,164,346,165,345,166,344,167,343,167,342,167,341,167,340,167,339,167,338,166,338,165,337,164,336,163,336,162,336,161,336
226,353,225,354,224,354,223,354,222,354,221,355,220,355,219,355,218,356,217,356,216,357,215,358,214,358,213,359,212,360,211,361,211,362,210,363,209,364,209,365,209,366,209,367,209,368,208,369,208,370,208,371,208,372,209,373,210,374,211,374,212,375,213,376,214,377,215,378,215,379,216,380,217,381,218,382,219,383,220,382,221,383,222,383,223,383,224,383,225,383,226,383,227,382,228,382,229,382,230,382,231,382,232,382,233,382,234,382,235,381,236,381,237,380,237,379,238,378,239,377,239,376,240,375,241,374,241,373,242,372,242,371,242,370,242,369,242,368,242,367,242,366,242,365,242,364,242,363,241,362,241,361,241,360,240,359,239,358,239,357,238,356,237,355,236,355,235,354,234,354,233,354,232,354,231,353,230,353,229,353,228,353,227,353
91,370,90,371,89,371,88,371,87,372,86,373,85,373,84,374,83,375,83,376,82,377,82,378,82,379,82,380,82,381,82,382,82,383,82,384,82,385,82,386,82,387,82,388,82,389,82,390,83,391,84,391,85,392,86,393,87,393,88,394,89,394,90,395,91,395,92,395,93,395,94,394,95,394,96,394,97,393,98,393,99,392,100,391,101,391,102,390,103,390,104,389,105,388,105,387,105,386,105,385,105,384,105,383,106,382,106,381,105,380,105,379,105,378,104,377,103,376,102,375,101,374,100,373,99,373,98,372,97,372,96,371,95,371,94,371,93,371,92,370
202,373,201,374,200,374,199,374,198,374,197,374,196,375,195,376,194,376,193,377,192,378,191,378,190,379,190,380,189,381,189,382,188,383,187,384,187,385,187,386,187,387,187,388,187,389,187,390,187,391,187,392,188,393,189,394,189,395,190,396,191,397,192,398,193,398,194,399,195,399,196,399,197,400,198,400,199,400,200,400,201,400,202,400,203,400,204,400,205,400,206,400,207,399,208,399,209,399,210,398,211,398,212,397,213,397,214,396,215,395,216,394,216,393,217,392,217,391,217,390,218,389,218,388,218,387,218,386,219,385,219,384,218,383,217,382,216,381,215,380,214,379,214,378,213,377,212,376,211,375,210,375,209,374,208,373,207,373,206,373,205,373,204,373,203,373
55,375,54,376,53,376,52,377,51,377,50,378,49,378,48,379,47,380,46,381,45,382,44,383,44,384,43,385,43,386,43,387,43,388,43,389,43,390,44,391,45,392,46,393,47,394,48,394,49,394,50,395,51,395,52,395,53,395,54,395,55,395,56,395,57,395,58,395,59,395,60,395,61,395,62,394,63,394,64,393,65,392,66,391,67,390,68,389,68,388,69,387,68,386,68,385,69,384,69,383,69,382,68,381,68,380,67,379,66,378,65,377,64,376,63,376,62,375,61,375,60,375,59,375,58,375,57,375,56,375
168,381,168,382,167,383,167,384,166,385,166,386,166,387,165,388,165,389,165,390,166,391,166,392,166,393,167,394,168,395,169,395,170,395,171,396,172,396,173,396,174,396,175,396,176,396,177,396,178,395,179,395,180,394,180,393,181,392,181,391,181,390,182,389,182,388,181,387,181,386,180,385,180,384,179,383,178,382,177,382,176,381,175,381,174,381,173,381,172,381,171,381,170,381,169,381
427,461,426,462,425,462,424,463,424,464,423,465,422,466,421,466,420,466,419,465,418,465,417,464,416,464,415,465,414,465,414,466,413,467,412,468,411,469,410,470,409,471,408,472,407,473,406,474,406,475,406,476,406,477,406,478,406,479,406,480,406,481,406,482,405,483,405,484,406,485,405,486,404,487,405,488,405,489,406,490,406,491,407,492,407,493,407,494,408,495,408,496,409,497,409,498,410,499,410,500,411,501,411,502,411,503,412,504,412,505,412,506,412,507,412,508,412,509,411,510,412,509,413,508,414,507,415,507,416,507,417,507,418,506,419,506,420,506,421,505,422,505,423,506,424,505,425,505,426,505,427,506,428,506,427,505,426,504,427,503,428,502,429,503,430,502,431,501,432,501,433,501,434,501,435,500,436,499,437,498,438,498,439,498,440,497,441,497,442,497,443,496,444,496,444,495,445,494,444,493,444,492,444,491,444,490,444,489,443,488,443,487,442,486,442,485,442,484,442,483,441,482,441,481,440,480,440,479,440,478,439,477,438,477,437,476,436,475,436,474,435,473,434,472,435,471,435,470,434,469,434,468,433,467,432,466,432,465,431,465,430,465,429,464,429,463,428,462
388,477,387,478,386,478,385,479,384,479,383,479,383,480,382,481,381,482,381,483,380,484,380,485,379,486,379,487,378,488,378,489,377,490,376,491,376,492,376,493,376,494,375,495,375,496,375,497,375,498,375,499,375,500,374,501,374,502,374,503,375,504,375,505,375,506,375,507,375,508,376,509,376,510,376,509,377,508,378,509,379,510,380,510,381,511,382,511,383,511,384,510,385,510,386,510,387,511,388,511,389,510,390,510,391,509,392,509,393,509,394,510,395,510,396,510,397,509,398,509,399,509,400,509,401,510,402,510,403,510,404,510,405,509,406,509,407,509,408,510,409,510,410,509,411,509,411,508,411,507,411,506,411,505,411,504,410,503,410,502,410,501,409,500,409,499,408,498,408,497,407,496,407,495,406,494,406,493,406,492,405,491,405,490,404,489,404,488,403,487,403,486,402,485,401,485,400,484,399,483,398,482,397,481,396,481,395,481,394,480,393,480,392,479,391,478,391,477,390,477,389,478
