76,81,75,82,74,82,73,83,72,84,72,85,71,86,71,87,70,88,70,89,70,90,70,91,70,92,70,93,71,94,72,95,72,96,73,96,74,96,75,97,76,97,77,97,78,96,79,96,80,96,81,95,82,95,82,94,83,93,83,92,84,91,84,90,85,89,85,88,85,87,85,86,84,85,84,84,83,83,82,82,81,82,80,81,79,81,78,81,77,81
159,124,158,125,157,125,156,126,155,126,154,126,153,127,152,128,151,128,150,129,150,130,149,131,148,132,148,133,147,134,147,135,147,136,147,137,146,138,146,139,146,140,146,141,146,142,146,143,147,144,147,145,147,146,148,147,148,148,149,149,150,150,151,150,152,151,153,151,154,152,155,152,156,152,157,152,158,152,159,152,160,152,161,152,162,153,163,152,164,152,165,152,166,152,167,151,168,151,169,151,170,150,171,149,172,148,173,148,174,147,175,146,176,145,177,144,178,143,178,142,179,141,179,140,179,139,179,138,179,137,179,136,179,135,178,134,178,133,177,132,177,131,176,130,175,129,174,128,173,127,172,127,171,126,170,125,169,125,168,125,167,124,166,124,165,124,164,124,163,124,162,124,161,124,160,124
197,128,196,129,195,129,194,130,193,131,193,132,193,133,193,134,192,135,193,135,194,136,195,136,196,137,197,137,198,138,199,138,200,138,201,139,202,139,203,140,204,140,205,141,205,140,206,139,206,138,207,137,207,136,208,135,208,134,209,133,209,132,209,131,209,130,208,130,207,129,206,129,205,128,204,128,203,128,202,128,201,128,200,128,199,128,198,128
132,131,131,132,130,132,129,133,128,134,127,135,127,136,126,137,125,138,125,139,124,140,123,141,123,142,122,143,122,144,121,145,120,146,120,147,120,148,119,149,119,150,119,151,119,152,118,153,118,154,118,155,118,156,118,157,119,158,119,159,119,160,120,161,120,162,121,163,121,164,122,165,123,165,124,166,125,166,126,166,127,166,128,166,129,166,130,165,131,165,132,165,133,164,134,163,135,162,136,161,136,160,137,159,137,158,137,157,138,156,138,155,139,154,139,153,139,152,140,151,140,150,141,149,141,148,141,147,141,146,142,145,142,144,142,143,142,142,142,141,142,140,142,139,142,138,142,137,142,136,142,135,141,134,141,133,140,132,139,132,138,131,137,131,136,131,135,131,134,131,133,131
210,131,210,132,210,133,209,134,209,135,208,136,208,137,207,138,207,139,206,140,206,141,206,142,206,143,207,144,207,145,207,146,207,147,208,147,209,148,210,149,211,150,212,151,213,151,214,151,215,152,216,152,217,152,218,153,219,153,220,153,221,153,222,152,223,152,224,152,225,153,226,153,227,153,228,153,229,153,230,154,231,153,232,153,233,153,234,152,235,152,236,152,237,151,238,151,239,151,239,150,240,149,240,148,241,147,241,146,240,145,240,144,239,143,238,142,237,141,236,141,235,140,234,139,233,139,232,138,231,138,230,137,229,137,228,136,227,136,226,135,225,135,224,135,223,134,222,134,221,134,220,133,219,133,218,133,217,132,216,132,215,132,214,132,213,132,212,132,211,131
191,136,190,137,189,137,188,138,187,139,186,140,186,141,186,142,185,143,185,144,184,145,184,146,184,147,183,148,183,149,183,150,184,151,183,152,183,153,184,154,185,155,186,156,187,157,188,158,189,159,189,160,190,161,191,161,192,161,193,161,194,161,195,161,196,161,197,161,198,160,199,160,200,159,201,158,201,157,202,156,203,155,203,154,204,153,205,152,205,151,205,150,206,149,206,148,206,147,206,146,206,145,206,144,205,143,205,142,204,141,203,141,202,140,201,140,200,139,199,139,198,139,197,138,196,138,195,137,194,137,193,136,192,136
177,153,176,154,175,154,174,155,173,155,173,156,173,157,172,158,172,159,172,160,172,161,173,162,174,163,174,164,174,165,174,166,174,167,174,168,175,169,176,170,177,170,178,171,179,172,180,172,181,171,182,171,183,170,184,170,185,169,186,169,187,168,188,167,188,166,188,165,189,164,189,163,189,162,189,161,188,160,188,159,187,158,186,157,185,156,184,155,183,154,182,154,181,154,180,154,179,153,178,153
222,153,221,154,220,154,219,154,218,154,217,155,216,156,215,156,214,157,213,158,212,159,212,160,211,161,211,162,211,163,211,164,211,165,211,166,211,167,211,168,212,169,213,170,214,171,214,172,215,172,216,173,217,173,218,173,219,174,220,174,221,174,222,174,223,174,224,174,225,174,226,174,227,173,228,173,229,172,230,172,231,171,232,170,232,169,233,168,233,167,233,166,233,165,233,164,233,163,233,162,234,161,233,160,233,159,232,158,231,157,230,156,230,155,229,154,228,154,227,154,226,154,225,154,224,153,223,153
242,153,241,154,240,155,239,156,238,157,238,158,238,159,237,160,237,161,237,162,238,163,238,164,238,165,238,166,238,167,239,168,239,169,240,170,240,171,241,172,242,173,243,174,244,174,245,175,246,175,247,176,248,176,249,176,250,176,251,176,252,176,253,177,254,177,255,177,256,176,257,176,258,175,259,174,260,174,260,173,261,172,261,171,261,170,261,169,261,168,261,167,261,166,261,165,261,164,261,163,260,162,260,161,260,160,259,159,258,158,257,157,256,156,255,156,254,155,253,155,252,154,251,154,250,154,249,153,248,153,247,153,246,153,245,153,244,153,243,153
146,158,145,159,144,159,143,159,142,160,141,160,140,161,139,162,138,163,137,164,137,165,137,166,137,167,136,168,136,169,136,170,136,171,136,172,136,173,136,174,136,175,137,176,137,177,137,178,137,179,138,180,138,181,139,182,140,183,141,184,142,184,143,185,144,185,145,186,146,186,147,186,148,186,149,186,150,186,151,186,152,185,153,185,154,184,155,184,156,184,157,183,158,183,159,182,160,181,160,180,161,179,162,178,162,177,162,176,163,175,163,174,163,173,163,172,163,171,163,170,162,169,162,168,161,167,161,166,160,165,160,164,159,163,158,162,158,161,157,160,156,160,155,159,154,159,153,158,152,158,151,158,150,158,149,158,148,158,147,158
188,168,187,169,186,170,185,170,184,171,183,171,182,172,181,172,180,173,180,174,180,175,180,176,180,177,180,178,180,179,180,180,180,181,180,182,181,183,181,184,181,185,181,186,182,187,183,188,184,189,185,189,186,190,187,190,188,190,189,190,190,190,191,190,192,190,193,189,194,189,195,188,196,188,197,187,198,186,199,185,199,184,200,183,201,182,201,181,202,180,202,179,203,178,203,177,203,176,203,175,202,174,201,173,200,172,200,171,199,171,198,170,197,170,196,169,195,169,194,169,193,168,192,168,191,168,190,168,189,168
174,169,173,170,172,170,171,171,170,171,169,172,168,173,167,174,167,175,166,176,166,177,165,178,165,179,164,180,164,181,164,182,164,183,164,184,163,185,163,186,163,187,163,188,163,189,163,190,164,191,164,192,165,193,166,194,167,195,168,195,169,195,170,196,171,196,172,195,173,195,174,194,175,194,176,193,177,192,178,191,179,190,179,189,180,188,181,187,180,186,180,185,180,184,180,183,179,182,179,181,179,180,179,179,179,178,179,177,179,176,179,175,179,174,179,173,178,172,177,171,176,171,175,170
261,174,260,175,259,175,258,176,257,177,256,177,255,178,254,178,253,179,252,179,251,178,250,178,249,177,248,177,247,177,246,176,245,176,244,175,243,175,242,175,241,175,240,175,239,176,238,176,237,177,236,178,235,179,234,180,234,181,233,182,232,183,232,184,231,185,231,186,232,187,232,188,232,189,232,190,233,191,234,192,235,193,236,193,237,194,238,195,239,195,240,194,241,195,242,195,243,195,244,195,245,195,246,196,247,196,248,196,249,197,250,197,251,197,252,197,253,196,254,195,255,194,255,193,256,192,257,191,258,190,259,189,260,189,261,188,262,187,263,186,264,185,265,185,265,184,265,183,266,182,266,181,267,180,267,179,267,178,266,177,266,176,265,175,264,175,263,174,262,174
269,179,268,180,267,181,267,182,266,183,266,184,266,185,267,186,267,187,267,188,267,189,268,189,269,189,270,189,271,190,272,190,273,190,274,191,275,191,276,191,277,192,278,192,279,192,280,193,281,193,282,194,283,194,284,194,285,193,286,193,287,193,288,192,288,191,288,190,288,189,288,188,288,187,287,186,287,185,286,185,285,184,284,183,283,183,282,182,281,181,280,180,279,180,278,179,277,179,276,179,275,179,274,179,273,179,272,179,271,179,270,179
266,190,265,191,264,191,263,192,262,192,261,193,260,194,260,195,259,196,259,197,259,198,259,199,259,200,259,201,259,202,259,203,260,204,260,205,260,206,260,207,261,208,261,209,261,210,262,211,262,212,263,213,264,214,265,214,266,214,267,214,268,214,269,214,270,214,271,214,272,214,273,214,274,214,275,214,276,214,277,214,278,214,279,214,279,213,280,212,281,211,282,210,282,209,283,208,283,207,284,206,284,205,284,204,284,203,284,202,283,201,283,200,283,199,283,198,283,197,282,196,282,195,281,194,280,194,279,193,278,193,277,193,276,192,275,192,274,192,273,191,272,191,271,191,270,190,269,190,268,190,267,190
151,192,150,193,149,194,148,194,147,195,146,196,145,197,144,198,144,199,143,200,143,201,142,202,142,203,141,204,141,205,141,206,141,207,141,208,141,209,141,210,142,211,142,212,142,213,142,214,143,215,144,215,145,216,146,217,147,218,148,218,149,219,150,220,151,221,152,221,153,221,154,220,155,220,156,220,157,220,158,220,159,221,159,222,160,222,161,222,162,222,163,221,164,221,165,220,166,220,167,219,168,218,169,218,170,217,171,216,172,215,172,214,171,213,171,212,171,211,170,210,170,209,169,208,169,207,168,206,167,205,166,204,166,203,165,202,165,201,164,200,163,199,163,198,163,197,162,196,162,195,161,194,160,194,159,193,158,192,157,192,156,192,155,192,154,192,153,192,152,192
199,197,198,198,197,198,196,199,195,199,194,200,193,201,192,201,191,202,190,203,189,204,188,205,187,206,186,207,185,208,184,209,183,210,183,211,182,212,181,212,181,213,181,214,181,215,182,215,183,215,184,216,184,217,185,217,186,218,187,219,188,220,189,220,190,221,191,222,192,222,193,223,194,224,195,224,196,223,197,222,198,221,199,220,200,220,201,220,202,219,203,219,204,218,204,217,205,216,205,215,206,214,206,213,206,212,206,211,207,210,207,209,207,208,208,207,208,206,208,205,208,204,207,203,207,202,207,201,206,200,205,199,204,198,203,198,202,198,201,197,200,197
224,207,223,208,222,208,221,208,220,208,219,208,218,208,217,209,216,208,215,208,214,209,213,209,212,210,211,211,210,212,209,213,208,214,207,214,206,215,206,216,205,217,205,218,204,219,204,220,204,221,204,222,204,223,205,224,205,225,206,226,207,227,208,228,209,229,210,230,211,231,212,232,213,233,214,233,215,233,216,233,217,234,218,234,219,233,220,233,221,233,222,232,223,231,224,231,225,230,226,229,227,228,227,227,228,226,229,225,229,224,229,223,229,222,230,221,230,220,231,219,231,218,231,217,231,216,232,215,231,214,231,213,230,212,230,211,229,210,229,209,228,208,227,208,226,207,225,207
283,214,282,215,281,215,280,215,279,215,278,215,277,215,276,215,275,215,274,215,273,215,272,215,271,215,270,215,269,215,268,215,267,215,266,215,265,215,264,215,264,216,263,217,262,218,261,219,261,220,260,221,260,222,260,223,260,224,261,225,261,226,262,227,262,228,263,229,263,230,264,231,264,232,264,233,264,234,265,234,266,235,267,235,268,235,269,235,270,235,271,235,272,235,273,234,274,234,275,233,276,233,277,232,278,232,279,231,280,231,281,231,282,230,282,229,283,228,283,227,283,226,283,225,283,224,283,223,284,222,284,221,284,220,285,219,285,218,285,217,285,216,284,215
141,215,140,216,139,216,138,217,137,218,137,219,137,220,136,221,136,222,137,223,137,224,138,225,138,226,139,227,140,228,141,228,142,229,143,229,144,230,145,229,146,229,147,229,148,229,148,228,149,227,149,226,150,225,150,224,150,223,150,222,150,221,149,220,148,219,147,219,146,218,145,217,144,216,143,216,142,215
172,216,171,217,170,218,169,219,168,219,167,220,166,221,165,221,164,222,163,222,164,223,165,223,166,224,167,224,168,225,169,226,170,227,170,228,171,229,172,230,173,231,174,232,175,233,176,234,177,235,178,235,179,236,180,236,181,236,182,236,183,236,184,236,185,237,185,236,186,235,187,234,188,235,189,235,189,234,189,233,190,232,191,231,191,230,192,229,193,228,193,227,193,226,194,225,193,224,192,223,191,223,190,222,189,221,188,221,187,220,186,219,185,218,184,219,183,219,182,218,182,217,181,216,180,217,179,217,178,217,177,217,176,218,175,218,174,217,173,216
310,217,309,218,308,218,307,219,306,220,305,221,304,222,303,223,303,224,303,225,303,226,303,227,303,228,303,229,303,230,303,231,303,232,303,233,303,234,303,235,303,236,303,237,304,238,304,239,305,240,305,241,306,242,306,243,307,244,308,245,309,245,310,245,311,245,312,245,313,245,314,245,315,244,316,244,317,244,318,243,319,242,320,242,321,241,322,240,323,239,324,238,324,237,325,236,325,235,325,234,325,233,324,232,324,231,324,230,323,229,322,228,321,227,321,226,320,225,320,224,319,223,319,222,319,221,319,220,318,219,317,218,316,217,315,217,314,217,313,217,312,217,311,217
296,218,295,219,294,219,293,220,293,221,292,222,292,223,291,224,291,225,291,226,290,227,290,228,290,229,289,230,289,231,289,232,288,233,288,234,288,235,288,236,288,237,287,238,287,239,287,240,286,241,286,242,285,243,284,244,283,245,283,246,284,247,284,248,284,249,284,250,285,251,285,252,285,253,285,254,285,255,285,256,285,257,286,257,287,258,288,258,289,258,290,258,291,258,292,258,293,258,294,257,295,257,296,256,297,255,297,254,298,253,298,252,299,251,299,250,300,249,300,248,301,247,301,246,301,245,301,244,301,243,301,242,302,241,302,240,303,239,303,238,302,237,302,236,302,235,302,234,302,233,302,232,302,231,302,230,302,229,302,228,302,227,302,226,302,225,302,224,302,223,303,222,302,221,302,220,301,219,300,218,299,218,298,218,297,218
246,222,245,223,244,224,243,224,243,225,242,226,242,227,241,228,241,229,241,230,240,231,240,232,240,233,240,234,240,235,240,236,240,237,240,238,240,239,241,239,242,240,243,241,244,242,245,243,246,243,247,244,248,245,249,246,250,245,251,245,252,245,253,245,254,245,255,244,256,244,257,243,258,243,258,242,259,241,260,240,261,239,261,238,262,237,262,236,263,235,263,234,263,233,263,232,263,231,262,230,262,229,261,228,261,227,260,226,260,225,259,224,258,224,257,224,256,223,255,222,254,222,253,222,252,222,251,222,250,222,249,222,248,222,247,222
159,223,158,224,157,224,156,225,155,225,154,226,153,227,153,228,153,229,152,230,152,231,152,232,152,233,151,234,151,235,151,236,151,237,152,238,151,239,152,240,152,241,152,242,152,243,153,244,154,245,155,246,155,247,156,248,157,248,158,249,159,249,160,250,161,249,162,248,163,248,164,247,165,246,166,245,167,244,168,243,169,243,170,242,171,241,172,240,173,240,174,239,175,238,176,237,177,236,178,236,177,236,176,235,175,234,174,233,173,232,172,231,171,230,170,229,169,228,169,227,168,226,167,225,166,225,165,224,164,224,163,223,162,223,161,223,160,223
200,226,199,227,198,228,197,228,196,228,195,229,194,228,194,229,193,230,192,230,192,231,191,232,190,233,190,234,190,235,190,236,190,237,191,238,191,239,192,240,192,241,193,242,193,243,194,244,195,245,196,246,196,247,197,248,197,249,198,249,199,250,200,251,201,251,202,251,203,251,204,252,205,252,206,252,207,252,208,252,209,251,210,251,211,251,212,250,213,249,214,248,215,247,215,246,215,245,216,244,216,243,216,242,216,241,216,240,216,239,216,238,215,237,215,236,214,235,213,234,212,233,211,232,210,231,209,230,208,229,207,228,206,227,205,226,204,226,203,226,202,226,201,226
177,237,176,238,175,239,174,240,173,241,172,241,171,242,170,243,169,244,168,244,167,245,166,246,165,247,164,248,163,249,162,249,161,250,161,251,162,252,163,253,164,253,165,254,166,254,167,255,168,255,169,255,170,255,171,255,172,256,173,256,174,256,175,257,176,257,177,256,178,255,179,254,180,253,181,253,182,252,183,251,184,250,185,250,186,249,187,248,188,247,189,246,189,245,188,244,188,243,188,242,188,241,187,240,186,239,186,238,185,238,184,237,183,237,182,237,181,237,180,237,179,237,178,237
233,239,232,240,231,240,230,241,229,241,228,242,227,243,227,244,226,245,226,246,225,247,225,248,225,249,224,250,224,251,224,252,224,253,224,254,224,255,225,256,225,257,225,258,226,259,227,260,227,261,228,262,229,263,230,263,231,264,232,264,233,264,234,264,235,264,236,264,237,263,238,263,239,263,240,262,241,261,242,261,243,261,244,260,245,259,246,258,246,257,247,256,248,255,249,254,249,253,249,252,249,251,249,250,249,249,249,248,249,247,248,246,247,245,246,244,245,244,244,243,243,242,242,241,241,240,240,240,239,239,238,239,237,239,236,239,235,239,234,239
347,242,346,243,345,243,344,244,343,245,342,245,342,246,341,247,340,248,340,249,340,250,339,251,339,252,339,253,339,254,338,255,339,256,339,257,339,258,340,259,341,260,342,261,343,262,344,263,345,264,346,264,347,264,348,264,349,264,350,264,351,264,352,264,353,263,354,263,355,262,355,261,356,260,357,259,358,258,358,257,358,256,358,255,357,254,357,253,356,252,356,251,355,250,355,249,355,248,354,247,354,246,353,245,353,244,352,243,351,242,350,242,349,242,348,242
282,245,281,246,280,246,279,246,278,247,277,248,276,248,275,249,275,250,274,251,274,252,274,253,273,254,273,255,273,256,273,257,274,258,274,259,274,260,275,261,275,262,276,262,277,263,278,263,279,263,280,263,281,262,282,261,283,260,284,259,284,258,284,257,284,256,284,255,284,254,284,253,284,252,284,251,283,250,283,249,283,248,283,247,282,246
190,246,189,247,188,248,187,249,186,250,185,251,184,251,183,252,182,253,181,254,180,254,179,255,178,256,177,257,176,258,176,259,177,260,177,261,177,262,178,263,178,264,179,265,180,266,181,267,182,268,183,269,184,270,185,270,186,271,187,272,188,271,189,271,190,271,191,270,192,269,193,269,194,268,195,267,196,266,197,265,197,264,198,263,199,262,199,261,200,260,200,259,200,258,200,257,200,256,200,255,200,254,199,253,199,252,199,251,198,250,197,250,196,249,195,249,194,248,193,248,192,248,191,247
323,248,322,249,321,249,320,249,319,250,318,251,317,252,316,253,316,254,316,255,316,256,316,257,316,258,315,259,315,260,315,261,315,262,315,263,315,264,316,265,316,266,316,267,316,268,316,269,317,270,318,271,318,272,319,273,319,274,320,274,321,274,322,274,323,274,324,274,325,274,326,274,327,274,328,273,329,273,330,273,331,272,332,271,333,271,334,270,335,269,335,268,336,267,336,266,337,265,337,264,337,263,338,262,338,261,338,260,338,259,338,258,338,257,338,256,337,255,337,254,336,253,335,253,334,252,333,251,332,251,331,250,330,250,329,249,328,249,327,249,326,248,325,248,324,248
301,254,300,255,299,256,298,256,297,257,296,258,296,259,295,260,295,261,294,262,293,263,292,264,292,265,291,266,291,267,290,268,290,269,290,270,290,271,290,272,290,273,290,274,290,275,291,276,291,277,292,278,292,279,293,280,294,280,295,281,296,281,297,281,298,281,299,281,300,281,301,281,302,281,303,281,304,280,305,280,306,279,307,279,308,279,309,278,310,278,311,277,312,276,313,275,313,274,314,273,314,272,314,271,314,270,315,269,315,268,315,267,315,266,315,265,314,264,314,263,314,262,314,261,313,260,312,259,311,258,311,257,310,256,309,255,308,254,307,254,306,254,305,254,304,254,303,254,302,254
211,257,210,258,209,258,208,258,207,258,206,259,205,259,204,260,203,260,202,261,201,262,200,261,200,262,199,263,198,264,198,265,197,266,196,267,195,268,194,269,193,270,192,270,191,271,190,272,189,272,188,272,187,273,186,273,185,274,185,275,184,276,183,276,182,277,182,278,181,279,181,280,182,281,182,282,183,283,184,284,185,285,186,286,187,287,188,288,189,289,190,289,191,290,192,290,193,290,194,289,195,289,196,288,197,288,198,287,199,288,200,289,200,290,201,290,202,291,202,292,202,293,203,294,204,294,205,294,206,293,207,292,208,291,209,291,210,291,211,290,212,289,212,288,213,287,213,286,213,285,214,284,214,283,213,282,212,282,211,281,211,280,212,279,213,278,214,278,215,277,216,277,217,276,218,276,219,276,220,276,221,276,222,275,223,275,224,274,225,273,225,272,225,271,226,270,226,269,226,268,226,267,225,266,225,265,225,264,224,263,224,262,223,262,222,261,221,260,220,259,219,259,218,258,217,258,216,258,215,258,214,257,213,258,212,257
360,262,359,263,358,263,357,264,356,265,355,265,354,266,354,267,353,268,352,269,352,270,351,271,351,272,351,273,351,274,351,275,351,276,352,277,352,278,353,279,353,280,354,280,355,281,356,282,357,282,358,283,359,283,360,283,361,284,362,284,363,284,364,284,365,284,366,284,367,284,368,283,369,282,370,282,370,281,371,280,371,279,372,278,372,277,372,276,372,275,372,274,372,273,371,272,371,271,371,270,370,269,370,268,369,267,369,266,368,265,367,264,366,263,365,263,364,262,363,262,362,262,361,262
239,269,238,270,237,270,236,270,235,270,234,271,233,271,232,272,231,273,231,274,230,275,229,276,228,276,227,277,226,277,225,278,224,278,223,279,222,279,221,280,220,280,219,281,218,282,217,281,217,282,217,283,216,284,215,284,214,285,214,286,214,287,213,288,213,289,212,290,212,291,213,292,213,293,213,294,214,295,215,295,216,295,217,296,218,296,219,296,220,296,221,295,222,295,223,295,224,295,225,294,226,294,227,293,228,293,229,292,230,292,231,292,232,291,233,290,234,289,235,288,235,287,236,286,237,285,237,284,238,283,239,282,239,281,240,280,241,279,242,278,242,277,243,276,243,275,243,274,242,273,242,272,242,271,241,270,240,270
257,272,256,273,255,273,254,273,253,273,252,273,251,274,250,274,249,275,248,275,247,276,246,276,245,276,244,276,243,277,243,278,242,279,241,280,240,281,240,282,239,283,238,284,238,285,237,286,236,287,236,288,235,289,234,290,233,291,232,292,231,293,231,294,231,295,232,296,232,297,233,297,234,298,235,298,236,298,237,298,238,297,239,297,240,297,241,296,242,296,243,295,244,295,245,295,246,294,247,294,248,293,249,293,250,292,251,291,252,291,253,290,254,289,255,289,255,288,256,287,257,286,258,285,259,284,259,283,259,282,260,281,260,280,261,279,262,278,263,277,264,276,264,275,264,274,264,273,263,272,262,272,261,272,260,272,259,272,258,272
334,274,333,275,332,276,331,276,330,276,329,277,328,278,327,278,326,279,325,280,324,281,324,282,323,283,323,284,323,285,322,286,322,287,322,288,322,289,322,290,322,291,322,292,322,293,323,294,323,295,324,296,324,297,325,298,326,298,327,299,328,299,329,300,330,300,331,300,332,301,333,301,334,301,335,301,336,301,337,301,338,300,339,300,340,300,341,299,342,299,343,298,344,297,345,296,346,295,346,294,347,293,347,292,348,291,348,290,349,289,349,288,349,287,349,286,349,285,349,284,349,283,348,282,348,281,348,280,347,279,347,278,346,277,345,276,344,276,343,275,342,275,341,274,340,274,339,274,338,274,337,274,336,274,335,274
296,282,295,283,294,283,293,283,292,283,291,283,290,284,289,284,288,285,287,286,286,287,286,288,286,289,285,290,285,291,285,292,285,293,285,294,285,295,285,296,286,297,286,298,287,299,287,300,288,301,289,301,290,302,291,302,292,302,293,302,294,302,295,302,296,303,297,302,298,302,299,302,300,302,301,302,302,301,303,301,304,301,305,300,306,299,307,298,308,297,309,296,309,295,309,294,309,293,310,292,310,291,310,290,310,289,310,288,309,287,308,286,307,285,306,285,305,284,304,284,303,283,302,283,301,282,300,282,299,282,298,282,297,282
360,288,359,289,358,289,357,290,356,291,356,292,355,293,355,294,354,295,354,296,354,297,354,298,354,299,354,300,354,301,354,302,354,303,354,304,355,305,356,306,357,307,358,307,359,308,360,307,361,307,362,307,363,307,364,307,365,307,366,307,367,307,368,307,369,306,370,306,371,306,372,306,373,305,374,305,375,304,376,303,377,303,377,302,378,301,378,300,379,299,379,298,378,297,378,296,377,295,377,294,376,293,375,292,374,291,373,290,372,290,371,289,370,289,369,289,368,289,367,289,366,289,365,288,364,288,363,288,362,288,361,288
233,299,232,300,231,300,230,301,229,302,228,302,228,303,227,304,226,305,226,306,226,307,225,308,225,309,225,310,226,311,226,312,226,313,227,313,228,314,229,314,230,314,231,314,232,314,233,314,234,313,235,312,236,312,237,311,238,310,238,309,239,308,239,307,240,306,240,305,240,304,240,303,240,302,239,301,238,300,237,299,236,299,235,299,234,299
345,302,344,303,343,303,342,303,341,304,340,304,339,305,338,306,337,307,336,308,335,309,334,310,333,311,333,312,333,313,332,314,332,315,332,316,331,317,332,318,332,319,332,320,332,321,333,322,333,323,334,324,334,325,335,326,335,327,336,328,336,329,337,330,338,331,339,332,340,332,341,333,342,334,343,334,344,334,345,334,346,334,347,334,348,333,349,333,350,333,351,332,352,331,353,330,354,329,354,328,354,327,355,326,355,325,356,324,356,323,357,322,357,321,358,320,359,319,359,318,360,317,360,316,360,315,360,314,360,313,359,312,359,311,358,310,358,309,358,308,357,308,356,307,355,306,354,305,353,304,352,304,351,304,350,304,349,303,348,303,347,303,346,302
311,304,310,305,309,306,309,307,308,308,308,309,308,310,308,311,308,312,309,313,309,314,309,315,310,316,310,317,309,318,310,318,311,319,312,320,313,321,314,322,315,323,316,324,317,324,318,325,319,325,320,325,321,325,322,324,323,324,324,323,325,322,325,321,325,320,326,319,326,318,327,317,327,316,327,315,326,314,326,313,325,313,324,312,324,311,323,310,323,309,322,309,321,308,320,307,319,306,318,306,317,305,316,304,315,304,314,304,313,304,312,304
258,305,257,306,256,306,255,306,254,306,253,307,252,307,251,308,250,308,249,309,248,309,247,309,246,310,245,310,244,311,243,311,242,312,241,313,240,313,239,314,238,315,238,316,238,317,238,318,237,319,237,320,238,321,238,322,238,323,239,324,240,325,241,326,242,326,243,326,244,327,245,327,246,326,247,326,248,325,249,324,250,324,251,323,252,322,253,322,254,321,255,320,256,320,257,319,258,318,259,317,260,317,261,316,262,315,263,315,264,314,264,313,265,312,265,311,265,310,264,309,264,308,263,307,262,306,261,306,260,305,259,305
292,312,291,313,290,313,289,314,288,314,287,315,286,316,285,316,284,317,284,318,283,319,283,320,283,321,282,322,282,323,282,324,282,325,282,326,282,327,282,328,282,329,283,330,283,331,284,332,284,333,285,334,286,335,286,336,287,337,288,337,289,338,290,339,291,339,292,339,293,339,294,339,295,339,296,339,297,339,298,339,299,339,300,338,301,338,302,337,303,337,304,336,305,335,306,334,307,333,308,332,308,331,309,330,310,329,311,328,310,327,309,326,309,325,309,324,309,323,309,322,309,321,309,320,308,319,307,318,307,317,306,316,305,315,304,314,303,314,302,313,301,312,300,312,299,312,298,312,297,312,296,312,295,312,294,312,293,312
371,313,370,314,369,314,368,314,367,315,366,315,365,316,364,316,363,317,362,318,361,318,360,318,360,319,359,320,358,321,358,322,357,323,357,324,356,325,356,326,355,327,355,328,356,329,356,330,357,331,358,332,359,333,360,333,361,333,362,333,363,333,364,333,365,332,366,332,367,332,368,332,369,331,370,331,371,331,372,331,373,330,374,329,375,329,376,328,376,327,377,326,377,325,378,324,378,323,378,322,378,321,378,320,378,319,378,318,378,317,377,316,376,315,375,314,374,313,373,313,372,313
311,329,310,330,309,331,309,332,308,333,307,334,306,335,305,336,304,337,303,338,303,339,303,340,303,341,303,342,303,343,304,343,305,343,306,344,307,344,308,344,309,344,310,345,311,345,312,345,313,346,314,346,315,346,316,347,317,347,318,346,319,345,320,344,321,343,322,342,322,341,323,340,323,339,323,338,323,337,323,336,323,335,323,334,322,333,322,332,321,331,320,330,319,330,318,330,317,329,316,329,315,329,314,329,313,329,312,329
360,334,359,335,358,336,357,336,356,336,355,337,354,338,353,338,352,339,351,339,350,340,349,341,348,341,347,342,346,343,345,343,344,344,343,345,342,346,342,347,341,348,340,349,339,350,339,351,338,352,337,353,336,354,336,355,335,356,335,357,335,358,335,359,336,360,336,361,337,361,338,362,339,363,340,363,341,363,342,362,343,362,344,361,345,360,346,359,347,358,348,357,349,356,350,355,351,354,352,353,353,352,354,351,355,351,356,350,357,349,358,348,359,347,360,347,361,346,362,345,363,344,364,343,365,343,366,342,367,341,368,340,369,339,369,338,369,337,368,336,367,335,366,335,365,335,364,335,363,335,362,334,361,334
302,344,302,345,301,346,300,347,299,348,298,348,297,349,296,349,295,350,294,351,293,352,293,353,293,354,292,355,292,356,292,357,292,358,292,359,292,360,292,361,292,362,293,363,294,364,295,364,296,364,297,364,298,365,299,365,300,365,301,365,302,365,303,365,304,365,305,364,306,364,307,364,308,364,309,363,310,363,311,362,312,362,313,361,314,360,314,359,315,358,315,357,315,356,316,355,316,354,316,353,316,352,316,351,317,350,316,349,316,348,315,347,314,347,313,347,312,346,311,346,310,346,309,345,308,345,307,345,306,345,305,344,304,344,303,344
280,346,279,347,278,347,277,348,276,349,276,350,275,351,275,352,275,353,275,354,276,355,276,356,276,357,277,358,277,359,278,359,279,360,280,360,281,360,282,361,283,360,284,360,285,360,286,360,287,360,288,359,289,358,290,357,290,356,289,355,289,354,289,353,288,352,288,351,287,350,286,349,285,349,284,348,283,347,282,347,281,346
326,351,325,352,324,353,323,354,323,355,322,356,322,357,321,358,321,359,321,360,321,361,320,362,320,363,321,364,322,365,323,366,324,366,325,366,326,366,327,366,328,366,328,365,329,364,330,364,331,363,332,362,333,361,334,360,334,359,334,358,334,357,334,356,335,355,334,354,333,353,332,352,331,351,330,351,329,351,328,351,327,351
376,352,375,353,374,354,373,354,372,354,371,355,370,355,369,355,368,356,367,356,366,356,365,357,364,357,363,357,362,358,361,358,360,359,359,359,358,360,357,360,356,361,355,361,354,362,353,362,352,363,351,363,350,364,349,365,348,366,348,367,348,368,347,369,347,370,347,371,348,372,348,373,348,374,349,375,350,376,351,376,352,376,353,376,354,376,355,375,356,375,357,374,358,374,359,373,360,372,361,371,362,370,363,369,364,368,365,367,366,366,367,366,368,365,369,365,370,365,371,364,372,363,373,362,374,362,375,361,376,360,377,360,378,359,379,359,380,358,381,358,381,357,382,356,383,355,383,354,383,353,382,352,381,352,380,352,379,352,378,352,377,352
389,356,388,357,387,357,386,357,385,357,384,358,383,359,382,359,381,360,380,360,379,360,378,360,377,361,376,361,375,362,374,363,373,363,372,364,371,365,370,366,369,366,368,367,368,368,367,369,366,370,366,371,366,372,366,373,367,374,368,375,369,375,370,376,371,376,372,376,373,376,374,376,375,376,376,375,377,374,378,374,379,374,380,373,381,373,382,373,383,372,384,372,385,372,386,371,387,371,388,371,389,370,390,370,391,370,392,370,393,370,394,370,395,370,396,369,397,369,398,369,399,368,400,367,401,366,401,365,401,364,401,363,401,362,400,361,400,360,399,359,398,358,397,357,396,357,395,356,394,356,393,356,392,356,391,356,390,356
396,370,395,371,394,371,393,371,392,371,391,371,390,371,389,371,388,372,387,372,386,372,385,373,384,373,383,373,382,374,381,374,380,374,379,375,378,375,377,375,376,376,375,377,374,377,375,378,374,379,373,380,372,381,371,382,371,383,370,384,370,385,369,386,369,387,369,388,368,389,368,390,369,391,369,392,370,392,371,392,372,392,373,392,374,392,375,392,376,391,377,391,378,390,379,390,380,389,381,389,382,388,383,388,384,388,385,387,386,386,387,386,388,386,389,385,390,386,391,385,392,385,393,385,394,384,395,384,396,384,397,384,398,383,399,383,400,383,401,383,402,382,403,382,404,381,405,380,405,379,405,378,405,377,404,376,404,375,403,374,402,373,401,372,400,371,399,371,398,370,397,370
390,387,389,388,388,388,387,388,386,388,385,388,384,389,383,389,382,389,381,390,380,390,379,391,378,391,377,392,376,392,375,393,374,393,374,394,373,395,373,396,372,397,371,398,371,399,371,400,370,401,370,402,370,403,371,404,372,405,373,406,374,406,375,407,376,406,377,406,378,406,379,405,380,405,381,405,382,404,383,404,384,403,385,403,386,402,387,402,388,402,389,401,390,401,391,401,392,401,393,400,394,400,395,400,396,400,397,399,398,398,399,397,400,396,401,395,401,394,402,393,402,392,402,391,401,390,400,390,399,389,398,389,397,388,396,388,395,388,394,388,393,388,392,388,391,387
397,400,396,401,395,401,394,401,393,401,392,402,391,402,390,402,389,402,388,403,387,403,386,403,385,404,384,404,383,405,382,405,381,406,380,406,379,406,378,407,377,407,376,408,376,409,375,410,374,411,374,412,374,413,374,414,374,415,375,416,376,417,377,417,378,418,379,418,380,418,381,418,382,419,383,419,384,419,385,419,386,419,387,418,388,418,389,418,390,418,391,417,392,417,393,417,394,416,395,416,396,415,397,415,398,414,399,414,400,414,401,413,402,413,403,412,404,411,405,411,406,410,406,409,407,408,407,407,407,406,407,405,406,404,405,403,404,403,403,402,402,401,401,401,400,401,399,401,398,401
413,410,412,411,411,411,410,412,409,412,408,413,407,414,406,414,405,415,404,415,403,415,402,416,401,417,400,417,399,418,398,418,397,419,396,419,395,420,394,420,393,421,392,422,391,422,390,423,389,424,389,425,389,426,390,427,390,428,391,428,392,428,393,428,394,428,395,428,396,428,397,428,398,428,399,427,400,427,401,427,402,427,403,427,404,427,405,426,406,426,407,426,408,426,409,425,410,425,411,425,412,425,413,424,414,424,415,424,416,423,417,423,418,423,418,422,419,421,419,420,419,419,420,418,420,417,420,416,420,415,420,414,419,413,419,412,419,411,418,410,417,410,416,410,415,410,414,410
416,424,415,425,414,425,413,425,412,426,411,426,410,426,409,426,408,427,407,427,406,427,405,427,404,428,403,428,402,428,401,428,400,428,399,428,398,429,397,429,396,429,395,429,394,429,393,429,392,429,391,429,390,429,389,430,388,430,387,430,386,431,385,431,384,432,384,433,383,434,383,435,383,436,383,437,384,438,385,438,386,439,387,439,388,439,389,439,390,439,391,439,392,439,393,439,394,439,395,439,396,439,397,440,398,439,399,439,400,439,401,439,402,439,403,439,404,439,405,439,406,439,407,439,408,439,409,439,410,438,411,438,412,438,413,438,414,437,415,437,416,436,417,436,418,436,419,435,420,434,421,434,421,433,422,432,423,431,423,430,423,429,423,428,423,427,422,426,421,425,420,425,419,424,418,424,417,424
437,431,436,432,435,433,434,434,434,435,433,436,433,437,433,438,433,439,434,440,435,441,436,442,437,442,438,443,439,444,440,444,441,444,442,444,443,444,444,444,445,443,446,443,447,443,447,442,447,441,448,440,448,439,449,438,449,437,448,436,448,435,448,434,447,433,446,432,445,432,444,431,443,431,442,431,441,431,440,431,439,431,438,431
388,440,388,441,387,442,386,442,385,443,384,444,384,445,384,446,383,447,383,448,383,449,383,450,383,451,383,452,383,453,384,454,384,455,385,456,386,457,387,458,388,458,389,459,390,459,391,459,392,459,393,459,394,459,395,459,396,458,397,458,398,458,399,457,400,457,401,456,402,455,402,454,403,453,403,452,403,451,403,450,403,449,403,448,403,447,403,446,402,445,401,444,400,443,399,442,398,442,397,441,396,440,395,440,394,440,393,440,392,440,391,440,390,440,389,440
440,445,440,446,439,447,438,448,437,449,437,450,437,451,436,452,436,453,436,454,436,455,436,456,436,457,436,458,437,459,437,460,438,461,438,462,439,463,440,464,441,465,442,465,443,466,444,466,445,466,446,466,447,465,448,465,449,465,450,464,451,463,452,462,453,461,454,460,454,459,455,458,456,457,456,456,456,455,456,454,456,453,456,452,456,451,455,450,454,449,454,448,453,448,452,447,451,447,450,446,449,446,448,446,447,446,446,446,445,445,444,446,443,446,442,446,441,445
167,448,166,449,165,450,164,451,163,451,163,452,162,453,162,454,161,455,161,456,161,457,162,458,163,459,163,460,164,461,165,461,166,462,167,463,168,463,169,464,170,464,171,465,172,465,173,465,174,465,175,465,176,465,177,464,178,464,179,463,180,462,181,462,181,461,182,460,183,459,183,458,184,457,184,456,185,455,185,454,185,453,185,452,184,451,184,450,183,449,182,449,181,449,180,449,179,449,178,448,177,448,176,448,175,448,174,448,173,448,172,448,171,448,170,448,169,448,168,448
466,449,465,450,464,450,463,451,462,452,462,453,462,454,461,455,461,456,461,457,461,458,461,459,461,460,462,461,462,462,462,463,463,464,464,465,465,466,466,467,467,468,467,469,468,470,469,470,470,470,471,470,472,470,473,470,474,470,475,470,476,470,477,470,478,470,478,469,478,468,478,467,479,466,479,465,479,464,479,463,479,462,479,461,479,460,478,459,478,458,477,457,477,456,476,455,475,454,474,453,474,452,473,451,472,451,471,450,470,450,469,450,468,449,467,449
336,454,335,455,334,455,333,456,332,457,331,458,330,459,330,460,329,461,329,462,328,463,328,464,328,465,328,466,328,467,328,468,329,469,330,470,330,471,331,472,332,472,333,473,334,473,335,473,336,473,337,474,338,474,339,474,340,474,341,474,342,474,343,473,344,472,345,471,346,470,346,469,347,468,347,467,348,466,348,465,348,464,348,463,348,462,348,461,347,460,347,459,346,458,346,457,345,456,344,456,343,455,342,454,341,454,340,454,339,454,338,454,337,454
373,458,372,459,371,459,370,459,369,460,368,460,367,460,366,461,365,462,364,463,363,464,362,465,362,466,361,467,361,468,360,469,360,470,360,471,359,472,359,473,359,474,359,475,359,476,359,477,359,478,359,479,359,480,360,481,361,482,361,483,362,484,363,485,364,486,365,487,366,488,367,488,368,489,369,489,370,490,371,489,372,489,373,490,374,490,375,490,376,490,377,490,378,490,379,490,380,490,381,489,382,489,383,489,384,488,385,488,386,488,387,487,388,486,389,485,389,484,390,483,390,482,390,481,391,480,391,479,391,478,391,477,392,476,392,475,392,474,392,473,392,472,392,471,392,470,392,469,392,468,391,467,391,466,391,465,390,464,390,463,389,463,388,462,387,461,386,461,385,460,384,460,383,459,382,459,381,459,380,458,379,458,378,458,377,458,376,458,375,458,374,458
188,460,187,461,186,461,185,462,184,463,183,464,183,465,182,466,182,467,182,468,181,469,182,470,182,471,182,472,182,473,183,474,183,475,184,476,184,477,185,478,186,478,187,479,188,479,189,479,190,479,191,479,192,479,193,479,194,478,195,478,196,478,197,477,198,476,198,475,198,474,199,473,199,472,199,471,200,470,199,469,199,468,199,467,199,466,198,465,198,464,197,463,196,462,195,461,194,461,193,460,192,460,191,460,190,460,189,460
208,461,207,462,206,462,205,463,204,464,203,464,203,465,202,466,202,467,202,468,201,469,201,470,201,471,201,472,201,473,201,474,202,475,202,476,203,477,203,478,204,479,204,480,205,481,206,481,207,481,208,481,209,482,210,482,211,482,212,482,213,481,214,481,215,481,216,481,217,480,218,480,219,479,220,478,221,478,222,477,222,476,223,475,223,474,224,473,224,472,223,471,223,470,223,469,222,468,222,467,221,466,220,465,219,464,218,463,217,463,216,463,215,462,214,462,213,461,212,461,211,461,210,461,209,461
164,467,163,468,162,468,161,469,160,470,159,471,159,472,158,473,158,474,158,475,158,476,158,477,157,478,157,479,158,480,158,481,159,482,159,483,160,484,160,485,161,485,162,486,163,486,164,487,165,487,166,487,167,487,168,488,169,487,170,487,171,487,172,487,173,486,174,486,175,485,176,484,176,483,177,482,177,481,177,480,177,479,177,478,177,477,177,476,177,475,177,474,177,473,177,472,176,471,175,470,174,469,173,468,172,467,171,467,170,467,169,467,168,467,167,467,166,467,165,467
467,470,466,471,465,471,464,471,463,472,462,472,461,472,460,473,459,474,458,475,458,476,457,477,457,478,458,479,459,480,460,481,461,482,461,483,462,484,463,485,463,486,464,487,464,488,465,489,466,490,466,491,467,491,468,490,469,490,470,490,471,490,472,490,473,490,474,489,475,489,476,489,477,489,478,488,479,488,480,487,481,486,482,485,483,484,483,483,483,482,484,481,484,480,484,479,483,478,483,477,482,476,481,475,481,474,480,473,479,472,479,471,478,471,477,471,476,471,475,471,474,471,473,471,472,471,471,471,470,471,469,471,468,471
409,472,408,473,407,473,406,473,405,473,404,473,403,474,402,474,401,474,400,475,399,475,398,476,397,477,396,478,395,479,394,480,394,481,393,482,392,483,392,484,392,485,392,486,391,487,391,488,391,489,391,490,391,491,391,492,391,493,391,494,392,495,392,496,392,497,393,498,393,499,393,500,393,501,394,502,394,503,395,504,395,505,396,506,397,507,398,508,399,509,400,510,401,510,402,510,403,510,404,511,405,511,406,511,407,510,408,510,409,510,410,510,411,510,412,510,413,510,414,510,415,510,416,509,417,509,418,508,419,508,420,507,421,506,422,505,423,504,424,503,424,502,425,501,426,500,426,499,427,498,427,497,428,496,428,495,428,494,428,493,428,492,428,491,428,490,427,489,427,488,427,487,427,486,426,485,425,484,425,483,425,482,424,481,423,480,423,479,422,478,421,477,420,476,419,475,418,474,417,474,416,473,415,473,414,473,413,473,412,473,411,472,410,472
138,473,137,474,136,474,135,474,134,475,133,476,132,476,131,477,131,478,130,479,130,480,130,481,129,482,129,483,129,484,129,485,129,486,129,487,129,488,130,489,130,490,131,491,132,492,133,492,134,493,135,493,136,493,137,493,138,494,139,494,140,493,141,493,142,492,143,491,144,490,145,489,146,489,147,488,148,487,149,487,149,486,149,485,149,484,149,483,149,482,149,481,149,480,148,479,147,478,147,477,146,476,145,475,144,475,143,474,142,474,141,474,140,474,139,474
326,473,325,474,324,474,323,475,323,476,322,477,322,478,322,479,322,480,321,481,321,482,321,483,321,484,322,485,322,486,323,487,324,488,325,488,326,489,327,489,328,489,329,489,330,489,331,489,332,489,333,488,334,487,335,487,335,486,336,485,336,484,337,483,337,482,337,481,337,480,337,479,336,478,336,477,335,476,334,476,333,475,332,475,331,474,330,473,329,473,328,473,327,473
231,474,230,475,229,475,228,475,227,476,226,476,225,477,224,477,223,478,222,479,222,480,221,481,221,482,221,483,221,484,220,485,220,486,221,487,221,488,221,489,222,490,223,491,223,492,224,493,225,494,226,494,227,494,228,495,229,495,230,495,231,495,232,495,233,494,234,494,235,494,236,493,237,492,238,491,239,490,240,489,240,488,240,487,241,486,240,485,240,484,240,483,240,482,239,481,239,480,238,479,238,478,237,477,236,476,235,476,234,475,233,475,232,475
442,477,441,478,440,478,439,478,438,479,437,479,436,480,435,481,434,482,433,483,433,484,432,485,432,486,432,487,432,488,432,489,432,490,432,491,432,492,432,493,432,494,432,495,432,496,432,497,432,498,432,499,433,500,433,501,433,502,434,503,435,504,435,505,436,505,437,506,438,507,439,507,440,507,441,507,442,508,443,508,444,508,445,508,446,509,446,510,447,510,448,510,449,510,450,510,451,510,452,510,453,510,454,510,454,509,455,508,456,508,456,507,457,506,458,506,459,505,459,504,460,503,460,502,461,501,461,500,462,499,462,498,463,497,463,496,463,495,464,494,464,493,465,492,465,491,465,490,464,489,463,488,463,487,462,486,462,485,461,484,460,483,460,482,459,481,458,480,457,479,456,478,455,478,454,478,453,478,452,478,451,478,450,478,449,478,448,478,447,478,446,478,445,478,444,478,443,477
204,481,203,482,202,482,201,482,200,483,199,483,198,484,197,484,197,485,196,486,196,487,196,488,195,489,195,490,195,491,195,492,196,493,196,494,197,495,198,496,199,497,200,498,201,499,202,500,203,501,204,502,205,502,206,502,207,502,208,502,209,502,210,501,211,501,212,501,213,500,214,500,215,500,216,500,217,499,218,498,218,497,218,496,219,495,219,494,219,493,219,492,218,491,218,490,217,489,217,488,216,487,216,486,215,485,214,484,213,484,212,483,211,483,210,483,209,483,208,482,207,482,206,482,205,482
248,481,247,482,246,482,245,483,244,483,243,484,242,485,242,486,241,487,241,488,241,489,240,490,240,491,240,492,241,493,241,494,241,495,241,496,242,497,242,498,243,499,244,499,245,500,246,501,247,501,248,501,249,501,250,500,251,500,252,499,253,499,254,498,255,497,255,496,256,495,256,494,257,493,257,492,257,491,257,490,257,489,257,488,257,487,257,486,256,485,256,484,255,483,254,482,253,482,252,482,251,481,250,481,249,481
150,487,149,488,148,488,147,489,146,490,145,490,144,491,143,492,142,493,141,494,140,494,139,495,140,496,140,497,141,498,141,499,141,500,141,501,142,502,143,503,144,504,144,505,145,506,146,507,147,508,148,508,149,509,150,509,151,509,152,509,153,509,154,509,155,510,156,510,157,510,158,510,159,510,160,509,160,508,160,507,161,506,161,505,162,504,162,503,162,502,162,501,162,500,161,499,161,498,161,497,160,496,160,495,160,494,160,493,159,492,158,492,157,491,156,491,155,490,154,490,153,489,152,489,151,488
175,488,174,489,173,489,172,490,171,490,170,491,169,492,168,493,167,494,166,495,165,496,165,497,165,498,164,499,163,500,163,501,163,502,163,503,163,504,162,505,162,506,161,507,161,508,161,509,160,510,161,510,162,510,163,511,164,511,165,511,166,511,167,511,168,511,169,511,170,511,171,511,172,511,173,511,174,511,175,511,176,511,177,511,178,511,179,511,180,511,181,510,182,510,183,510,184,509,185,508,186,507,186,506,187,505,187,504,188,503,188,502,188,501,188,500,188,499,188,498,188,497,188,496,188,495,188,494,187,493,187,492,186,491,185,490,184,489,183,489,182,488,181,488,180,488,179,488,178,488,177,488,176,488
480,495,479,496,478,496,477,497,476,498,475,498,475,499,474,500,474,501,473,502,473,503,473,504,473,505,473,506,473,507,473,508,473,509,474,510,475,511,476,511,477,511,478,511,479,511,480,511,481,511,482,511,483,511,484,511,485,511,486,511,487,511,488,511,489,511,490,511,491,511,492,511,492,510,492,509,492,508,492,507,492,506,492,505,492,504,492,503,491,502,491,501,491,500,490,499,490,498,489,497,488,496,487,496,486,496,485,495,484,495,483,495,482,495,481,495
365,498,364,499,363,499,362,499,361,500,360,500,359,500,358,501,357,502,356,503,355,503,354,504,353,505,352,506,351,507,350,508,350,509,350,510,350,511,351,511,352,511,353,511,354,511,355,511,356,511,357,511,358,511,359,511,360,511,361,511,362,511,363,511,364,511,365,511,366,511,367,511,368,511,369,511,370,511,371,511,372,511,373,511,374,511,375,511,376,511,377,511,378,511,379,511,380,511,381,511,382,511,383,511,384,511,385,511,386,511,387,510,387,509,386,508,385,507,385,506,384,505,383,504,382,503,381,502,380,502,379,501,378,500,377,500,376,500,375,500,374,499,373,499,372,499,371,499,370,499,369,498,368,498,367,498,366,498
117,499,116,500,115,500,114,501,113,502,112,503,112,504,111,505,111,506,111,507,111,508,111,509,111,510,112,511,113,511,114,511,115,511,116,511,117,511,118,511,119,511,120,511,121,511,122,511,123,511,124,511,125,511,126,511,127,511,128,511,129,511,130,511,131,511,132,511,133,511,134,511,135,511,136,511,137,511,138,511,139,511,140,511,141,511,142,511,143,510,142,509,141,508,141,507,140,506,139,506,138,506,137,505,136,504,135,504,134,504,133,503,132,503,131,502,130,502,129,501,128,500,127,500,126,500,125,500,124,499,123,499,122,499,121,499,120,499,119,499,118,499
229,500,228,501,227,501,226,501,225,501,224,501,223,502,222,502,221,503,220,503,219,504,218,505,217,506,217,507,217,508,217,509,217,510,218,511,219,511,220,511,221,511,222,511,223,511,224,511,225,511,226,511,227,511,228,511,229,511,230,511,231,511,232,511,233,511,234,511,235,511,236,511,237,511,238,511,239,511,240,510,240,509,240,508,240,507,240,506,240,505,239,504,238,503,237,502,236,501,235,501,234,501,233,500,232,500,231,500,230,500
