268,0,267,1,266,2,266,3,266,4,267,5,268,6,269,7,270,8,271,8,272,9,273,9,274,9,275,9,276,10,277,10,278,10,279,10,280,10,281,9,282,9,283,8,284,8,285,7,286,6,287,5,287,4,287,3,287,2,287,1,286,0,285,0,284,0,283,0,282,0,281,0,280,0,279,0,278,0,277,0,276,0,275,0,274,0,273,0,272,0,271,0,270,0,269,0
106,113,105,114,104,114,103,115,102,116,102,117,101,118,100,119,100,120,100,121,99,122,99,123,99,124,98,125,98,126,98,127,98,128,98,129,98,130,98,131,98,132,99,133,99,134,99,135,100,136,100,137,100,138,101,139,102,140,103,141,104,141,105,142,106,142,107,141,108,141,109,140,110,140,111,139,112,138,113,137,114,136,115,135,115,134,116,133,116,132,117,131,117,130,118,129,118,128,118,127,118,126,118,125,118,124,118,123,118,122,118,121,118,120,118,119,117,118,117,117,116,116,115,115,114,114,113,114,112,113,111,113,110,113,109,113,108,113,107,113
178,162,177,163,176,163,175,163,174,163,173,164,172,164,171,165,170,165,169,166,168,166,167,167,166,168,166,169,165,170,164,171,164,172,164,173,164,174,164,175,164,176,164,177,165,178,165,179,166,179,167,180,168,181,169,181,170,182,171,182,172,182,173,182,174,182,175,182,176,182,177,182,178,182,179,183,180,183,181,182,182,182,183,182,184,182,185,182,186,182,187,181,188,181,189,180,190,180,191,180,192,179,193,178,194,178,195,177,195,176,196,175,196,174,196,173,197,172,197,171,197,170,196,169,196,168,195,167,194,166,193,165,192,165,191,165,190,164,189,164,188,164,187,164,186,163,185,163,184,163,183,163,182,162,181,162,180,162,179,162
199,182,200,183,199,184,198,184,197,184,196,185,196,186,195,187,195,188,194,189,193,190,193,191,192,192,191,193,190,194,190,195,191,196,190,197,190,198,190,199,189,200,189,201,188,202,187,203,186,204,185,205,184,206,183,206,182,206,182,207,182,208,182,209,181,210,180,211,180,212,179,213,179,214,178,215,177,216,177,217,177,218,177,219,177,220,177,221,177,222,177,223,178,223,179,224,179,225,180,225,181,225,182,225,183,225,184,225,185,225,186,225,187,225,188,225,189,225,190,225,191,225,192,226,193,226,194,226,195,227,196,226,197,225,197,224,198,223,199,222,200,221,201,220,202,220,203,219,204,218,205,217,206,216,207,215,208,214,209,214,210,213,210,212,210,211,210,210,210,209,210,208,209,207,210,206,210,205,210,204,211,203,211,202,211,201,211,200,211,199,210,198,210,197,209,196,209,195,209,194,208,193,208,192,208,191,208,190,208,189,208,188,208,187,208,186,208,185,207,186,206,185,206,184,205,184,204,184,203,184,202,184,201,184,200,183
217,182,216,183,215,183,214,183,213,184,212,185,211,185,210,186,209,187,209,188,209,189,209,190,209,191,209,192,209,193,210,194,210,195,210,196,211,197,211,198,212,199,213,200,214,199,215,200,216,200,217,200,218,199,219,199,220,199,221,198,222,198,223,197,224,197,225,196,225,195,225,194,225,193,225,192,226,191,226,190,226,189,226,188,225,187,225,186,224,185,223,184,222,183,221,183,220,182,219,182,218,182
241,182,240,183,239,183,238,183,237,183,236,183,235,184,234,184,233,185,232,185,231,186,230,186,230,187,229,188,228,189,227,189,227,190,227,191,226,192,226,193,226,194,226,195,226,196,225,197,226,198,227,199,228,199,229,200,230,201,231,202,232,203,233,203,234,203,235,203,236,203,237,203,238,203,239,202,240,202,241,202,241,201,242,200,243,199,244,198,244,197,245,196,246,195,247,194,247,193,248,192,249,191,250,190,251,189,251,188,250,187,249,186,248,186,247,185,246,185,245,184,244,184,243,183,242,183
223,198,222,199,221,199,220,200,219,200,218,200,217,201,216,201,216,202,215,203,214,203,214,204,214,205,213,206,213,207,212,208,211,208,211,209,211,210,211,211,211,212,211,213,212,213,213,214,214,214,215,214,216,215,217,215,218,215,219,215,220,215,221,215,222,216,223,216,224,216,225,216,226,216,227,215,228,215,229,215,230,215,231,215,231,214,231,213,231,212,232,211,231,210,232,209,232,208,231,207,232,206,231,205,231,204,231,203,230,202,229,201,228,200,227,200,226,199,225,198,224,198
210,214,209,215,208,215,207,216,206,217,205,218,204,219,203,220,202,221,201,221,200,222,199,223,198,224,198,225,197,226,196,227,196,228,195,229,195,230,195,231,195,232,195,233,195,234,195,235,195,236,195,237,195,238,195,239,194,240,194,241,194,242,194,243,195,244,196,245,197,246,198,247,199,248,200,249,201,250,202,250,203,251,204,252,205,251,205,250,206,249,206,248,207,247,208,246,208,245,209,244,210,243,211,242,212,241,213,240,214,239,215,238,216,237,217,237,218,236,219,235,220,235,221,234,222,234,223,234,224,233,225,232,225,231,226,230,226,229,227,228,227,227,228,226,228,225,229,224,229,223,229,222,229,221,229,220,229,219,229,218,230,217,230,216,229,216,228,216,227,216,226,217,225,217,224,217,223,217,222,217,221,216,220,216,219,216,218,216,217,216,216,216,215,215,214,215,213,215,212,214,211,214
280,219,279,220,278,221,277,222,276,223,275,224,274,224,274,225,273,226,272,226,271,227,270,228,269,229,269,230,268,231,267,231,267,232,266,233,265,233,265,234,265,235,265,236,265,237,265,238,266,239,266,240,266,241,266,242,267,243,268,244,269,244,270,244,271,244,272,245,273,245,274,245,275,244,276,244,277,243,278,242,279,242,280,241,281,240,281,239,282,238,282,237,283,236,284,235,284,234,285,233,286,234,286,233,287,232,287,231,287,230,287,229,287,228,287,227,288,226,288,225,288,224,288,223,289,222,289,221,288,220,287,219,286,219,285,219,284,219,283,219,282,219,281,219
295,220,294,221,293,221,292,221,291,221,290,221,290,222,289,223,289,224,289,225,289,226,288,227,288,228,288,229,288,230,288,231,288,232,288,233,288,234,288,235,289,236,289,237,290,238,290,239,291,240,292,241,293,241,294,241,295,242,296,241,297,241,298,241,299,240,300,239,301,238,301,237,302,236,302,235,303,234,303,233,304,232,304,231,304,230,304,229,304,228,304,227,304,226,304,225,303,224,303,223,302,222,301,221,300,220,299,220,298,220,297,220,296,220
180,226,180,227,180,228,179,229,178,230,178,231,177,232,177,233,177,234,176,235,176,236,176,237,176,238,176,239,177,240,177,241,178,242,178,243,179,244,180,244,181,245,182,245,183,245,184,245,185,245,186,245,187,245,188,245,189,245,190,244,191,244,192,244,193,243,193,242,193,241,193,240,194,239,194,238,194,237,194,236,194,235,194,234,194,233,194,232,194,231,194,230,194,229,195,228,194,227,193,227,192,227,191,226,190,226,189,226,188,226,187,226,186,226,185,226,184,226,183,226,182,226,181,226
316,228,315,229,314,229,313,229,312,230,311,231,310,231,309,232,309,233,308,234,308,235,308,236,307,237,307,238,308,239,308,240,308,241,309,242,310,243,311,244,312,245,313,245,314,245,315,245,316,245,317,244,318,244,319,244,320,244,321,243,322,242,323,241,323,240,323,239,323,238,323,237,323,236,323,235,323,234,322,233,322,232,321,231,320,230,319,229,318,229,317,229
257,231,256,232,255,232,254,233,253,233,252,234,251,234,250,234,249,234,248,234,247,234,246,235,246,236,245,237,245,238,244,239,244,240,243,241,242,242,241,243,240,244,239,243,239,244,238,245,237,246,237,247,237,248,236,249,236,250,236,251,236,252,236,253,236,254,236,255,236,256,236,257,236,258,236,259,237,260,238,261,239,262,240,262,241,262,242,263,243,263,244,263,245,262,246,262,247,261,248,261,249,260,250,259,251,258,252,257,252,256,253,255,254,254,255,253,256,252,257,251,258,250,259,249,260,248,261,247,261,246,262,245,263,244,264,243,265,242,265,241,265,240,265,239,264,238,264,237,264,236,264,235,264,234,264,233,264,232,264,231,263,231,262,231,261,231,260,231,259,231,258,231
231,237,230,238,229,238,228,238,228,239,228,240,227,241,227,242,226,243,226,244,225,245,224,246,223,247,223,248,222,249,221,250,220,251,219,252,218,253,217,254,217,255,217,256,216,257,216,258,216,259,216,260,216,261,216,262,217,263,218,264,218,265,219,266,219,267,219,268,220,269,221,269,222,269,223,270,224,269,225,269,226,268,227,267,228,267,229,266,230,266,231,265,232,264,233,263,234,262,235,261,236,261,236,260,235,259,235,258,235,257,235,256,235,255,235,254,235,253,235,252,235,251,235,250,235,249,236,248,236,247,236,246,237,245,238,244,238,243,238,242,237,241,236,240,236,239,235,239,234,239,233,238,232,238
336,243,335,244,334,244,333,245,332,246,331,246,330,247,329,248,329,249,328,250,327,251,327,252,327,253,327,254,327,255,326,256,326,257,327,258,327,259,328,260,329,260,330,261,331,261,332,262,333,262,334,262,335,263,336,263,337,263,338,264,339,263,340,263,341,263,342,263,343,263,344,263,345,263,346,262,347,262,348,261,349,260,349,259,350,258,350,257,350,256,350,255,350,254,350,253,350,252,350,251,349,250,349,249,348,248,348,247,347,247,346,246,345,245,344,245,343,244,342,244,341,244,340,243,339,243,338,243,337,243
299,246,298,247,297,247,296,247,295,248,294,249,293,249,292,250,291,250,290,251,290,252,289,253,288,254,288,255,288,256,288,257,287,258,287,259,287,260,287,261,287,262,287,263,288,264,289,265,290,266,291,266,292,267,293,268,294,268,295,268,296,268,297,267,298,266,299,265,300,264,301,263,302,262,303,261,304,260,305,259,306,258,307,257,307,256,308,255,308,254,308,253,308,252,307,251,306,250,306,249,305,248,304,247,303,246,302,246,301,246,300,246
279,250,278,251,277,251,276,251,275,252,274,253,273,254,272,254,271,255,271,256,270,257,269,258,268,258,268,259,268,260,268,261,268,262,268,263,268,264,267,265,267,266,267,267,267,268,267,269,267,270,267,271,267,272,266,273,266,274,266,275,266,276,266,277,267,277,268,278,269,278,270,278,271,278,272,278,273,278,274,277,275,276,276,276,277,275,278,274,279,273,280,272,281,272,281,271,282,270,283,269,283,268,284,267,285,266,285,265,285,264,286,263,286,262,286,261,286,260,286,259,286,258,287,257,287,256,287,255,287,254,287,253,286,252,286,251,285,251,284,251,283,250,282,250,281,250,280,250
309,254,309,255,308,256,308,257,307,258,306,259,305,260,304,261,303,262,302,263,301,264,300,265,299,266,298,267,297,268,296,269,296,270,297,271,297,272,298,273,298,274,298,275,299,275,300,276,300,277,300,278,300,279,301,278,302,279,303,280,304,281,304,282,305,282,306,282,307,282,308,281,309,281,310,281,311,281,312,281,313,280,314,280,315,280,315,279,315,278,316,277,317,276,317,275,317,274,318,273,318,272,319,271,319,270,319,269,319,268,319,267,319,266,319,265,319,264,319,263,319,262,319,261,318,260,317,259,317,258,317,257,316,256,315,255,314,255,313,254,312,254,311,254,310,254
262,257,261,258,260,258,259,258,258,259,257,259,256,260,255,260,254,261,253,262,252,263,251,264,251,265,250,266,249,267,249,268,248,269,248,270,248,271,248,272,248,273,247,274,247,275,247,276,247,277,247,278,247,279,247,280,247,281,248,282,249,282,250,283,251,283,252,283,253,284,254,284,255,284,256,284,257,283,258,283,259,282,260,281,261,281,261,280,262,279,263,278,264,278,265,277,265,276,265,275,265,274,265,273,266,272,266,271,266,270,266,269,266,268,266,267,266,266,266,265,267,264,267,263,267,262,267,261,267,260,267,259,267,258,266,258,265,257,264,257,263,257
341,267,340,268,339,268,338,269,337,269,336,269,335,270,334,270,333,271,332,272,331,273,330,274,330,275,329,276,329,277,329,278,329,279,329,280,329,281,330,282,331,283,332,283,333,284,334,284,335,284,336,285,337,285,338,285,339,286,340,286,341,286,342,286,343,285,344,285,345,284,346,284,347,283,348,282,349,281,350,280,351,279,351,278,352,277,352,276,352,275,352,274,352,273,352,272,351,271,351,270,350,269,349,268,348,268,347,267,346,267,345,267,344,267,343,267,342,267
284,271,283,272,282,272,281,273,280,273,279,274,278,275,277,276,276,277,275,277,274,278,273,279,273,280,273,281,272,282,272,283,272,284,272,285,272,286,272,287,272,288,272,289,272,290,273,291,274,292,275,293,276,293,277,294,278,294,279,293,280,293,281,293,282,293,283,293,284,293,285,293,286,293,287,293,288,293,289,293,290,292,291,291,292,291,293,291,294,290,295,290,296,289,297,288,298,287,298,286,298,285,299,284,299,283,299,282,299,281,299,280,299,279,299,278,298,277,297,276,297,275,297,274,296,274,295,274,294,273,293,272,292,271,291,271,290,271,289,271,288,271,287,271,286,271,285,271
313,281,312,282,311,282,310,282,309,282,308,282,307,283,306,283,305,283,304,283,303,284,303,285,302,286,301,287,300,288,300,289,300,290,300,291,299,292,299,293,300,294,300,295,301,296,302,297,303,298,304,299,305,299,306,300,307,300,308,301,309,301,310,301,311,302,312,302,313,303,314,304,315,305,315,306,316,307,316,308,317,309,318,310,319,311,320,312,321,313,322,314,323,315,324,316,325,317,326,318,327,318,328,319,329,320,330,320,331,321,332,321,333,321,334,320,334,319,335,318,336,317,337,316,338,315,339,314,340,313,341,312,342,311,343,310,343,309,343,308,344,307,345,306,345,305,345,304,345,303,346,302,346,301,346,300,346,299,346,298,346,297,346,296,345,295,345,294,344,293,344,292,343,291,343,290,342,289,342,288,342,287,341,287,340,287,339,287,338,286,337,286,336,286,335,285,334,285,333,285,332,284,331,284,330,283,329,282,328,282,327,283,326,283,325,283,324,283,323,283,322,283,321,283,320,282,319,282,318,282,317,282,316,281,315,281,314,281
279,294,278,295,277,295,276,296,275,297,274,298,274,299,273,300,273,301,272,302,271,303,271,304,271,305,270,306,270,307,270,308,270,309,270,310,270,311,271,312,271,313,272,314,272,315,273,316,274,316,275,316,276,316,277,317,278,317,279,316,280,316,281,315,282,315,283,314,284,313,285,312,286,312,287,311,288,310,289,309,290,308,290,307,291,306,292,306,292,305,293,304,293,303,293,302,293,301,294,300,294,299,294,298,293,297,293,296,292,295,291,294,290,294,289,294,288,294,287,294,286,294,285,294,284,294,283,294,282,294,281,294,280,294
289,310,288,311,287,312,286,313,285,313,284,314,283,315,283,316,282,317,282,318,281,319,281,320,280,321,280,322,280,323,280,324,280,325,280,326,281,327,281,328,281,329,282,330,283,331,284,332,285,333,286,333,287,333,288,334,289,334,290,334,291,334,292,334,293,334,294,334,295,334,296,334,297,334,298,333,299,333,300,332,301,331,302,330,302,329,303,328,304,327,304,326,304,325,304,324,304,323,304,322,304,321,304,320,304,319,304,318,303,317,303,316,302,315,301,314,300,313,299,312,298,312,297,311,296,311,295,311,294,310,293,310,292,310,291,310,290,310
349,310,348,311,347,311,346,311,345,311,344,312,343,311,342,312,341,313,340,314,339,315,338,316,337,317,336,318,335,319,335,320,334,321,334,322,334,323,334,324,334,325,334,326,334,327,334,328,334,329,335,330,335,331,336,332,336,333,337,334,338,335,338,336,339,337,340,338,341,338,342,339,343,340,344,340,345,340,346,340,347,340,348,340,349,340,350,340,351,340,352,340,353,340,354,339,355,339,356,338,357,338,358,337,359,336,360,336,361,335,362,334,363,333,364,333,365,333,365,332,366,331,366,330,366,329,366,328,366,327,366,326,366,325,366,324,365,323,366,322,366,321,365,320,365,319,364,318,363,317,363,316,363,315,362,314,361,313,360,312,359,312,358,311,357,311,356,310,355,310,354,310,353,310,352,310,351,310,350,310
177,451,176,452,175,452,174,453,173,454,173,455,173,456,172,457,172,458,172,459,172,460,172,461,172,462,173,463,173,464,174,465,175,466,176,467,177,468,178,468,179,469,180,469,181,469,182,469,183,468,184,468,185,468,186,467,187,467,188,466,189,465,189,464,189,463,190,462,190,461,190,460,190,459,190,458,190,457,190,456,189,455,189,454,188,453,187,453,186,452,185,452,184,451,183,451,182,451,181,451,180,451,179,451,178,451
409,455,408,456,407,456,406,456,405,457,404,457,403,458,403,459,402,460,402,461,402,462,402,463,402,464,402,465,402,466,403,467,403,468,404,469,404,470,404,471,405,472,405,473,406,474,407,475,408,476,409,477,410,477,411,478,412,478,413,479,414,479,415,479,416,479,417,479,418,479,419,479,420,479,421,478,422,478,423,478,424,477,425,477,426,476,427,475,428,474,428,473,429,472,429,471,430,470,430,469,430,468,430,467,430,466,430,465,429,464,429,463,428,462,428,461,427,461,426,460,425,459,424,459,423,458,422,458,421,458,420,457,419,457,418,457,417,457,416,456,415,456,414,456,413,456,412,455,411,455,410,455
440,457,439,458,438,459,438,460,437,461,437,462,437,463,437,464,437,465,438,466,438,467,439,468,440,469,441,469,442,470,443,469,444,470,445,469,446,469,447,469,448,469,449,468,449,467,450,466,451,465,451,464,451,463,451,462,450,461,450,460,449,459,449,458,448,457,447,457,446,457,445,457,444,457,443,457,442,457,441,457
374,458,373,459,372,459,371,460,370,460,370,461,369,462,368,462,368,463,367,464,367,465,366,466,366,467,365,468,365,469,365,470,365,471,365,472,366,473,366,474,367,475,367,476,368,477,369,478,370,479,371,479,372,479,373,479,374,479,375,479,376,479,377,479,378,479,379,478,380,478,381,477,382,477,383,476,384,476,384,475,384,474,385,473,385,472,385,471,385,470,385,469,385,468,385,467,385,466,385,465,385,464,385,463,384,462,384,461,383,460,382,459,381,459,380,459,379,458,378,458,377,458,376,458,375,458
164,469,163,470,162,470,161,470,160,471,159,472,158,473,157,474,156,475,156,476,156,477,155,478,155,479,155,480,155,481,155,482,156,483,156,484,156,485,156,486,157,487,158,488,159,488,160,489,161,490,162,490,163,490,164,490,165,490,166,489,167,489,168,488,169,488,170,487,171,486,171,485,172,484,172,483,172,482,173,481,173,480,174,479,174,478,174,477,174,476,174,475,174,474,173,473,172,472,171,471,170,470,169,470,168,470,167,469,166,469,165,469
392,470,391,471,390,471,389,472,388,473,387,474,387,475,386,476,386,477,385,478,385,479,385,480,385,481,386,482,386,483,386,484,387,485,387,486,388,487,389,488,390,489,391,489,392,489,393,490,394,490,395,490,396,490,397,490,398,490,399,489,400,489,401,488,402,487,403,486,403,485,404,484,404,483,405,482,405,481,405,480,405,479,405,478,405,477,405,476,404,475,403,474,402,473,401,472,400,471,399,471,398,470,397,470,396,470,395,470,394,470,393,470
198,472,197,473,196,473,195,474,194,475,194,476,193,477,193,478,193,479,193,480,193,481,193,482,193,483,193,484,193,485,193,486,194,487,195,488,196,489,196,490,197,491,198,492,198,493,199,494,200,494,201,494,202,494,203,495,204,495,205,495,206,495,207,495,208,494,209,493,210,492,211,491,211,490,212,489,212,488,212,487,212,486,212,485,212,484,212,483,212,482,212,481,212,480,211,479,211,478,210,477,209,476,209,475,208,475,207,474,206,473,205,473,204,473,203,472,202,472,201,472,200,472,199,472
223,474,222,475,221,476,220,476,219,477,218,478,218,479,218,480,218,481,217,482,217,483,218,484,218,485,218,486,218,487,219,488,220,489,221,490,222,491,223,491,224,492,225,492,226,492,227,492,228,492,229,491,230,491,231,491,232,490,233,489,234,488,234,487,234,486,235,485,235,484,235,483,235,482,235,481,234,480,234,479,234,478,233,477,232,476,231,475,230,475,229,474,228,474,227,474,226,474,225,474,224,474
145,476,144,477,143,477,142,477,141,478,140,478,139,479,139,480,138,481,137,482,137,483,136,484,137,485,137,486,137,487,138,488,139,489,140,490,141,490,142,490,143,490,144,490,145,490,146,491,147,490,148,490,149,490,150,489,151,488,152,487,152,486,152,485,152,484,153,483,153,482,152,481,152,480,151,479,150,478,149,478,148,477,147,476,146,476
357,478,356,479,355,479,354,480,353,481,352,482,352,483,351,484,351,485,351,486,351,487,351,488,351,489,351,490,351,491,352,492,353,493,354,494,355,495,355,496,356,496,357,497,358,497,359,497,360,497,361,497,362,497,363,496,364,496,365,496,366,495,367,494,368,494,369,493,369,492,370,491,370,490,370,489,371,488,371,487,371,486,371,485,371,484,371,483,371,482,370,481,370,480,369,480,368,480,367,479,366,479,365,478,364,478,363,478,362,478,361,478,360,478,359,478,358,478
440,482,439,483,438,483,437,484,436,484,435,485,434,486,434,487,433,488,432,489,432,490,431,491,431,492,430,493,430,494,429,495,428,496,427,497,426,498,425,499,424,499,423,500,423,501,423,502,422,503,422,504,422,505,422,506,422,507,422,508,422,509,423,510,424,510,425,510,426,510,427,511,428,511,429,511,430,511,431,511,432,511,433,511,434,511,435,511,436,511,437,511,438,511,439,511,440,511,441,511,442,511,443,511,444,510,445,510,446,510,447,510,448,510,449,510,450,510,450,509,451,508,451,507,452,506,453,505,454,504,454,503,455,502,456,501,457,500,457,499,458,498,458,497,458,496,459,495,459,494,459,493,459,492,459,491,459,490,458,489,458,488,457,487,456,486,455,485,454,484,453,484,452,483,451,483,450,483,449,482,448,482,447,482,446,482,445,482,444,482,443,482,442,482,441,482
188,485,187,486,186,486,185,487,184,487,183,487,182,487,181,488,180,488,179,489,178,490,178,491,177,492,177,493,177,494,177,495,177,496,177,497,177,498,177,499,177,500,177,501,177,502,178,503,178,504,179,505,180,506,181,507,182,508,183,509,184,509,185,510,186,510,187,510,188,509,189,508,190,508,191,508,192,508,193,507,194,506,195,506,196,505,196,504,197,503,197,502,198,501,198,500,199,499,199,498,198,497,199,496,199,495,198,494,197,493,197,492,196,491,195,490,195,489,194,488,193,487,192,486,192,485,191,485,190,485,189,485
156,492,155,493,154,493,153,494,152,495,151,495,150,496,150,497,149,498,148,499,148,500,148,501,147,502,147,503,147,504,147,505,148,506,148,507,148,508,149,509,149,510,150,510,151,510,152,511,153,511,154,511,155,511,156,511,157,511,158,511,159,511,160,511,161,511,162,511,163,511,164,511,165,511,166,510,167,510,168,509,169,508,170,507,171,506,171,505,171,504,171,503,171,502,171,501,171,500,171,499,171,498,170,497,169,496,169,495,168,494,167,494,166,493,165,493,164,492,163,492,162,492,161,492,160,492,159,492,158,492,157,492
234,497,233,498,232,498,231,498,230,498,229,499,228,500,227,501,226,502,226,503,225,504,224,505,224,506,224,507,223,508,223,509,224,510,225,510,226,510,227,511,228,511,229,511,230,511,231,511,232,511,233,511,234,511,235,511,236,511,237,511,238,511,239,511,240,511,241,511,242,511,243,511,244,511,245,511,246,510,246,509,246,508,246,507,246,506,246,505,246,504,245,503,245,502,244,501,243,500,242,500,241,499,240,498,239,498,238,498,237,498,236,497,235,497
365,500,364,501,363,501,362,501,361,501,360,501,359,502,358,503,357,503,357,504,356,505,355,506,355,507,355,508,355,509,355,510,355,511,356,511,357,511,358,511,359,511,360,511,361,511,362,511,363,511,364,511,365,511,366,511,367,511,368,511,369,511,370,511,371,511,372,511,373,511,374,511,375,511,376,511,376,510,376,509,376,508,376,507,376,506,376,505,376,504,376,503,375,504,374,503,373,503,372,502,371,502,370,501,369,501,368,501,367,501,366,500
383,500,382,501,381,501,380,501,379,502,378,503,377,503,377,504,377,505,377,506,377,507,377,508,377,509,377,510,377,511,378,511,379,511,380,511,381,511,382,511,383,511,384,511,385,511,386,511,387,511,388,511,389,511,390,511,391,511,392,511,393,510,394,510,395,510,396,510,395,509,396,508,395,507,394,506,394,505,393,504,392,503,391,502,390,502,389,501,388,501,387,500,386,500,385,500,384,500
137,503,136,504,135,504,134,504,133,505,132,506,131,507,131,508,131,509,131,510,132,511,133,511,134,511,135,511,136,511,137,511,138,511,139,511,140,511,141,511,142,511,143,511,144,511,145,511,146,511,147,511,148,510,148,509,147,508,147,507,147,506,146,505,146,504,145,504,144,504,143,503,142,503,141,503,140,503,139,503,138,503
204,505,203,506,202,506,201,506,200,507,199,508,198,509,198,510,198,511,199,511,200,511,201,511,202,511,203,511,204,511,205,511,206,511,207,511,208,511,209,511,210,511,211,511,212,511,213,511,214,511,215,511,216,511,217,510,217,509,216,508,215,507,214,506,213,506,212,505,211,505,210,505,209,505,208,505,207,505,206,505,205,505
