26,86,25,87,24,87,23,87,22,88,21,89,20,90,19,91,19,92,18,93,18,94,18,95,17,96,18,97,18,98,18,99,18,100,18,101,19,102,19,103,20,104,21,105,22,106,23,107,24,107,25,107,26,108,27,108,28,109,29,109,30,109,31,108,32,108,33,107,34,107,34,106,35,105,35,104,36,103,36,102,37,101,37,100,37,99,37,98,37,97,38,96,37,95,37,94,37,93,37,92,36,91,36,90,35,89,34,88,33,88,32,87,31,87,30,86,29,86,28,86,27,86
114,107,113,108,112,108,111,108,110,108,109,109,108,110,107,111,106,111,106,112,105,113,105,114,104,115,104,116,104,117,103,118,103,119,103,120,103,121,103,122,103,123,103,124,104,125,104,126,105,127,105,128,106,129,106,130,107,131,108,132,108,133,109,134,110,134,111,134,112,134,113,134,114,134,115,135,116,135,117,135,118,135,119,135,120,135,121,135,122,134,123,134,124,134,125,133,126,133,127,132,128,132,129,132,130,131,131,130,132,129,133,128,134,127,135,126,135,125,135,124,135,123,135,122,135,121,135,120,135,119,134,118,134,117,133,116,133,115,133,114,132,113,132,112,131,111,130,111,129,111,128,110,127,110,126,109,125,109,124,108,123,108,122,108,121,107,120,107,119,107,118,107,117,107,116,107,115,107
134,107,133,108,132,108,132,109,131,110,132,111,133,112,133,113,134,114,134,115,134,116,135,117,135,118,136,119,136,120,136,121,137,121,138,121,139,122,140,123,141,124,142,125,143,126,144,126,145,127,146,127,147,127,148,128,149,128,150,128,151,128,152,128,153,127,154,127,155,127,156,127,157,128,158,127,158,126,159,125,159,124,160,123,161,122,161,121,162,120,163,119,163,118,164,117,164,116,165,115,164,114,163,113,162,112,161,111,160,110,159,109,158,109,157,108,156,108,155,107,154,108,153,108,152,108,151,107,150,108,149,108,148,108,147,107,146,108,145,108,144,107,143,107,142,107,141,107,140,107,139,107,138,107,137,107,136,107,135,107
187,113,186,114,185,114,184,115,184,116,184,117,183,118,183,119,183,120,184,121,184,122,185,123,185,124,186,125,186,126,187,127,188,128,189,129,190,130,190,131,191,132,192,133,193,134,193,135,194,135,195,134,196,133,197,132,198,132,199,131,200,130,201,129,202,129,203,128,204,128,204,127,204,126,205,125,205,124,205,123,206,122,206,121,206,120,206,119,205,118,204,118,203,117,202,116,201,115,200,115,199,115,198,114,197,114,196,114,195,113,194,113,193,113,192,113,191,113,190,113,189,113,188,113
166,115,165,116,165,117,164,118,164,119,163,120,162,121,162,122,161,123,160,124,160,125,159,126,159,127,158,128,158,129,158,130,159,130,160,131,160,132,160,133,161,134,162,135,162,136,163,137,164,138,165,138,166,139,167,140,168,141,169,142,170,142,171,143,172,144,173,144,174,144,175,145,176,145,177,146,178,146,179,146,180,146,181,147,182,147,183,147,184,146,185,146,186,146,187,145,188,145,189,144,190,144,191,144,191,143,191,142,191,141,192,140,192,139,192,138,193,137,193,136,192,135,192,134,191,133,190,132,189,131,189,130,188,129,187,128,186,127,185,126,185,125,184,124,184,123,183,122,183,121,182,120,182,119,181,118,180,118,179,118,178,117,177,117,176,117,175,117,174,117,173,116,172,116,171,116,170,116,169,115,168,115,167,115
96,120,95,121,94,122,93,123,93,124,93,125,92,126,92,127,91,128,91,129,90,130,90,131,90,132,89,133,89,134,88,135,88,136,89,137,89,138,89,139,89,140,90,140,91,141,92,141,93,142,94,143,95,143,96,144,97,145,98,146,99,147,100,147,101,148,102,149,103,150,104,150,105,149,106,148,106,147,107,146,107,145,107,144,108,143,108,142,108,141,108,140,108,139,108,138,108,137,108,136,108,135,108,134,107,133,107,132,106,131,105,130,105,129,104,128,104,127,103,126,103,125,102,124,102,123,102,122,101,122,100,121,99,121,98,120,97,121
210,128,209,129,208,129,207,129,206,129,205,129,204,129,203,129,202,130,201,130,200,131,199,132,198,133,197,133,196,134,195,135,194,136,194,137,193,138,193,139,193,140,192,141,192,142,192,143,192,144,192,145,193,146,194,147,195,148,196,148,197,149,198,150,199,151,200,152,201,153,202,154,203,154,204,155,205,156,206,156,207,156,208,156,209,155,210,155,211,155,212,155,213,155,214,155,215,154,216,154,217,154,218,154,218,153,219,152,219,151,219,150,219,149,220,148,220,147,221,146,221,145,221,144,222,143,222,142,222,141,222,140,221,139,221,138,221,137,220,136,220,135,219,134,219,133,218,132,217,131,216,130,215,129,214,129,213,129,212,128,211,128
229,134,228,135,227,135,226,136,225,137,225,138,224,139,224,140,223,141,223,142,223,143,222,144,222,145,222,146,222,147,222,148,223,149,223,150,223,151,224,152,225,152,226,153,227,153,228,154,229,154,230,155,231,155,232,156,233,156,234,156,235,156,236,156,237,156,238,156,239,156,240,157,240,156,241,155,242,154,243,153,243,152,244,151,244,150,245,149,245,148,246,147,246,146,247,145,247,144,246,144,245,143,245,142,244,141,244,140,243,139,242,138,241,137,240,136,239,136,238,136,237,135,236,135,235,135,234,134,233,134,232,134,231,134,230,134
88,140,87,141,86,141,85,142,84,142,83,143,83,144,83,145,82,146,82,147,83,148,83,149,83,150,83,151,83,152,83,153,84,154,84,155,84,156,85,157,85,158,86,159,86,160,87,161,88,162,88,163,89,164,90,165,90,166,91,167,91,168,92,169,93,170,93,171,94,172,95,173,95,174,96,175,97,175,98,176,99,176,100,177,101,177,102,177,103,177,104,177,105,176,106,175,107,174,107,173,107,172,107,171,107,170,107,169,107,168,106,167,106,166,106,165,105,164,105,163,105,162,105,161,104,160,104,159,104,158,104,157,104,156,103,155,103,154,103,153,103,152,103,151,102,150,101,149,100,148,99,148,98,147,97,146,96,145,95,144,94,144,93,143,92,142,91,142,90,141,89,141
120,143,119,144,118,144,117,144,116,144,115,145,114,145,113,146,112,146,111,147,111,148,110,149,110,150,109,151,109,152,109,153,108,154,108,155,108,156,108,157,109,158,110,159,110,160,111,160,112,161,112,162,113,163,114,164,115,164,116,164,117,165,118,165,119,165,120,165,121,166,122,166,123,166,124,166,125,166,126,166,127,166,128,165,129,166,130,166,131,166,132,166,133,165,134,165,135,165,136,164,137,164,138,163,139,162,139,161,140,160,140,159,140,158,140,157,140,156,140,155,140,154,140,153,139,152,139,151,138,150,137,149,137,148,136,147,135,146,134,146,133,145,132,145,131,145,130,145,129,144,128,144,127,144,126,144,125,144,124,144,123,144,122,144,121,144
250,144,249,145,248,145,247,146,247,147,246,148,246,149,245,150,245,151,244,152,244,153,243,154,242,155,241,156,241,157,241,158,241,159,242,160,242,161,243,162,243,163,244,164,244,165,245,166,245,167,246,168,247,169,247,170,248,171,249,172,249,173,250,174,250,175,251,175,252,175,253,175,254,176,255,176,256,176,257,176,258,176,259,176,260,177,261,177,262,177,263,177,264,177,264,176,265,175,265,174,265,173,266,172,266,171,267,170,267,169,267,168,267,167,267,166,267,165,267,164,267,163,267,162,266,161,266,160,266,159,266,158,265,157,265,156,265,155,264,154,264,153,263,152,262,151,261,150,260,149,259,148,258,147,257,147,256,146,255,145,254,145,253,145,252,144,251,144
183,151,182,152,181,152,180,152,179,153,178,154,177,154,176,155,176,156,175,157,174,158,174,159,175,160,175,161,176,162,176,163,177,164,177,165,178,166,178,167,178,168,179,169,179,170,179,171,179,172,180,173,180,174,180,175,180,176,180,177,181,177,182,178,183,178,184,179,185,180,186,180,187,181,188,181,189,182,190,182,191,183,192,184,193,184,194,185,195,186,196,187,197,188,198,189,199,190,200,189,201,189,202,189,203,189,204,189,205,188,206,188,207,187,207,186,208,185,208,184,209,183,209,182,210,181,210,180,211,179,212,180,212,179,212,178,212,177,212,176,212,175,213,174,212,173,211,173,210,173,209,172,208,172,207,171,206,170,205,169,204,168,204,167,203,166,203,165,202,164,202,163,201,162,201,161,200,161,199,160,198,159,198,158,197,157,196,156,195,155,194,154,193,153,192,152,191,152,190,151,189,151,188,151,187,151,186,151,185,151,184,151
215,155,214,156,213,156,212,156,211,156,210,156,209,156,208,157,207,157,206,157,205,157,204,157,204,158,204,159,204,160,204,161,204,162,203,163,203,164,204,165,204,166,205,167,205,168,206,169,207,170,208,171,209,171,210,172,211,172,212,172,213,173,214,172,215,171,216,172,217,171,218,171,219,170,220,169,221,168,221,167,222,166,223,165,223,164,223,163,223,162,223,161,222,160,222,159,222,158,221,158,220,157,219,156,218,155,217,155,216,155
165,157,164,158,163,158,162,158,161,158,160,158,159,158,158,159,157,159,156,160,155,161,154,162,153,162,153,163,152,164,152,165,152,166,151,167,151,168,151,169,151,170,151,171,151,172,151,173,152,174,152,175,153,176,154,177,155,178,156,179,156,180,157,180,158,180,159,180,160,180,161,180,162,180,163,180,164,180,165,180,166,180,167,180,168,180,169,180,170,181,171,181,172,181,173,182,174,181,175,180,176,179,177,179,178,178,179,177,179,176,179,175,179,174,179,173,178,172,178,171,178,170,178,169,177,168,177,167,177,166,176,165,176,164,175,163,175,162,174,161,174,160,173,159,172,159,171,158,170,158,169,158,168,158,167,157,166,157
232,163,231,164,230,164,229,164,228,165,227,165,226,165,225,166,224,166,223,166,222,167,222,168,221,169,220,170,219,171,218,172,218,173,217,174,217,175,216,176,216,177,216,178,216,179,216,180,216,181,216,182,216,183,217,184,217,185,218,186,219,186,220,187,221,187,222,187,223,187,224,187,225,188,226,188,227,188,228,188,229,188,230,188,231,188,232,188,233,188,234,188,235,187,236,187,237,187,238,187,239,186,240,185,241,184,242,184,242,183,243,182,243,181,243,180,244,179,244,178,244,177,244,176,244,175,244,174,243,173,243,172,243,171,242,170,241,169,241,168,240,167,239,166,238,166,237,165,236,165,235,164,234,164,233,164
120,169,119,170,118,170,117,170,116,170,115,170,114,170,113,170,112,171,111,171,110,172,110,173,109,174,108,175,107,175,106,176,105,177,104,178,103,179,103,180,103,181,103,182,102,183,102,184,102,185,102,186,102,187,103,188,103,189,104,190,105,190,106,191,107,192,108,192,109,192,110,193,111,193,112,194,113,194,114,194,115,193,116,193,117,193,118,193,119,192,120,192,121,192,122,191,123,191,124,190,125,189,126,188,127,187,127,186,128,185,128,184,129,183,129,182,129,181,129,180,129,179,130,178,129,177,129,176,129,175,129,174,128,173,127,172,126,172,125,172,124,171,123,171,122,170,121,170
280,169,279,170,278,170,277,171,276,172,275,172,274,173,273,174,272,175,272,176,271,177,270,178,269,179,269,180,268,181,268,182,267,183,266,184,265,184,265,185,265,186,265,187,265,188,265,189,264,190,265,191,266,192,266,193,266,194,266,195,266,196,267,196,268,196,269,196,270,197,271,197,272,197,273,197,274,197,275,197,276,197,277,197,278,197,279,198,280,198,281,198,282,198,283,198,284,198,285,198,286,197,287,197,288,196,289,196,290,195,291,194,292,193,292,192,293,191,294,190,294,189,294,188,294,187,294,186,294,185,293,184,293,183,293,182,293,181,292,180,292,179,292,178,292,177,292,176,291,175,290,174,289,173,288,172,287,172,286,171,285,170,284,170,283,169,282,169,281,169
179,178,178,179,177,180,176,180,175,181,174,182,175,183,175,184,176,185,176,186,176,187,177,188,177,189,177,190,177,191,177,192,178,193,178,194,178,195,179,196,180,197,181,198,181,199,181,200,182,201,183,202,184,203,185,203,186,204,187,204,188,204,189,204,190,204,191,204,192,205,192,204,193,203,194,204,195,203,195,202,196,201,196,200,197,199,197,198,197,197,198,196,198,195,198,194,198,193,198,192,198,191,198,190,197,189,196,188,195,187,194,186,193,185,192,185,191,184,190,183,189,183,188,182,187,182,186,181,185,181,184,180,183,179,182,179,181,178,180,178
157,181,157,182,156,183,156,184,155,185,154,186,153,187,153,188,152,189,152,190,151,191,151,192,151,193,151,194,151,195,151,196,151,197,151,198,151,199,152,200,152,201,153,202,154,203,155,204,156,205,157,205,158,206,159,206,160,206,161,206,162,205,163,205,164,205,165,204,166,204,167,203,168,203,169,203,170,202,171,201,172,201,173,200,174,199,175,199,176,198,177,197,177,196,177,195,177,194,177,193,176,192,176,191,176,190,176,189,176,188,175,187,175,186,175,185,174,184,174,183,173,183,172,182,171,182,170,182,169,181,168,181,167,181,166,181,165,181,164,181,163,181,162,181,161,181,160,181,159,181,158,181
129,193,128,194,127,194,126,194,125,194,124,194,123,195,122,195,121,195,120,196,119,197,118,197,117,198,116,199,115,200,115,201,114,202,114,203,114,204,114,205,114,206,113,207,114,208,114,209,114,210,115,211,116,212,116,213,117,213,118,214,119,215,120,216,121,216,122,217,123,217,124,218,125,218,126,218,127,219,128,219,129,220,130,220,131,220,132,220,133,219,134,219,135,219,136,219,136,218,137,217,138,217,139,216,140,215,141,214,141,213,141,212,142,211,142,210,142,209,142,208,142,207,142,206,142,205,142,204,142,203,142,202,141,201,141,200,141,199,141,198,140,197,139,196,138,196,137,195,136,194,135,194,134,194,133,193,132,193,131,193,130,193
265,197,265,198,264,199,264,200,264,201,263,202,262,203,262,204,261,205,260,206,260,207,261,208,261,209,262,210,262,211,263,212,264,213,265,213,266,214,267,215,268,215,269,216,270,216,271,217,272,217,273,217,274,217,275,217,276,217,277,217,278,217,279,217,280,216,281,215,282,215,283,214,283,213,284,212,285,211,285,210,285,209,285,208,285,207,285,206,284,205,284,204,284,203,283,202,282,201,281,200,282,199,281,199,280,199,279,199,278,198,277,198,276,198,275,198,274,198,273,198,272,198,271,198,270,198,269,197,268,197,267,197,266,197
309,198,308,199,307,200,306,201,306,202,305,203,305,204,304,205,303,205,302,206,301,207,300,207,299,208,298,209,298,210,297,211,297,212,296,213,296,214,296,215,295,216,295,217,295,218,294,219,294,220,295,221,295,222,295,223,295,224,296,225,296,226,296,227,296,228,296,229,296,230,296,231,296,232,296,233,296,234,295,235,295,236,296,236,297,236,298,236,299,236,300,236,301,236,302,236,303,235,304,235,305,234,306,234,307,233,308,232,309,232,310,231,311,231,312,230,313,229,313,228,314,227,315,226,315,225,315,224,316,223,316,222,317,221,317,220,318,219,318,218,318,217,318,216,319,215,319,214,319,213,319,212,319,211,319,210,319,209,320,208,320,207,319,206,319,205,319,204,319,203,318,202,318,201,317,201,316,200,315,199,314,199,313,198,312,198,311,198,310,198
193,205,192,206,191,206,190,207,190,208,189,209,188,210,188,211,187,212,187,213,187,214,186,215,186,216,186,217,186,218,186,219,186,220,186,221,186,222,186,223,186,224,187,225,187,226,187,227,187,228,188,229,189,230,190,231,191,231,192,231,193,231,194,231,195,231,196,231,197,231,198,231,199,230,200,230,201,229,202,229,203,228,204,228,205,227,206,227,206,226,207,225,208,225,209,224,210,223,211,223,211,222,211,221,211,220,211,219,212,218,213,218,214,219,214,220,214,219,214,218,213,217,214,216,215,215,214,214,214,213,213,212,212,212,211,212,210,212,209,211,208,211,207,210,206,210,205,209,204,208,203,207,202,207,201,206,200,206,199,205,198,205,197,205,196,205,195,205,194,205
156,207,155,208,154,208,153,209,152,210,151,211,150,211,149,211,148,212,147,213,146,214,145,215,145,216,145,217,144,218,144,219,144,220,145,221,145,222,146,223,147,223,148,223,149,223,150,223,151,224,152,224,153,223,154,222,155,221,156,220,157,220,158,219,159,218,160,218,161,217,162,216,163,215,163,214,163,213,164,212,164,211,164,210,164,209,163,208,162,208,161,208,160,207,159,207,158,207,157,207
330,214,329,215,328,215,327,215,326,216,325,217,324,217,324,218,323,219,322,220,322,221,321,222,321,223,321,224,320,225,320,226,320,227,320,228,321,229,321,230,322,231,322,232,323,233,324,234,325,234,326,235,327,236,328,236,329,236,330,236,331,235,332,235,333,235,334,234,335,233,336,233,337,232,338,231,338,230,339,229,339,228,339,227,340,226,340,225,340,224,340,223,340,222,340,221,340,220,339,219,339,218,339,217,338,216,337,215,336,215,335,214,334,214,333,214,332,214,331,214
163,216,162,217,161,218,160,219,159,219,158,220,157,221,156,221,155,222,154,223,153,224,152,225,152,226,152,227,152,228,152,229,153,230,153,231,154,232,154,233,155,234,155,235,156,236,156,237,157,238,158,238,159,239,160,240,161,241,162,241,163,241,164,241,165,241,166,241,167,241,168,241,169,240,170,240,171,239,172,238,172,237,173,236,173,235,174,234,174,233,174,232,174,231,175,230,175,229,175,228,175,227,175,226,175,225,175,224,174,223,174,222,173,221,172,220,171,220,170,219,169,218,168,218,167,217,166,217,165,217,164,217
279,218,278,219,277,219,276,219,275,220,274,221,274,222,274,223,274,224,274,225,275,226,275,227,275,228,275,229,276,230,276,231,277,232,278,232,279,233,280,233,281,234,282,234,283,235,284,235,285,235,286,236,287,236,288,237,289,236,290,236,291,236,292,235,293,235,294,236,294,235,295,234,295,233,295,232,295,231,295,230,295,229,295,228,295,227,295,226,295,225,294,224,294,223,294,222,294,221,293,220,292,221,291,220,290,220,289,219,288,219,287,219,286,219,285,218,284,218,283,218,282,219,281,219,280,219
144,227,143,228,142,229,141,230,141,231,140,232,140,233,139,234,138,235,137,236,137,237,136,238,135,239,135,240,134,241,133,242,134,243,135,243,136,244,137,244,138,245,139,246,140,247,141,248,142,249,143,250,144,251,145,252,146,253,147,253,148,254,149,254,150,254,151,255,152,255,153,255,154,256,155,255,156,254,157,254,158,253,158,252,158,251,158,250,158,249,158,248,158,247,158,246,158,245,158,244,157,244,156,243,156,242,156,241,156,240,156,239,156,238,155,237,155,236,154,235,154,234,153,233,153,232,152,231,152,230,151,230,150,229,149,228,148,228,147,227,146,227,145,227
228,227,227,228,226,228,225,228,224,228,223,228,222,228,221,228,220,228,219,228,218,229,217,230,216,231,215,232,214,233,213,234,212,235,212,236,212,237,212,238,212,239,212,240,212,241,212,242,213,243,213,244,214,245,215,246,216,247,217,248,218,249,219,250,220,250,221,251,222,252,223,252,224,253,225,253,226,253,227,252,228,251,229,251,230,250,231,249,232,248,232,247,233,246,234,245,234,244,235,243,235,242,235,241,236,240,236,239,236,238,236,237,236,236,236,235,236,234,236,233,235,232,235,231,234,230,233,229,232,229,231,228,230,228,229,228
345,228,344,229,343,230,342,231,341,232,341,233,340,234,340,235,340,236,340,237,340,238,340,239,340,240,340,241,340,242,340,243,341,244,341,245,342,246,342,247,343,247,344,248,345,249,346,249,347,250,348,251,349,251,350,252,351,252,352,252,353,251,354,251,355,251,356,251,357,250,358,249,359,248,359,247,360,246,361,245,361,244,361,243,362,242,362,241,362,240,361,239,361,238,360,237,360,236,359,235,359,234,358,234,357,233,356,232,355,232,354,232,353,231,352,231,351,230,350,230,349,229,348,229,347,228,346,228
112,232,111,233,110,233,109,233,108,234,107,234,106,235,105,236,105,237,104,238,104,239,105,240,105,241,105,242,106,243,106,244,107,245,108,246,109,247,110,248,111,248,112,248,113,249,114,249,115,248,116,248,117,248,118,247,119,246,120,245,121,244,121,243,122,242,122,241,122,240,122,239,122,238,122,237,121,236,120,235,119,234,118,233,117,233,116,233,115,232,114,232,113,232
276,232,275,233,274,233,273,233,272,233,271,234,270,235,269,235,268,236,267,237,266,238,266,239,265,240,265,241,265,242,264,243,264,244,264,245,265,246,265,247,265,248,265,249,266,250,266,251,267,252,268,253,269,254,270,255,271,256,272,256,273,257,274,257,275,257,276,257,277,257,278,257,279,257,280,256,281,256,282,255,283,254,284,254,285,253,286,252,287,252,288,251,289,251,289,250,289,249,290,248,290,247,289,246,289,245,288,244,289,243,288,242,288,241,287,240,287,239,287,238,287,237,286,237,285,236,284,236,283,236,282,235,281,235,280,234,279,234,278,233,277,233
331,241,330,242,329,242,328,242,327,243,326,243,325,244,324,245,323,246,323,247,322,248,321,249,321,250,320,251,320,252,320,253,320,254,320,255,320,256,320,257,320,258,320,259,320,260,321,261,321,262,321,263,321,264,322,265,322,266,323,267,324,268,325,268,326,268,327,268,328,268,329,268,330,268,331,267,332,267,333,266,334,266,335,266,336,265,337,264,338,263,338,262,338,261,339,260,339,259,340,258,340,257,340,256,341,255,341,254,341,253,341,252,341,251,341,250,341,249,340,248,340,247,339,246,338,246,337,245,336,244,335,243,334,242,333,242,332,242
243,243,242,244,241,245,240,246,240,247,240,248,239,249,239,250,239,251,239,252,239,253,238,254,238,255,238,256,238,257,238,258,237,259,237,260,237,261,237,262,237,263,237,264,237,265,237,266,238,267,238,268,239,269,240,270,241,270,242,271,243,271,244,271,245,271,246,271,247,271,248,271,249,271,250,271,251,270,252,270,253,270,254,269,255,269,256,269,257,269,258,268,259,268,260,267,260,266,261,265,261,264,262,263,262,262,262,261,263,260,263,259,262,258,262,257,262,256,261,255,261,254,260,253,259,252,258,251,257,250,256,249,255,248,254,247,253,246,252,246,251,245,250,244,249,244,248,243,247,243,246,243,245,243,244,243
198,244,197,245,196,245,195,246,194,246,193,247,193,248,192,249,192,250,192,251,192,252,192,253,192,254,192,255,191,256,190,256,189,257,188,258,188,259,188,260,188,261,188,262,188,263,187,264,187,265,187,266,187,267,187,268,187,269,187,270,187,271,187,272,187,273,187,274,187,275,187,276,187,277,187,278,187,279,188,280,189,281,190,282,191,283,192,283,193,284,194,284,195,284,196,284,197,284,198,284,199,284,200,284,201,284,202,284,203,283,204,284,205,283,206,282,207,281,208,280,208,279,209,278,209,277,209,276,210,275,211,274,211,273,211,272,212,271,212,270,212,269,212,268,212,267,212,266,213,265,213,264,213,263,213,262,213,261,213,260,213,259,213,258,213,257,213,256,213,255,213,254,212,253,212,252,211,251,211,250,210,249,209,248,209,247,208,246,207,245,206,245,205,244,204,244,203,244,202,244,201,244,200,244,199,244
367,247,366,248,365,248,364,249,363,249,362,250,361,251,360,252,360,253,359,254,359,255,359,256,358,257,358,258,358,259,358,260,359,261,360,262,360,263,361,264,362,265,363,265,364,266,365,267,366,268,367,268,368,269,369,269,370,268,371,267,372,268,373,267,374,266,373,265,374,264,374,263,374,262,374,261,375,260,375,259,375,258,376,257,375,256,375,255,375,254,374,253,374,252,373,251,372,250,371,249,370,248,369,248,368,247
158,254,157,255,156,255,155,256,154,257,154,258,153,259,153,260,152,261,152,262,152,263,152,264,153,265,153,266,153,267,154,268,155,269,156,269,157,270,158,270,159,271,160,271,161,272,162,273,163,274,164,275,165,276,166,277,166,278,167,279,168,280,169,281,170,281,171,282,172,283,173,283,174,283,175,284,176,284,177,284,178,284,179,284,180,284,181,284,182,283,183,283,184,282,185,281,186,280,186,279,186,278,186,277,186,276,186,275,186,274,186,273,186,272,186,271,186,270,186,269,186,268,186,267,186,266,186,265,186,264,187,263,187,262,187,261,187,260,187,259,187,258,187,257,186,256,185,255,185,254,184,254,183,255,182,255,181,254,180,254,179,255,178,255,177,255,176,255,175,255,174,255,173,255,172,255,171,255,170,255,169,255,168,254,167,254,166,254,165,254,164,254,163,254,162,254,161,254,160,254,159,254
349,257,348,258,347,258,346,258,345,259,344,259,343,259,342,260,342,261,341,262,340,263,339,263,338,264,337,265,336,266,336,267,336,268,335,269,335,270,335,271,334,272,334,273,334,274,334,275,334,276,334,277,334,278,334,279,334,280,334,281,334,282,333,283,333,284,332,285,332,286,331,287,331,288,331,289,331,290,331,291,330,292,330,293,330,294,330,295,331,296,332,297,333,298,334,299,335,300,336,300,337,300,338,300,339,301,340,301,341,300,342,300,343,300,344,300,345,300,346,300,347,299,348,299,349,299,350,298,351,298,352,297,353,296,354,296,355,295,355,294,356,293,356,292,357,291,357,290,357,289,358,288,358,287,358,286,359,285,359,284,359,283,359,282,360,281,360,280,360,279,361,278,362,277,362,276,362,275,363,274,362,273,362,272,362,271,362,270,362,269,362,268,362,267,361,266,361,265,360,264,359,263,359,262,358,261,357,260,356,260,355,259,354,258,353,258,352,258,351,258,350,257
231,263,230,264,229,264,228,265,227,266,226,267,225,267,224,268,223,269,222,270,221,270,220,271,219,272,219,273,218,274,217,275,217,276,216,277,215,277,214,278,213,279,212,280,211,281,210,280,209,280,208,281,207,282,206,283,205,284,206,285,207,286,206,287,207,287,208,288,208,289,208,290,208,291,208,292,209,293,209,294,210,295,211,296,212,297,212,298,213,299,214,300,215,301,216,301,217,302,218,302,219,302,220,302,221,302,222,303,223,303,224,303,225,303,226,303,227,303,228,302,229,301,230,300,231,300,232,299,233,299,234,298,235,297,236,297,237,297,238,296,239,296,240,295,241,295,242,294,242,293,243,292,244,291,245,291,245,290,246,289,246,288,247,287,248,286,249,285,250,285,251,284,252,283,253,283,254,283,255,283,255,282,256,281,257,281,258,281,259,280,258,279,259,278,259,277,258,276,257,276,256,276,255,275,254,274,253,274,252,274,251,274,250,274,249,273,249,272,248,272,247,272,246,272,245,272,244,272,243,272,242,272,241,271,240,271,239,270,238,269,237,268,237,267,236,267,235,266,235,265,234,264,233,264,232,264
378,266,377,267,376,267,375,267,374,267,373,268,373,269,372,270,371,271,371,272,371,273,370,274,370,275,370,276,370,277,370,278,370,279,370,280,370,281,370,282,370,283,370,284,370,285,371,286,371,287,371,288,372,289,372,290,373,291,374,291,375,292,376,292,377,292,378,292,379,292,380,292,381,291,382,290,383,289,383,288,384,287,385,286,386,285,387,284,388,283,388,282,389,281,389,280,389,279,389,278,389,277,389,276,389,275,389,274,389,273,388,272,388,271,387,270,387,269,386,268,385,267,384,266,383,266,382,266,381,266,380,266,379,266
309,277,308,278,307,278,306,278,305,278,304,279,303,279,302,279,301,279,300,280,299,280,298,280,297,281,296,281,295,282,294,282,293,283,292,284,291,285,290,286,289,287,289,288,288,289,288,290,288,291,287,292,287,293,287,294,287,295,287,296,287,297,288,298,288,299,288,300,288,301,289,302,289,303,290,304,290,305,291,306,292,306,293,307,294,308,295,308,296,309,297,309,298,309,299,309,300,309,301,309,302,309,303,309,304,309,305,309,306,309,307,308,308,308,309,307,310,307,311,306,312,306,313,305,314,304,314,303,315,302,315,301,316,300,316,299,316,298,317,297,317,296,317,295,317,294,317,293,318,292,318,291,318,290,319,289,319,288,319,287,319,286,319,285,320,284,320,283,320,282,320,281,320,280,320,279,319,279,318,278,318,277,317,277,316,277,315,277,314,277,313,277,312,277,311,277,310,277
266,278,265,279,264,279,263,280,263,281,262,282,261,283,260,284,259,285,258,286,257,287,256,288,255,289,255,290,254,291,253,292,252,293,252,294,251,295,251,296,251,297,251,298,252,299,253,300,254,300,255,300,256,300,257,300,258,301,259,300,260,300,261,300,262,299,263,299,264,298,265,298,266,298,267,297,268,297,269,297,269,296,270,295,271,294,272,293,273,292,274,291,274,290,275,289,276,288,276,287,277,286,277,285,277,284,277,283,277,282,276,281,275,280,274,279,273,278,272,278,271,278,270,278,269,278,268,278,267,278
265,299,265,300,264,301,263,301,262,300,261,301,262,302,261,303,260,303,259,304,258,305,257,305,256,306,255,307,254,308,254,309,253,310,252,311,253,312,252,313,252,314,252,315,252,316,252,317,253,318,253,319,253,320,253,321,254,322,254,323,255,324,256,325,257,326,257,327,257,328,258,329,259,330,260,331,260,332,260,333,261,334,262,334,263,334,264,335,265,335,266,335,267,335,268,335,269,334,270,334,271,334,272,334,273,334,274,333,275,333,276,332,277,332,278,331,278,330,279,329,280,328,280,327,280,326,280,325,280,324,280,323,280,322,280,321,279,320,279,319,279,318,279,317,278,316,278,315,278,314,278,313,278,312,278,311,277,310,276,309,276,308,276,307,275,306,274,305,274,304,273,304,272,303,271,302,271,301,270,301,269,300,268,300,267,300,266,300
344,303,343,304,342,304,341,304,340,304,339,305,338,305,337,306,336,307,335,308,334,308,333,309,333,310,333,311,332,312,332,313,332,314,331,315,331,316,331,317,331,318,331,319,331,320,331,321,332,322,332,323,332,324,333,325,333,326,334,327,334,328,335,329,336,329,337,330,338,330,339,331,340,331,341,331,342,331,343,331,344,331,345,330,346,330,347,330,348,330,349,330,350,329,351,329,352,328,353,328,354,328,355,328,356,327,357,327,358,326,359,325,360,324,360,323,361,322,361,321,361,320,362,319,362,318,362,317,362,316,362,315,362,314,362,313,362,312,362,311,361,310,361,309,360,308,359,307,358,306,357,305,356,304,355,304,354,303,353,303,352,303,351,303,350,303,349,303,348,303,347,303,346,303,345,303
380,307,379,308,378,308,379,309,378,310,377,310,376,310,375,310,374,311,374,312,373,313,372,313,371,314,370,315,369,316,369,317,368,318,368,319,367,320,367,321,366,322,366,323,365,324,365,325,365,326,364,327,364,328,364,329,364,330,364,331,364,332,364,333,364,334,365,335,365,336,366,337,366,338,367,339,368,340,368,341,369,342,369,343,370,343,371,342,372,342,373,342,374,341,375,341,376,340,377,340,378,340,379,339,380,339,381,338,382,338,383,338,384,337,385,337,386,336,387,336,388,335,389,334,390,334,391,333,392,333,393,332,394,332,395,332,396,331,397,331,398,331,399,330,400,330,399,329,399,328,399,327,400,326,400,325,400,324,400,323,401,322,401,321,401,320,400,319,400,318,400,317,399,316,399,315,398,314,397,313,396,312,395,311,394,311,393,310,392,310,391,310,390,309,389,309,388,309,387,308,386,308,385,308,384,308,383,308,382,308,381,307
307,311,306,312,305,312,304,313,303,313,302,314,301,314,300,315,300,316,299,317,298,318,297,319,297,320,297,321,297,322,297,323,296,324,297,325,297,326,297,327,297,328,297,329,298,330,298,331,299,332,299,333,300,334,301,335,302,336,303,337,304,338,305,338,306,338,307,339,308,339,309,339,310,339,311,339,312,339,313,339,314,339,315,339,316,339,317,338,318,338,319,338,320,337,321,337,322,336,323,336,324,335,325,335,326,334,327,333,327,332,328,331,328,330,328,329,329,328,329,327,329,326,329,325,329,324,329,323,329,322,328,321,328,320,327,319,326,318,326,317,325,316,324,315,323,315,322,314,321,314,320,313,319,313,318,313,317,312,316,312,315,311,314,311,313,311,312,311,311,311,310,311,309,311,308,311
399,331,398,332,397,332,396,332,395,333,394,333,393,333,392,334,391,334,390,335,389,335,388,336,387,337,386,337,385,338,384,338,383,339,382,339,381,339,380,340,379,340,378,341,377,341,376,341,375,342,374,342,373,343,372,343,371,343,370,344,369,344,369,345,369,346,369,347,369,348,369,349,368,350,368,351,368,352,368,353,368,354,367,355,367,356,366,357,366,358,366,359,367,360,368,360,369,360,370,360,371,360,372,360,373,359,374,359,375,359,376,359,377,359,378,359,379,359,380,359,381,359,382,359,383,359,384,359,385,359,386,359,387,359,388,359,389,359,390,359,391,359,392,359,393,358,394,358,395,357,396,357,397,357,398,356,399,356,400,355,401,354,402,354,403,353,404,352,405,351,405,350,406,349,406,348,406,347,407,346,407,345,407,344,407,343,407,342,408,341,408,340,407,339,407,338,406,337,405,336,405,335,404,334,403,333,402,333,401,332,400,331
254,334,253,335,252,336,251,337,250,338,250,339,249,340,248,341,248,342,248,343,247,344,247,345,247,346,248,347,248,348,249,349,250,350,251,351,252,351,253,351,254,351,255,351,256,351,257,351,258,350,259,350,260,350,261,349,262,349,263,348,264,347,265,347,265,346,266,345,266,344,266,343,266,342,265,341,265,340,265,339,264,338,263,337,262,336,261,335,260,335,259,335,258,334,257,334,256,334,255,334
287,336,286,337,285,337,284,337,283,338,282,339,281,340,281,341,280,342,280,343,279,344,279,345,279,346,279,347,280,348,281,349,282,350,283,351,284,352,285,352,286,353,287,353,288,353,289,354,290,354,291,354,292,354,293,354,294,354,295,354,296,354,297,353,298,352,299,351,300,350,301,349,301,348,301,347,301,346,301,345,301,344,301,343,301,342,300,341,300,340,299,339,298,338,297,337,296,337,295,336,294,336,293,336,292,336,291,336,290,336,289,336,288,336
357,342,356,343,355,343,354,344,353,344,352,344,351,345,351,346,350,347,349,348,349,349,348,350,347,351,347,352,347,353,347,354,347,355,346,356,347,357,347,358,347,359,348,360,348,361,349,362,350,362,351,362,352,363,353,363,354,363,355,363,356,362,357,362,358,361,359,361,360,360,361,360,362,359,363,359,364,359,365,359,365,358,365,357,366,356,366,355,367,354,367,353,367,352,367,351,367,350,367,349,366,348,365,347,364,346,363,345,363,344,362,344,361,343,360,343,359,342,358,342
316,343,315,344,314,344,313,345,312,346,311,346,310,347,309,348,308,349,308,350,307,351,307,352,307,353,306,354,306,355,306,356,306,357,306,358,306,359,307,360,308,361,309,361,310,362,311,362,312,363,313,363,314,363,315,363,316,362,317,362,318,362,319,361,320,361,321,360,322,360,323,359,324,359,324,358,325,357,326,356,326,355,327,354,328,353,328,352,328,351,328,350,328,349,328,348,327,347,327,346,326,345,325,344,324,344,323,343,322,343,321,343,320,343,319,343,318,343,317,343
332,350,331,351,330,352,329,352,329,353,328,354,327,355,327,356,326,357,325,358,325,359,324,360,324,361,324,362,324,363,324,364,324,365,325,366,326,367,327,368,328,368,329,368,330,368,331,368,332,368,333,368,334,368,335,368,336,368,337,367,338,367,339,366,340,365,341,364,342,363,342,362,343,361,343,360,343,359,344,358,344,357,344,356,344,355,343,354,343,353,342,352,341,351,340,351,339,351,338,351,337,350,336,350,335,350,334,350,333,350
186,383,185,384,184,385,183,385,182,386,181,387,180,388,179,389,178,390,178,391,178,392,178,393,178,394,179,395,179,396,180,397,181,398,182,399,183,400,184,400,185,400,186,401,187,401,188,401,189,401,190,401,191,401,192,401,193,400,194,400,195,400,196,399,197,398,198,397,199,396,199,395,200,394,200,393,200,392,200,391,200,390,200,389,199,388,199,387,198,386,197,385,196,385,195,384,194,384,193,383,192,383,191,383,190,383,189,383,188,383,187,383
218,385,217,386,216,386,215,386,214,387,213,388,212,389,212,390,211,391,211,392,211,393,211,394,212,395,212,396,213,397,213,398,214,399,215,400,216,400,217,401,218,401,219,401,220,401,221,401,222,401,223,401,224,401,225,401,226,400,227,400,228,399,229,398,230,397,230,396,230,395,230,394,230,393,230,392,230,391,229,390,229,389,228,388,227,387,226,386,225,386,224,385,223,385,222,385,221,385,220,385,219,385
166,391,165,392,164,392,163,392,162,392,161,392,160,392,159,393,158,393,157,393,156,393,155,393,154,393,153,393,152,394,151,394,150,395,149,395,148,396,147,397,146,397,145,398,144,399,143,400,143,401,142,402,141,403,141,404,141,405,140,406,140,407,140,408,140,409,139,410,139,411,140,412,141,413,141,414,142,415,142,416,143,417,144,418,144,419,145,420,146,421,147,421,148,421,149,422,150,422,151,422,152,422,153,422,154,422,155,422,156,422,157,421,158,420,159,419,159,418,160,417,161,416,162,415,163,415,164,414,165,414,166,413,167,413,168,413,169,412,170,412,171,412,172,411,173,411,174,410,175,409,176,409,177,408,177,407,177,406,178,405,178,404,178,403,178,402,179,401,179,400,179,399,179,398,179,397,178,396,178,395,177,394,177,393,176,393,175,393,174,393,173,392,172,392,171,392,170,391,169,391,168,391,167,391
431,395,430,396,429,396,428,396,427,397,426,398,425,398,424,399,423,400,422,400,421,401,420,401,419,402,418,402,417,403,416,403,415,404,414,405,414,406,414,407,413,408,413,409,413,410,413,411,414,412,415,413,416,413,417,414,418,414,419,414,420,414,421,414,422,414,423,414,424,415,425,414,426,413,427,413,428,412,429,412,430,411,431,411,432,410,433,410,434,409,435,408,436,408,437,407,438,407,439,406,439,405,440,404,440,403,440,402,440,401,440,400,439,399,439,398,438,397,437,397,436,396,435,395,434,395,433,395,432,395
249,397,248,398,247,398,246,398,245,399,244,400,243,400,242,401,241,402,241,403,241,404,241,405,241,406,241,407,241,408,242,409,242,410,243,411,244,412,245,413,246,413,247,413,248,414,249,414,250,415,251,415,252,415,253,416,254,416,255,417,256,417,257,417,258,417,259,416,260,416,261,415,262,414,263,413,264,412,264,411,265,410,265,409,265,408,265,407,265,406,265,405,264,404,264,403,263,402,263,401,262,400,262,399,261,399,260,398,259,398,258,398,257,397,256,397,255,397,254,397,253,397,252,397,251,397,250,397
439,407,438,408,437,408,436,409,435,409,434,410,433,411,432,411,431,412,430,412,429,413,428,413,427,414,426,414,425,415,424,416,425,417,425,418,424,419,424,420,424,421,425,422,426,423,426,424,427,425,428,425,429,426,430,426,431,427,432,427,433,428,434,427,435,427,436,426,437,426,438,426,439,425,440,425,441,425,442,424,443,424,444,424,445,423,446,423,447,423,448,422,449,422,450,422,451,421,452,421,453,420,454,420,455,419,455,418,454,417,454,416,454,415,454,414,453,413,452,412,452,411,451,410,451,409,450,408,449,408,448,408,447,407,446,407,445,407,444,407,443,407,442,407,441,407,440,407
132,411,131,412,130,413,129,413,128,414,127,415,126,416,126,417,125,418,124,419,123,420,123,421,123,422,122,423,122,424,122,425,122,426,122,427,122,428,122,429,122,430,122,431,122,432,123,433,122,434,123,435,123,436,123,437,124,438,124,439,125,440,126,441,127,442,127,443,128,444,129,445,130,446,131,446,132,447,133,447,134,448,135,448,136,448,137,447,138,447,139,446,140,445,141,444,141,443,141,442,142,441,142,440,142,439,141,438,141,437,142,436,142,435,142,434,142,433,142,432,142,431,143,430,143,429,144,428,144,427,145,426,145,425,145,424,145,423,145,422,145,421,144,420,143,419,143,418,142,417,141,416,141,415,140,414,140,413,139,412,138,411,137,411,136,411,135,411,134,411,133,411
272,417,271,418,270,418,269,419,268,420,268,421,267,422,267,423,267,424,266,425,266,426,266,427,267,428,267,429,267,430,268,431,269,432,270,433,271,433,272,434,273,435,274,435,275,435,276,436,277,436,278,435,279,435,280,435,281,435,282,435,283,434,284,433,285,433,285,432,286,431,286,430,287,429,287,428,287,427,288,426,288,425,288,424,287,423,286,422,286,421,285,420,284,419,283,419,282,418,281,418,280,417,279,417,278,417,277,417,276,417,275,417,274,417,273,417
204,419,203,420,202,420,201,421,200,421,199,421,198,422,197,423,196,423,195,424,194,425,193,426,192,426,191,427,190,427,189,428,188,428,187,428,186,429,185,430,184,431,183,432,183,433,183,434,183,435,183,436,183,437,183,438,184,439,184,440,185,440,186,441,187,442,188,442,189,443,190,444,191,444,192,445,193,445,194,446,195,447,196,448,197,448,198,448,199,449,200,450,201,451,202,451,203,452,204,453,205,453,206,454,207,454,208,455,209,455,210,455,211,456,212,456,213,457,214,457,215,458,216,458,217,458,218,457,219,457,220,457,221,456,222,455,223,454,224,454,224,453,225,452,226,451,227,450,227,449,228,448,228,447,228,446,229,445,228,444,228,443,228,442,228,441,228,440,228,439,228,438,228,437,227,436,227,435,227,434,227,433,226,432,226,431,226,430,225,429,225,428,224,427,223,426,222,426,221,425,220,425,219,424,218,424,217,423,216,423,215,422,214,421,213,421,212,421,211,420,210,420,209,420,208,419,207,419,206,419,205,419
455,420,454,421,453,421,452,422,451,422,450,423,449,423,448,423,447,424,446,424,445,424,444,425,443,425,442,425,441,426,440,426,439,426,438,427,437,427,436,427,435,428,434,428,433,429,433,430,433,431,434,432,434,433,435,433,436,434,436,435,437,436,437,437,438,438,439,439,439,440,440,440,441,441,442,441,443,442,444,442,445,442,446,442,447,442,448,442,449,442,450,442,451,441,452,441,453,441,454,440,455,440,456,440,457,440,458,440,459,441,458,440,459,439,460,439,461,439,462,438,463,437,464,436,465,435,466,434,466,433,466,432,466,431,466,430,466,429,465,428,465,427,464,426,463,425,462,424,461,424,460,423,459,422,458,422,457,421,456,421
378,421,377,422,376,422,375,423,374,423,373,424,372,425,371,426,371,427,370,428,370,429,370,430,369,431,370,432,370,433,370,434,370,435,371,436,372,437,373,437,374,437,375,438,376,438,377,438,378,438,379,438,380,438,381,438,382,438,383,438,384,437,385,437,386,436,387,435,388,434,389,433,389,432,390,431,390,430,390,429,390,428,390,427,389,426,389,425,388,424,387,423,386,422,385,422,384,421,383,421,382,421,381,421,380,421,379,421
421,428,420,429,419,430,419,431,418,432,417,433,417,434,417,435,417,436,417,437,417,438,417,439,417,440,418,441,418,442,418,443,419,444,419,445,420,446,421,447,422,448,423,449,424,450,425,451,426,452,427,452,428,452,429,452,430,451,431,451,432,450,433,449,434,448,434,447,435,446,435,445,435,444,436,443,435,442,435,441,435,440,434,439,434,438,434,437,434,436,433,435,434,434,433,433,432,432,431,432,430,431,430,430,429,429,428,429,427,428,426,428,425,428,424,428,423,428,422,428
112,430,111,431,110,431,109,431,108,431,107,432,106,432,105,432,104,433,103,434,102,434,101,435,100,436,99,437,98,438,98,439,97,440,97,441,97,442,97,443,97,444,97,445,97,446,97,447,98,448,98,449,99,450,99,451,100,452,101,453,102,454,103,455,104,455,105,456,106,456,107,457,108,457,109,458,110,459,111,459,112,459,113,458,114,458,115,457,116,457,117,457,118,456,119,455,119,454,119,453,119,452,120,451,120,450,120,449,120,448,121,447,121,446,121,445,122,444,122,443,123,442,123,441,123,440,123,439,123,438,122,437,122,436,122,435,121,434,121,433,120,433,119,432,118,432,117,431,116,431,115,431,114,431,113,430
356,435,355,436,354,436,353,437,353,438,352,439,351,440,351,441,350,442,350,443,350,444,350,445,350,446,350,447,350,448,351,449,351,450,351,451,352,452,353,453,354,454,355,454,356,455,357,455,358,455,359,456,360,456,361,455,362,455,363,455,364,455,365,454,366,454,367,453,368,452,369,451,369,450,370,449,370,448,371,447,371,446,371,445,371,444,371,443,370,442,370,441,369,440,369,439,368,438,367,438,366,437,365,436,364,436,363,435,362,435,361,435,360,435,359,435,358,435,357,435
287,438,286,439,285,440,285,441,285,442,285,443,285,444,285,445,284,446,284,447,284,448,284,449,284,450,284,451,285,452,285,453,285,454,285,455,286,456,286,457,287,458,287,459,288,460,288,461,289,462,290,462,291,463,292,463,293,464,294,464,295,464,296,463,297,463,298,463,299,462,300,461,301,461,301,460,302,459,303,458,304,457,304,456,304,455,305,454,305,453,304,452,304,451,304,450,303,449,303,448,302,447,302,446,301,445,300,444,299,443,298,443,297,442,296,441,295,440,294,440,293,439,292,439,291,438,290,438,289,438,288,438
183,441,182,442,181,443,181,444,181,445,180,446,180,447,181,448,181,449,181,450,181,451,181,452,182,453,182,454,183,455,183,456,184,456,185,456,186,457,187,456,188,456,189,456,190,456,191,455,192,454,193,453,194,452,195,452,194,451,195,450,195,449,195,448,194,447,193,446,192,446,191,445,190,445,189,444,188,443,187,443,186,442,185,441,184,441
403,441,402,442,401,442,400,442,399,443,399,444,400,445,400,446,401,447,401,448,402,449,402,450,402,451,403,452,403,453,403,454,403,455,403,456,402,457,402,458,401,459,401,460,400,461,400,462,399,463,398,464,397,465,396,466,395,467,394,468,393,469,392,470,391,470,390,471,389,472,390,473,391,474,392,475,393,475,394,475,395,476,396,476,397,477,398,477,399,478,400,478,401,478,402,478,403,478,404,478,405,478,406,478,407,477,408,477,409,476,410,476,411,475,412,475,413,475,414,475,415,474,416,474,417,473,418,472,418,471,419,470,419,469,420,468,420,467,420,466,421,465,421,464,421,463,421,462,421,461,421,460,421,459,421,458,421,457,420,456,420,455,420,454,419,453,419,452,418,451,417,450,417,449,416,448,415,447,415,446,414,445,413,445,412,444,411,443,410,443,409,442,408,442,407,442,406,441,405,441,404,441
462,441,461,442,460,442,459,442,458,442,457,443,456,443,455,444,454,445,453,446,453,447,453,448,453,449,453,450,454,451,455,452,456,452,457,453,458,454,459,454,460,455,461,456,462,456,463,457,464,457,465,457,466,457,467,457,468,456,469,456,470,455,471,455,472,455,473,454,474,454,475,453,476,452,477,451,478,450,478,449,479,448,479,447,479,446,478,445,477,444,477,443,476,443,475,442,474,442,473,441,472,441,471,441,470,441,469,441,468,441,467,441,466,441,465,441,464,441,463,441
392,443,391,444,390,444,389,445,388,446,387,447,386,448,386,449,386,450,385,451,385,452,385,453,385,454,385,455,385,456,385,457,385,458,385,459,385,460,385,461,385,462,385,463,386,464,386,465,386,466,387,467,387,468,388,469,388,470,389,471,390,470,391,469,392,469,393,468,394,467,395,466,396,465,397,464,398,463,399,462,399,461,400,460,400,459,401,458,401,457,402,456,402,455,402,454,402,453,402,452,401,451,401,450,401,449,400,448,400,447,399,446,399,445,398,444,398,443,397,444,396,443,395,443,394,443,393,443
494,448,493,449,492,449,491,450,490,450,489,451,488,451,487,452,486,453,485,454,484,455,484,456,483,457,483,458,483,459,482,460,483,461,483,462,483,463,484,464,484,465,485,466,485,467,486,468,486,469,487,470,487,471,488,472,489,473,490,474,491,475,492,475,493,475,494,476,495,476,496,476,497,476,498,476,499,476,500,476,501,476,502,476,503,476,504,475,505,475,506,474,507,474,508,473,509,472,510,471,511,470,511,469,511,468,511,467,511,466,510,465,510,464,510,463,510,462,509,461,509,460,508,459,508,458,507,457,507,456,506,455,506,454,505,453,504,452,503,452,502,451,501,450,500,450,499,449,498,449,497,449,496,449,495,449
251,451,250,452,249,452,248,453,247,453,246,454,245,454,244,455,243,456,242,456,241,457,240,458,240,459,239,460,238,461,237,462,237,463,236,464,235,465,234,466,234,467,233,468,233,469,232,470,232,471,232,472,231,473,230,474,230,475,231,476,231,477,232,478,232,479,233,480,234,481,234,482,235,483,235,484,236,485,237,486,237,487,238,488,239,489,239,490,240,491,241,492,241,493,242,494,242,495,243,496,243,497,244,498,245,499,246,499,247,499,248,499,249,499,250,500,251,500,252,501,253,501,254,501,255,501,256,501,257,500,258,500,259,500,260,500,261,500,262,499,263,499,264,499,265,499,266,498,267,498,268,498,269,497,270,497,271,497,272,496,273,495,274,495,275,494,276,494,277,493,278,492,279,491,280,490,280,489,281,488,281,487,282,486,282,485,282,484,283,483,283,482,283,481,283,480,283,479,282,478,282,477,282,476,281,475,281,474,281,473,281,472,281,471,281,470,280,469,280,468,280,467,279,466,279,465,279,464,278,463,278,462,277,461,276,460,275,459,274,458,273,457,272,456,271,455,270,454,269,454,268,453,267,453,266,453,265,452,264,452,263,452,262,451,261,451,260,451,259,451,258,451,257,451,256,451,255,451,254,451,253,451,252,451
99,452,98,453,97,454,96,454,95,454,94,455,93,455,92,456,91,456,90,457,89,458,88,458,87,459,86,460,86,461,85,462,85,463,85,464,85,465,85,466,85,467,85,468,85,469,86,470,87,471,87,472,88,472,89,473,90,474,91,475,92,475,93,475,94,476,95,476,96,475,97,475,98,475,99,474,100,474,101,473,102,472,103,471,103,470,104,469,104,468,105,467,105,466,105,465,105,464,105,463,105,462,105,461,104,460,104,459,104,458,103,457,103,456,102,455,101,454,100,453
194,453,193,454,192,455,191,456,191,457,190,458,190,459,190,460,190,461,190,462,191,463,191,464,192,465,193,466,194,467,195,467,196,467,197,467,198,468,199,468,200,468,201,468,202,468,203,468,204,468,205,467,206,467,207,467,208,466,209,466,210,466,211,465,211,464,211,463,211,462,211,461,210,460,210,459,209,458,208,457,208,456,207,455,206,455,205,455,204,455,203,454,202,453,201,453,200,453,199,453,198,453,197,453,196,453,195,453
341,454,340,455,339,456,338,456,337,457,336,458,336,459,335,460,335,461,335,462,334,463,334,464,334,465,334,466,334,467,335,468,335,469,336,470,337,471,338,471,339,472,340,472,341,472,342,472,343,472,344,472,345,471,346,471,347,471,348,471,349,471,350,470,351,469,352,468,352,467,353,466,353,465,353,464,353,463,353,462,353,461,353,460,353,459,353,458,352,457,351,456,350,455,349,455,348,454,347,454,346,454,345,454,344,454,343,454,342,454
131,462,130,463,129,463,128,464,127,464,126,465,126,466,125,467,125,468,124,469,124,470,124,471,123,472,122,473,122,474,122,475,122,476,122,477,123,478,123,479,123,480,123,481,124,482,124,483,125,484,126,485,127,485,128,485,129,486,130,486,131,487,132,488,133,488,134,487,135,487,136,487,137,487,138,486,139,485,139,484,139,483,139,482,140,481,140,480,140,479,140,478,140,477,140,476,141,475,141,474,141,473,141,472,142,471,142,470,142,469,141,468,140,467,140,466,139,465,138,464,137,464,136,463,135,463,134,463,133,463,132,462
432,468,431,469,430,469,429,469,428,470,427,470,426,471,425,472,424,473,423,474,423,475,422,476,422,477,422,478,421,479,421,480,421,481,421,482,421,483,420,484,420,485,420,486,420,487,420,488,420,489,420,490,421,491,421,492,421,493,421,494,421,495,422,496,422,497,423,498,424,499,425,500,426,501,427,501,428,501,429,502,430,502,431,503,432,503,433,503,434,502,435,502,436,502,437,503,438,503,439,503,440,503,441,504,442,504,443,504,444,505,445,505,446,506,447,506,448,506,449,507,450,507,451,507,452,508,453,508,454,508,455,508,456,509,457,509,458,509,459,509,460,509,461,510,462,510,463,510,464,510,465,510,466,510,467,510,468,510,469,510,470,510,471,510,472,510,473,510,474,510,475,510,476,510,477,509,478,509,479,508,480,507,481,507,482,506,482,505,483,504,484,503,484,502,484,501,484,500,484,499,485,498,485,497,485,496,484,495,484,494,484,493,483,492,483,491,482,490,482,489,481,488,480,488,479,487,478,486,478,485,477,484,476,483,475,482,474,481,473,480,472,480,471,479,470,479,469,478,468,477,467,476,466,476,465,475,464,474,463,474,462,473,461,473,460,472,459,471,458,471,457,470,456,470,455,470,454,469,453,469,452,469,451,469,450,469,449,469,448,469,447,469,446,469,445,469,444,469,443,469,442,469,441,469,440,469,439,469,438,469,437,468,436,468,435,468,434,468,433,468
145,469,144,470,143,470,143,471,142,472,142,473,142,474,142,475,141,476,141,477,141,478,141,479,141,480,141,481,140,482,140,483,140,484,140,485,139,486,138,487,139,487,140,487,141,487,142,487,143,487,144,488,145,488,146,489,147,489,148,489,149,490,150,490,151,491,152,492,153,492,154,493,155,493,156,494,157,494,158,493,158,492,159,491,159,490,160,489,160,488,160,487,161,486,161,485,161,484,161,483,161,482,161,481,161,480,161,479,161,478,161,477,160,476,160,475,159,474,158,473,158,472,157,471,156,471,155,470,154,470,153,470,152,469,151,469,150,469,149,469,148,469,147,469,146,469
301,469,300,470,299,470,298,470,297,471,296,472,295,473,295,474,294,475,294,476,294,477,293,478,293,479,293,480,294,481,294,482,295,483,295,484,296,485,297,486,298,487,299,488,300,488,301,488,302,489,303,489,304,489,305,489,306,489,307,489,308,488,309,488,310,487,311,486,312,485,313,484,313,483,313,482,314,481,314,480,314,479,314,478,314,477,314,476,313,475,312,474,312,473,311,472,310,471,309,470,308,470,307,469,306,469,305,469,304,469,303,469,302,469
117,473,116,474,115,475,114,476,113,477,113,478,112,479,112,480,112,481,112,482,113,483,112,484,112,485,112,486,112,487,112,488,112,489,112,490,112,491,112,492,112,493,112,494,112,495,113,496,113,497,114,498,114,499,115,500,115,501,116,502,116,503,117,504,117,505,118,506,119,507,119,508,120,508,121,509,122,509,123,509,124,509,125,509,126,509,127,509,128,508,129,507,130,506,131,506,132,505,132,504,133,503,133,502,133,501,133,500,133,499,133,498,133,497,132,496,132,495,132,494,132,493,131,492,131,491,131,490,130,489,129,489,128,488,127,487,126,486,125,485,124,484,123,483,123,482,122,481,122,480,122,479,122,478,121,477,121,476,121,475,121,474,121,473,120,473,119,473,118,473
223,474,222,475,221,476,220,477,220,478,220,479,219,480,219,481,219,482,219,483,218,484,218,485,218,486,217,487,216,488,216,489,216,490,215,491,215,492,215,493,214,494,214,495,214,496,214,497,214,498,214,499,214,500,214,501,215,502,216,503,217,504,218,505,219,505,220,506,221,506,222,507,222,508,223,508,224,508,225,509,226,509,227,509,228,509,229,510,230,509,231,509,232,509,233,509,234,508,235,508,236,508,237,507,238,507,238,506,239,505,240,504,241,503,242,502,242,501,243,500,244,499,243,498,242,497,242,496,241,495,241,494,240,493,240,492,239,491,238,490,238,489,237,488,236,487,236,486,235,485,234,484,234,483,233,482,233,481,232,480,231,479,231,478,230,477,230,476,229,475,228,475,227,475,226,474,225,474,224,474
337,475,336,476,335,476,334,476,333,477,332,477,331,478,330,479,329,480,329,481,328,482,328,483,327,484,327,485,327,486,327,487,327,488,328,489,328,490,328,491,329,492,330,493,331,494,332,494,333,494,334,495,335,495,336,495,337,495,338,495,339,495,340,495,341,495,342,495,343,495,344,494,345,494,346,493,347,492,348,492,349,491,349,490,349,489,349,488,350,487,350,486,350,485,350,484,350,483,350,482,349,481,349,480,349,479,348,478,347,477,347,476,346,476,345,475,344,475,343,475,342,475,341,475,340,475,339,475,338,475
376,476,375,477,374,477,373,477,372,478,371,478,370,479,369,479,368,480,367,481,366,482,365,483,364,484,363,485,363,486,362,487,362,488,362,489,362,490,362,491,362,492,361,493,361,494,362,495,362,496,362,497,362,498,362,499,362,500,363,501,363,502,364,503,364,504,365,505,366,506,366,507,366,508,367,509,368,510,369,510,370,510,371,511,372,511,373,511,374,511,375,511,376,511,377,511,378,511,379,511,380,511,381,511,382,511,383,511,384,511,385,511,386,511,387,511,388,511,389,511,390,511,391,511,392,511,393,511,394,511,395,511,396,511,397,511,398,510,399,510,400,509,401,508,401,507,402,506,402,505,403,504,403,503,403,502,403,501,403,500,403,499,403,498,403,497,403,496,403,495,402,494,402,493,402,492,402,491,401,490,401,489,400,488,400,487,399,486,398,485,398,484,397,483,396,482,395,482,394,481,393,480,392,480,391,479,390,479,389,478,388,478,387,477,386,477,385,476,384,476,383,476,382,476,381,476,380,476,379,476,378,476,377,476
80,478,79,479,78,479,77,480,76,481,75,482,74,483,74,484,73,485,73,486,74,487,74,488,74,489,74,490,74,491,75,492,75,493,75,494,76,495,76,496,77,496,78,497,79,498,80,498,81,499,82,499,83,499,84,499,85,499,86,499,87,499,88,498,89,498,90,497,91,496,92,495,93,494,94,493,95,492,95,491,96,490,96,489,96,488,96,487,96,486,96,485,96,484,96,483,95,482,94,481,93,480,92,479,91,479,90,478,89,478,88,478,87,478,86,478,85,478,84,478,83,478,82,478,81,478
507,479,506,480,505,480,504,480,503,481,502,481,501,481,500,482,499,483,498,484,498,485,497,486,497,487,496,488,496,489,496,490,496,491,496,492,496,493,496,494,496,495,496,496,496,497,497,498,497,499,498,500,498,501,499,502,500,502,501,502,502,503,503,503,504,503,505,503,506,502,507,503,508,502,509,502,510,502,510,501,511,500,511,499,511,498,511,497,511,496,511,495,511,494,511,493,511,492,511,491,511,490,511,489,511,488,511,487,511,486,511,485,511,484,510,483,510,482,510,481,510,480,509,480,508,479
134,488,133,489,132,489,131,489,132,490,132,491,132,492,133,493,133,494,133,495,133,496,134,497,134,498,134,499,134,500,134,501,134,502,134,503,133,504,133,505,133,506,134,507,134,508,133,509,133,510,133,511,134,511,135,511,136,511,137,511,138,511,139,511,140,511,141,511,142,511,143,511,144,511,145,511,146,510,147,510,148,510,149,509,150,509,151,508,152,507,153,506,154,505,155,504,155,503,156,502,156,501,156,500,156,499,156,498,156,497,156,496,157,495,156,495,155,494,154,494,153,493,152,493,151,492,150,491,149,491,148,490,147,490,146,490,145,489,144,489,143,488,142,488,141,488,140,488,139,488,138,488,137,488,136,488,135,488
304,492,303,493,302,493,301,493,300,493,299,494,298,494,297,495,296,496,295,497,295,498,295,499,294,500,294,501,294,502,294,503,294,504,295,505,295,506,296,507,297,508,297,509,298,510,299,510,300,510,301,510,302,511,303,511,304,511,305,511,306,511,307,511,308,511,309,511,310,510,311,510,312,509,312,508,313,507,313,506,313,505,314,504,314,503,314,502,313,501,313,500,313,499,312,498,312,497,311,496,310,495,310,494,309,494,308,493,307,493,306,492,305,492
335,496,334,497,333,497,332,497,331,497,330,497,329,498,328,498,327,499,327,500,326,501,325,502,325,503,325,504,325,505,325,506,325,507,326,508,326,509,326,510,327,510,328,510,329,511,330,511,331,511,332,511,333,511,334,511,335,511,336,511,337,511,338,511,339,511,340,511,341,511,342,511,343,511,344,511,345,511,346,511,347,511,348,511,349,511,350,510,350,509,350,508,350,507,350,506,350,505,349,504,349,503,348,502,348,501,348,500,347,500,346,499,345,498,344,497,343,496,342,496,341,496,340,496,339,496,338,496,337,496,336,496
80,499,79,500,78,501,77,501,76,501,75,502,74,503,73,504,72,505,71,506,70,507,70,508,71,509,72,510,73,511,74,510,75,511,76,511,77,511,78,511,79,511,80,511,81,511,82,511,83,511,84,511,85,511,86,511,87,511,88,511,89,511,90,510,91,510,92,509,92,508,93,507,93,506,94,505,94,504,94,503,93,502,93,501,92,500,91,500,90,499,89,499,88,499,87,500,86,500,85,500,84,500,83,500,82,500,81,500
508,503,507,504,506,504,505,505,504,505,503,506,502,506,501,507,501,508,501,509,501,510,502,510,503,511,504,511,505,511,506,511,507,511,508,511,509,511,510,511,511,510,511,509,511,508,511,507,511,506,511,505,511,504,510,503,509,503
