268,0,267,1,266,1,266,2,266,3,266,4,266,5,267,6,268,6,269,7,270,7,271,8,272,8,273,8,274,7,275,7,276,6,277,5,278,5,278,4,279,3,280,2,280,1,279,0,278,0,277,0,276,0,275,0,274,0,273,0,272,0,271,0,270,0,269,0
100,121,99,122,98,122,97,123,96,124,95,125,95,126,94,127,94,128,93,129,93,130,93,131,93,132,92,133,92,134,92,135,92,136,92,137,93,138,93,139,93,140,94,141,94,142,95,143,95,144,96,145,96,146,97,147,98,148,99,149,100,149,101,149,102,149,103,149,104,148,105,148,106,147,107,147,108,146,109,145,110,145,111,144,111,143,112,142,112,141,113,140,113,139,113,138,113,137,113,136,113,135,114,134,114,133,114,132,113,131,113,130,113,129,113,128,112,127,112,126,111,125,110,124,109,123,108,122,107,122,106,121,105,121,104,121,103,121,102,121,101,121
195,175,194,176,193,176,192,177,191,177,190,178,189,178,189,179,188,180,187,180,186,180,185,181,184,182,183,182,184,182,185,183,184,184,183,185,182,185,183,185,184,186,183,187,182,188,183,189,182,190,182,191,182,192,182,193,182,194,181,195,182,196,182,197,183,198,184,199,184,200,185,201,186,202,187,203,187,204,188,205,189,206,189,207,190,206,191,206,192,205,193,205,194,204,195,203,196,202,197,201,198,200,199,199,200,198,201,197,202,197,203,196,204,195,205,194,206,194,207,193,208,193,209,193,210,192,211,192,212,191,213,191,213,190,212,189,212,188,212,187,212,186,212,185,212,184,211,183,211,182,211,181,210,180,210,179,209,178,208,177,207,177,206,176,205,176,204,175,203,175,202,175,201,175,200,176,199,176,198,176,197,175,196,175
212,192,211,193,210,193,209,194,208,194,207,194,206,195,205,195,204,196,203,197,202,198,201,198,200,199,199,200,198,201,197,202,196,203,195,204,194,205,193,206,192,206,191,207,190,207,190,208,190,209,190,210,190,211,190,212,190,213,190,214,189,215,189,216,189,217,190,218,190,219,190,220,190,221,191,221,192,221,193,221,194,221,195,221,196,221,197,221,198,221,199,221,200,221,201,221,202,220,203,220,204,220,205,220,206,220,207,220,207,219,208,218,209,219,209,218,209,217,210,216,211,215,212,215,212,214,213,213,213,212,214,211,215,210,215,209,215,208,216,207,217,206,217,205,217,204,217,203,217,202,217,201,217,200,217,199,217,198,216,197,215,196,215,195,215,194,214,193,213,192
286,197,285,198,284,198,283,199,283,200,282,201,282,202,281,203,281,204,282,205,282,206,283,207,283,208,284,209,285,209,286,210,287,210,288,210,289,209,290,209,291,208,292,208,293,207,294,206,294,205,295,204,295,203,295,202,294,201,294,200,293,199,292,198,291,198,290,197,289,197,288,197,287,197
257,205,256,206,255,207,254,208,253,209,253,210,253,211,253,212,253,213,254,214,254,215,254,216,255,216,256,217,257,217,258,216,259,216,260,215,260,214,261,213,262,212,262,211,262,210,263,209,263,208,262,207,261,206,260,206,259,205,258,205
208,220,207,221,206,221,205,221,204,221,203,221,202,221,201,222,200,222,199,222,198,222,197,222,196,222,195,222,194,222,193,222,192,222,191,222,190,222,189,223,188,224,187,224,186,224,185,225,184,225,183,225,182,225,181,226,180,226,179,227,178,228,178,229,177,230,177,231,177,232,177,233,178,234,178,235,179,236,180,237,181,238,182,239,183,240,184,240,185,241,186,241,187,241,188,242,189,242,190,243,191,244,192,244,193,245,194,245,195,245,196,246,197,246,198,246,199,247,200,247,201,246,202,246,203,246,204,246,205,246,206,246,207,246,208,245,209,245,209,244,210,243,211,242,211,241,212,240,213,239,214,238,215,237,216,236,216,235,217,234,218,233,218,232,219,231,218,230,219,229,219,228,218,227,218,226,217,225,216,224,215,223,214,222,213,222,212,222,211,221,210,221,209,220
294,221,293,222,292,222,291,222,290,223,289,223,288,224,287,225,286,226,285,227,284,227,284,228,284,229,284,230,284,231,284,232,284,233,284,234,284,235,285,236,285,237,285,238,285,239,286,240,286,241,287,241,288,242,289,242,290,243,291,243,292,243,293,243,294,242,295,242,296,242,297,241,298,241,299,241,299,240,300,239,301,238,302,237,302,236,303,235,303,234,304,233,304,232,304,231,304,230,304,229,304,228,304,227,304,226,304,225,303,224,302,223,301,222,300,222,299,222,298,221,297,221,296,221,295,221
277,224,276,225,275,225,274,225,273,226,272,227,271,228,270,229,269,230,268,231,268,232,267,233,266,233,266,234,266,235,267,236,267,237,267,238,267,239,268,240,268,241,268,242,268,243,269,244,269,245,269,246,270,247,271,248,272,249,273,250,274,250,275,251,276,251,277,251,278,251,279,251,280,251,281,250,282,249,282,248,283,247,283,246,284,245,284,244,284,243,285,242,285,241,285,240,284,239,284,238,284,237,284,236,283,235,283,234,283,233,283,232,283,231,283,230,283,229,283,228,283,227,283,226,282,226,281,225,280,225,279,225,278,224
257,231,256,232,255,233,254,233,253,234,252,234,251,235,250,236,249,237,248,238,247,239,246,240,245,241,244,242,244,243,243,244,243,245,242,246,241,247,241,248,241,249,240,250,239,250,240,251,240,252,240,253,239,254,239,255,239,256,239,257,239,258,239,259,239,260,239,261,240,262,241,263,242,263,243,264,244,264,245,264,246,264,247,264,248,264,249,264,250,264,251,263,252,263,253,262,254,261,255,260,256,260,257,259,258,258,259,258,259,257,260,256,261,255,262,254,263,254,264,253,264,252,265,251,266,250,267,249,267,248,268,247,268,246,268,245,268,244,267,243,267,242,267,241,267,240,266,239,266,238,266,237,266,236,265,235,265,234,265,233,264,233,263,233,262,232,261,232,260,231,259,231,258,232
317,231,316,232,315,233,314,233,313,234,312,234,312,235,311,236,310,237,310,238,310,239,309,240,309,241,309,242,309,243,309,244,309,245,309,246,309,247,310,248,310,249,311,250,311,251,312,251,313,252,314,253,315,253,316,253,317,253,318,253,319,253,320,253,321,252,322,251,323,250,324,249,324,248,325,247,326,246,326,245,326,244,327,243,327,242,327,241,327,240,327,239,327,238,327,237,326,236,326,235,325,234,324,233,323,233,322,232,321,232,320,232,319,231,318,231
297,242,296,243,295,243,294,243,293,244,292,244,291,245,290,246,290,247,289,248,289,249,288,250,288,251,288,252,287,253,287,254,287,255,287,256,287,257,287,258,287,259,287,260,287,261,288,262,288,263,289,264,289,265,290,265,291,266,292,266,293,266,294,266,295,266,296,266,297,266,298,266,299,265,300,265,301,265,302,265,303,264,304,264,305,263,306,263,306,262,307,261,308,260,309,259,309,258,310,257,310,256,310,255,310,254,310,253,310,252,310,251,310,250,309,249,309,248,308,247,308,246,307,245,306,245,305,244,304,243,303,243,302,243,301,242,300,242,299,242,298,242
337,244,336,245,335,245,334,245,333,245,332,245,331,245,330,246,329,246,328,246,327,247,326,247,325,248,325,249,324,250,323,251,323,252,323,253,323,254,323,255,323,256,323,257,324,258,324,259,325,260,326,261,327,262,328,262,329,263,330,263,331,264,332,264,333,264,334,265,335,265,336,265,337,265,338,265,339,264,340,264,341,264,342,264,342,263,343,262,344,262,345,261,346,260,347,259,348,258,348,257,349,256,349,255,349,254,349,253,349,252,349,251,349,250,348,249,347,248,346,247,346,246,345,246,344,245,343,245,342,245,341,245,340,245,339,244,338,244
261,257,260,258,259,259,258,259,257,260,256,261,255,261,254,262,253,263,252,264,251,264,251,265,251,266,250,267,250,268,250,269,249,270,249,271,248,272,248,273,248,274,248,275,248,276,248,277,248,278,248,279,248,280,248,281,249,282,250,283,250,284,251,285,252,285,253,285,254,285,255,285,256,285,257,285,258,284,259,284,260,284,260,283,260,282,260,281,260,280,261,279,261,278,261,277,262,276,262,275,262,274,263,273,263,272,264,271,264,270,265,269,265,268,266,267,267,266,267,265,268,264,269,263,269,262,270,261,270,260,271,259,271,258,272,257,271,257,270,257,269,257,268,257,267,257,266,257,265,257,264,257,263,257,262,257
272,258,272,259,271,260,271,261,270,262,270,263,269,264,268,265,268,266,267,267,266,268,266,269,265,270,265,271,264,272,264,273,263,274,263,275,263,276,262,277,262,278,262,279,261,280,261,281,261,282,261,283,261,284,262,284,263,285,264,285,265,286,266,286,267,286,268,286,269,286,270,285,271,285,272,284,273,284,274,283,275,282,276,282,277,281,278,280,279,279,279,278,280,277,281,276,282,275,283,274,284,273,284,272,285,271,285,270,285,269,285,268,285,267,285,266,285,265,285,264,285,263,284,262,284,261,283,260,282,259,281,259,280,259,279,258,278,258,277,258,276,258,275,258,274,258,273,258
231,260,230,261,229,261,228,261,227,262,226,262,225,263,224,264,224,265,225,266,225,267,226,268,227,268,228,269,229,268,230,268,231,267,232,267,233,266,233,265,233,264,233,263,233,262,232,261
339,265,338,266,337,266,336,266,335,267,334,268,333,269,332,270,332,271,332,272,332,273,333,274,334,275,334,276,335,276,336,277,337,278,338,279,339,280,340,280,341,281,342,282,343,283,344,283,345,283,346,283,347,282,348,282,349,281,350,280,351,279,352,278,352,277,353,276,353,275,353,274,353,273,353,272,353,271,352,270,351,269,350,268,349,267,348,266,347,266,346,266,345,266,344,265,343,265,342,265,341,265,340,265
294,269,293,270,292,270,291,270,290,271,289,271,288,271,287,272,286,273,285,272,285,273,284,274,283,275,282,276,281,277,280,278,280,279,279,280,278,281,279,282,279,283,278,284,278,285,278,286,278,287,278,288,278,289,278,290,279,291,279,292,280,293,281,293,282,294,283,294,284,294,285,294,286,295,287,295,288,295,289,295,290,294,291,294,292,293,293,293,294,292,295,291,296,291,297,290,297,289,298,288,299,288,300,287,300,286,301,285,301,284,302,283,303,282,302,281,302,280,302,279,303,278,302,277,302,276,302,275,301,274,301,273,300,272,299,271,298,270,297,270,296,269,295,269
312,278,311,279,310,279,309,279,308,280,307,280,306,281,305,282,304,283,303,283,302,284,302,285,301,286,301,287,300,288,300,289,300,290,300,291,300,292,300,293,300,294,300,295,300,296,301,297,302,298,302,299,303,300,304,300,305,301,306,302,307,302,308,302,309,303,310,303,311,303,312,303,313,303,314,303,315,303,316,303,317,304,318,304,319,304,320,303,321,303,322,303,323,303,324,302,325,302,326,302,327,302,328,301,328,300,329,299,330,298,330,297,331,296,332,295,332,294,333,293,333,292,333,291,333,290,333,289,333,288,332,287,332,286,331,285,331,284,330,283,329,282,328,281,327,281,326,280,325,280,324,279,323,279,322,279,321,278,320,278,319,278,318,278,317,278,316,278,315,278,314,278,313,278
341,287,340,288,339,288,338,289,337,290,336,291,336,292,335,293,334,293,333,294,333,295,332,296,331,297,331,298,330,299,329,300,329,301,328,302,328,303,328,304,329,305,329,306,329,307,329,308,329,309,329,310,330,311,330,312,331,312,332,313,333,314,334,315,335,315,336,315,337,316,338,315,339,315,340,314,341,314,342,313,343,313,344,312,345,312,346,311,347,311,347,310,348,309,349,308,350,307,351,306,351,305,352,304,352,303,353,302,353,301,353,300,353,299,353,298,352,297,352,296,352,295,351,294,351,293,351,292,350,291,349,290,348,290,347,289,346,288,345,288,344,288,343,287,342,287
285,296,284,297,283,297,282,298,281,298,280,299,279,299,278,300,277,301,276,302,275,303,275,304,274,305,274,306,273,307,273,308,272,309,272,310,272,311,271,312,271,313,271,314,271,315,271,316,271,317,271,318,272,319,272,320,273,320,274,321,275,321,276,322,277,322,278,322,279,322,280,322,281,321,282,320,283,319,284,319,285,318,286,317,287,316,288,316,289,315,289,314,290,313,291,312,292,311,292,310,293,309,293,308,294,307,294,306,294,305,294,304,294,303,294,302,295,301,294,300,294,299,294,298,293,297,292,297,291,296,290,296,289,296,288,296,287,296,286,296
365,303,364,304,363,304,362,304,361,305,360,305,359,306,358,307,357,308,356,309,355,310,354,311,353,312,352,312,351,312,350,312,349,312,348,312,347,312,346,312,345,313,344,313,343,314,342,314,341,315,340,315,339,316,338,316,337,317,336,318,335,319,335,320,334,321,333,322,333,323,332,324,332,325,331,326,331,327,331,328,331,329,331,330,331,331,332,332,332,333,333,334,333,335,334,336,335,336,336,337,337,337,338,337,339,338,340,337,341,337,342,337,343,337,344,337,345,337,346,336,347,336,348,336,349,335,350,335,351,335,352,335,353,334,354,334,355,333,356,333,357,332,358,332,359,331,360,330,361,330,362,330,363,329,364,328,365,327,366,326,367,325,368,325,369,324,370,323,370,322,371,321,372,320,372,319,373,318,374,317,374,316,375,315,375,314,375,313,375,312,375,311,375,310,375,309,374,308,374,307,373,306,372,305,371,305,370,304,369,304,368,303,367,303,366,303
289,316,288,317,287,317,286,318,285,319,284,320,283,320,282,321,281,322,280,323,280,324,280,325,280,326,280,327,280,328,280,329,280,330,280,331,280,332,281,333,282,334,283,335,284,336,285,336,286,336,287,337,288,337,289,337,290,338,291,338,292,338,293,338,294,338,295,338,296,338,297,337,298,337,299,336,300,336,301,335,302,334,303,333,304,332,305,331,305,330,305,329,306,328,306,327,306,326,305,325,305,324,305,323,304,322,304,321,303,320,303,319,302,318,301,318,300,318,299,317,298,317,297,316,296,316,295,316,294,316,293,316,292,316,291,316,290,316
197,437,196,438,195,438,194,438,193,439,192,440,191,441,191,442,190,443,190,444,189,445,190,446,190,447,190,448,191,449,191,450,192,451,193,451,194,452,195,452,196,452,197,452,198,452,199,452,200,452,201,451,202,451,203,450,204,449,205,448,205,447,205,446,206,445,206,444,206,443,206,442,206,441,205,440,205,439,204,439,203,438,202,437,201,437,200,437,199,437,198,437
413,443,412,444,411,444,410,444,409,445,408,446,407,447,406,448,406,449,406,450,406,451,406,452,406,453,407,454,407,455,408,456,409,457,410,458,411,459,412,459,413,459,414,460,415,460,416,460,417,460,418,460,419,459,420,459,421,458,421,457,422,456,422,455,422,454,422,453,422,452,423,451,423,450,423,449,422,448,422,447,422,446,421,445,420,445,419,444,418,444,417,443,416,443,415,443,414,443
180,449,179,450,178,450,177,450,176,451,175,451,174,452,173,453,172,454,172,455,171,456,171,457,171,458,170,459,170,460,170,461,170,462,170,463,171,464,172,465,173,466,174,467,175,467,176,467,177,467,178,468,179,468,180,468,181,468,182,467,183,467,184,467,185,467,186,466,187,466,188,465,189,464,190,463,190,462,190,461,190,460,190,459,191,458,191,457,190,456,190,455,189,454,189,453,188,452,188,451,187,450,186,450,185,449,184,449,183,449,182,449,181,449
152,453,151,454,150,454,149,455,148,456,147,457,146,458,146,459,145,460,145,461,145,462,144,463,145,464,145,465,145,466,146,467,146,468,147,469,148,470,149,471,150,472,151,473,152,473,153,473,154,473,155,473,156,473,157,473,158,473,159,472,160,472,161,472,162,471,163,470,163,469,164,468,165,467,165,466,165,465,165,464,165,463,165,462,165,461,165,460,164,459,164,458,163,457,163,456,162,456,161,455,160,454,159,454,158,454,157,453,156,453,155,453,154,453,153,453
235,455,234,456,233,456,232,457,231,457,230,458,230,459,229,460,229,461,229,462,229,463,229,464,229,465,229,466,230,467,230,468,231,469,231,470,232,471,233,471,234,472,235,473,236,473,237,474,238,474,239,474,240,474,241,474,242,473,243,473,243,472,244,471,245,470,245,469,246,468,246,467,246,466,246,465,246,464,246,463,246,462,246,461,245,460,245,459,244,458,243,457,242,456,241,456,240,456,239,455,238,455,237,455,236,455
392,459,391,460,390,461,389,461,388,462,388,463,387,464,387,465,386,466,386,467,385,468,385,469,385,470,386,471,386,472,386,473,386,474,386,475,386,476,387,477,388,478,389,479,389,480,390,480,391,481,392,482,393,482,394,482,395,483,396,483,397,483,398,483,399,483,400,482,401,482,402,482,403,481,404,480,405,479,406,478,406,477,407,476,407,475,407,474,407,473,407,472,407,471,407,470,407,469,407,468,407,467,407,466,406,465,406,464,405,463,404,462,403,461,402,460,401,460,400,459,399,459,398,459,397,459,396,459,395,459,394,459,393,459
213,460,212,461,211,461,210,461,209,462,208,463,207,464,206,465,206,466,206,467,205,468,205,469,205,470,205,471,205,472,205,473,206,474,207,475,208,476,209,477,210,478,211,478,212,478,213,478,214,478,215,478,216,478,217,478,218,478,219,477,220,477,221,476,221,475,222,474,222,473,223,472,223,471,223,470,223,469,223,468,223,467,222,466,222,465,221,464,221,463,220,462,219,462,218,461,217,461,216,461,215,460,214,460
443,461,442,462,441,462,440,463,439,464,438,464,438,465,437,466,436,467,436,468,436,469,436,470,436,471,436,472,436,473,436,474,437,475,437,476,437,477,438,478,439,479,439,480,440,481,441,482,442,482,443,483,444,483,445,483,446,483,447,483,448,483,449,484,450,484,451,484,452,484,453,484,454,484,455,483,456,483,457,482,458,482,458,481,459,480,460,479,460,478,460,477,460,476,460,475,460,474,460,473,460,472,460,471,459,470,458,469,458,468,457,467,456,466,455,465,454,465,453,464,452,464,451,463,450,463,449,462,448,462,447,461,446,461,445,461,444,461
189,468,188,469,187,470,186,470,185,471,184,472,183,472,183,473,182,474,181,475,181,476,181,477,180,478,180,479,180,480,180,481,180,482,180,483,180,484,181,485,182,486,182,487,183,488,183,489,184,489,185,490,186,491,187,492,188,492,189,492,190,492,191,492,192,492,193,492,194,492,195,491,196,491,197,490,198,489,199,488,199,487,200,486,200,485,200,484,201,483,201,482,201,481,201,480,202,479,202,478,202,477,202,476,202,475,201,474,201,473,200,472,199,471,198,470,197,470,196,469,195,469,194,469,193,468,192,468,191,468,190,468
167,474,166,475,165,475,164,476,163,476,162,477,161,478,160,479,160,480,159,481,159,482,158,483,158,484,158,485,158,486,158,487,158,488,158,489,158,490,159,491,160,492,160,493,161,493,162,494,163,494,164,494,165,495,166,495,167,495,168,495,169,495,170,495,171,494,172,494,173,493,174,492,175,491,176,490,176,489,177,488,177,487,178,486,179,485,179,484,179,483,179,482,179,481,179,480,179,479,178,478,177,477,176,476,175,476,174,475,173,475,172,474,171,474,170,474,169,474,168,474
378,475,377,476,376,476,375,476,374,477,373,478,372,478,372,479,371,480,370,481,370,482,370,483,370,484,370,485,370,486,370,487,370,488,370,489,371,490,371,491,372,492,373,493,374,494,375,494,376,494,377,495,378,495,379,495,380,495,381,495,382,495,383,494,384,494,385,493,386,492,387,491,388,490,388,489,388,488,389,487,389,486,389,485,389,484,389,483,389,482,389,481,388,480,388,479,387,478,386,477,385,476,384,476,383,475,382,475,381,475,380,475,379,475
143,476,142,477,141,477,140,477,139,478,138,478,137,479,136,480,135,481,135,482,134,483,134,484,134,485,134,486,134,487,134,488,134,489,134,490,134,491,134,492,134,493,134,494,135,495,135,496,136,497,137,498,138,498,139,499,140,499,141,499,142,499,143,499,144,499,145,499,146,498,147,498,148,498,149,497,150,497,151,496,151,495,152,494,152,493,153,492,153,491,153,490,153,489,153,488,153,487,153,486,153,485,152,484,152,483,152,482,151,481,150,480,150,479,149,478,148,477,147,477,146,477,145,476,144,476
418,476,417,477,416,477,415,478,414,478,413,479,413,480,412,481,411,482,411,483,411,484,411,485,411,486,411,487,412,488,412,489,412,490,412,491,413,492,413,493,414,494,415,495,416,496,417,496,418,497,419,497,420,497,421,497,422,497,423,497,424,497,425,496,426,496,427,496,428,495,429,494,430,493,430,492,431,491,432,490,432,489,432,488,432,487,432,486,432,485,432,484,432,483,431,482,431,481,430,480,430,479,429,479,428,478,427,477,426,477,425,476,424,476,423,476,422,476,421,476,420,476,419,476
229,480,228,481,227,481,227,482,226,483,225,484,224,484,224,485,223,486,223,487,223,488,223,489,223,490,223,491,222,492,222,493,223,494,223,495,223,496,223,497,224,498,224,499,224,500,225,501,225,502,226,503,227,503,228,504,229,505,230,505,231,505,232,506,233,506,234,506,235,506,236,506,237,505,238,505,239,504,240,503,241,503,242,502,242,501,243,500,243,499,244,498,244,497,244,496,243,495,243,494,243,493,243,492,243,491,242,490,242,489,242,488,242,487,242,486,242,485,241,485,240,484,239,483,238,483,237,482,236,482,235,481,234,481,233,480,232,480,231,480,230,480
248,480,247,481,246,482,245,483,244,484,243,485,243,486,243,487,243,488,243,489,243,490,244,491,244,492,244,493,244,494,244,495,245,496,245,497,245,498,246,498,247,498,248,499,249,499,250,498,251,498,252,498,253,497,254,497,255,496,256,495,256,494,257,493,258,492,258,491,259,490,259,489,259,488,259,487,259,486,259,485,259,484,258,483,257,482,256,481,255,481,254,481,253,480,252,480,251,480,250,480,249,480
208,491,207,492,206,492,205,493,204,494,203,495,203,496,202,497,202,498,202,499,201,500,201,501,201,502,201,503,202,504,202,505,202,506,202,507,202,508,203,509,203,510,204,510,205,510,206,511,207,511,208,511,209,511,210,511,211,511,212,511,213,511,214,511,215,511,216,511,217,511,218,511,219,511,220,511,221,510,222,509,222,508,223,507,223,506,223,505,223,504,224,503,224,502,224,501,223,500,223,499,223,498,222,497,222,496,222,495,222,494,221,493,220,492,219,492,218,492,217,492,216,491,215,491,214,491,213,491,212,491,211,491,210,491,209,491
124,493,123,494,122,494,121,494,120,495,119,496,118,497,117,498,116,499,116,500,116,501,115,502,115,503,115,504,116,505,116,506,116,507,117,508,117,509,118,510,119,510,120,511,121,511,122,511,123,511,124,510,125,510,126,510,127,510,128,510,129,510,130,510,131,510,132,510,133,509,134,509,135,508,136,507,137,506,137,505,137,504,138,503,137,502,137,501,136,500,136,499,136,498,135,497,134,496,134,495,133,495,132,495,131,494,130,494,129,493,128,493,127,493,126,493,125,493
181,494,180,495,179,495,178,496,177,496,176,497,175,497,174,498,173,499,172,500,171,501,170,502,170,503,169,504,168,505,169,506,169,507,169,508,169,509,169,510,170,510,171,511,172,511,173,511,174,511,175,511,176,511,177,511,178,511,179,511,180,511,181,511,182,511,183,511,184,511,185,511,186,511,187,511,188,511,189,510,190,510,191,510,192,510,193,510,194,510,195,510,195,509,195,508,195,507,195,506,194,505,194,504,193,503,193,502,192,501,192,500,191,499,190,498,189,497,188,496,187,496,186,495,185,495,184,495,183,494,182,494
365,497,364,498,363,498,362,498,361,499,360,500,360,501,360,502,359,503,359,504,359,505,359,506,359,507,359,508,359,509,359,510,360,510,361,511,362,511,363,511,364,511,365,511,366,511,367,511,368,511,369,511,370,511,371,511,372,511,373,511,374,511,375,511,376,511,377,511,378,511,379,511,380,511,381,510,382,510,382,509,382,508,382,507,381,506,381,505,381,504,380,503,379,502,378,501,377,500,376,500,375,499,374,499,373,498,372,498,371,497,370,497,369,497,368,497,367,497,366,497
394,500,393,501,392,501,391,501,390,502,389,503,388,504,387,505,386,506,386,507,386,508,385,509,385,510,385,511,386,511,387,511,388,511,389,511,390,511,391,511,392,511,393,511,394,511,395,511,396,511,397,511,398,511,399,511,400,511,401,511,402,511,403,511,404,511,405,510,406,510,406,509,406,508,406,507,405,506,404,505,404,504,403,504,402,503,401,502,400,502,399,501,398,501,397,501,396,501,395,500
150,501,149,502,148,503,147,504,146,505,145,506,145,507,144,508,143,508,142,509,142,510,142,511,143,511,144,511,145,511,146,511,147,511,148,511,149,511,150,511,151,511,152,511,153,511,154,511,155,511,156,511,157,511,158,511,159,511,160,511,161,511,162,511,163,511,164,511,165,511,166,511,167,510,168,510,168,509,168,508,168,507,168,506,167,506,166,505,166,504,165,504,164,503,163,502,162,502,161,501,160,501,159,501,158,501,157,501,156,501,155,501,154,501,153,501,152,501,151,501
253,502,252,503,251,503,250,504,249,504,248,505,247,506,247,507,246,508,246,509,246,510,247,511,248,511,249,511,250,511,251,511,252,511,253,511,254,511,255,511,256,511,257,511,258,511,259,511,260,511,261,511,262,511,263,511,264,511,265,511,266,511,266,510,266,509,266,508,266,507,265,506,265,505,264,504,263,504,262,503,261,503,260,502,259,502,258,502,257,502,256,502,255,502,254,502
