68,92,67,93,66,93,65,94,64,95,63,96,63,97,62,98,62,99,62,100,62,101,62,102,62,103,63,104,63,105,64,106,65,107,66,107,67,107,68,107,69,107,70,107,71,106,72,106,73,106,74,105,75,104,75,103,76,102,76,101,76,100,76,99,76,98,76,97,76,96,76,95,75,94,74,93,73,92,72,92,71,92,70,92,69,92
155,128,154,129,153,129,152,130,151,130,150,131,149,132,149,133,148,134,147,135,147,136,146,137,145,138,145,139,145,140,144,141,144,142,143,143,143,144,144,144,145,145,145,146,146,147,147,148,148,148,149,149,150,149,151,149,152,149,153,149,154,149,155,148,156,148,157,148,158,147,159,146,160,145,161,145,162,145,162,144,162,143,162,142,162,141,162,140,162,139,163,138,163,137,163,136,163,135,163,134,163,133,163,132,163,131,163,130,162,130,161,129,160,128,159,128,158,128,157,128,156,128
167,130,166,131,165,132,164,132,164,133,164,134,164,135,164,136,164,137,164,138,163,139,163,140,163,141,163,142,163,143,163,144,163,145,164,146,165,147,165,148,166,149,167,150,167,151,168,152,169,153,170,154,171,155,172,155,173,155,174,156,175,156,176,155,177,155,178,155,179,154,180,154,181,153,182,152,183,151,184,151,185,151,185,150,185,149,185,148,185,147,184,146,184,145,184,144,184,143,184,142,184,141,184,140,183,139,182,138,181,137,180,136,179,135,178,135,177,134,176,133,175,132,174,132,173,131,172,130,171,130,170,130,169,130,168,130
193,130,192,131,191,131,190,131,189,132,188,133,187,134,186,135,186,136,185,137,185,138,184,139,185,140,185,141,185,142,185,143,185,144,185,145,185,146,186,147,186,148,186,149,186,150,186,151,187,152,188,153,189,153,190,153,191,154,192,154,193,154,194,154,195,155,196,155,197,155,198,154,198,153,198,152,198,151,199,150,199,149,200,148,201,147,202,146,203,145,204,144,205,143,206,143,207,142,208,142,209,141,210,141,211,141,212,140,213,140,213,139,214,138,215,137,215,136,215,135,214,134,214,133,213,133,212,132,211,132,210,132,209,132,208,132,207,132,206,132,205,132,204,132,203,131,202,131,201,131,200,131,199,131,198,130,197,130,196,130,195,130,194,130
130,139,129,140,128,141,127,141,126,142,125,142,125,143,124,144,124,145,123,146,123,147,123,148,123,149,122,150,122,151,122,152,122,153,122,154,122,155,122,156,122,157,122,158,123,159,123,160,124,161,124,162,125,162,126,163,127,164,128,164,129,164,130,163,131,163,132,163,133,162,134,162,135,161,136,160,137,159,138,158,139,157,139,156,140,155,140,154,140,153,141,152,141,151,141,150,142,149,142,148,142,147,142,146,142,145,142,144,142,143,142,142,141,142,140,141,139,140,138,139,137,139,136,139,135,139,134,139,133,139,132,139,131,139
212,141,211,142,210,142,209,142,208,143,207,143,206,144,205,144,204,145,203,146,202,147,201,148,200,149,200,150,199,151,199,152,199,153,199,154,199,155,200,156,200,157,201,158,202,159,203,160,204,160,205,160,206,161,207,161,208,162,209,163,210,163,211,163,212,163,213,164,214,164,215,163,216,163,217,163,218,162,219,161,219,160,219,159,220,158,220,157,221,156,221,155,221,154,222,153,222,152,222,151,222,150,221,149,221,148,221,147,221,146,220,145,219,144,219,143,218,143,217,142,216,142,215,142,214,142,213,141
231,146,230,147,229,148,229,149,228,150,228,151,228,152,229,153,229,154,230,155,231,156,231,157,232,158,233,159,234,159,235,160,236,160,237,160,238,161,239,161,240,162,241,162,242,163,243,162,243,161,244,160,245,159,246,158,246,157,246,156,246,155,246,154,246,153,245,152,244,151,244,150,243,149,242,149,241,148,240,147,239,147,238,146,237,146,236,146,235,146,234,146,233,146,232,146
185,154,184,155,183,155,182,155,181,156,180,157,180,158,180,159,179,160,179,161,179,162,180,163,180,164,181,165,182,166,183,167,184,168,185,169,186,170,187,170,188,171,189,172,190,173,191,173,192,173,193,173,194,174,195,174,196,173,197,173,198,172,199,172,200,171,201,170,201,169,202,168,202,167,203,166,203,165,203,164,203,163,202,162,202,161,202,160,201,159,200,158,199,157,198,157,197,156,196,156,195,156,194,155,193,155,192,155,191,155,190,154,189,154,188,154,187,154,186,154
157,157,156,158,155,158,154,158,153,158,152,158,151,158,150,158,149,158,148,158,147,158,146,159,145,159,144,160,143,160,142,161,141,162,140,163,140,164,140,165,139,166,139,167,139,168,139,169,139,170,139,171,140,172,140,173,141,174,141,175,142,176,142,177,143,178,143,179,144,180,145,180,146,181,147,182,148,183,149,184,150,185,151,186,152,187,153,187,154,187,155,187,156,187,157,187,158,187,159,186,160,186,161,185,162,185,163,184,164,183,165,182,165,181,166,180,166,179,167,178,167,177,167,176,168,175,168,174,168,173,169,172,169,171,169,170,169,169,169,168,169,167,169,166,169,165,169,164,168,163,168,162,167,161,166,160,165,159,164,158,163,158,162,157,161,157,160,157,159,157,158,157
230,158,229,159,228,159,227,159,226,159,225,159,224,160,223,160,222,161,221,161,220,161,219,162,218,163,217,164,216,164,216,165,216,166,216,167,216,168,216,169,216,170,216,171,216,172,217,173,217,174,218,175,219,176,220,177,221,177,222,178,223,178,224,178,225,178,226,179,226,180,227,179,228,178,229,178,230,177,231,177,232,177,233,176,234,176,235,175,236,175,237,174,238,174,239,173,240,173,241,172,242,172,243,172,244,171,244,170,244,169,243,168,243,167,243,166,242,165,242,164,241,163,240,163,239,162,238,162,237,161,236,161,235,161,234,160,233,160,232,159,231,158
247,158,246,159,245,160,244,161,244,162,243,163,243,164,243,165,244,166,244,167,244,168,245,169,245,170,245,171,246,172,246,173,247,174,248,175,249,176,249,177,250,178,251,179,251,180,252,181,252,182,253,183,253,184,253,185,254,186,255,187,255,188,256,189,257,189,258,189,259,190,260,190,261,191,262,191,263,191,264,190,265,189,265,188,266,187,267,186,267,185,267,184,267,183,268,182,268,181,268,180,268,179,268,178,268,177,267,176,267,175,266,174,266,173,266,172,265,171,265,170,264,170,263,170,262,169,261,168,261,167,260,166,259,165,259,164,258,163,257,162,256,161,255,161,254,160,253,159,252,159,251,159,250,159,249,159,248,159
244,172,243,173,242,173,241,173,240,174,239,174,238,175,237,175,236,176,235,176,234,177,233,177,232,178,231,178,230,178,229,179,228,179,227,180,226,181,226,182,226,183,226,184,225,185,225,186,225,187,226,188,226,189,226,190,226,191,226,192,227,193,227,194,228,195,228,196,229,197,230,197,231,197,232,198,233,198,234,198,235,198,236,198,237,198,238,198,239,199,240,199,241,199,242,199,243,199,244,199,245,200,246,200,247,199,248,198,249,197,250,196,251,195,252,194,253,194,254,194,255,194,256,194,257,194,258,195,259,195,260,195,261,195,261,194,262,193,262,192,261,192,260,191,259,191,258,190,257,190,256,190,255,189,254,188,254,187,253,186,252,185,252,184,252,183,251,182,251,181,250,180,250,179,249,178,248,177,248,176,247,175,246,174,245,173,245,172
196,174,195,175,194,175,193,175,192,175,191,176,190,176,189,176,188,177,187,178,186,179,185,180,184,181,183,182,182,183,181,183,180,184,180,185,181,186,181,187,181,188,181,189,182,190,182,191,182,192,182,193,183,194,183,195,184,195,185,195,186,195,187,196,188,196,189,196,190,196,191,196,192,196,193,196,194,195,195,195,196,195,197,195,198,194,199,194,200,194,201,193,202,193,203,192,204,192,205,191,205,190,206,189,206,188,207,187,207,186,207,185,207,184,207,183,207,182,207,181,206,180,206,179,205,178,205,177,204,176,203,176,202,175,201,175,200,174,199,174,198,174,197,174
134,178,133,179,132,179,131,179,130,180,129,181,128,182,128,183,127,184,127,185,127,186,127,187,127,188,127,189,126,190,126,191,126,192,126,193,127,194,127,195,127,196,128,197,128,198,129,199,129,200,130,201,131,201,132,202,133,202,134,203,135,203,136,202,137,202,138,202,139,202,140,202,141,202,142,202,143,201,144,201,145,200,146,200,147,199,148,198,149,197,150,196,151,195,151,194,151,193,151,192,152,191,152,190,152,189,151,188,151,187,150,186,149,185,148,184,147,183,146,182,145,181,144,181,143,180,142,179,141,180,140,179,139,179,138,179,137,178,136,178,135,178
176,184,175,185,174,186,173,186,172,187,171,187,170,188,169,188,168,189,167,189,166,189,165,190,164,190,163,191,162,191,161,192,160,192,159,193,158,193,157,194,157,195,156,196,156,197,156,198,156,199,156,200,156,201,156,202,157,203,158,203,159,204,160,204,161,205,162,205,163,206,164,207,165,208,166,208,167,209,167,210,168,211,169,211,170,210,171,210,172,209,173,209,174,208,175,208,175,207,176,206,177,205,177,204,178,203,178,202,179,201,179,200,180,199,181,198,181,197,182,196,182,195,182,194,181,193,181,192,181,191,181,190,180,189,180,188,180,187,180,186,179,185,179,184,178,184,177,184
286,185,285,186,284,186,283,187,282,187,281,187,280,187,279,188,278,188,277,188,276,189,275,190,274,190,273,191,272,192,271,192,270,193,269,193,268,194,267,195,266,195,266,196,265,197,264,198,263,199,262,199,261,199,260,200,260,201,260,202,259,203,258,203,257,204,256,205,255,206,254,207,254,208,254,209,255,210,256,211,256,212,257,213,257,214,258,214,259,214,260,215,261,215,262,215,263,215,264,214,265,214,266,213,267,213,268,213,269,213,270,212,271,212,272,212,273,212,274,213,275,213,276,213,277,214,278,215,279,215,280,216,281,217,282,218,282,219,283,220,284,221,285,220,286,221,287,221,288,222,289,222,290,223,291,223,292,224,292,223,292,222,293,221,293,220,293,219,293,218,294,217,294,216,294,215,294,214,294,213,294,212,294,211,294,210,294,209,293,208,293,207,293,206,293,205,293,204,293,203,292,202,292,201,292,200,292,199,291,198,291,197,291,196,291,195,290,194,290,193,290,192,290,191,290,190,290,189,289,188,289,187,288,186,287,185
209,198,208,199,207,199,206,200,205,201,204,201,203,202,202,203,202,204,202,205,201,206,200,207,200,208,200,209,200,210,199,211,199,212,199,213,199,214,199,215,199,216,200,217,200,218,200,219,200,220,201,221,202,221,203,221,204,221,205,221,206,221,207,221,208,221,209,221,210,220,211,220,212,220,213,219,214,218,215,217,216,216,217,215,218,214,219,213,219,212,220,211,221,210,222,210,222,209,222,208,222,207,221,206,221,205,221,204,221,203,221,202,221,201,220,200,219,200,218,199,217,199,216,198,215,198,214,198,213,198,212,198,211,198,210,198
317,201,316,202,315,202,314,203,313,204,312,204,311,205,311,206,310,207,309,208,309,209,309,210,309,211,309,212,309,213,309,214,309,215,309,216,309,217,309,218,309,219,309,220,309,221,310,222,310,223,310,224,310,225,310,226,310,227,310,228,311,229,311,230,311,231,312,232,312,233,313,234,313,235,314,235,315,235,316,235,317,235,318,235,319,234,320,234,321,233,322,233,322,232,323,231,323,230,324,229,324,228,325,227,325,226,326,225,326,224,327,223,327,222,328,221,328,220,328,219,328,218,328,217,328,216,328,215,328,214,328,213,328,212,328,211,328,210,327,209,327,208,327,207,326,206,325,205,325,204,324,203,323,203,322,202,321,202,320,202,319,201,318,201
155,203,154,204,153,205,152,205,151,205,150,206,149,207,148,207,147,207,146,207,145,208,144,208,143,208,142,209,141,210,141,211,140,212,140,213,140,214,139,215,139,216,139,217,139,218,140,219,140,220,140,221,141,222,141,223,142,224,143,225,144,226,145,227,146,228,147,227,148,227,149,227,150,227,151,227,152,227,153,227,154,227,155,227,156,227,157,227,158,228,158,227,159,226,159,225,160,224,160,223,161,222,162,221,163,220,164,219,165,218,166,218,166,217,167,216,168,215,168,214,168,213,168,212,167,211,166,210,166,209,165,209,164,208,163,207,162,206,161,206,160,205,159,205,158,204,157,204,156,203
300,203,299,204,298,205,297,206,296,207,295,208,295,209,295,210,295,211,295,212,295,213,295,214,295,215,295,216,295,217,294,218,294,219,294,220,294,221,293,222,293,223,293,224,293,225,294,226,294,227,294,228,294,229,295,230,295,231,296,232,296,233,297,234,298,235,298,236,298,237,299,238,299,239,299,240,299,241,299,242,299,243,300,244,301,245,302,246,303,246,304,247,305,247,306,247,307,246,308,246,309,245,310,244,310,243,311,242,311,241,311,240,311,239,312,238,312,237,312,236,312,235,312,234,311,233,311,232,310,231,310,230,310,229,309,228,309,227,309,226,309,225,309,224,309,223,309,222,308,221,308,220,308,219,308,218,308,217,308,216,308,215,308,214,308,213,308,212,308,211,308,210,308,209,308,208,307,207,306,206,305,205,305,204,304,204,303,203,302,203,301,203
236,206,235,207,234,207,233,208,232,208,231,209,230,210,229,211,229,212,229,213,229,214,228,215,228,216,227,217,227,218,226,219,226,220,225,221,225,222,225,223,226,224,226,225,227,226,227,227,228,228,229,229,230,230,231,231,232,231,233,232,234,232,235,232,236,232,237,232,238,232,239,232,240,232,241,232,242,231,243,230,244,229,245,229,245,228,246,227,247,226,248,225,248,224,249,223,249,222,249,221,249,220,248,219,248,218,247,217,247,216,246,215,246,214,246,213,246,212,245,211,245,210,245,209,244,208,243,207,242,207,241,206,240,206,239,206,238,206,237,206
181,209,180,210,179,210,178,211,177,212,177,213,176,214,176,215,176,216,175,217,175,218,175,219,174,220,174,221,175,222,175,223,176,224,176,225,176,226,176,227,176,228,176,229,176,230,175,231,175,232,174,233,173,234,173,235,172,236,171,237,172,238,172,239,173,240,174,241,174,242,175,243,176,244,177,245,178,244,179,245,180,244,181,244,182,244,183,244,184,243,185,243,186,243,187,243,187,242,188,241,189,240,189,239,190,238,191,237,192,236,193,237,193,236,194,235,195,234,196,233,197,233,198,233,199,233,200,233,201,232,202,232,202,231,203,230,203,229,203,228,203,227,202,226,201,225,201,224,200,223,200,222,200,221,199,220,198,219,197,218,196,218,195,217,194,217,193,216,192,215,191,214,190,213,190,212,189,211,188,210,187,209,186,209,185,209,184,209,183,209,182,209
270,213,269,214,268,214,267,214,266,214,265,215,264,215,263,216,262,216,262,217,261,218,261,219,260,220,260,221,260,222,260,223,260,224,260,225,260,226,260,227,260,228,261,229,261,230,261,231,262,232,262,233,262,234,263,235,264,236,265,236,266,237,267,238,268,238,269,238,270,238,271,238,272,238,273,238,274,238,275,238,276,238,277,237,278,236,279,236,279,235,280,234,281,233,282,232,282,231,282,230,283,229,283,228,283,227,283,226,283,225,283,224,283,223,283,222,282,221,282,220,281,219,281,218,280,217,279,216,278,216,277,215,276,214,275,214,274,214,273,213,272,213,271,213
167,218,166,219,165,219,164,220,163,221,162,222,161,223,161,224,160,225,160,226,159,227,159,228,159,229,160,230,160,231,160,232,161,233,162,233,163,234,164,234,165,234,166,235,167,235,168,236,169,236,170,237,171,236,172,235,172,234,173,233,174,232,174,231,175,230,175,229,175,228,175,227,175,226,175,225,175,224,174,223,174,222,173,221,172,221,171,220,170,220,169,220,168,219
333,219,332,220,331,220,330,221,329,221,328,222,328,223,327,224,327,225,326,226,326,227,325,228,325,229,324,230,324,231,323,232,323,233,322,234,323,235,323,236,323,237,323,238,324,239,324,240,325,241,325,242,326,242,327,243,328,243,329,243,330,243,331,243,332,243,333,242,334,242,335,241,336,241,337,240,338,239,339,239,340,238,341,237,341,236,341,235,342,234,342,233,342,232,342,231,343,230,343,229,343,228,343,227,343,226,342,225,342,224,342,223,341,222,341,221,340,221,339,220,338,220,337,219,336,219,335,219,334,219
147,228,147,229,146,230,146,231,146,232,146,233,147,234,147,235,148,236,149,236,150,237,151,237,152,238,153,239,154,238,155,237,156,236,157,235,158,234,159,233,159,232,159,231,159,230,158,229,157,228,156,228,155,228,154,228,153,228,152,228,151,228,150,228,149,228,148,228
214,228,213,229,212,229,211,229,210,230,209,230,208,231,208,232,207,233,207,234,207,235,207,236,207,237,207,238,207,239,207,240,207,241,208,242,208,243,209,244,210,245,211,246,212,247,213,247,214,248,215,249,216,250,217,250,218,251,219,251,220,252,221,252,222,251,223,251,224,251,224,250,225,249,226,249,227,248,228,247,229,246,230,245,231,244,231,243,232,242,232,241,232,240,232,239,232,238,232,237,232,236,232,235,231,234,231,233,230,233,229,232,228,232,227,231,226,230,225,230,224,230,223,229,222,229,221,228,220,228,219,228,218,229,217,228,216,228,215,228
160,233,159,234,158,235,157,236,156,237,155,238,154,239,154,240,154,241,154,242,154,243,154,244,154,245,155,246,156,247,157,248,158,249,159,250,160,251,161,251,162,252,163,252,164,253,165,253,166,253,167,253,168,253,169,253,170,252,171,252,172,251,173,250,174,249,174,248,175,247,175,246,176,245,175,244,174,243,173,242,173,241,172,240,171,239,171,238,170,238,169,237,168,237,167,236,166,236,165,235,164,235,163,235,162,234,161,234
252,236,251,237,250,237,249,237,248,238,247,238,246,239,245,239,244,240,243,241,243,242,243,243,243,244,243,245,243,246,244,246,245,246,246,247,247,247,248,248,249,248,250,249,251,249,252,250,253,250,254,251,255,251,256,252,257,253,258,253,259,254,260,255,261,256,262,257,263,257,264,256,265,256,266,255,266,254,266,253,266,252,267,251,267,250,267,249,268,248,268,247,268,246,268,245,268,244,267,243,267,242,267,241,266,240,266,239,265,239,264,238,263,238,262,238,261,237,260,237,259,237,258,237,257,236,256,236,255,236,254,236,253,236
344,236,343,237,342,237,341,238,340,239,340,240,339,241,339,242,339,243,340,244,340,245,341,246,342,247,343,248,344,249,345,250,346,250,347,250,348,251,349,251,350,252,351,253,352,252,353,252,354,253,355,253,356,253,357,253,358,253,359,253,360,253,361,252,362,251,362,250,362,249,362,248,362,247,362,246,362,245,362,244,362,243,361,242,360,241,360,240,359,239,358,239,357,238,356,238,355,237,354,237,353,237,352,237,351,237,350,236,349,236,348,236,347,236,346,236,345,236
194,237,193,238,192,239,191,240,190,240,189,241,189,242,189,243,188,244,187,245,187,246,186,247,186,248,185,249,185,250,184,251,184,252,184,253,184,254,184,255,184,256,184,257,184,258,184,259,185,260,186,261,187,261,188,262,189,262,190,263,191,263,192,262,193,262,194,262,195,262,196,261,197,260,198,259,199,258,200,257,201,256,202,255,201,254,202,253,203,252,203,251,203,250,204,249,204,248,204,247,204,246,204,245,204,244,204,243,204,242,204,241,203,240,202,239,201,239,200,238,199,237,198,237,197,237,196,237,195,237
242,247,241,248,240,249,239,249,238,250,238,251,237,252,236,253,236,254,236,255,236,256,236,257,236,258,237,259,237,260,237,261,237,262,238,263,239,264,240,265,241,266,242,267,243,267,244,268,245,268,246,269,247,269,248,269,249,269,250,269,251,269,252,269,253,269,254,269,255,268,256,268,256,267,257,266,257,265,258,264,258,263,258,262,259,261,259,260,260,259,260,258,261,257,260,256,259,255,258,254,257,254,256,253,255,252,254,252,253,251,252,251,251,250,250,250,249,249,248,249,247,248,246,248,245,247,244,247,243,247
211,250,210,251,209,252,208,252,207,253,206,253,205,254,204,255,203,256,202,256,201,257,200,258,199,259,198,260,197,261,196,262,196,263,196,264,196,265,196,266,196,267,196,268,196,269,197,270,198,271,199,271,200,272,201,272,202,273,203,273,204,273,205,274,206,274,207,274,208,274,209,273,210,273,211,273,212,273,213,273,214,273,215,273,216,273,217,272,218,272,219,272,220,271,221,271,222,271,223,271,224,270,224,269,224,268,224,267,225,266,225,265,224,264,225,263,225,262,225,261,225,260,224,259,224,258,223,257,222,256,222,255,221,254,221,253,220,253,219,252,218,252,217,251,216,251,215,250,214,251,213,250,212,250
337,250,336,251,335,251,334,252,333,252,332,253,331,254,330,255,329,256,328,257,328,258,327,259,326,260,326,261,325,262,325,263,325,264,324,265,325,266,325,267,325,268,325,269,326,270,326,271,327,272,328,273,328,274,329,275,330,275,331,276,332,277,333,277,334,278,335,278,336,278,337,278,338,278,339,277,340,277,341,277,342,277,343,276,344,276,345,276,346,275,347,274,348,274,349,273,350,273,351,272,352,271,352,270,353,269,353,268,354,267,354,266,354,265,354,264,354,263,354,262,354,261,354,260,354,259,353,258,353,257,353,256,352,255,351,254,350,253,349,252,348,252,347,251,346,251,345,251,344,250,343,250,342,250,341,250,340,250,339,250,338,250
368,250,367,251,366,251,365,252,364,253,363,254,363,255,363,256,362,257,362,258,362,259,361,260,361,261,361,262,361,263,361,264,361,265,362,266,362,267,363,268,363,269,364,269,365,270,366,270,367,271,368,271,369,270,370,270,371,270,372,269,373,269,374,268,375,267,376,266,377,265,377,264,377,263,377,262,378,261,378,260,378,259,377,258,377,257,377,256,377,255,376,254,376,253,375,252,374,252,373,252,372,251,371,251,370,250,369,250
284,255,283,256,282,256,281,256,280,257,279,257,278,257,277,258,276,258,275,258,274,258,273,258,272,258,271,259,270,259,269,260,268,261,267,261,266,262,265,262,264,263,264,264,263,265,262,265,261,266,260,267,259,267,258,266,257,267,258,268,257,269,256,270,256,271,255,272,254,272,254,273,254,274,253,275,252,276,252,277,251,278,250,279,250,280,250,281,251,281,252,282,253,283,253,284,253,285,254,286,254,287,254,288,254,289,255,290,255,291,256,291,257,291,258,291,259,291,260,291,261,291,262,291,263,291,264,291,265,291,266,290,267,289,268,288,269,287,270,286,271,285,272,284,273,283,274,283,275,282,276,282,277,281,278,280,279,279,280,279,281,278,282,277,283,277,284,276,285,276,286,275,287,275,288,274,289,273,290,273,291,272,292,272,292,271,293,270,294,269,294,268,295,267,295,266,295,265,296,264,296,263,296,262,296,261,296,260,296,259,295,258,294,257,293,256,292,256,291,256,290,255,289,255,288,255,287,255,286,255,285,255
173,256,172,257,171,257,170,257,169,258,168,259,167,260,167,261,168,262,168,263,169,263,170,263,171,263,172,263,173,263,174,264,175,263,176,262,177,262,177,261,178,260,177,259,176,258,175,257,174,257
230,260,229,261,228,262,227,262,226,263,226,264,226,265,226,266,225,267,225,268,225,269,225,270,224,271,225,272,226,273,226,274,226,275,227,276,228,277,228,278,229,279,230,280,231,280,232,281,233,281,234,282,235,282,236,282,237,282,238,282,239,281,240,281,241,281,242,280,243,280,244,279,244,278,244,277,244,276,244,275,244,274,243,273,243,272,243,271,242,270,242,269,241,268,241,267,240,266,239,265,238,264,237,263,236,262,236,261,235,261,234,261,233,260,232,260,231,260
311,260,310,261,309,262,308,262,308,263,307,264,306,265,305,266,305,267,305,268,304,269,304,270,304,271,304,272,304,273,304,274,304,275,304,276,304,277,305,278,306,279,306,280,307,281,308,282,309,283,310,284,311,284,312,285,313,285,314,285,315,286,316,285,317,285,318,284,319,284,320,284,321,283,322,282,323,281,324,280,324,279,325,278,325,277,325,276,325,275,325,274,325,273,325,272,325,271,325,270,324,269,324,268,324,267,324,266,323,266,322,265,321,264,320,263,319,262,318,261,317,260,316,260,315,260,314,260,313,260,312,260
358,272,357,273,356,273,355,273,354,273,353,273,352,273,351,273,350,274,349,274,348,275,347,275,346,276,345,277,344,277,343,278,343,279,342,280,342,281,341,282,341,283,341,284,340,285,340,286,340,287,340,288,340,289,341,290,342,291,342,292,343,293,344,294,345,295,346,295,347,296,348,296,349,296,350,297,351,297,352,297,353,297,354,297,355,297,356,296,357,296,358,296,359,296,360,295,361,295,362,295,363,295,364,294,365,293,366,293,367,292,368,291,369,290,370,289,370,288,371,287,371,286,371,285,371,284,371,283,371,282,371,281,370,280,370,279,369,278,368,277,367,276,367,275,366,275,365,274,364,273,363,273,362,273,361,272,360,272,359,272
379,273,378,274,377,275,376,276,375,277,374,278,374,279,373,280,373,281,373,282,372,283,372,284,372,285,372,286,373,287,373,288,373,289,374,290,374,291,375,292,376,293,377,294,378,294,379,294,380,294,381,294,382,293,383,293,384,292,385,291,386,291,387,290,388,289,388,288,389,287,389,286,390,285,390,284,390,283,390,282,390,281,390,280,389,279,389,278,389,277,388,276,388,275,387,274,386,273,385,273,384,273,383,273,382,273,381,273,380,273
213,277,212,278,211,278,210,279,209,279,208,279,207,280,206,281,205,282,205,283,205,284,204,285,204,286,204,287,204,288,204,289,205,290,205,291,206,292,207,293,208,293,209,293,210,293,211,293,212,293,213,293,214,293,215,293,216,292,217,292,218,291,219,291,220,290,221,289,222,288,223,287,223,286,223,285,223,284,222,283,222,282,221,281,221,280,221,279,220,279,219,278,218,278,217,278,216,278,215,278,214,278
244,280,243,281,242,281,241,282,240,282,239,282,238,283,237,283,236,283,235,283,234,283,233,284,232,285,232,286,231,287,230,288,229,289,228,290,228,291,228,292,228,293,228,294,228,295,229,296,229,297,230,298,231,298,232,299,233,299,234,299,235,299,236,299,237,299,238,299,239,299,240,299,241,298,242,298,243,297,244,296,245,295,246,294,247,293,248,292,248,291,248,290,249,289,249,288,249,287,250,286,249,285,249,284,250,283,250,282,249,281,249,280,248,280,247,280,246,280,245,281
255,292,254,293,253,293,252,294,251,295,250,295,249,295,248,296,247,297,246,297,246,298,245,299,245,300,245,301,245,302,245,303,245,304,245,305,245,306,246,307,247,308,248,308,249,308,250,309,251,309,252,309,253,309,254,310,255,309,256,309,257,309,258,310,259,309,260,309,261,308,262,308,263,307,264,307,265,306,266,305,267,305,268,304,269,303,269,302,269,301,269,300,269,299,269,298,269,297,269,296,268,295,267,294,266,293,265,292,264,292,263,292,262,292,261,292,260,292,259,292,258,292,257,292,256,292
294,299,293,300,292,300,291,301,290,301,289,302,288,303,287,303,286,304,285,305,285,306,284,307,283,308,283,309,282,310,282,311,282,312,282,313,282,314,282,315,282,316,282,317,283,318,283,319,284,320,285,321,286,322,287,323,288,323,289,324,290,325,291,326,292,326,293,327,294,327,295,328,296,328,297,329,298,329,299,330,300,330,301,330,302,331,303,331,304,331,305,330,306,330,307,330,308,330,309,330,310,330,311,329,312,329,313,329,314,329,314,328,315,327,316,326,317,325,318,324,318,323,318,322,318,321,318,320,318,319,318,318,318,317,318,316,318,315,317,314,317,313,316,312,316,311,315,310,314,309,313,308,313,307,312,306,311,305,310,305,309,304,308,303,307,303,306,302,305,302,304,301,303,301,302,301,301,300,300,300,299,299,298,299,297,299,296,299,295,299
338,301,337,302,336,303,335,303,334,304,333,305,332,306,331,307,331,308,330,309,330,310,330,311,329,312,329,313,329,314,329,315,328,316,328,317,327,318,327,319,326,320,326,321,326,322,327,323,328,323,329,324,330,324,331,325,332,325,333,326,334,326,335,327,336,327,337,328,338,328,339,329,340,329,341,329,341,328,342,327,343,326,344,325,345,325,346,324,346,323,346,322,346,321,346,320,346,319,347,318,347,317,347,316,347,315,347,314,348,313,348,312,348,311,348,310,347,309,347,308,347,307,347,306,346,305,346,304,346,303,345,303,344,302,343,302,342,302,341,301,340,301,339,301
272,303,271,304,270,304,269,304,268,305,267,306,266,306,265,307,264,308,263,308,262,309,261,309,260,310,259,310,258,311,257,311,257,312,256,313,256,314,255,315,255,316,254,317,254,318,254,319,254,320,254,321,255,322,256,323,257,324,257,325,258,325,259,326,260,326,261,326,262,327,263,327,264,327,265,327,266,327,267,326,268,326,269,325,270,324,271,323,272,322,273,321,274,320,275,319,276,318,277,317,277,316,278,315,278,314,279,313,279,312,280,311,280,310,279,309,279,308,279,307,278,306,278,305,277,304,276,304,275,303,274,303,273,303
325,323,324,324,323,324,322,324,321,324,320,325,319,325,318,325,317,326,316,327,315,328,315,329,314,330,314,331,314,332,314,333,313,334,313,335,312,336,312,337,312,338,312,339,312,340,313,341,313,342,313,343,314,344,314,345,314,346,314,347,315,348,316,349,316,350,317,351,317,352,317,353,318,354,318,355,319,355,320,356,321,356,322,356,323,357,324,357,325,356,326,356,327,355,328,355,329,354,330,353,331,352,331,351,332,350,333,349,333,348,334,347,334,346,335,345,336,344,337,343,338,342,338,341,339,340,339,339,340,338,340,337,340,336,340,335,340,334,340,333,340,332,340,331,340,330,339,330,338,329,337,329,336,328,335,328,334,327,333,327,332,326,331,326,330,325,329,325,328,324,327,324,326,323
275,327,274,328,273,328,272,328,271,329,270,330,270,331,269,332,269,333,269,334,269,335,269,336,269,337,269,338,269,339,269,340,269,341,269,342,270,343,270,344,271,345,272,346,273,346,274,347,275,347,276,348,277,348,278,348,279,347,280,347,281,347,282,346,283,345,284,345,285,344,286,344,286,343,287,342,287,341,288,340,288,339,288,338,288,337,288,336,288,335,288,334,288,333,288,332,287,331,287,330,286,329,285,329,284,328,283,328,282,327,281,327,280,327,279,327,278,327,277,327,276,327
397,336,396,337,395,337,394,338,393,339,392,340,391,340,390,341,389,342,388,343,388,344,387,345,386,346,385,347,384,348,384,349,384,350,384,351,385,352,386,352,387,352,388,351,389,351,390,350,391,349,392,349,393,348,394,348,395,347,396,347,397,346,398,346,399,345,400,344,401,343,402,343,403,342,404,341,404,340,405,339,405,338,404,337,403,337,402,336,401,336,400,336,399,336,398,336
354,338,353,339,352,339,351,340,350,341,349,342,349,343,348,344,348,345,347,346,346,347,346,348,346,349,345,350,345,351,345,352,344,353,344,354,344,355,344,356,343,357,343,358,344,359,345,360,346,361,347,362,348,362,349,362,350,362,351,362,352,362,353,361,354,360,355,360,356,359,357,358,357,357,358,356,359,355,360,354,361,353,361,352,362,351,363,350,364,349,364,348,364,347,364,346,364,345,364,344,363,343,363,342,362,341,361,340,360,340,359,339,358,339,357,339,356,339,355,338
298,342,297,343,296,343,295,343,294,344,293,344,292,345,292,346,291,347,291,348,291,349,290,350,291,351,291,352,291,353,291,354,291,355,292,356,292,357,292,358,293,359,294,360,295,361,296,361,297,362,298,362,299,362,300,362,301,362,302,362,303,362,304,362,305,362,306,362,307,361,308,361,309,361,310,360,311,360,312,359,313,359,314,358,315,357,316,356,317,356,317,355,317,354,316,353,316,352,316,351,315,350,315,349,314,348,313,347,312,346,311,345,310,344,309,344,308,343,307,343,306,342,305,342,304,342,303,342,302,342,301,342,300,342,299,342
406,346,405,347,404,347,403,347,402,347,401,348,400,348,399,349,398,349,397,349,396,350,395,351,394,352,393,353,393,354,392,355,391,356,390,357,389,358,388,359,388,360,387,361,387,362,387,363,386,364,386,365,387,366,387,367,388,367,389,367,390,367,391,367,392,367,393,366,394,366,395,366,396,365,397,365,398,364,399,364,400,364,401,363,402,364,403,363,404,363,405,362,406,362,407,362,408,361,409,361,410,360,411,360,412,360,413,359,414,358,414,357,415,356,415,355,415,354,415,353,415,352,415,351,415,350,414,349,413,348,412,348,411,347,410,347,409,347,408,347,407,346
417,360,416,361,415,361,414,361,413,361,412,361,411,361,410,361,409,362,408,362,407,363,406,363,405,363,404,364,403,364,403,365,402,366,401,366,400,367,399,367,398,368,397,369,396,370,395,371,395,372,394,373,394,374,393,375,393,376,394,377,394,378,394,379,395,380,396,381,397,381,398,382,399,382,400,383,401,383,402,384,403,384,404,385,405,385,406,385,407,386,408,386,409,386,410,385,411,385,412,385,413,384,414,383,415,382,416,381,417,380,418,379,419,378,420,377,421,376,422,375,423,374,424,373,425,372,426,371,426,370,427,369,427,368,427,367,426,366,426,365,426,364,425,363,424,362,423,361,422,360,421,360,420,360,419,360,418,360
418,390,417,391,416,391,415,392,414,393,413,394,412,395,412,396,412,397,412,398,413,399,414,400,415,401,416,402,417,402,418,402,419,402,420,401,421,401,422,400,423,399,424,398,425,398,425,397,426,396,426,395,426,394,426,393,425,392,425,391,424,390,423,390,422,390,421,390,420,390,419,390
205,405,204,406,203,406,202,407,201,407,200,408,200,409,199,410,199,411,198,412,198,413,198,414,198,415,198,416,198,417,199,418,199,419,200,420,200,421,201,421,202,422,203,422,204,422,205,422,206,423,207,423,208,423,209,422,210,422,211,422,212,422,213,422,214,421,215,420,216,419,217,418,217,417,217,416,217,415,218,414,217,413,217,412,217,411,217,410,217,409,216,408,216,407,215,406,214,406,213,405,212,405,211,405,210,405,209,405,208,405,207,405,206,405
174,407,173,408,172,408,171,409,170,409,169,410,168,410,167,411,166,412,166,413,166,414,166,415,165,416,165,417,165,418,165,419,165,420,165,421,166,422,166,423,166,424,167,425,168,426,169,427,169,428,170,428,171,429,172,429,173,429,174,429,175,430,176,430,177,430,178,430,179,430,180,429,181,429,182,429,183,428,184,428,185,427,186,426,187,425,187,424,187,423,187,422,187,421,187,420,188,419,188,418,187,417,187,416,187,415,187,414,187,413,187,412,187,411,186,410,185,409,184,408,183,408,182,408,181,408,180,407,179,407,178,407,177,407,176,407,175,407
229,413,228,414,227,414,226,415,225,415,224,416,223,416,222,417,222,418,222,419,221,420,221,421,220,422,220,423,220,424,221,425,221,426,221,427,222,428,223,428,224,429,225,430,226,430,227,431,228,431,229,431,230,431,231,431,232,431,233,432,234,432,235,431,236,431,237,430,238,430,239,429,240,428,240,427,241,426,241,425,242,424,242,423,242,422,242,421,242,420,242,419,241,418,241,417,240,416,239,415,238,414,237,413,236,413,235,413,234,413,233,413,232,413,231,413,230,413
154,414,153,415,152,415,151,415,150,416,149,416,148,416,147,417,146,418,145,419,145,420,144,421,144,422,144,423,144,424,144,425,144,426,145,427,145,428,146,429,147,430,148,431,149,432,150,433,150,434,151,435,151,436,152,437,152,438,153,439,153,440,154,441,155,442,156,443,157,443,158,444,159,444,160,444,161,443,162,443,163,442,164,441,164,440,164,439,165,438,165,437,165,436,165,435,165,434,165,433,164,432,164,431,163,430,163,429,163,428,163,427,163,426,163,425,163,424,163,423,163,422,163,421,163,420,162,419,162,418,161,417,160,416,159,415,158,415,157,415,156,414,155,414
137,427,136,428,135,428,134,428,133,428,132,428,131,429,130,430,129,430,128,431,128,432,127,433,127,434,127,435,126,436,126,437,126,438,126,439,126,440,126,441,127,442,127,443,128,444,129,445,130,446,131,446,132,447,133,448,134,449,135,450,136,451,137,451,138,452,139,452,140,451,141,451,142,450,143,449,144,448,144,447,145,446,145,445,146,444,146,443,146,442,146,441,146,440,146,439,146,438,146,437,147,436,146,435,146,434,145,433,145,432,144,431,143,431,142,430,141,429,140,429,139,428,138,428
401,429,400,430,399,430,398,430,397,431,396,431,395,432,395,433,395,434,395,435,396,436,396,437,397,438,398,439,399,440,400,441,401,441,402,441,403,441,404,441,405,441,406,441,407,441,408,441,409,441,410,441,411,440,412,440,413,439,414,438,414,437,415,436,415,435,415,434,415,433,414,432,414,431,413,430,412,430,411,429,410,429,409,429,408,429,407,429,406,429,405,429,404,429,403,429,402,429
263,437,262,438,261,439,260,439,260,440,259,441,259,442,258,443,258,444,258,445,257,446,257,447,257,448,257,449,257,450,257,451,258,452,258,453,259,454,259,455,260,456,261,457,261,458,262,459,263,459,264,459,265,460,266,460,267,460,268,460,269,460,270,459,271,459,272,458,273,458,274,457,275,456,276,456,277,455,278,454,279,453,279,452,280,451,281,450,282,449,282,448,283,447,283,446,282,445,282,444,282,443,282,442,281,441,280,441,279,440,278,439,277,439,276,438,275,438,274,438,273,437,272,437,271,437,270,437,269,437,268,437,267,437,266,437,265,437,264,437
372,441,371,442,370,442,369,442,368,442,367,443,366,443,365,444,364,444,363,445,362,446,361,447,360,448,360,449,359,450,359,451,359,452,359,453,359,454,359,455,360,456,360,457,360,458,361,459,361,460,362,461,363,462,364,462,365,463,366,463,367,463,368,463,369,462,370,462,371,462,372,462,373,461,374,461,375,460,376,460,377,459,378,458,378,457,379,456,380,455,381,454,381,453,381,452,381,451,381,450,381,449,381,448,381,447,381,446,380,445,379,444,378,443,377,443,376,442,375,442,374,442,373,441
384,441,383,442,383,443,382,444,382,445,382,446,382,447,382,448,382,449,382,450,382,451,382,452,382,453,382,454,381,455,382,456,383,457,384,458,385,458,386,458,387,458,388,458,389,458,390,457,391,457,392,456,393,455,394,454,395,454,396,453,397,452,397,451,398,450,397,449,397,448,397,447,397,446,397,445,396,444,395,443,394,442,393,442,392,441,391,441,390,441,389,441,388,441,387,441,386,441,385,441
457,445,456,446,455,446,454,446,453,446,452,447,451,448,450,449,449,450,449,451,448,452,448,453,448,454,448,455,448,456,449,457,450,458,451,459,452,459,453,460,454,460,455,461,456,461,457,461,458,461,459,461,460,461,461,461,462,461,463,461,464,461,465,460,466,460,467,460,468,460,469,459,470,459,471,459,472,458,473,458,474,458,475,457,476,456,476,455,477,454,477,453,477,452,477,451,476,450,476,449,475,448,474,447,473,447,472,446,471,446,470,446,469,445,468,445,467,445,466,445,465,445,464,445,463,445,462,445,461,445,460,445,459,445,458,445
119,449,118,450,117,450,116,451,115,452,114,453,113,454,113,455,113,456,113,457,113,458,113,459,113,460,113,461,113,462,113,463,113,464,113,465,113,466,114,466,115,467,116,468,117,469,118,469,119,470,120,471,121,471,122,471,123,471,124,471,125,471,126,471,127,471,128,470,129,470,130,469,130,468,131,467,131,466,132,465,132,464,132,463,132,462,133,461,133,460,133,459,133,458,133,457,133,456,132,455,132,454,131,453,131,452,130,451,129,451,128,450,127,450,126,450,125,449,124,449,123,449,122,449,121,449,120,449
103,452,102,453,101,454,100,455,99,456,99,457,98,458,98,459,98,460,97,461,98,462,98,463,98,464,98,465,99,466,100,467,100,468,101,469,102,469,103,470,104,470,105,470,106,470,107,470,108,470,109,469,110,468,111,467,112,466,112,465,112,464,112,463,112,462,112,461,112,460,112,459,112,458,112,457,112,456,112,455,112,454,112,453,111,454,110,453,109,452,108,452,107,452,106,452,105,452,104,452
418,454,417,455,416,455,415,455,414,455,413,456,412,456,411,457,410,457,409,458,409,459,408,460,407,461,407,462,406,463,405,464,405,465,404,466,404,467,403,468,403,469,403,470,403,471,402,472,402,473,402,474,402,475,402,476,403,477,403,478,404,479,404,480,405,481,405,482,406,483,406,484,407,485,408,486,409,487,410,488,411,489,412,489,413,490,414,491,415,492,416,492,417,492,418,492,419,492,420,492,421,493,422,492,423,492,424,492,425,492,426,492,427,492,428,492,429,491,430,491,431,490,432,489,433,489,434,488,435,487,436,486,437,485,437,484,438,483,439,482,439,481,439,480,440,479,440,478,440,477,440,476,441,475,441,474,441,473,441,472,441,471,441,470,441,469,440,468,440,467,440,466,439,465,439,464,438,463,438,462,437,461,436,460,435,459,434,458,433,457,432,457,431,457,430,457,429,456,428,456,427,455,426,455,425,455,424,454,423,454,422,454,421,454,420,454,419,454
489,458,488,459,487,460,486,461,485,462,485,463,484,464,484,465,483,466,483,467,482,468,482,469,482,470,482,471,483,472,483,473,484,474,484,475,485,476,486,476,487,477,488,477,489,478,490,478,491,478,492,478,493,478,494,478,495,477,496,477,497,476,498,475,498,474,499,473,499,472,499,471,500,470,500,469,500,468,500,467,500,466,499,465,499,464,498,463,498,462,497,461,496,460,495,460,494,459,493,459,492,458,491,458,490,458
279,461,278,462,277,462,276,463,275,463,275,464,274,465,273,466,272,467,272,468,271,469,271,470,271,471,271,472,271,473,271,474,271,475,271,476,271,477,271,478,272,479,272,480,273,481,273,482,274,483,275,483,276,483,277,484,278,484,279,484,280,484,281,484,282,484,283,483,284,483,285,482,286,482,287,481,288,481,289,480,290,479,291,478,291,477,292,476,292,475,292,474,292,473,291,472,291,471,291,470,290,469,290,468,289,467,288,466,288,465,287,464,286,463,285,463,284,462,283,461,282,461,281,461,280,461
349,462,348,463,347,463,346,463,345,464,344,465,343,466,342,466,342,467,341,468,341,469,340,470,340,471,339,472,339,473,339,474,339,475,339,476,339,477,339,478,339,479,339,480,340,481,340,482,341,483,342,484,343,484,344,485,345,485,346,485,347,486,348,486,349,485,350,485,351,485,352,485,353,484,354,484,355,483,356,483,357,482,358,481,358,480,359,479,360,479,360,478,361,477,362,476,362,475,363,474,363,473,363,472,363,471,363,470,362,469,362,468,361,467,360,466,359,466,358,465,357,464,356,464,355,463,354,463,353,463,352,462,351,462,350,462
228,466,227,467,226,467,225,468,224,468,223,469,222,470,221,470,220,471,219,471,218,471,217,472,216,472,215,473,214,474,214,475,213,476,213,477,212,478,212,479,212,480,211,481,211,482,211,483,211,484,211,485,211,486,211,487,212,487,213,487,214,488,215,488,216,488,217,488,218,488,219,488,220,488,221,489,222,489,223,489,224,490,225,490,226,490,227,491,228,492,229,492,230,493,231,494,232,494,232,493,233,492,234,491,235,490,236,489,236,488,237,487,238,486,239,485,240,484,241,483,241,482,241,481,242,480,242,479,242,478,242,477,242,476,242,475,242,474,242,473,243,472,242,472,241,471,240,470,239,469,238,468,237,467,236,467,235,466,234,466,233,466,232,466,231,466,230,466,229,466
176,468,175,469,174,470,173,471,172,471,171,471,172,472,172,473,172,474,172,475,173,476,173,477,173,478,173,479,173,480,173,481,173,482,173,483,173,484,173,485,173,486,173,487,173,488,173,489,173,490,173,491,174,492,175,493,176,494,177,494,178,495,179,496,180,497,181,498,182,498,183,499,184,500,185,500,186,501,187,502,188,503,189,503,190,504,191,505,192,505,193,506,194,507,195,506,196,505,197,504,197,503,198,502,198,501,199,500,199,499,199,498,199,497,199,496,200,495,200,494,200,493,200,492,201,491,201,490,201,489,201,488,201,487,201,486,201,485,201,484,200,483,200,482,199,481,199,480,198,479,198,478,197,477,196,476,195,475,195,474,194,473,193,473,192,472,191,471,190,471,189,470,188,469,187,469,186,469,185,469,184,468,183,468,182,468,181,468,180,468,179,468,178,468,177,468
165,471,164,472,163,472,162,473,161,473,160,474,159,475,158,476,157,477,156,478,156,479,155,480,155,481,154,482,154,483,154,484,153,485,153,486,153,487,153,488,153,489,153,490,153,491,153,492,153,493,154,494,155,495,155,496,156,497,157,496,158,496,159,496,160,496,161,495,162,495,163,495,164,494,165,494,166,493,167,493,168,493,169,492,170,492,171,491,172,491,172,490,172,489,172,488,172,487,172,486,172,485,172,484,172,483,172,482,172,481,172,480,172,479,172,478,172,477,172,476,171,475,171,474,171,473,171,472,170,472,169,472,168,471,167,471,166,471
243,473,243,474,243,475,243,476,243,477,243,478,243,479,243,480,242,481,242,482,242,483,241,484,240,485,239,486,238,487,237,488,237,489,236,490,235,491,234,492,233,493,233,494,232,495,232,496,233,497,233,498,233,499,234,500,234,501,234,502,234,503,235,504,235,505,236,506,236,507,237,507,238,508,239,508,240,508,241,507,242,507,243,506,244,505,245,504,246,504,247,503,248,502,249,501,250,500,251,499,252,498,252,497,253,496,253,495,253,494,253,493,254,492,254,491,254,490,254,489,254,488,254,487,254,486,254,485,253,484,253,483,253,482,252,481,252,480,252,479,251,478,251,477,250,476,249,475,248,474,247,473,246,473,245,473,244,473
451,475,450,476,449,476,448,477,447,477,446,478,446,479,445,480,444,481,444,482,444,483,443,484,443,485,443,486,443,487,443,488,443,489,443,490,443,491,443,492,443,493,444,494,444,495,444,496,445,497,446,498,446,499,447,499,448,498,449,498,450,498,451,497,452,497,453,497,454,497,455,497,456,496,457,496,458,496,459,496,460,496,461,496,462,496,463,496,464,496,465,496,465,495,466,494,467,494,468,493,468,492,468,491,469,490,469,489,469,488,469,487,469,486,469,485,469,484,469,483,469,482,468,481,467,480,466,479,465,478,464,478,463,477,462,476,461,476,460,475,459,475,458,475,457,475,456,475,455,475,454,475,453,475,452,475
94,476,93,477,92,477,91,478,90,478,89,479,88,480,87,481,87,482,86,483,86,484,86,485,85,486,85,487,85,488,85,489,86,490,86,491,86,492,87,493,87,494,88,495,88,496,89,496,90,497,91,497,92,498,93,498,94,499,95,499,96,500,97,500,98,501,99,500,100,500,101,499,102,498,103,498,104,497,105,496,106,496,107,495,108,494,109,493,110,492,111,491,112,490,113,489,114,489,113,488,112,487,111,486,111,485,111,484,110,483,109,482,109,481,108,480,107,479,106,478,105,478,104,477,103,477,102,477,101,477,100,476,99,476,98,476,97,476,96,476,95,476
348,487,347,488,346,489,345,489,344,490,343,491,342,492,341,493,340,494,340,495,339,496,339,497,338,498,338,499,338,500,338,501,338,502,338,503,338,504,338,505,339,506,339,507,339,508,340,509,341,510,342,510,343,511,344,511,345,511,346,511,347,511,348,511,349,511,350,511,351,511,352,511,353,511,354,511,355,511,356,511,357,510,358,510,359,510,360,510,359,509,360,508,361,507,361,506,362,505,362,504,362,503,362,502,363,501,363,500,363,499,363,498,363,497,363,496,362,495,362,494,362,493,361,492,361,491,360,491,359,490,358,489,357,489,356,488,355,488,354,488,353,488,352,488,351,488,350,488,349,488
211,488,211,489,211,490,211,491,211,492,211,493,211,494,212,495,212,496,212,497,213,498,213,499,214,500,214,501,215,502,215,503,216,504,217,505,218,506,219,507,219,508,220,508,221,509,222,509,223,510,224,510,225,510,226,510,227,510,228,510,229,510,230,510,231,510,232,510,233,509,234,508,235,507,235,506,234,505,234,504,233,503,233,502,233,501,233,500,232,499,232,498,232,497,231,496,231,495,230,494,229,493,228,493,227,492,226,491,225,491,224,491,223,490,222,490,221,490,220,489,219,489,218,489,217,489,216,489,215,489,214,489,213,488,212,488
113,490,112,491,111,492,110,493,109,494,108,495,107,496,106,497,105,497,104,498,103,499,102,499,101,500,100,501,99,501,99,502,99,503,99,504,99,505,98,506,97,507,96,507,95,508,95,509,95,510,95,511,96,511,97,510,98,511,99,511,100,510,101,510,102,510,103,510,104,510,105,510,106,511,107,511,108,511,109,511,110,511,111,510,112,510,113,510,114,509,115,508,116,507,116,506,117,505,117,504,118,503,118,502,118,501,118,500,118,499,118,498,118,497,118,496,117,495,117,494,116,493,116,492,115,491,115,490,114,490
171,492,170,493,169,493,168,494,167,494,166,494,165,495,164,495,163,496,162,496,161,496,160,497,159,497,158,497,157,497,156,498,156,499,155,500,155,501,155,502,155,503,156,504,156,505,156,506,157,507,157,508,158,509,159,510,160,511,161,511,162,511,163,511,164,511,165,511,166,511,167,511,168,511,169,511,170,511,171,511,172,511,173,511,174,511,175,511,176,511,177,511,178,511,179,511,180,511,181,511,182,511,183,511,184,511,185,511,186,511,187,511,188,511,189,511,190,510,191,510,192,510,193,509,194,508,193,507,192,506,191,506,190,505,189,504,188,504,187,503,186,502,185,501,184,501,183,500,182,499,181,499,180,498,179,497,178,496,177,495,176,495,175,494,174,493,173,492,172,492
456,497,455,498,454,498,453,498,452,498,451,498,450,499,449,499,448,499,447,500,446,500,446,501,445,502,445,503,444,504,443,504,443,505,442,506,441,507,441,508,441,509,441,510,442,510,443,511,444,511,445,511,446,511,447,511,448,511,449,511,450,511,451,511,452,511,453,511,454,511,455,511,456,511,457,511,458,511,459,511,460,511,461,511,462,511,463,511,464,511,465,511,466,511,467,511,468,511,469,511,470,511,471,511,472,511,473,511,474,511,475,511,476,511,477,511,478,510,478,509,477,508,476,507,475,506,474,505,473,504,472,503,471,502,470,501,469,500,468,499,467,498,466,498,465,497,464,497,463,497,462,497,461,497,460,497,459,497,458,497,457,497
276,498,275,499,274,499,273,500,273,501,272,502,272,503,272,504,272,505,272,506,272,507,272,508,273,509,274,510,275,510,276,511,277,511,278,511,279,511,280,511,281,511,282,511,283,510,284,510,285,510,286,510,287,510,288,509,289,509,290,509,291,508,292,507,293,506,293,505,294,504,294,503,294,502,294,501,294,500,293,500,292,499,291,498,290,498,289,498,288,498,287,498,286,498,285,499,284,500,283,500,282,501,281,500,280,499,279,499,278,498,277,498
403,498,402,499,401,499,400,500,399,500,398,501,397,502,396,503,395,504,395,505,394,506,393,506,393,507,392,508,392,509,392,510,393,511,394,511,395,511,396,511,397,511,398,511,399,511,400,511,401,511,402,511,403,511,404,511,405,511,406,511,407,511,408,511,409,511,410,511,411,511,412,511,413,511,414,511,415,511,416,511,417,511,418,511,419,511,420,511,421,511,422,511,423,511,424,511,425,511,426,511,427,511,428,510,429,510,428,509,427,508,426,507,425,506,424,505,423,504,422,503,422,502,421,502,420,501,419,500,418,500,417,500,416,499,415,499,414,499,413,499,412,499,411,499,410,498,409,498,408,498,407,498,406,498,405,498,404,498
