427,48,426,49,425,49,424,49,423,50,422,50,422,51,421,52,421,53,421,54,421,55,421,56,422,57,422,58,423,58,424,59,425,59,426,59,427,59,428,59,429,58,430,58,431,57,432,56,432,55,433,54,433,53,433,52,433,51,433,50,432,49,431,48,430,48,429,48,428,48
86,52,85,53,84,53,83,54,82,55,82,56,82,57,82,58,82,59,83,60,84,60,85,61,86,61,87,60,88,60,89,60,89,59,90,58,91,57,91,56,91,55,90,54,90,53,89,52,88,52,87,52
153,58,152,59,151,59,150,59,149,60,148,61,147,62,146,63,146,64,146,65,145,66,146,67,146,68,146,69,147,70,148,71,149,72,150,73,151,73,152,73,153,73,154,74,155,74,156,74,157,74,158,73,159,73,160,73,161,72,162,71,163,70,163,69,163,68,163,67,163,66,163,65,163,64,162,63,162,62,161,61,160,60,159,59,158,59,157,59,156,58,155,58,154,58
100,100,99,101,98,101,97,102,96,102,95,103,94,104,94,105,93,106,93,107,93,108,93,109,92,110,92,111,92,112,93,113,93,114,94,114,95,115,96,115,97,116,98,115,99,115,100,114,101,113,102,113,103,112,104,111,105,111,106,110,107,109,108,108,108,107,108,106,108,105,108,104,107,103,107,102,106,101,105,101,104,101,103,100,102,100,101,100
117,103,116,104,115,104,114,105,113,106,112,107,111,108,111,109,111,110,111,111,112,112,112,113,112,114,113,115,113,116,113,117,113,118,114,119,115,119,116,120,117,121,118,121,119,121,120,121,121,121,121,120,122,119,122,118,123,117,123,116,124,115,124,114,125,113,125,112,126,111,126,110,126,109,127,108,127,107,128,106,127,105,126,104,125,104,124,103,123,103,122,103,121,103,120,103,119,103,118,103
132,105,131,106,130,106,129,106,128,107,128,108,127,109,127,110,127,111,126,112,126,113,125,114,125,115,124,116,124,117,123,118,123,119,122,120,122,121,121,122,122,123,123,122,124,122,125,123,124,124,125,123,126,124,127,124,128,123,129,123,130,123,131,123,132,123,133,123,134,122,135,122,136,122,137,121,138,121,139,120,140,120,140,119,141,118,141,117,141,116,142,115,142,114,142,113,142,112,142,111,142,110,141,109,141,108,140,107,139,106,138,106,137,105,136,105,135,105,134,105,133,105
108,109,107,110,106,111,105,112,104,112,103,113,102,114,101,114,100,115,99,116,98,116,97,117,97,118,97,119,96,120,96,121,96,122,96,123,96,124,96,125,96,126,97,127,97,128,98,129,99,130,100,129,101,129,102,129,103,128,104,128,105,128,106,127,107,127,108,126,109,126,110,125,111,124,110,123,111,122,111,121,112,120,113,120,113,119,112,118,112,117,112,116,112,115,111,114,111,113,111,112,110,111,110,110,110,109,109,109
162,113,161,114,160,114,159,114,158,115,157,116,157,117,156,118,156,119,155,120,156,121,156,122,157,123,157,124,158,125,158,126,159,127,160,128,160,129,161,130,162,131,163,132,164,132,165,132,166,132,167,132,168,132,169,132,170,132,171,131,172,131,173,130,174,131,175,131,175,130,176,129,177,128,178,127,179,126,180,125,181,125,180,124,180,123,180,122,180,121,179,120,179,119,179,118,178,117,178,116,177,115,176,115,175,115,174,114,173,114,172,114,171,114,170,114,169,113,168,113,167,113,166,113,165,113,164,113,163,113
146,119,145,120,144,120,143,120,142,120,141,120,140,121,139,121,138,122,137,122,136,123,135,123,134,123,133,124,132,124,131,124,130,124,129,124,128,124,127,125,126,125,125,125,124,126,123,127,122,127,121,127,121,128,120,129,120,130,120,131,120,132,119,133,119,134,119,135,119,136,119,137,119,138,119,139,120,140,120,141,120,142,120,143,120,144,121,145,122,146,122,147,122,148,123,149,124,150,125,151,126,152,126,153,127,154,128,154,129,155,130,155,131,156,132,156,133,156,134,157,135,157,136,158,137,158,138,158,139,158,140,158,141,158,142,158,143,158,144,159,145,159,146,159,147,159,148,159,149,159,150,159,151,159,152,159,153,159,154,158,155,158,156,157,157,157,158,156,159,155,160,154,161,154,161,153,162,152,163,151,163,150,164,149,164,148,164,147,164,146,164,145,164,144,165,143,164,142,164,141,164,140,164,139,164,138,164,137,163,136,163,135,162,134,162,133,162,132,161,131,160,130,159,129,159,128,158,127,157,126,157,125,156,124,156,123,155,122,155,121,154,120,153,120,152,120,151,120,150,119,149,119,148,119,147,119
186,125,185,126,184,126,183,126,182,126,181,126,180,126,179,127,178,128,177,129,176,130,176,131,175,132,174,133,174,134,174,135,174,136,174,137,174,138,174,139,173,140,174,141,174,142,174,143,173,144,174,145,174,146,174,147,174,148,174,149,174,150,174,151,175,152,175,153,175,154,176,155,177,156,178,157,179,158,180,158,181,158,182,159,183,159,184,159,185,159,186,159,187,159,188,158,189,158,190,158,191,158,192,157,193,157,194,157,195,157,196,157,197,157,198,156,199,156,200,156,201,156,202,156,203,155,204,155,205,155,206,154,207,154,208,153,209,152,210,151,210,150,211,149,211,148,211,147,211,146,211,145,211,144,211,143,210,142,210,141,210,140,209,139,209,138,208,137,207,136,207,135,206,134,205,133,204,132,203,131,202,130,201,130,200,129,199,129,198,128,197,128,196,127,195,127,194,127,193,126,192,126,191,126,190,126,189,126,188,126,187,126
219,142,218,143,217,143,217,144,217,145,217,146,216,147,216,148,216,149,216,150,216,151,216,152,216,153,216,154,216,155,217,156,217,157,218,158,219,159,220,160,221,161,222,161,223,162,224,162,225,162,226,163,227,163,228,163,229,163,230,163,231,163,232,164,233,164,234,164,235,163,236,163,237,162,238,162,239,161,240,160,240,159,240,158,240,157,240,156,240,155,240,154,240,153,239,152,239,151,238,150,237,149,237,148,236,147,235,147,234,146,233,145,232,145,231,144,230,144,229,143,228,143,227,142,226,142,225,142,224,142,223,142,222,142,221,142,220,142
112,144,111,145,110,145,109,145,108,145,107,146,106,146,105,146,104,147,103,147,102,147,101,148,100,148,99,148,98,149,97,149,96,149,95,150,94,150,93,150,94,151,94,152,94,153,94,154,95,155,95,156,96,157,96,158,97,159,97,160,98,161,98,162,98,163,99,164,99,165,100,166,101,167,101,168,102,168,103,169,104,169,105,169,106,170,107,170,108,171,109,170,110,169,111,168,112,167,113,166,114,165,115,164,115,163,116,162,117,161,118,160,118,159,119,158,119,157,120,156,120,155,119,154,119,153,118,152,118,151,118,150,117,149,117,148,116,147,116,146,115,145,114,144,113,144
124,155,123,156,122,156,121,156,120,157,120,158,119,159,119,160,118,161,117,162,116,163,116,164,115,165,114,166,113,167,112,168,111,169,110,170,109,171,108,172,109,173,109,174,109,175,110,176,110,177,111,178,112,179,113,179,114,180,115,180,116,180,117,180,118,180,119,181,120,181,121,181,122,181,123,181,124,181,125,181,126,181,127,181,128,180,129,180,130,180,131,179,132,179,133,179,134,178,135,177,136,177,137,176,138,175,139,174,139,173,139,172,140,171,140,170,140,169,140,168,140,167,140,166,140,165,140,164,139,163,139,162,138,161,137,160,137,159,136,159,135,158,134,158,133,157,132,157,131,157,130,156,129,156,128,155,127,155,126,155,125,155
246,158,245,159,244,159,243,159,242,160,241,161,240,161,239,162,239,163,239,164,238,165,238,166,238,167,237,168,237,169,237,170,237,171,238,172,238,173,238,174,239,175,239,176,239,177,240,178,241,179,241,180,242,181,243,182,244,183,245,183,246,184,247,183,248,182,249,182,250,182,251,181,252,181,253,180,254,180,255,180,256,179,257,179,258,178,259,178,260,177,261,177,262,176,263,176,263,175,263,174,263,173,263,172,263,171,262,170,262,169,261,168,260,167,259,166,258,165,258,164,257,164,256,163,255,162,254,161,253,160,252,159,251,159,250,159,249,158,248,158,247,158
83,166,82,167,81,167,80,168,79,168,78,169,77,170,77,171,77,172,77,173,77,174,77,175,77,176,77,177,78,178,79,179,80,180,81,180,82,180,83,181,84,180,85,180,86,180,87,179,88,179,89,178,89,177,90,176,90,175,91,174,91,173,91,172,91,171,91,170,90,169,89,168,88,167,87,167,86,166,85,166,84,166
216,167,215,168,214,168,213,168,212,169,211,170,210,171,210,172,210,173,209,174,209,175,209,176,209,177,209,178,209,179,208,180,208,181,209,182,209,183,210,184,210,185,211,186,212,187,212,188,213,188,214,189,215,190,216,191,217,192,218,192,219,192,220,193,221,193,222,193,223,193,224,193,225,193,226,192,227,191,228,191,229,190,230,189,231,189,232,188,233,188,234,188,234,187,235,186,235,185,236,184,236,183,236,182,235,181,235,180,234,179,233,179,232,178,231,178,230,177,229,177,228,177,227,176,226,175,225,175,224,174,223,173,223,172,222,171,221,170,220,169,220,168,219,168,218,167,217,167
194,178,193,179,192,179,191,179,190,180,189,181,188,182,188,183,187,184,186,185,186,186,186,187,185,188,185,189,185,190,184,191,183,192,183,193,183,194,182,195,182,196,181,197,180,197,180,198,180,199,181,200,182,201,182,202,183,203,183,204,184,205,185,206,185,207,186,208,186,209,187,210,187,211,188,212,189,211,190,210,191,210,192,209,193,209,194,209,195,209,196,209,196,208,197,207,197,206,198,205,199,204,200,203,201,202,202,201,203,200,204,200,205,199,206,199,207,199,208,198,209,198,210,198,210,197,210,196,211,195,211,194,211,193,211,192,211,191,211,190,212,189,211,188,211,187,210,186,209,185,209,184,208,183,208,182,207,182,206,182,205,181,204,181,203,180,202,179,201,179,200,178,199,178,198,178,197,178,196,178,195,178
110,182,109,183,108,183,107,183,106,184,106,185,105,186,105,187,105,188,105,189,105,190,105,191,105,192,106,193,106,194,106,195,106,196,107,197,107,198,108,199,108,200,109,201,110,202,111,202,112,203,113,203,114,203,115,202,116,202,117,202,118,201,119,200,119,199,120,198,120,197,121,196,121,195,121,194,121,193,121,192,121,191,121,190,120,189,120,188,119,187,118,187,117,186,116,185,115,184,114,184,113,183,112,183,111,183
232,189,231,190,230,190,229,191,228,192,227,192,226,193,226,194,226,195,226,196,225,197,225,198,225,199,225,200,224,201,224,202,225,203,225,204,226,205,227,206,227,207,228,208,229,208,230,208,231,208,232,209,233,209,234,210,235,210,236,210,237,211,238,211,239,211,240,212,241,211,241,210,242,209,243,208,243,207,244,206,244,205,245,204,246,203,246,202,247,201,248,200,248,199,248,198,248,197,247,196,247,195,246,194,245,193,244,192,243,192,242,191,241,190,240,190,239,190,238,189,237,189,236,189,235,189,234,189,233,189
278,191,277,192,276,192,275,192,274,193,273,194,272,194,272,195,271,196,270,196,270,197,269,198,268,199,267,200,267,201,267,202,267,203,268,204,269,205,270,205,271,205,272,205,273,206,274,206,275,206,276,206,277,207,278,207,279,207,280,208,281,208,282,209,283,210,284,210,285,210,286,210,287,210,288,209,289,210,290,210,291,209,292,209,293,208,293,207,293,206,293,205,293,204,293,203,293,202,293,201,292,200,292,199,292,198,292,197,291,196,290,195,290,194,289,193,288,193,287,192,286,192,285,191,284,191,283,191,282,191,281,191,280,191,279,191
170,197,169,198,168,198,167,198,166,198,165,199,164,199,163,199,162,199,161,199,160,199,159,199,158,199,157,200,156,200,155,200,154,201,153,201,152,201,152,202,151,203,151,204,150,205,150,206,149,207,149,208,149,209,149,210,150,211,151,212,152,213,152,214,153,215,154,216,154,217,155,218,155,219,156,220,156,221,157,221,158,221,159,222,160,223,161,223,162,224,163,224,164,224,165,224,166,224,167,224,168,223,169,222,170,222,171,221,172,221,173,220,174,219,175,219,175,218,176,217,177,217,178,216,179,216,180,216,181,216,182,216,183,215,184,215,185,215,186,215,187,215,187,214,187,213,187,212,186,211,186,210,185,209,185,208,184,207,184,206,183,205,182,204,182,203,181,202,181,201,180,200,179,199,179,198,178,198,177,197,176,197,175,197,174,197,173,197,172,197,171,197
208,199,207,200,206,200,205,200,204,201,203,201,202,202,201,203,200,204,199,205,198,206,198,207,197,208,197,209,198,210,199,211,200,212,201,213,201,214,202,215,203,216,204,217,205,218,206,219,207,219,208,220,209,220,210,220,211,220,212,220,213,221,214,220,214,219,215,218,215,217,216,216,217,215,217,214,218,213,219,212,219,211,220,210,221,209,222,208,222,207,221,206,220,205,219,204,219,203,218,202,217,202,216,201,215,201,214,201,213,201,212,200,211,200,210,199,209,199
134,200,133,201,132,201,131,201,130,201,129,201,128,201,127,201,126,201,125,201,124,201,123,202,122,202,121,203,120,203,119,204,118,205,118,206,117,207,117,208,117,209,117,210,117,211,117,212,117,213,117,214,118,215,118,216,118,217,119,218,119,219,120,220,120,221,121,222,121,223,122,224,122,225,122,226,122,227,122,228,122,229,123,229,124,228,125,228,126,227,127,227,128,226,129,225,130,224,131,223,132,222,133,221,134,220,135,219,136,218,137,217,138,216,139,215,140,214,141,213,142,212,143,212,144,211,145,210,146,210,147,209,148,209,148,208,148,207,148,206,148,205,147,205,146,204,145,203,145,202,144,202,143,201,142,201,141,200,140,200,139,200,138,200,137,200,136,200,135,200
269,206,268,207,267,208,266,208,265,208,264,209,263,210,262,210,261,211,260,212,260,213,259,214,259,215,258,216,258,217,258,218,258,219,258,220,258,221,258,222,259,223,259,224,260,225,261,226,262,227,263,228,264,228,265,229,266,229,267,229,268,229,269,229,270,229,271,228,272,228,273,227,274,227,275,227,276,226,277,226,278,225,279,225,280,224,281,223,282,222,283,221,283,220,283,219,283,218,283,217,284,216,284,215,284,214,284,213,283,212,284,211,283,211,282,210,281,209,280,209,279,208,278,208,277,208,276,207,275,207,274,207,273,207,272,206,271,206,270,206
223,208,222,209,221,210,220,211,220,212,219,213,218,214,218,215,217,216,216,217,216,218,215,219,215,220,214,221,213,222,212,223,212,224,213,225,213,226,213,227,213,228,214,229,213,230,214,230,215,230,216,230,217,231,218,231,219,232,220,231,220,230,221,229,222,228,223,229,224,229,225,229,226,229,227,229,228,229,229,228,230,228,231,227,232,227,233,226,234,226,235,226,235,225,236,224,237,224,238,224,239,225,238,224,239,223,239,222,240,221,241,221,241,220,241,219,241,218,241,217,241,216,241,215,240,214,240,213,239,212,238,212,237,212,236,211,235,211,234,211,233,211,232,211,231,210,230,210,229,210,228,209,227,208,226,208,225,208,224,208
147,210,146,211,145,211,144,212,143,213,142,213,141,214,140,215,139,216,138,217,137,218,136,219,135,220,134,221,133,222,132,223,131,224,130,225,129,226,128,227,127,228,126,228,125,229,124,229,123,230,122,230,123,231,123,232,124,233,125,234,126,235,127,236,128,237,129,238,130,239,131,240,132,240,133,240,134,240,135,240,136,240,137,241,138,241,139,241,140,242,141,242,142,241,143,241,144,241,145,240,146,239,146,238,147,237,148,236,149,235,150,234,150,233,151,232,151,231,152,230,152,229,153,228,153,227,153,226,154,225,154,224,155,223,155,222,155,221,155,220,154,219,154,218,153,217,153,216,152,215,151,214,151,213,150,212,149,211,148,210
297,213,296,214,295,215,295,216,294,217,293,217,294,218,293,219,293,220,294,221,295,222,296,222,297,223,298,224,299,224,300,225,301,226,302,227,303,226,304,225,305,224,305,223,306,222,306,221,306,220,306,219,306,218,305,217,305,216,304,215,303,215,302,214,301,213,300,213,299,213,298,213
193,214,192,215,191,215,190,215,189,215,188,216,187,217,186,218,185,218,184,218,184,219,183,220,183,221,182,222,182,223,181,224,181,225,181,226,180,227,179,228,180,229,181,230,181,231,182,232,183,233,184,234,184,235,185,236,186,237,187,238,188,239,189,240,190,239,191,239,192,240,193,240,194,240,195,240,196,239,197,239,198,239,199,238,200,238,201,237,202,236,203,235,204,234,205,233,205,232,205,231,206,230,206,229,206,228,206,227,206,226,206,225,206,224,206,223,206,222,206,221,206,220,205,219,204,218,203,217,202,216,201,215,200,215,199,215,198,214,197,214,196,214,195,214,194,214
292,221,291,222,290,223,289,223,288,223,287,223,286,224,285,223,284,222,283,222,282,223,281,224,280,225,280,226,279,227,279,228,278,229,278,230,277,231,276,232,276,233,276,234,275,235,274,236,274,237,274,238,273,239,273,240,273,241,272,242,272,243,272,244,272,245,272,246,271,247,271,248,270,249,270,250,269,251,268,252,268,253,267,254,267,255,267,256,268,256,269,257,270,258,271,258,272,259,273,259,274,260,275,260,276,259,277,259,278,258,279,257,280,257,281,257,282,256,283,256,284,255,285,254,286,254,287,253,288,252,289,251,290,250,291,249,292,248,293,247,294,246,295,245,296,244,296,243,297,242,297,241,298,240,299,239,299,238,299,237,300,236,300,235,301,234,301,233,301,232,301,231,301,230,301,229,301,228,301,227,300,226,299,225,298,225,297,224,296,223,295,223,294,222,293,221
166,228,165,229,164,229,163,229,162,229,161,229,160,229,159,229,158,230,157,230,156,231,155,232,154,232,153,233,152,233,151,233,151,234,150,235,149,236,148,237,147,238,147,239,146,240,145,241,144,242,144,243,144,244,144,245,143,246,143,247,142,248,142,249,142,250,141,251,141,252,142,253,142,254,142,255,142,256,143,256,144,256,145,256,146,256,147,256,148,257,149,257,150,257,151,257,152,258,153,258,154,259,155,259,156,259,157,260,157,259,158,258,159,257,160,257,161,257,161,256,162,255,163,254,164,253,165,252,166,251,167,250,168,249,169,249,168,248,168,247,168,246,168,245,168,244,169,243,169,242,169,241,169,240,169,239,169,238,170,237,170,236,170,235,171,234,171,233,171,232,172,231,172,230,171,230,170,229,170,228,169,228,168,228,167,228
258,228,257,229,256,229,255,229,254,229,253,230,252,230,251,230,250,231,249,231,248,232,247,233,246,233,246,234,245,235,245,236,245,237,244,238,244,239,244,240,244,241,244,242,244,243,245,244,245,245,245,246,246,247,246,248,246,249,247,250,247,251,248,252,249,253,250,254,251,254,252,255,253,255,254,255,255,255,256,255,257,255,258,255,259,255,260,255,261,254,262,254,263,254,264,254,265,254,266,253,267,252,268,251,269,250,269,249,270,248,270,247,271,246,271,245,271,244,271,243,271,242,271,241,272,240,272,239,271,238,271,237,271,236,270,235,270,234,270,233,269,232,268,231,268,230,267,230,266,230,265,230,264,229,263,229,262,228,261,228,260,228,259,228
101,229,100,230,99,230,98,231,97,232,96,233,96,234,95,235,95,236,95,237,95,238,95,239,95,240,96,241,96,242,97,243,98,244,98,245,99,245,100,246,101,246,102,246,103,246,104,246,105,246,106,246,107,246,108,245,109,245,110,244,111,244,112,243,113,242,113,241,114,240,114,239,114,238,114,237,114,236,114,235,113,234,112,233,112,232,111,232,110,231,109,230,108,230,107,229,106,229,105,229,104,229,103,229,102,229
176,229,175,230,174,230,173,230,173,231,172,232,172,233,172,234,171,235,171,236,171,237,170,238,170,239,170,240,170,241,170,242,170,243,169,244,169,245,169,246,169,247,169,248,170,249,170,250,171,250,172,251,173,251,174,251,175,252,176,253,176,254,177,253,178,253,179,253,180,252,181,252,182,251,183,250,184,250,185,249,186,248,187,247,187,246,188,245,189,244,189,243,189,242,188,241,188,240,187,239,186,238,185,237,184,236,183,235,183,234,182,233,181,232,180,231,180,230,179,229,178,229,177,229
212,230,211,231,210,232,210,233,210,234,209,235,209,236,208,237,208,238,207,239,207,240,207,241,206,242,206,243,206,244,206,245,206,246,207,247,207,248,208,248,209,249,210,249,211,249,212,249,213,249,214,249,215,249,215,248,216,247,217,247,218,246,219,245,220,244,221,244,221,243,222,242,222,241,222,240,222,239,222,238,222,237,222,236,221,235,221,234,220,233,219,233,218,232,217,232,216,231,215,231,214,231,213,231
132,241,132,242,131,243,131,244,131,245,131,246,131,247,132,248,132,249,133,250,134,250,135,251,136,251,137,251,138,251,139,251,140,251,140,250,139,249,140,248,141,247,141,246,141,245,140,244,140,243,139,242,138,242,137,242,136,241,135,241,134,241,133,241
190,243,190,244,189,245,188,246,188,247,187,248,186,249,185,250,184,251,183,251,182,252,181,253,180,253,179,254,178,254,177,254,177,255,176,256,175,256,174,257,173,257,172,257,171,258,170,258,169,257,168,258,167,258,166,259,165,258,164,259,164,260,163,261,163,262,162,263,161,264,161,265,161,266,162,267,162,268,162,269,162,270,162,271,162,272,162,273,163,273,164,273,165,274,166,274,167,274,168,274,169,275,170,275,171,275,172,275,173,275,174,275,175,276,176,276,177,276,178,276,179,276,180,276,181,276,182,276,183,276,184,276,185,276,186,276,187,276,187,275,188,274,189,273,190,272,191,271,192,270,193,270,194,270,195,270,196,270,197,269,198,269,199,269,200,268,201,267,202,267,202,266,202,265,203,264,203,263,203,262,202,261,202,260,202,259,201,258,200,257,200,256,199,255,198,254,197,253,197,252,196,251,196,250,195,249,195,248,194,247,194,246,193,245,192,244,191,243
308,247,307,248,306,248,305,249,304,249,304,250,303,251,302,252,301,253,301,254,300,255,300,256,299,257,299,258,299,259,299,260,299,261,299,262,300,263,301,264,302,265,303,266,304,266,305,267,306,267,307,268,308,268,309,268,310,268,311,268,312,267,313,267,314,267,315,266,316,266,317,265,318,264,319,263,320,262,320,261,321,260,321,259,321,258,322,257,322,256,322,255,321,254,321,253,321,252,320,251,319,250,318,249,317,249,316,248,315,248,314,248,313,248,312,248,311,247,310,247,309,247
142,257,142,258,142,259,141,260,141,261,141,262,141,263,142,264,142,265,143,265,144,266,145,267,146,267,147,268,148,268,149,268,150,269,151,269,152,268,153,267,154,266,155,265,156,264,157,264,157,263,157,262,156,261,156,260,155,260,154,260,153,259,152,259,151,258,150,258,149,258,148,258,147,257,146,257,145,257,144,257,143,257
247,258,246,259,245,259,244,259,243,260,242,260,241,260,240,260,239,261,238,261,237,261,236,262,235,262,234,262,233,262,232,262,231,262,230,262,229,262,228,262,227,262,226,262,225,262,224,262,223,262,222,262,221,262,220,263,219,263,218,264,218,265,217,266,217,267,216,268,216,269,217,270,217,271,217,272,217,273,217,274,218,275,219,276,219,277,220,278,221,278,222,279,223,280,224,281,225,282,226,282,227,282,228,283,229,283,230,284,231,284,232,284,233,285,234,285,235,285,236,285,237,285,238,285,239,284,240,283,241,283,242,282,243,281,244,280,245,279,246,278,247,277,248,276,249,275,249,274,250,273,251,272,251,271,251,270,251,269,251,268,252,267,252,266,252,265,252,264,252,263,252,262,251,261,250,260,249,259,248,259
283,264,282,265,281,265,280,265,279,266,278,267,277,268,276,269,276,270,275,271,274,272,274,273,274,274,273,275,273,276,273,277,273,278,274,279,274,280,275,281,276,282,277,283,278,283,279,284,280,285,281,286,282,287,282,288,282,289,283,290,284,291,285,292,286,293,287,294,288,295,289,296,290,297,291,298,292,299,293,300,293,301,294,302,295,303,296,304,296,305,296,306,297,306,298,307,299,307,300,307,301,308,301,307,302,306,302,305,302,304,302,303,302,302,302,301,302,300,303,299,303,298,303,297,304,296,304,295,305,294,305,293,306,292,306,291,307,290,308,289,308,288,309,287,309,286,310,285,311,284,310,284,309,283,309,282,309,281,308,280,308,279,307,278,307,277,307,276,306,275,306,274,305,273,304,272,304,271,303,270,302,269,301,269,300,268,299,267,298,267,297,266,296,265,295,265,294,265,293,264,292,264,291,264,290,264,289,264,288,264,287,264,286,264,285,264,284,264
161,274,160,275,159,275,158,276,157,276,156,277,156,278,155,279,155,280,155,281,155,282,155,283,156,284,156,285,157,286,158,287,159,287,160,288,161,288,162,289,163,289,164,290,165,290,166,290,167,290,168,290,169,290,170,291,171,291,172,291,173,290,174,290,175,291,176,290,177,290,178,289,179,289,180,289,181,288,182,288,183,288,184,287,185,287,186,286,187,286,188,285,189,284,189,283,190,282,190,281,191,280,191,279,190,278,189,278,188,277,187,277,186,277,185,277,184,277,183,277,182,277,181,277,180,277,179,277,178,277,177,277,176,277,175,277,174,276,173,276,172,276,171,276,170,276,169,276,168,275,167,275,166,275,165,275,164,274,163,274,162,274
328,279,327,280,326,281,325,281,324,282,323,283,323,284,322,285,322,286,322,287,321,288,321,289,321,290,321,291,321,292,321,293,322,294,322,295,323,296,324,297,325,298,326,298,327,298,328,299,329,299,330,299,331,299,332,298,333,297,334,297,335,296,336,295,337,294,337,293,338,292,339,291,339,290,339,289,339,288,339,287,339,286,338,285,338,284,337,283,337,282,336,281,335,280,334,280,333,279,332,279,331,279,330,279,329,279
181,289,180,290,179,290,178,290,177,291,176,291,175,292,175,293,174,294,174,295,175,296,176,297,177,298,178,298,179,299,180,299,181,299,182,299,183,299,184,299,185,298,186,298,187,298,187,297,187,296,187,295,186,294,186,293,186,292,186,291,185,290,185,289,184,290,183,289,182,289
251,291,250,292,249,292,248,292,247,293,246,293,245,294,245,295,244,296,243,297,242,298,242,299,241,300,240,301,240,302,239,303,239,304,239,305,239,306,239,307,239,308,239,309,239,310,239,311,239,312,240,313,241,314,241,315,242,316,243,316,244,317,245,317,246,318,247,318,248,318,249,318,250,318,251,318,252,318,253,318,254,318,255,318,256,318,257,317,258,317,259,316,260,315,261,315,261,314,262,313,262,312,263,311,264,310,264,309,264,308,265,307,265,306,265,305,265,304,265,303,265,302,266,301,266,300,265,299,265,298,264,297,263,296,262,295,261,294,260,293,259,292,258,292,257,291,256,291,255,291,254,291,253,291,252,291
275,292,275,293,274,294,273,294,272,294,272,295,271,296,271,297,270,298,270,299,270,300,270,301,270,302,270,303,270,304,270,305,270,306,270,307,271,308,272,309,273,310,274,310,275,310,276,311,277,311,278,310,279,310,280,310,281,309,282,308,283,307,284,306,285,305,286,304,286,303,286,302,286,301,286,300,286,299,285,298,284,297,283,296,282,295,281,294,280,294,279,293,278,293,277,293,276,292
222,302,221,303,220,303,219,303,218,303,217,304,216,304,215,305,214,306,213,306,212,307,211,307,210,308,209,309,208,309,207,309,206,310,205,311,205,312,204,313,204,314,203,315,202,316,202,317,201,318,201,319,201,320,201,321,201,322,202,323,202,324,203,325,204,325,205,326,206,326,207,326,208,325,209,324,210,324,211,324,212,323,213,323,214,322,215,321,216,321,217,320,218,319,219,319,220,318,221,317,222,317,223,316,224,316,225,315,226,314,227,313,228,312,229,311,230,310,231,309,231,308,232,307,232,306,232,305,231,304,231,303,230,302,229,302,228,302,227,302,226,302,225,302,224,302,223,302
287,307,286,308,285,309,285,310,285,311,285,312,285,313,285,314,285,315,285,316,285,317,285,318,286,319,286,320,287,321,287,322,288,323,289,324,290,325,291,325,292,326,293,327,294,327,295,327,296,327,297,327,298,327,299,327,300,327,301,326,302,326,303,326,304,325,305,325,306,324,307,324,308,324,309,324,310,324,311,323,312,322,313,322,314,321,315,321,316,320,315,319,315,318,315,317,314,316,314,315,314,314,313,313,313,312,312,311,312,310,311,310,310,310,309,310,308,310,307,310,306,310,305,310,304,309,303,309,302,309,301,309,300,308,299,308,298,308,297,307,296,308,295,308,294,308,293,308,292,308,291,308,290,308,289,308,288,308
235,313,234,314,233,314,232,314,231,314,230,315,229,316,228,317,227,318,226,319,225,320,225,321,224,322,224,323,223,324,223,325,222,326,222,327,222,328,222,329,222,330,222,331,223,332,224,333,225,333,226,333,227,333,228,333,229,333,230,333,231,332,232,332,233,331,234,331,235,330,236,330,237,329,238,328,239,327,240,326,241,325,241,324,241,323,242,322,242,321,242,320,242,319,241,318,241,317,241,316,240,315,240,314,239,314,238,314,237,314,236,313
269,313,268,314,267,314,266,314,265,314,264,315,263,315,262,315,261,316,260,316,260,317,259,318,258,318,258,319,257,320,256,320,256,321,255,322,255,323,254,324,254,325,254,326,254,327,254,328,254,329,254,330,254,331,255,332,255,333,256,334,257,335,258,335,259,335,260,336,261,336,262,336,263,336,264,335,265,335,266,335,267,335,268,334,269,334,270,334,271,334,272,333,273,333,274,332,275,332,276,331,277,331,278,330,279,330,280,329,281,328,282,327,282,326,283,325,283,324,283,323,283,322,283,321,283,320,282,319,282,318,281,317,280,316,279,315,278,314,277,314,276,314,275,314,274,313,273,313,272,313,271,313,270,313
317,325,316,326,315,326,314,326,313,326,312,326,311,327,310,327,309,327,308,327,307,328,306,328,305,329,304,330,303,330,302,331,301,332,300,332,299,333,298,334,297,335,296,336,295,337,294,338,293,339,292,340,292,341,291,342,291,343,290,344,290,345,290,346,289,347,288,348,287,349,286,350,286,351,285,352,285,353,284,354,283,355,282,356,281,357,280,358,280,359,280,360,279,361,280,362,280,363,281,364,281,365,282,365,283,365,284,365,285,365,286,365,287,365,288,365,289,365,290,364,291,364,292,364,293,364,294,363,295,362,296,362,297,362,298,361,299,361,300,360,301,359,302,359,303,358,304,357,305,357,306,356,307,355,308,354,309,353,310,352,310,351,311,350,311,349,312,348,312,347,313,346,313,345,314,344,314,343,315,342,316,341,317,340,318,339,319,339,320,338,321,337,322,336,323,335,324,334,325,333,325,332,325,331,325,330,325,329,325,328,324,327,323,327,322,326,321,326,320,325,319,325,318,325
244,334,243,335,242,335,241,335,240,335,239,336,238,336,237,336,236,337,235,338,234,338,233,339,233,340,232,341,231,342,231,343,230,344,230,345,229,346,229,347,229,348,230,349,230,350,231,351,232,351,233,352,234,353,235,353,236,354,237,355,238,355,239,355,240,355,241,355,242,356,243,355,244,355,245,355,246,354,247,353,248,353,249,352,250,351,251,351,252,350,253,349,254,348,255,347,256,346,256,345,257,344,257,343,257,342,257,341,256,340,256,339,255,338,255,337,254,337,253,336,252,335,251,335,250,334,249,334,248,334,247,334,246,334,245,334
150,417,149,418,148,419,147,420,146,421,146,422,145,423,145,424,145,425,145,426,145,427,145,428,146,429,146,430,146,431,146,432,147,433,148,434,149,435,150,436,151,436,152,436,153,436,154,436,155,437,156,437,157,437,158,437,159,437,160,437,161,437,162,437,163,437,164,438,165,438,166,438,167,439,168,439,169,439,170,439,171,439,172,439,173,439,174,439,175,439,176,439,177,439,178,439,179,438,180,438,181,438,182,438,183,437,184,436,185,436,185,435,186,434,187,433,188,432,189,431,189,430,189,429,189,428,189,427,189,426,189,425,188,424,188,423,187,422,186,422,185,421,184,420,183,420,182,420,181,419,180,419,179,419,178,419,177,419,176,419,175,419,174,420,173,420,172,420,171,420,170,420,169,420,168,419,167,419,166,418,165,418,164,418,163,418,162,418,161,417,160,417,159,417,158,417,157,417,156,417,155,417,154,417,153,417,152,417,151,417
338,417,337,418,336,418,335,419,334,420,333,421,332,421,331,422,330,423,330,424,330,425,330,426,330,427,330,428,330,429,330,430,330,431,331,432,331,433,332,434,333,435,333,436,334,437,335,438,336,439,337,439,338,439,339,440,340,440,341,440,342,441,343,441,344,441,345,441,346,440,347,440,348,440,349,440,350,439,351,439,352,438,353,437,353,436,354,435,354,434,355,433,355,432,355,431,355,430,355,429,355,428,355,427,355,426,354,425,354,424,353,423,353,422,352,421,351,420,350,420,349,419,348,419,347,418,346,418,345,418,344,417,343,417,342,417,341,417,340,417,339,417
128,423,127,424,126,424,125,424,124,424,123,425,122,425,121,425,120,426,119,427,118,428,118,429,117,430,117,431,116,432,116,433,115,434,115,435,114,436,114,437,114,438,114,439,114,440,114,441,113,442,113,443,113,444,114,445,114,446,114,447,115,448,115,449,116,449,117,450,118,451,119,452,120,451,121,451,122,451,123,451,124,451,125,450,126,449,127,449,128,448,129,448,130,447,131,446,132,445,133,444,134,444,135,443,136,443,137,442,138,441,139,440,140,439,141,438,142,437,142,436,143,435,143,434,143,433,143,432,143,431,143,430,143,429,143,428,142,427,141,426,140,425,139,425,138,425,137,424,136,424,135,423,134,423,133,423,132,423,131,423,130,423,129,423
316,423,315,424,314,424,313,425,312,426,311,426,311,427,310,428,310,429,310,430,310,431,310,432,310,433,311,434,311,435,312,435,313,436,314,436,315,436,316,436,317,436,318,436,319,436,320,435,321,435,322,435,323,434,324,434,325,433,325,432,326,431,326,430,326,429,326,428,326,427,325,426,325,425,324,425,323,424,322,424,321,423,320,423,319,423,318,423,317,423
198,427,197,428,196,428,195,429,194,429,193,430,193,431,192,432,191,433,191,434,190,435,189,436,189,437,188,438,188,439,188,440,189,441,189,442,190,443,191,444,192,445,193,446,194,446,195,447,196,447,197,447,198,447,199,446,200,446,201,446,202,446,203,446,204,446,205,445,206,445,207,445,208,445,209,444,210,443,210,442,211,441,211,440,211,439,211,438,211,437,211,436,211,435,211,434,210,433,210,432,209,431,208,430,207,429,206,428,205,428,204,427,203,427,202,427,201,427,200,427,199,427
378,427,377,428,376,428,375,429,374,429,373,430,372,431,371,432,370,433,370,434,369,435,369,436,369,437,369,438,369,439,369,440,370,441,370,442,371,443,371,444,372,445,373,446,374,447,375,448,376,448,377,449,378,449,379,449,380,449,381,449,382,449,383,449,384,449,385,449,386,448,387,448,388,448,389,447,390,447,391,447,392,446,393,445,394,444,394,443,395,442,396,441,396,440,395,439,395,438,395,437,395,436,395,435,395,434,394,433,393,432,392,431,391,430,390,429,389,429,388,429,387,428,386,428,385,428,384,428,383,427,382,427,381,427,380,427,379,427
292,434,291,435,290,435,289,435,288,435,287,435,286,436,285,436,284,437,283,438,282,438,281,439,280,440,279,440,279,441,278,442,277,443,277,444,276,445,276,446,276,447,276,448,276,449,276,450,276,451,277,452,278,453,279,454,280,455,281,455,282,455,283,456,284,456,285,456,286,456,287,456,288,456,289,456,290,455,291,455,292,454,293,453,293,452,294,451,294,450,295,449,295,448,295,447,296,446,296,445,296,444,296,443,297,442,297,441,297,440,297,439,296,438,296,437,295,436,294,435,293,435
402,441,401,442,400,442,399,442,398,442,397,443,396,442,395,443,395,444,394,445,393,446,392,447,391,448,392,447,393,448,393,449,393,450,393,451,393,452,393,453,394,454,395,455,396,456,397,456,398,457,399,457,400,458,401,458,402,458,403,457,404,457,405,457,406,457,407,456,408,455,409,455,410,454,411,453,412,452,412,451,412,450,412,449,412,448,412,447,412,446,411,445,410,444,409,443,408,443,407,442,406,442,405,442,404,442,403,441
222,443,221,444,220,444,219,444,218,444,217,445,216,446,215,447,214,448,213,449,213,450,213,451,212,452,212,453,212,454,212,455,212,456,212,457,212,458,212,459,213,460,214,461,215,462,216,462,217,462,218,462,219,463,220,463,221,463,222,463,223,463,224,462,225,462,226,462,227,461,228,461,229,461,230,460,231,460,232,459,233,458,234,457,235,456,235,455,235,454,235,453,235,452,235,451,234,450,234,449,233,448,233,447,232,446,231,445,230,445,229,444,228,444,227,444,226,443,225,443,224,443,223,443
95,445,94,446,93,446,92,447,91,447,90,448,89,449,88,450,87,451,86,451,85,452,84,453,83,453,82,454,81,455,80,456,79,457,79,458,78,459,77,460,77,461,77,462,76,463,76,464,77,465,76,466,76,467,76,468,75,469,75,470,75,471,75,472,75,473,74,474,74,475,74,476,74,477,74,478,74,479,74,480,75,481,75,482,76,483,77,484,78,484,79,484,80,484,81,484,82,484,83,484,84,484,85,484,86,483,87,483,88,482,89,482,90,481,91,481,92,480,93,479,93,478,94,477,94,476,94,475,95,474,95,473,95,472,96,471,96,470,96,469,97,468,97,467,97,466,98,465,98,464,99,463,100,462,101,461,102,460,103,459,104,458,105,457,106,456,107,455,107,454,108,453,108,452,108,451,108,450,107,449,107,448,106,447,105,447,104,446,103,446,102,446,101,446,100,445,99,445,98,445,97,445,96,445
329,447,328,448,327,448,326,448,325,449,324,449,323,450,322,450,321,451,320,452,319,452,318,453,317,454,316,455,316,456,316,457,315,458,315,459,315,460,315,461,315,462,316,463,316,464,316,465,316,466,317,467,317,468,318,469,318,470,319,471,319,472,319,473,320,474,321,475,322,476,323,477,324,477,325,478,326,478,327,478,328,479,329,479,330,479,331,479,332,479,333,479,334,479,335,479,336,479,337,478,338,478,339,478,339,477,339,476,340,475,340,474,340,473,340,472,340,471,340,470,341,469,341,468,341,467,342,466,342,465,342,464,343,463,343,462,344,461,344,460,344,459,345,458,345,457,344,456,343,455,343,454,342,453,341,452,340,451,340,450,339,450,338,449,337,448,336,448,335,448,334,447,333,447,332,447,331,447,330,447
152,448,151,449,150,449,149,449,148,449,147,450,146,450,145,450,144,451,143,451,142,452,141,453,140,454,139,455,138,456,138,457,137,458,136,459,135,460,135,461,134,462,134,463,133,464,133,465,133,466,133,467,132,468,132,469,132,470,131,471,130,472,130,473,129,474,129,475,129,476,130,477,131,478,132,479,133,480,134,480,135,481,136,482,137,482,138,483,139,484,140,485,141,485,142,486,143,487,144,488,145,488,146,489,147,489,148,490,149,491,150,491,151,492,152,492,153,491,154,490,155,490,156,489,157,489,158,489,159,488,160,488,161,487,162,487,163,486,164,485,165,485,165,484,165,483,165,482,166,481,166,480,166,479,166,478,166,477,167,476,167,475,167,474,168,473,168,472,169,471,169,470,170,469,171,468,171,467,170,466,171,465,171,464,171,463,170,462,170,461,170,460,169,459,169,458,168,457,168,456,167,455,166,455,165,454,164,453,163,452,162,452,161,451,160,451,159,450,158,450,157,449,156,449,155,449,154,449,153,449
356,456,355,457,354,457,353,457,352,457,351,457,350,457,349,457,348,457,347,458,346,457,346,458,345,459,345,460,345,461,344,462,344,463,343,464,343,465,343,466,342,467,342,468,342,469,341,470,341,471,341,472,341,473,341,474,341,475,340,476,340,477,340,478,341,479,342,480,342,481,343,482,344,483,344,484,344,485,345,486,345,487,345,488,345,489,345,490,346,491,346,492,346,493,345,494,346,495,346,496,346,497,346,498,347,499,347,500,347,501,348,502,348,503,349,504,350,505,351,506,352,507,353,508,353,509,352,510,352,511,353,511,354,511,355,511,356,511,357,510,358,510,359,511,360,511,361,511,362,511,363,511,364,510,365,510,366,510,367,510,368,510,369,510,369,509,370,508,371,507,372,507,373,507,373,506,372,505,372,504,372,503,372,502,372,501,372,500,372,499,372,498,372,497,372,496,372,495,372,494,372,493,372,492,372,491,372,490,373,489,373,488,373,487,373,486,373,485,373,484,373,483,374,482,373,481,373,480,373,479,373,478,373,477,373,476,373,475,373,474,373,473,373,472,373,471,373,470,372,469,372,468,372,467,371,466,371,465,370,464,370,463,369,462,368,461,367,460,366,460,365,459,364,459,363,458,362,458,361,457,360,457,359,457,358,457,357,457
184,460,183,461,182,461,181,461,180,462,179,462,178,463,177,464,176,465,175,466,174,467,173,467,172,467,172,468,171,469,170,470,170,471,169,472,169,473,168,474,168,475,168,476,167,477,167,478,167,479,167,480,167,481,166,482,166,483,166,484,166,485,166,486,167,487,167,488,168,489,168,490,168,491,169,492,170,493,171,494,172,495,172,496,173,496,174,497,175,498,176,499,177,500,178,501,179,502,180,502,181,503,182,503,183,504,184,504,185,505,186,505,187,505,188,505,189,506,190,506,191,505,192,505,193,505,194,505,195,505,196,505,197,504,198,503,199,503,200,504,201,503,202,502,203,502,204,501,205,500,206,499,207,498,207,497,208,496,209,495,209,494,209,493,210,492,210,491,211,490,211,489,211,488,211,487,212,486,212,485,211,484,212,483,211,482,211,481,211,480,211,479,211,478,211,477,210,476,210,475,209,474,208,473,208,472,207,471,206,470,205,469,205,468,204,467,203,466,202,465,201,465,200,464,199,463,198,462,197,462,196,461,195,461,194,461,193,460,192,460,191,460,190,460,189,460,188,460,187,460,186,460,185,460
263,468,262,469,261,469,260,470,259,471,259,472,259,473,258,474,258,475,258,476,258,477,258,478,258,479,257,480,257,481,258,482,258,483,258,484,258,485,259,486,259,487,259,488,260,489,260,490,261,491,262,492,263,492,264,493,265,493,266,494,267,494,268,494,269,495,270,495,271,495,272,495,273,495,274,495,275,495,276,494,277,494,278,493,279,493,280,492,281,491,282,491,282,490,283,489,284,488,285,487,285,486,284,485,284,484,284,483,283,482,283,481,282,480,282,479,281,478,281,477,280,476,279,475,278,474,277,473,276,472,275,472,274,471,273,470,272,470,271,469,270,469,269,468,268,468,267,468,266,468,265,468,264,468
243,473,242,474,241,474,240,474,239,475,238,476,237,477,237,478,236,479,236,480,236,481,236,482,236,483,236,484,236,485,236,486,236,487,237,488,237,489,237,490,238,491,239,492,240,492,241,493,242,493,243,493,244,493,245,493,246,492,247,492,248,491,249,490,250,489,250,488,251,487,251,486,251,485,251,484,251,483,251,482,251,481,251,480,251,479,250,478,250,477,249,476,248,475,247,474,246,474,245,473,244,473
389,473,388,474,387,474,386,474,385,475,384,475,383,476,382,477,381,477,380,478,379,478,378,479,377,480,376,481,375,481,375,482,374,483,374,484,374,485,374,486,374,487,374,488,374,489,373,490,373,491,373,492,373,493,373,494,373,495,373,496,373,497,373,498,373,499,373,500,373,501,373,502,373,503,373,504,373,505,374,506,374,507,375,507,376,508,377,509,378,510,379,510,380,510,381,510,382,510,383,510,384,510,385,510,386,510,387,511,388,511,389,510,390,510,391,510,392,510,393,510,394,510,395,509,396,509,397,509,398,508,399,508,400,507,401,506,402,505,403,504,404,503,405,502,406,501,406,500,406,499,407,498,407,497,408,496,408,495,408,494,409,493,409,492,409,491,409,490,409,489,409,488,409,487,409,486,409,485,409,484,409,483,409,482,408,481,408,480,407,479,406,479,405,478,404,477,403,476,402,476,401,475,400,475,399,474,398,474,397,473,396,473,395,473,394,473,393,473,392,473,391,473,390,473
128,476,127,477,126,478,125,479,124,480,123,480,122,481,121,481,120,482,119,482,118,483,117,484,116,484,115,485,114,485,113,486,112,487,111,487,110,488,109,488,108,489,107,489,106,490,105,491,104,491,103,491,102,492,101,492,100,493,99,494,98,495,97,496,96,497,95,498,94,499,94,500,94,501,93,502,93,503,93,504,93,505,93,506,93,507,92,508,92,509,92,510,93,510,94,510,95,510,96,510,97,510,98,510,99,511,100,511,101,511,102,511,103,511,104,511,105,511,106,511,107,511,108,511,109,511,110,511,111,511,112,511,113,511,114,511,115,511,116,511,117,511,118,511,119,511,120,511,121,511,122,511,123,511,124,511,125,511,126,511,127,511,128,511,129,511,130,511,131,511,132,511,133,511,134,511,135,511,136,511,137,511,138,511,139,510,140,510,141,510,142,510,143,510,144,510,145,510,146,510,147,509,148,509,148,508,149,507,150,506,150,505,150,504,151,503,151,502,151,501,151,500,151,499,151,498,151,497,151,496,151,495,151,494,151,493,150,492,149,492,148,491,147,490,146,490,145,489,144,489,143,488,142,487,141,486,140,486,139,485,138,484,137,483,136,483,135,482,134,481,133,481,132,480,131,479,130,478,129,477
64,485,63,486,62,486,61,487,60,487,59,488,58,489,57,490,57,491,56,492,56,493,55,494,55,495,55,496,55,497,55,498,55,499,55,500,54,501,54,502,54,503,55,504,55,505,55,506,55,507,56,508,56,509,57,510,58,510,59,510,60,511,61,511,62,511,63,511,64,511,65,511,66,511,67,511,68,511,69,511,70,510,71,510,72,510,73,510,74,509,75,509,76,508,77,507,77,506,78,505,78,504,79,503,79,502,79,501,79,500,79,499,79,498,79,497,80,496,80,495,79,494,79,493,79,492,79,491,78,490,78,489,77,489,76,488,76,487,75,487,74,486,73,486,72,485,71,485,70,485,69,485,68,485,67,485,66,485,65,485
311,493,310,494,309,494,308,494,307,494,306,495,305,495,304,496,303,497,302,498,301,499,301,500,300,501,300,502,300,503,300,504,300,505,300,506,300,507,299,508,299,509,299,510,300,511,301,511,302,511,303,511,304,511,305,511,306,511,307,511,308,511,309,511,310,511,311,511,312,511,313,511,314,511,315,511,316,511,317,511,318,511,319,511,320,511,321,511,322,511,323,511,324,511,325,511,326,511,327,511,328,511,329,511,330,511,331,511,332,511,333,511,334,511,335,510,335,509,335,508,335,507,335,506,335,505,335,504,334,503,334,502,333,501,333,500,332,499,332,498,331,497,330,496,329,495,328,495,327,494,326,494,325,493,324,493,323,493,322,493,321,493,320,493,319,493,318,493,317,493,316,493,315,493,314,493,313,493,312,493
214,495,213,496,212,496,211,496,210,496,209,496,208,497,208,498,207,499,206,500,205,501,204,502,203,503,202,503,201,504,200,505,199,506,198,507,198,508,198,509,198,510,199,510,200,511,201,511,202,511,203,511,204,511,205,511,206,511,207,511,208,511,209,511,210,511,211,511,212,511,213,511,214,511,215,511,216,511,217,511,218,511,219,511,220,511,221,511,222,511,223,511,224,511,225,511,226,511,227,511,228,511,229,511,230,510,231,510,232,510,232,509,232,508,232,507,232,506,231,505,231,504,230,503,230,502,229,501,228,500,227,500,226,499,225,499,224,498,223,498,222,497,221,497,220,496,219,496,218,496,217,495,216,495,215,495
250,501,249,502,248,502,247,503,246,503,245,503,244,504,243,504,242,505,241,506,240,506,240,507,239,508,238,509,239,510,240,511,241,511,242,511,243,511,244,511,245,511,246,511,247,511,248,511,249,511,250,511,251,510,252,511,253,511,254,511,255,510,256,510,257,510,258,510,259,510,260,510,261,510,261,509,261,508,261,507,260,506,259,505,259,504,258,503,257,502,256,502,255,502,254,501,253,501,252,501,251,501
