130,45,129,46,128,46,127,46,126,47,125,48,124,49,123,50,123,51,122,52,122,53,122,54,122,55,123,56,123,57,124,58,125,59,126,60,127,60,128,61,129,61,130,62,131,62,132,62,133,62,134,63,135,63,136,62,137,61,138,61,139,60,139,59,140,58,140,57,140,56,140,55,140,54,140,53,140,52,140,51,139,50,139,49,138,49,137,48,136,47,135,46,134,46,133,46,132,45,131,45
60,71,59,72,58,72,57,72,56,73,55,74,54,74,53,75,52,76,51,77,51,78,50,79,50,80,49,81,50,82,50,83,50,84,50,85,51,86,51,87,52,88,53,89,54,90,55,90,56,91,57,90,58,90,59,89,60,89,61,89,62,88,63,87,64,86,65,85,66,84,67,83,68,82,69,81,69,80,70,79,70,78,71,77,71,76,71,75,70,74,70,73,69,72,68,72,67,72,66,71,65,71,64,71,63,71,62,71,61,71
75,80,74,81,73,81,72,82,71,83,70,83,69,84,69,85,68,86,67,87,67,88,67,89,67,90,68,91,68,92,68,93,68,94,68,95,69,95,70,96,71,96,72,96,73,96,74,96,75,95,76,95,77,94,78,93,79,92,80,91,80,90,80,89,80,88,80,87,80,86,80,85,80,84,79,83,79,82,78,81,77,81,76,80
104,91,103,92,102,92,101,93,100,93,99,93,98,94,97,95,96,95,96,96,95,97,95,98,95,99,94,100,94,101,95,102,95,103,96,104,97,105,98,105,99,106,100,106,101,106,102,106,103,106,104,106,105,106,106,106,107,105,107,104,107,103,108,102,108,101,109,100,109,99,109,98,109,97,110,96,110,95,110,94,110,93,110,92,109,92,108,92,107,92,106,91,105,91
113,92,112,93,111,93,111,94,111,95,111,96,110,97,110,98,110,99,110,100,109,101,109,102,108,103,108,104,108,105,107,106,107,107,108,107,109,108,110,109,111,110,112,111,113,112,114,113,115,114,116,115,117,115,118,115,119,115,120,115,121,114,122,114,123,113,123,112,124,111,124,110,124,109,125,108,125,107,125,106,126,105,126,104,126,103,126,102,126,101,126,100,125,99,125,98,125,97,124,96,124,95,123,94,122,94,121,93,120,93,119,92,118,92,117,92,116,92,115,92,114,92
82,93,81,94,80,95,79,95,78,96,77,96,77,97,77,98,76,99,76,100,76,101,76,102,76,103,76,104,76,105,77,106,77,107,78,108,79,109,80,109,81,109,82,109,83,109,84,108,85,107,86,106,87,105,88,105,88,104,89,103,90,102,91,101,92,100,91,99,92,98,92,97,92,96,91,95,91,94,90,94,89,93,88,93,87,93,86,93,85,93,84,93,83,93
93,100,92,101,91,102,90,103,89,104,89,105,88,106,87,106,86,107,85,108,84,109,83,110,82,111,82,112,81,113,82,114,82,115,82,116,82,117,83,118,84,119,84,120,85,121,85,122,85,123,86,124,86,125,86,126,86,127,86,128,87,129,88,130,89,130,90,131,91,131,92,132,93,132,94,132,95,132,96,132,97,132,98,132,99,131,100,131,101,130,102,130,103,130,104,129,105,128,106,128,107,127,108,127,109,127,110,127,110,126,110,125,111,124,111,123,111,122,112,121,112,120,113,119,113,118,114,117,115,116,115,115,114,114,113,113,112,112,111,111,110,110,109,109,108,108,107,108,106,107,105,107,104,107,103,107,102,107,101,107,100,107,99,107,98,106,97,106,96,105,95,104,94,103,94,102,93,101
140,100,139,101,138,101,137,102,136,102,135,103,134,104,133,105,132,106,131,107,130,107,130,108,129,109,128,110,128,111,127,112,127,113,127,114,126,115,126,116,126,117,126,118,126,119,126,120,126,121,126,122,126,123,127,124,127,125,128,126,128,127,129,128,130,128,131,129,132,129,133,129,134,129,135,130,136,130,137,130,138,129,139,129,140,129,141,128,142,128,143,128,144,127,145,127,146,127,147,127,148,127,149,127,150,127,151,127,152,127,153,126,154,126,155,125,156,124,157,123,158,122,159,121,159,120,160,119,160,118,160,117,160,116,160,115,160,114,160,113,160,112,160,111,160,110,159,109,159,108,158,107,158,106,158,105,157,104,156,104,155,103,154,102,153,102,152,101,151,101,150,101,149,101,148,100,147,100,146,100,145,100,144,100,143,100,142,100,141,100
174,104,173,105,172,105,171,106,170,107,169,108,168,109,168,110,167,111,167,112,167,113,167,114,166,115,166,116,166,117,166,118,166,119,167,120,167,121,168,122,168,123,169,124,170,125,171,125,172,126,173,126,174,126,175,126,176,126,177,127,178,127,179,126,180,126,181,126,182,126,183,125,184,125,185,125,186,125,187,124,188,124,189,124,190,123,191,122,191,121,192,120,192,119,192,118,193,117,193,116,193,115,194,114,194,113,194,112,194,111,194,110,193,109,193,108,192,107,191,106,190,106,189,106,188,105,187,105,186,105,185,104,184,104,183,104,182,104,181,104,180,104,179,104,178,104,177,104,176,104,175,104
208,112,207,113,206,113,205,114,204,115,203,116,203,117,203,118,204,119,205,120,205,121,205,122,206,123,207,124,207,125,208,126,208,127,209,128,210,129,210,130,211,131,211,132,212,133,213,134,213,135,214,135,215,136,216,136,217,137,218,137,219,137,220,137,221,136,222,136,223,135,224,135,225,134,226,134,227,133,228,133,229,132,230,132,230,131,230,130,230,129,229,128,229,127,229,126,229,125,228,124,228,123,227,122,226,121,226,120,225,119,224,118,223,117,222,116,221,115,220,115,219,114,218,114,217,113,216,113,215,113,214,112,213,112,212,112,211,112,210,112,209,112
158,129,157,130,156,130,155,130,154,130,153,131,152,131,151,132,150,132,149,133,148,134,147,135,146,135,145,136,145,137,144,138,143,139,142,140,142,141,142,142,141,143,141,144,141,145,141,146,141,147,141,148,141,149,141,150,141,151,142,152,142,153,142,154,143,155,143,156,144,157,145,158,145,159,146,160,147,161,148,162,149,163,150,164,151,164,152,165,153,165,154,166,155,166,156,166,157,166,158,166,159,166,160,166,161,165,162,165,163,165,164,165,165,164,166,163,167,163,168,162,168,161,169,160,169,159,170,158,170,157,171,156,172,155,172,154,173,153,173,152,173,151,173,150,174,149,174,148,174,147,174,146,174,145,174,144,174,143,174,142,174,141,174,140,173,139,173,138,173,137,172,136,172,135,171,134,170,133,170,132,169,131,168,131,167,130,166,130,165,129,164,129,163,129,162,129,161,129,160,129,159,129
112,130,111,131,110,131,109,131,108,131,107,132,106,132,105,133,104,134,103,135,102,136,102,137,101,138,101,139,100,140,99,141,99,142,99,143,99,144,99,145,98,146,98,147,98,148,98,149,97,150,98,151,97,152,97,153,97,154,97,155,98,156,98,157,98,158,99,159,99,160,100,161,101,162,101,163,102,163,103,163,104,164,105,164,106,165,107,166,108,166,109,167,110,167,111,166,112,167,113,167,114,167,115,167,116,167,117,166,118,166,119,166,120,165,121,165,122,164,123,164,124,163,125,162,126,161,127,160,128,159,129,158,130,157,130,156,131,155,131,154,131,153,132,152,132,151,132,150,132,149,132,148,132,147,132,146,132,145,132,144,131,143,131,142,131,141,130,140,130,139,129,138,129,137,128,136,127,135,126,134,125,133,124,133,123,132,122,132,121,131,120,131,119,131,118,131,117,130,116,130,115,130,114,130,113,130
231,132,230,133,229,133,228,134,227,134,226,135,225,135,224,136,223,136,222,137,221,137,220,138,219,138,218,138,218,139,217,140,216,141,216,142,215,143,214,144,213,145,213,146,213,147,212,148,212,149,211,150,211,151,211,152,210,153,210,154,210,155,209,156,209,157,208,158,208,159,208,160,208,161,208,162,209,163,210,163,211,164,212,164,213,164,214,164,215,164,216,164,217,163,218,163,219,162,220,161,221,161,222,160,223,159,224,158,225,158,226,157,226,156,227,155,228,154,229,153,229,152,230,151,231,150,232,149,232,148,233,147,234,146,235,146,235,145,236,144,237,143,237,142,237,141,238,140,238,139,237,138,237,137,236,136,235,136,234,135,233,134,232,133
238,141,238,142,238,143,237,144,236,145,236,146,235,147,235,148,235,149,234,150,234,151,234,152,234,153,234,154,234,155,234,156,235,157,235,158,236,159,237,160,237,161,238,162,238,163,239,164,240,165,241,166,242,167,242,168,243,169,244,169,245,170,246,170,247,170,248,170,249,171,250,170,251,170,252,169,253,169,254,169,255,169,256,168,256,167,256,166,257,165,257,164,258,163,258,162,258,161,258,160,259,159,259,158,260,157,259,156,258,155,257,154,256,153,255,152,254,151,253,151,252,150,251,149,250,148,249,147,248,147,247,146,246,145,245,145,244,144,243,144,242,143,241,143,240,142,239,142
269,151,268,152,267,153,266,153,265,154,264,155,263,155,262,156,261,157,260,158,260,159,259,160,259,161,259,162,259,163,258,164,258,165,257,166,257,167,257,168,256,169,256,170,256,171,257,172,257,173,257,174,257,175,257,176,258,177,259,178,258,179,258,180,259,181,259,182,259,183,259,184,259,185,259,186,259,187,258,188,258,189,258,190,258,191,258,192,258,193,257,194,257,195,257,196,257,197,256,198,256,199,256,200,256,201,257,200,258,199,259,198,260,197,261,196,262,195,263,194,264,193,265,192,265,191,266,190,267,189,268,188,269,187,270,186,271,186,272,185,273,184,274,183,275,182,275,181,275,180,276,179,277,178,276,177,277,176,276,175,276,174,276,173,276,172,276,171,276,170,276,169,275,168,275,167,275,166,275,165,275,164,274,163,274,162,274,161,274,160,274,159,274,158,273,157,273,156,273,155,273,154,273,153,272,152,271,152,270,151
87,155,86,156,85,156,84,156,83,157,82,158,81,159,81,160,80,161,80,162,80,163,80,164,80,165,80,166,80,167,80,168,81,169,81,170,82,171,83,172,84,172,85,172,86,172,87,172,88,172,89,172,90,172,91,172,92,171,93,171,94,171,95,170,96,169,97,168,98,167,99,166,99,165,100,164,101,164,100,163,100,162,99,161,98,160,98,159,97,158,96,158,95,157,94,156,93,156,92,156,91,155,90,155,89,155,88,155
196,157,195,158,194,158,193,159,192,160,191,160,190,161,189,162,188,163,187,164,186,165,185,165,184,166,184,167,183,168,183,169,184,170,184,171,184,172,185,172,186,172,187,172,188,172,189,172,190,172,191,172,192,173,193,173,194,173,195,173,196,173,197,174,198,174,199,174,200,174,200,173,201,172,202,171,203,170,203,169,204,168,204,167,205,166,205,165,206,164,206,163,206,162,205,161,205,160,204,159,203,158,202,158,201,157,200,157,199,157,198,157,197,157
171,165,170,166,169,166,168,167,167,167,166,168,165,169,164,169,163,170,162,171,162,172,162,173,162,174,162,175,162,176,163,177,163,178,164,179,165,180,166,181,166,182,167,182,168,182,169,182,170,182,171,182,172,182,173,181,174,181,175,181,176,182,176,181,177,180,178,179,179,178,179,177,180,176,181,175,182,174,183,173,183,172,183,171,183,170,182,169,182,168,181,168,180,167,179,167,178,166,177,166,176,165,175,165,174,165,173,165,172,165
139,169,138,170,137,170,136,171,135,171,134,172,133,173,132,174,131,175,130,176,129,177,129,178,129,179,128,180,127,181,127,182,126,183,126,184,125,185,124,186,123,187,122,187,122,188,121,189,120,190,119,191,119,192,118,193,118,194,118,195,118,196,118,197,119,198,119,199,119,200,120,201,120,202,121,203,121,204,121,205,122,206,122,207,122,208,123,209,123,210,124,211,124,212,125,213,126,214,127,215,128,216,129,216,130,217,131,217,132,218,133,218,134,218,135,218,136,218,137,218,138,218,139,217,139,216,139,215,140,214,140,213,141,212,141,211,142,210,142,209,143,208,144,207,145,206,145,205,146,204,147,203,148,203,149,202,150,201,151,201,152,200,153,200,154,199,155,199,155,198,156,197,157,196,158,195,158,194,158,193,159,192,159,191,159,190,158,189,158,188,158,187,158,186,157,185,157,184,157,183,157,182,156,181,156,180,156,179,155,178,154,177,154,176,153,175,152,174,151,173,151,172,150,171,149,170,148,170,147,169,146,169,145,169,144,169,143,169,142,169,141,169,140,169
209,169,208,170,207,170,206,171,205,172,204,172,203,173,203,174,202,175,201,175,202,176,202,177,202,178,202,179,203,180,203,181,203,182,203,183,204,184,204,185,205,186,205,187,206,188,207,189,208,190,209,191,210,192,211,192,212,192,213,192,214,191,215,190,216,189,217,188,218,187,219,187,220,186,221,186,222,185,223,184,223,183,224,182,224,181,224,180,224,179,225,178,225,177,224,176,224,175,224,174,223,173,222,173,221,172,220,172,219,171,218,171,217,171,216,170,215,170,214,170,213,170,212,170,211,169,210,169
106,170,105,171,104,171,103,172,102,173,101,173,101,174,100,175,100,176,100,177,100,178,100,179,100,180,101,181,101,182,102,183,102,184,102,185,103,186,104,187,104,188,105,189,106,190,107,190,108,190,109,191,110,191,111,191,112,191,113,191,114,191,115,190,116,189,117,189,118,188,119,187,120,188,121,188,121,187,122,186,122,185,122,184,123,183,123,182,122,181,122,180,122,179,122,178,121,177,121,176,120,175,119,174,118,173,117,173,116,172,115,172,114,171,113,171,112,170,111,170,110,170,109,170,108,170,107,170
184,173,183,174,182,175,181,176,180,177,180,178,179,179,178,180,177,181,177,182,176,183,176,184,177,185,177,186,178,187,179,187,180,188,181,189,182,189,183,190,184,191,185,191,186,191,187,192,188,192,189,193,190,194,191,194,192,194,193,194,194,194,195,194,196,194,197,194,198,194,199,194,200,193,201,193,202,193,202,192,203,191,203,190,203,189,203,188,203,187,203,186,203,185,203,184,202,183,202,182,202,181,202,180,201,179,201,178,201,177,201,176,200,175,199,175,198,175,197,175,196,174,195,174,194,174,193,174,192,174,191,173,190,173,189,173,188,173,187,173,186,173,185,173
250,176,250,177,249,178,248,178,248,179,247,180,247,181,246,182,246,183,245,184,245,185,244,186,244,187,243,188,242,189,241,190,241,191,240,192,240,193,239,194,239,195,239,196,239,197,239,198,240,199,241,200,242,201,243,202,244,202,245,202,246,202,247,202,248,202,249,202,250,202,251,201,252,201,253,200,254,199,255,198,256,197,256,196,256,195,256,194,257,193,257,192,257,191,257,190,257,189,257,188,258,187,258,186,258,185,258,184,258,183,258,182,258,181,257,180,257,179,257,178,256,177,255,177,254,177,253,176,252,176,251,176
168,183,169,184,168,185,167,185,166,185,165,186,164,187,163,188,162,189,161,190,160,190,160,191,160,192,159,193,159,194,159,195,159,196,159,197,159,198,159,199,159,200,159,201,159,202,159,203,160,204,160,205,161,206,162,206,163,207,164,208,165,209,166,209,167,209,168,209,169,209,170,209,171,209,172,209,173,209,174,209,175,208,176,208,177,207,178,206,178,205,179,204,179,203,179,202,179,201,179,200,179,199,179,198,179,197,179,196,179,195,178,194,178,193,178,192,177,191,177,190,177,189,178,188,177,187,176,186,176,185,175,185,174,185,173,185,172,185,171,184,170,183,169,183
275,183,274,184,273,185,272,186,271,187,270,187,269,188,268,189,267,190,266,191,266,192,265,193,264,194,263,195,262,196,261,197,260,198,259,199,258,200,257,201,256,202,256,203,256,204,255,205,255,206,254,207,253,208,252,209,253,210,253,211,253,212,254,213,254,214,254,215,255,216,255,217,255,218,256,218,257,217,258,218,259,218,260,218,261,218,262,217,263,217,264,216,265,216,266,216,267,216,267,215,268,214,269,213,269,212,270,211,271,210,272,209,273,208,273,207,274,206,274,205,274,204,275,203,275,202,275,201,275,200,276,199,276,198,276,197,276,196,277,195,277,194,278,193,278,192,278,191,278,190,278,189,278,188,278,187,278,186,278,185,277,184,276,184
224,196,223,197,222,197,221,197,220,198,219,199,218,200,217,201,217,202,217,203,216,204,216,205,216,206,216,207,217,208,218,209,218,210,219,211,220,211,221,212,222,213,223,213,224,214,225,214,226,214,227,215,228,215,229,215,230,216,231,215,232,215,233,214,234,214,235,213,236,212,237,212,237,211,238,210,238,209,239,208,239,207,240,206,240,205,239,204,239,203,239,202,239,201,238,200,237,199,237,198,236,198,235,197,234,197,233,197,232,197,231,197,230,197,229,197,228,196,227,196,226,196,225,197
286,196,285,197,285,198,284,199,283,199,282,200,282,201,281,202,281,203,280,204,279,205,278,205,277,206,276,207,275,207,274,207,274,208,273,209,272,210,271,211,270,212,270,213,269,214,268,215,268,216,268,217,268,218,268,219,267,220,267,221,267,222,266,223,266,224,265,225,265,226,264,227,264,228,263,229,263,230,263,231,262,232,261,233,261,234,261,235,260,236,260,237,260,238,260,239,260,240,260,241,261,242,261,243,262,244,263,245,264,246,265,247,266,247,267,248,268,249,269,249,270,250,271,250,272,250,273,250,274,250,275,250,276,250,277,250,278,250,279,250,280,250,281,250,282,250,283,250,284,250,285,250,284,249,284,248,284,247,285,246,286,245,287,245,288,244,289,244,290,244,291,243,292,242,293,241,293,240,294,239,294,238,294,237,294,236,295,235,295,234,295,233,295,232,295,231,296,230,297,229,298,228,299,228,300,228,300,227,299,226,299,225,299,224,299,223,299,222,299,221,299,220,299,219,299,218,299,217,299,216,299,215,300,214,300,213,300,212,300,211,300,210,300,209,300,208,300,207,300,206,300,205,300,204,300,203,299,202,299,201,298,201,297,200,296,199,295,199,294,199,293,199,292,199,291,198,290,198,289,197,288,197,287,196
154,200,153,201,152,201,151,202,150,202,149,203,148,204,147,204,146,205,146,206,145,207,144,208,143,209,143,210,142,211,142,212,141,213,141,214,140,215,140,216,140,217,139,218,140,219,140,220,140,221,140,222,140,223,141,224,141,225,142,226,142,227,143,228,143,229,144,230,145,230,146,231,147,232,148,233,149,233,150,233,151,232,152,232,153,232,154,232,155,232,156,231,157,231,157,230,158,229,159,228,159,227,159,226,160,225,160,224,160,223,160,222,160,221,160,220,160,219,160,218,160,217,160,216,160,215,160,214,160,213,160,212,160,211,160,210,160,209,160,208,160,207,160,206,159,205,159,204,158,203,158,202,157,201,156,200,155,200
201,200,200,201,199,201,198,201,197,202,196,202,196,203,195,204,194,205,193,206,192,207,191,208,190,209,191,210,191,211,192,212,192,213,193,214,193,215,194,216,194,217,194,218,194,219,195,220,195,221,195,222,195,223,196,224,196,225,196,226,196,227,197,226,198,227,199,227,200,227,201,227,202,227,203,227,204,227,205,227,206,227,207,227,208,226,209,225,210,224,211,223,211,222,212,221,213,220,213,219,213,218,214,217,214,216,214,215,214,214,214,213,214,212,214,211,213,210,213,209,213,208,212,207,211,206,211,205,210,204,209,203,208,202,207,201,206,201,205,201,204,201,203,201,202,200
189,209,188,210,187,210,186,210,185,211,184,211,183,211,182,211,181,211,180,211,179,211,178,212,178,213,177,214,177,215,176,216,176,217,175,218,174,218,173,219,172,220,171,221,170,222,169,223,168,224,168,225,167,226,166,227,166,228,165,229,165,230,166,230,167,231,168,232,169,232,170,233,171,234,172,234,173,235,174,235,175,236,176,237,177,238,178,239,178,240,179,241,180,242,181,242,182,241,183,241,184,241,185,241,186,241,187,240,188,239,189,238,190,237,191,236,192,236,193,235,193,234,194,233,194,232,194,231,195,230,195,229,195,228,195,227,195,226,195,225,195,224,194,223,194,222,194,221,194,220,193,219,193,218,193,217,193,216,192,215,192,214,191,213,191,212,190,211,190,210
244,209,243,210,242,210,241,211,240,212,239,213,238,213,237,214,236,213,236,214,235,215,234,215,233,216,232,216,231,217,230,217,229,218,228,218,227,219,226,220,225,220,224,221,224,222,223,223,222,224,222,225,221,226,221,227,221,228,221,229,221,230,221,231,221,232,222,233,223,234,224,234,225,235,226,236,227,236,228,237,229,238,230,239,231,239,232,240,233,240,234,240,235,241,236,240,237,240,238,240,239,239,240,239,241,238,242,237,243,236,244,235,244,234,245,233,245,232,246,231,247,230,247,229,248,228,249,227,250,226,250,225,251,224,252,223,252,222,253,221,253,220,254,219,254,218,254,217,254,216,253,215,253,214,253,213,252,212,252,211,252,210,251,210,250,209,249,209,248,209,247,209,246,209,245,209
164,231,163,232,162,232,161,233,160,233,159,233,158,233,157,233,156,232,155,233,154,233,153,233,152,233,151,233,150,234,149,234,148,234,147,234,147,235,147,236,147,237,147,238,147,239,147,240,148,241,149,242,150,242,151,243,152,243,153,243,154,243,155,243,156,244,157,244,158,244,159,244,160,244,161,244,162,244,163,245,164,244,165,244,166,244,167,244,168,244,169,244,170,244,171,244,172,243,173,243,174,243,175,243,176,243,177,243,178,243,179,243,179,242,178,241,177,240,177,239,176,238,175,237,174,236,173,236,172,235,171,235,170,234,169,233,168,233,167,232,166,231,165,231
337,231,336,232,335,232,334,232,333,232,332,233,331,233,330,234,329,234,328,235,327,235,326,236,325,237,324,238,323,239,323,240,322,241,322,242,321,243,321,244,321,245,320,246,320,247,320,248,321,249,321,250,321,251,322,252,323,253,324,254,325,255,326,255,327,256,328,256,329,256,330,256,331,256,332,256,333,256,334,255,335,255,336,255,337,254,338,254,339,253,340,252,341,252,342,251,342,250,343,249,344,248,344,247,345,246,345,245,345,244,346,243,346,242,346,241,346,240,346,239,346,238,346,237,345,236,345,235,344,234,343,233,342,232,341,232,340,232,339,231,338,231
218,232,217,233,216,233,215,233,214,233,213,233,212,233,211,233,210,233,209,233,208,233,207,234,206,234,205,235,204,236,204,237,203,238,202,238,202,239,202,240,201,241,200,242,199,243,199,244,198,245,197,245,198,246,198,247,199,248,199,249,200,250,200,251,201,252,202,253,203,254,203,255,204,256,205,257,206,258,207,258,208,259,209,260,210,259,211,259,212,258,213,258,214,258,215,258,216,257,217,257,218,256,219,256,220,256,221,255,222,254,223,253,224,252,225,253,225,252,225,251,226,250,226,249,226,248,227,247,227,246,227,245,228,244,228,243,229,242,229,241,229,240,229,239,228,238,227,237,226,237,225,236,224,235,223,235,222,234,221,233,220,232,219,232
307,236,306,237,305,237,304,237,304,238,303,239,302,239,301,240,301,241,300,242,299,242,299,243,298,244,297,245,297,246,296,247,295,248,295,249,295,250,294,251,294,252,293,253,293,254,293,255,293,256,293,257,293,258,293,259,293,260,294,261,294,262,295,263,296,264,297,264,298,264,299,264,300,265,301,265,302,265,303,264,304,264,305,263,306,262,306,261,306,260,306,259,307,258,308,257,308,256,309,255,309,254,310,253,311,252,312,251,312,250,313,249,314,248,314,247,315,246,315,245,315,244,315,243,315,242,315,241,315,240,314,239,314,238,313,237,312,236,311,236,310,236,309,236,308,236
251,239,250,240,249,240,248,241,247,242,246,243,246,244,245,245,245,246,245,247,244,248,245,249,245,250,246,251,246,252,246,253,247,254,247,255,247,256,248,257,248,258,248,259,249,260,249,261,250,262,250,263,250,264,251,264,252,265,253,265,254,266,255,266,256,266,257,266,258,266,259,265,260,265,261,265,262,265,263,265,264,264,265,263,265,262,266,261,266,260,266,259,267,258,267,257,267,256,267,255,266,254,266,253,267,252,267,251,266,250,266,249,265,248,264,247,263,246,262,245,261,244,260,243,260,242,259,241,258,241,257,241,256,241,255,240,254,240,253,239,252,239
172,244,171,245,170,245,169,245,168,245,167,245,166,245,165,245,164,245,163,246,162,246,162,247,162,248,161,249,160,250,160,251,159,252,159,253,159,254,159,255,159,256,159,257,159,258,160,259,160,260,160,261,161,262,162,263,163,263,164,264,165,265,166,266,167,267,168,267,169,268,170,268,171,269,172,269,173,270,174,270,175,271,176,271,177,272,178,272,179,273,180,273,181,273,182,273,183,273,184,273,185,272,186,272,187,271,187,270,187,269,187,268,187,267,187,266,187,265,187,264,187,263,186,262,186,261,186,260,186,259,186,258,186,257,186,256,186,255,186,254,186,253,186,252,186,251,185,250,184,249,183,248,182,247,182,246,181,246,180,245,179,244,178,244,177,244,176,244,175,244,174,244,173,244
195,245,194,246,193,246,192,247,191,247,190,247,189,248,188,249,187,250,187,251,187,252,187,253,187,254,187,255,187,256,187,257,187,258,187,259,187,260,187,261,187,262,188,263,188,264,188,265,188,266,188,267,188,268,188,269,188,270,188,271,189,271,190,272,191,272,192,273,193,273,194,274,195,274,196,274,197,274,198,274,199,274,200,274,201,274,202,273,203,273,204,273,205,272,206,272,206,271,207,270,207,269,207,268,208,267,208,266,209,265,209,264,209,263,208,262,208,261,208,260,207,259,206,259,205,258,204,257,203,256,202,255,202,254,201,253,200,252,199,251,199,250,198,249,198,248,197,247,197,246,196,246
234,247,233,248,232,249,231,249,230,250,229,251,228,252,227,253,226,253,225,254,225,255,224,256,225,257,225,258,224,259,224,260,224,261,224,262,224,263,224,264,225,265,224,266,225,267,226,268,227,269,228,270,229,271,230,271,231,272,232,273,233,273,234,274,235,275,236,275,237,276,238,276,239,277,240,277,241,277,241,276,242,275,243,275,244,274,244,273,245,272,246,271,246,270,247,269,247,268,248,267,249,266,250,265,249,265,248,264,248,263,248,262,248,261,248,260,247,259,247,258,247,257,246,256,246,255,246,254,245,253,245,252,245,251,244,250,244,249,243,248,242,248,241,247,240,247,239,247,238,247,237,247,236,247,235,247
224,267,224,268,223,269,222,270,221,271,220,271,219,271,218,272,217,272,216,272,215,273,214,274,213,274,212,274,211,274,210,275,209,275,208,275,207,276,206,277,205,278,205,279,204,280,204,281,204,282,204,283,205,284,205,285,206,286,207,287,208,288,209,289,210,289,211,290,212,290,213,290,214,291,215,291,216,291,217,292,218,291,219,291,220,291,221,291,222,291,223,291,224,291,225,291,226,291,227,291,228,291,229,291,230,290,231,291,232,290,233,290,234,290,235,290,236,290,237,290,238,289,239,289,240,289,240,288,241,287,241,286,241,285,241,284,241,283,241,282,241,281,241,280,241,279,241,278,240,278,239,278,238,277,237,277,236,276,235,276,234,275,233,274,232,274,231,273,230,272,229,272,228,271,227,270,226,269,225,268
352,273,351,274,350,274,349,275,348,276,347,276,346,277,345,277,344,277,343,277,342,278,341,279,340,280,341,281,340,282,339,282,339,283,339,284,338,285,337,286,337,287,336,288,336,289,336,290,336,291,336,292,337,293,337,294,338,295,339,296,340,296,341,297,342,297,343,297,344,297,345,298,346,298,347,298,348,298,349,298,350,298,351,298,352,298,353,297,354,297,355,296,356,295,356,294,357,293,358,292,359,291,360,290,361,289,361,288,362,287,362,286,363,285,364,284,365,283,366,283,367,283,368,283,368,282,367,281,367,280,366,280,365,279,365,278,364,279,363,278,362,277,361,276,360,277,359,276,358,275,357,274,356,274,355,274,354,274,353,273
284,281,283,282,282,282,281,283,280,284,279,284,278,285,277,285,276,286,275,286,274,286,273,287,272,287,271,288,270,288,269,289,268,290,267,290,266,291,266,292,266,293,265,294,265,295,265,296,265,297,264,298,264,299,264,300,265,301,264,302,265,303,265,304,266,305,267,306,268,306,269,306,270,306,271,306,272,306,273,305,274,305,275,304,276,303,277,303,277,302,278,301,279,300,279,299,280,298,280,297,281,296,281,295,281,294,281,293,281,292,281,291,281,290,282,289,283,288,284,287,285,286,285,285,286,284,286,283,286,282,286,281,285,281
369,290,368,291,367,291,366,292,365,292,364,293,363,294,362,294,361,295,360,295,359,296,358,296,357,295,356,296,355,297,354,298,353,298,352,299,351,300,351,301,350,302,349,303,349,304,349,305,348,306,348,307,347,308,347,309,347,310,347,311,346,312,347,313,347,314,347,315,347,316,348,316,349,317,349,318,349,319,350,320,350,321,351,321,352,321,353,320,354,320,355,320,356,319,357,319,358,318,359,318,360,318,361,317,362,317,363,316,364,316,365,315,366,315,367,314,368,314,369,313,370,312,371,312,372,311,373,311,374,310,375,310,376,309,377,309,378,309,379,308,379,307,379,306,379,305,379,304,379,303,379,302,380,301,380,300,381,299,381,298,380,297,380,296,380,295,380,294,379,293,378,292,377,291,376,291,375,291,374,290,373,290,372,290,371,290,370,290
336,307,335,308,334,308,333,308,332,308,331,309,330,309,329,309,328,309,327,310,326,310,325,311,324,312,323,312,322,313,322,314,321,315,320,316,320,317,320,318,319,319,319,320,319,321,319,322,319,323,319,324,319,325,319,326,320,327,320,328,320,329,321,330,321,331,322,331,323,332,324,332,325,333,326,333,327,333,328,333,329,333,330,332,331,332,332,332,333,331,334,330,335,329,336,329,337,328,338,327,339,326,340,325,341,324,342,323,343,322,343,321,344,320,345,319,345,318,345,317,346,316,346,315,346,314,346,313,345,312,344,311,343,310,343,309,342,309,341,308,340,308,339,307,338,307,337,307
379,309,378,310,377,310,376,310,375,311,374,311,373,312,372,312,371,313,370,313,369,314,368,315,367,315,366,316,365,316,364,317,363,317,362,318,361,318,360,319,359,319,358,319,357,320,356,320,355,321,354,321,353,321,352,322,351,322,350,322,350,323,350,324,350,325,349,326,349,327,349,328,349,329,349,330,348,331,348,332,348,333,348,334,349,335,349,336,349,337,349,338,350,339,350,340,351,341,351,342,352,343,352,344,353,345,354,346,355,346,356,347,357,347,358,347,359,347,360,347,361,347,362,347,363,346,363,345,364,344,365,344,365,343,366,342,367,341,368,340,368,339,369,338,369,337,369,336,369,335,369,334,370,333,370,332,371,331,371,330,372,329,373,328,374,327,375,326,376,325,376,324,377,323,377,322,378,321,379,320,379,319,379,318,380,317,380,316,380,315,381,314,380,313,380,312,380,311,380,310
300,323,299,324,298,324,297,324,296,325,295,325,294,326,293,326,292,326,291,327,290,327,289,328,288,329,287,330,287,331,286,332,286,333,286,334,286,335,286,336,287,337,288,338,289,339,290,340,291,340,292,341,293,341,294,341,295,341,296,342,297,342,298,342,299,342,300,341,301,341,302,341,303,340,304,340,305,339,306,339,307,338,308,337,308,336,309,335,309,334,310,333,310,332,310,331,310,330,310,329,310,328,309,327,308,326,307,326,306,325,305,325,304,324,303,324,302,324,301,323
209,382,208,383,207,383,206,384,205,384,204,385,203,385,202,386,201,387,200,387,199,388,198,389,197,389,197,390,196,391,196,392,196,393,195,394,195,395,195,396,194,397,194,398,194,399,195,400,196,400,197,400,198,400,199,400,200,400,201,400,202,399,203,399,204,399,205,399,206,399,207,399,208,400,209,400,210,400,211,400,212,401,213,401,214,401,215,402,216,402,217,403,218,403,219,403,220,404,221,404,222,405,223,405,224,406,225,406,226,407,227,407,228,407,229,407,230,407,231,407,232,407,233,407,234,407,235,407,236,406,237,406,238,406,239,406,240,405,241,405,242,404,243,403,244,402,244,401,245,400,245,399,245,398,245,397,244,396,244,395,243,394,243,393,242,392,241,391,240,390,239,390,238,389,237,389,236,388,235,388,234,388,233,388,232,387,231,387,230,387,229,387,228,387,227,387,226,387,225,386,224,386,223,386,222,386,221,386,220,385,219,385,218,384,217,384,216,383,215,383,214,383,213,383,212,383,211,383,210,382
181,383,180,384,179,384,178,384,177,385,176,385,175,386,174,387,174,388,174,389,174,390,174,391,174,392,174,393,174,394,175,395,176,396,177,397,178,397,179,398,180,398,181,398,182,398,183,398,184,399,185,399,186,398,187,398,188,398,189,398,190,398,191,397,192,397,193,397,194,396,194,395,194,394,195,393,195,392,195,391,196,390,196,389,195,389,194,388,194,387,193,386,192,386,191,385,190,384,189,384,188,383,187,383,186,383,185,383,184,383,183,383,182,383
162,394,161,395,160,395,159,396,158,397,157,398,156,399,155,400,155,401,155,402,154,403,155,404,155,405,155,406,156,407,157,408,158,409,159,410,160,411,161,411,162,412,163,412,164,412,165,411,166,411,167,411,168,410,169,409,170,408,170,407,171,406,171,405,171,404,172,403,172,402,172,401,172,400,171,399,171,398,170,397,169,396,168,395,167,395,166,394,165,394,164,394,163,394
257,400,256,401,255,401,254,401,253,401,252,402,251,402,250,403,250,404,249,405,248,406,248,407,248,408,248,409,248,410,248,411,248,412,248,413,248,414,249,415,250,416,251,416,252,417,253,417,254,418,255,418,256,418,257,419,258,419,259,419,260,419,261,419,262,419,263,419,264,418,265,418,266,417,267,416,268,416,269,415,270,414,270,413,270,412,271,411,271,410,271,409,271,408,270,407,270,406,269,405,269,404,268,404,267,403,266,403,265,402,264,402,263,401,262,401,261,401,260,401,259,401,258,400
143,405,142,406,141,406,140,407,139,408,139,409,138,410,138,411,137,412,137,413,136,414,136,415,136,416,136,417,136,418,137,419,137,420,138,421,138,422,139,423,139,424,140,425,141,426,142,426,143,426,144,427,145,427,146,427,147,427,148,427,149,426,150,425,151,425,152,424,153,423,154,423,154,422,155,421,156,420,156,419,156,418,156,417,156,416,156,415,156,414,156,413,155,412,155,411,154,410,154,409,153,408,152,407,151,406,150,406,149,406,148,406,147,405,146,405,145,405,144,405
386,412,385,413,384,413,383,414,382,414,381,415,380,416,380,417,379,418,379,419,378,420,378,421,378,422,378,423,378,424,378,425,378,426,379,427,379,428,379,429,380,430,380,431,381,432,382,433,383,434,384,435,385,435,386,436,387,436,388,436,389,436,390,436,391,436,392,436,393,436,394,435,395,435,396,434,397,433,397,432,398,431,398,430,398,429,398,428,398,427,398,426,398,425,398,424,398,423,398,422,398,421,397,420,397,419,396,418,395,417,395,416,394,416,393,415,392,414,391,414,390,413,389,413,388,413,387,412
276,416,275,417,274,418,273,419,272,420,272,421,271,422,271,423,270,424,270,425,269,426,269,427,269,428,269,429,270,430,270,431,271,432,272,433,273,434,274,434,275,434,276,434,277,434,278,435,279,435,280,435,281,435,282,435,283,435,284,435,285,435,286,435,287,434,288,434,289,433,290,432,291,431,291,430,292,429,292,428,292,427,292,426,291,425,291,424,290,423,289,422,289,421,288,420,287,419,286,418,285,418,284,417,283,417,282,416,281,416,280,416,279,416,278,416,277,416
410,419,409,420,408,420,407,420,406,421,405,422,404,422,403,423,403,424,403,425,402,426,403,427,403,428,403,429,403,430,403,431,404,432,404,433,405,434,406,435,407,436,408,436,409,437,410,437,411,438,412,438,413,437,414,437,415,436,416,435,417,434,418,433,419,432,419,431,419,430,419,429,419,428,419,427,419,426,418,425,418,424,418,423,417,422,416,421,415,421,414,420,413,419,412,419,411,419
129,421,128,422,127,422,126,422,125,422,124,423,123,423,122,424,121,425,121,426,120,427,119,428,119,429,119,430,119,431,119,432,120,433,120,434,120,435,121,436,122,437,122,438,123,439,124,440,124,441,125,441,126,442,127,442,128,442,129,442,130,442,131,442,132,442,133,441,134,441,135,440,136,439,137,438,137,437,138,436,138,435,138,434,139,433,139,432,138,431,138,430,138,429,137,428,137,427,137,426,136,425,135,424,134,423,133,422,132,422,131,421,130,421
197,422,196,423,195,423,194,423,193,423,192,423,191,423,190,423,189,423,188,423,187,423,186,423,185,423,184,423,183,424,182,424,181,425,180,425,179,426,178,426,177,427,176,428,175,428,174,429,173,430,173,431,172,432,172,433,171,434,171,435,171,436,170,437,170,438,169,439,169,440,169,441,169,442,168,443,168,444,168,445,167,446,167,447,167,448,167,449,166,450,166,451,166,452,167,453,167,454,168,455,168,456,169,457,169,458,170,459,170,460,171,460,172,460,173,460,174,460,175,460,176,460,177,460,178,459,179,459,180,458,181,458,182,457,183,457,184,456,185,455,185,454,186,453,186,452,187,451,187,450,188,449,189,448,189,447,190,446,191,445,191,444,192,443,193,442,194,441,194,440,195,439,196,438,197,437,197,436,198,435,199,434,200,433,201,432,202,432,203,431,204,430,205,430,206,430,207,429,206,428,206,427,206,426,206,425,205,424,204,424,203,423,202,423,201,423,200,423,199,423,198,422
436,422,435,423,434,423,433,423,432,423,431,423,430,424,429,425,428,426,428,427,428,428,428,429,428,430,428,431,428,432,428,433,428,434,428,435,429,436,429,437,429,438,430,439,431,440,431,441,432,441,433,442,434,442,435,443,436,443,437,443,438,444,439,444,440,444,441,444,442,444,443,444,444,444,445,444,446,443,447,443,448,443,449,442,450,442,450,441,451,440,452,439,452,438,452,437,453,436,452,435,452,434,452,433,452,432,452,431,451,430,450,429,450,428,449,427,448,426,447,425,446,425,445,424,444,424,443,423,442,423,441,423,440,422,439,422,438,422,437,422
361,424,360,425,359,426,358,426,357,427,357,428,356,429,356,430,356,431,355,432,355,433,355,434,355,435,355,436,355,437,355,438,355,439,356,440,356,441,357,442,358,443,358,444,359,445,360,446,361,447,362,448,363,448,364,449,365,450,366,450,367,451,368,451,369,451,370,451,371,451,372,451,373,450,374,449,375,448,376,448,377,447,378,446,378,445,379,444,379,443,379,442,379,441,379,440,379,439,379,438,379,437,379,436,379,435,378,434,378,433,377,432,377,431,376,430,375,429,374,428,373,427,372,427,371,426,370,426,369,425,368,425,367,424,366,424,365,424,364,424,363,424,362,424
207,430,206,431,205,431,204,431,203,432,202,433,201,433,200,434,199,435,198,436,198,437,197,438,196,439,195,440,195,441,194,442,193,443,192,444,192,445,191,446,190,447,190,448,189,449,188,450,188,451,187,452,187,453,186,454,186,455,185,456,186,456,187,456,188,456,189,456,190,456,191,456,192,455,193,455,194,455,195,455,196,455,197,454,198,454,199,454,200,454,201,453,202,453,203,453,204,453,205,453,206,453,207,452,208,452,209,452,210,452,211,452,212,452,213,452,214,452,215,451,215,450,216,449,216,448,217,447,218,446,219,445,219,444,219,443,219,442,219,441,219,440,219,439,219,438,219,437,219,436,218,435,218,434,217,433,216,432,215,432,214,431,213,431,212,431,211,431,210,431,209,431,208,431
297,435,296,436,295,436,294,436,293,437,292,437,291,438,291,439,290,440,290,441,290,442,290,443,290,444,290,445,289,446,289,447,289,448,289,449,289,450,289,451,289,452,289,453,289,454,289,455,289,456,289,457,290,458,290,459,290,460,291,461,291,462,292,462,293,463,294,464,295,465,296,465,297,465,298,466,299,466,300,465,301,464,302,464,303,463,304,463,305,462,306,462,307,462,308,461,308,460,308,459,308,458,308,457,309,456,309,455,308,454,308,453,309,452,309,451,308,450,308,449,308,448,308,447,308,446,308,445,307,444,307,443,306,442,306,441,305,440,305,439,304,438,303,438,302,437,301,436,300,436,299,436,298,435
110,437,109,438,108,438,107,438,106,439,105,439,104,440,103,441,102,442,102,443,101,444,100,445,100,446,100,447,100,448,100,449,100,450,100,451,100,452,100,453,100,454,101,455,102,456,103,457,104,458,104,459,105,459,106,460,107,460,108,461,109,462,110,462,111,462,112,462,113,462,114,462,115,462,116,461,117,461,118,460,119,460,120,459,121,458,122,458,122,457,123,456,123,455,124,454,125,453,125,452,125,451,125,450,125,449,125,448,125,447,125,446,125,445,124,444,123,443,122,442,121,441,120,441,119,440,118,440,117,439,116,439,115,438,114,438,113,438,112,438,111,437
471,438,470,439,469,439,468,440,467,441,467,442,466,443,465,444,465,445,465,446,465,447,464,448,464,449,465,450,465,451,465,452,466,453,467,454,468,455,469,456,470,456,471,457,472,457,473,457,474,457,475,457,476,456,477,456,477,455,478,454,479,453,479,452,480,451,480,450,480,449,480,448,480,447,479,446,479,445,479,444,478,443,478,442,477,441,476,440,475,440,474,439,473,439,472,438
346,442,345,443,344,443,343,443,342,444,341,445,340,445,339,446,338,447,338,448,337,449,337,450,336,451,336,452,336,453,336,454,336,455,336,456,337,457,337,458,338,459,338,460,339,461,340,461,341,461,342,462,343,462,344,462,345,463,346,463,347,463,348,463,349,463,350,463,351,463,352,463,353,462,354,462,355,461,356,461,356,460,357,459,357,458,358,457,358,456,358,455,358,454,358,453,358,452,358,451,358,450,357,449,357,448,356,447,355,446,354,445,353,444,352,444,351,443,350,443,349,443,348,443,347,442
236,443,235,444,234,444,233,444,232,445,231,445,230,446,229,446,228,447,227,447,226,448,225,449,224,450,223,450,222,451,221,451,221,452,220,453,220,454,220,455,219,456,218,455,219,456,219,457,220,458,220,459,220,460,220,461,220,462,220,463,220,464,221,465,222,466,222,467,223,468,224,469,225,470,226,471,227,472,228,473,229,474,230,475,231,476,232,477,232,478,233,479,234,480,235,481,235,482,236,483,237,484,238,485,239,486,240,487,241,487,242,487,243,487,244,487,245,487,246,487,247,488,248,488,249,488,250,488,251,487,252,486,252,485,253,484,254,483,254,482,255,481,255,480,256,479,257,478,257,477,258,476,257,475,257,474,256,473,256,472,256,471,256,470,256,469,256,468,256,467,256,466,257,465,257,464,258,463,258,462,259,461,259,460,259,459,260,458,260,457,260,456,260,455,260,454,260,453,260,452,259,451,259,450,258,449,257,448,256,448,255,447,254,446,253,446,252,445,251,445,250,445,249,444,248,444,247,444,246,443,245,443,244,443,243,443,242,443,241,443,240,443,239,444,238,444,237,444
394,448,393,449,392,449,391,449,390,449,389,450,388,450,387,451,386,452,385,453,384,454,384,455,384,456,383,457,383,458,383,459,383,460,383,461,383,462,383,463,383,464,383,465,383,466,383,467,383,468,383,469,383,470,384,471,384,472,384,473,384,474,384,475,385,476,385,477,386,478,386,479,387,480,388,481,388,482,388,483,389,484,390,485,391,486,392,486,393,487,394,487,395,488,396,488,397,488,398,488,399,488,400,489,401,489,402,489,403,489,404,489,405,489,406,489,407,489,408,488,409,488,410,488,411,487,412,488,413,488,414,487,415,486,416,485,417,484,418,483,419,482,420,481,420,480,421,479,422,478,422,477,422,476,422,475,422,474,422,473,422,472,421,471,421,470,421,469,420,468,420,467,419,466,419,465,419,464,418,463,418,462,417,461,416,460,415,459,415,458,414,457,413,456,412,455,411,455,410,454,409,453,408,452,407,452,406,451,405,451,404,450,403,450,402,449,401,449,400,449,399,449,398,449,397,449,396,449,395,448
207,453,206,454,205,454,204,454,203,454,202,454,201,454,200,455,199,455,198,455,197,455,196,456,195,456,194,456,193,456,192,456,191,457,190,457,189,457,188,457,187,457,186,457,185,457,184,457,183,458,182,458,181,459,180,459,179,460,178,460,177,461,176,461,175,461,174,461,173,461,172,461,171,461,171,462,170,463,170,464,170,465,170,466,170,467,171,468,172,469,173,470,174,471,175,471,176,472,177,472,178,473,179,473,180,473,181,474,182,475,183,476,184,476,185,477,186,477,187,478,188,478,189,478,190,479,191,479,192,479,193,479,194,479,195,479,196,479,197,479,198,479,199,478,200,478,201,477,202,477,203,476,204,475,205,475,206,474,207,473,208,472,209,471,210,470,210,469,211,468,211,467,212,466,213,465,214,464,215,463,216,462,216,461,216,460,216,459,216,458,216,457,216,456,216,455,215,454,215,453,214,453,213,453,212,453,211,453,210,453,209,453,208,453
95,459,94,460,93,460,92,460,91,460,90,461,89,462,89,463,88,464,88,465,88,466,87,467,87,468,88,469,88,470,88,471,89,472,90,473,90,474,91,474,92,475,93,475,94,476,95,477,96,477,97,478,98,479,99,479,100,479,101,480,102,480,103,480,104,480,105,479,106,479,107,478,107,477,108,476,108,475,108,474,108,473,108,472,108,471,108,470,108,469,108,468,107,467,107,466,106,465,105,464,104,463,104,462,103,462,102,461,101,460,100,460,99,460,98,459,97,459,96,459
308,462,307,463,306,463,305,463,304,464,303,464,302,465,301,465,300,466,299,467,298,467,299,468,299,469,299,470,299,471,299,472,299,473,300,474,300,475,300,476,300,477,300,478,301,479,301,480,301,481,301,482,302,483,301,484,302,485,302,486,302,487,302,488,302,489,302,490,302,491,302,492,302,493,302,494,302,495,302,496,302,497,302,498,302,499,302,500,302,501,302,502,302,503,302,504,302,505,303,506,303,507,303,508,303,509,303,510,304,511,305,511,306,511,307,511,308,511,309,511,310,511,311,511,312,511,313,511,314,511,315,511,316,510,317,510,318,510,319,509,320,508,320,507,320,506,320,505,320,504,320,503,320,502,320,501,320,500,319,499,319,498,319,497,318,496,318,495,318,494,318,493,318,492,319,491,319,490,319,489,319,488,320,487,320,486,319,485,319,484,319,483,319,482,319,481,319,480,319,479,319,478,318,477,319,476,319,475,318,474,318,473,318,472,317,471,317,470,316,469,316,468,315,468,314,467,313,466,312,465,311,464,310,464,309,463,309,462
441,465,440,466,439,466,438,466,437,467,436,467,435,468,434,468,433,469,432,470,431,471,430,472,429,473,428,473,427,474,426,475,425,476,424,477,424,478,423,479,422,479,421,480,421,481,420,482,419,483,418,484,417,485,416,486,415,487,414,488,413,489,414,490,414,491,413,492,413,493,413,494,413,495,413,496,413,497,413,498,414,499,414,500,414,501,415,502,416,503,416,504,417,505,418,506,418,507,419,507,420,507,421,508,422,509,423,509,424,509,425,509,426,510,427,510,428,510,429,510,430,509,431,509,432,510,433,510,434,510,435,510,436,509,437,509,438,508,439,508,440,508,441,508,442,507,443,507,444,507,445,507,446,506,447,505,448,505,449,504,450,504,450,503,451,502,452,502,453,501,454,500,455,499,456,498,457,497,458,496,459,495,460,494,461,493,461,492,462,491,462,490,463,489,463,488,463,487,463,486,464,485,464,484,463,483,463,482,463,481,463,480,463,479,462,478,462,477,462,476,461,475,461,474,460,473,460,472,459,471,459,470,458,469,457,469,456,468,455,467,454,467,453,466,452,466,451,465,450,465,449,465,448,465,447,465,446,465,445,465,444,465,443,465,442,465
338,466,337,467,336,468,335,469,334,470,333,470,333,471,332,472,332,473,332,474,331,475,331,476,331,477,331,478,331,479,332,480,332,481,332,482,332,483,333,484,333,485,334,486,335,487,336,488,337,488,338,489,339,489,340,490,341,490,342,490,343,491,344,490,345,490,346,490,347,490,348,490,349,490,350,489,351,488,352,487,353,487,353,486,354,485,354,484,355,483,355,482,356,481,356,480,356,479,356,478,356,477,356,476,356,475,355,474,354,473,354,472,353,472,352,471,351,470,350,470,349,469,348,469,347,469,346,468,345,468,344,468,343,467,342,467,341,466,340,466,339,466
489,466,488,467,487,467,486,468,485,468,485,469,485,470,484,471,484,472,484,473,484,474,483,475,484,476,484,477,484,478,484,479,485,480,486,481,486,482,487,483,488,484,489,485,490,486,491,486,492,487,493,487,494,487,495,488,496,488,497,488,498,488,499,488,500,487,501,487,502,487,503,486,504,485,505,484,506,483,506,482,506,481,507,480,507,479,506,478,506,477,506,476,506,475,505,474,505,473,504,472,503,471,502,470,501,469,500,468,499,468,498,467,497,467,496,467,495,466,494,466,493,466,492,466,491,466,490,466
85,475,84,476,83,476,82,476,81,477,80,478,79,479,78,480,78,481,77,482,77,483,77,484,77,485,77,486,77,487,78,488,78,489,79,489,80,490,80,491,81,492,82,493,83,493,84,493,85,494,86,494,87,494,88,494,89,495,90,495,91,495,92,495,93,494,94,494,95,494,96,493,97,493,98,492,99,491,100,490,100,489,100,488,100,487,100,486,101,485,100,484,100,483,99,482,99,481,99,480,98,480,97,479,96,478,95,478,94,477,93,476,92,476,91,475,90,475,89,475,88,475,87,475,86,475
258,477,258,478,257,479,256,480,256,481,255,482,255,483,254,484,253,485,253,486,252,487,251,488,252,489,252,490,252,491,252,492,252,493,252,494,252,495,253,496,253,497,254,498,254,499,255,500,256,501,257,501,258,502,259,503,260,503,261,504,262,504,263,505,264,505,265,505,266,505,267,505,268,505,269,505,270,505,271,504,272,504,273,504,274,504,275,503,276,503,277,503,278,503,279,502,280,502,281,502,282,501,283,501,284,500,285,499,286,499,286,498,286,497,286,496,287,495,288,495,287,494,287,493,287,492,287,491,287,490,287,489,287,488,286,487,286,486,285,485,285,484,285,483,284,482,283,482,282,481,281,480,281,479,280,479,279,479,278,479,277,479,276,479,275,479,274,479,273,478,272,478,271,477,270,477,269,477,268,477,267,477,266,477,265,477,264,477,263,477,262,477,261,477,260,477,259,477
145,480,144,481,143,481,142,481,141,481,140,482,139,482,138,483,137,483,137,484,137,485,138,486,138,487,138,488,138,489,138,490,138,491,138,492,138,493,138,494,138,495,138,496,138,497,138,498,137,499,136,500,137,500,138,500,139,501,140,501,141,502,142,503,143,503,144,504,144,505,145,506,146,507,147,508,147,509,147,510,147,511,148,511,149,511,150,511,151,511,152,511,153,511,154,511,155,511,156,510,157,510,158,510,159,510,160,510,161,510,162,510,163,510,164,510,165,509,166,508,167,508,167,507,167,506,168,505,169,504,169,503,169,502,169,501,169,500,169,499,169,498,169,497,169,496,168,496,167,495,167,494,167,493,167,492,166,491,166,490,165,489,164,488,163,487,162,486,161,485,160,484,159,484,158,483,157,482,156,482,155,481,154,481,153,481,152,480,151,480,150,480,149,480,148,480,147,480,146,481
131,483,130,484,129,484,128,484,127,484,126,485,125,485,124,486,123,487,122,487,121,488,120,489,119,490,118,491,117,492,117,493,116,494,116,495,116,496,116,497,115,498,115,499,115,500,115,501,115,502,115,503,116,504,116,505,117,506,118,507,119,507,120,507,121,507,122,508,123,508,124,508,125,507,126,506,127,506,128,505,129,504,130,504,131,503,132,502,133,502,134,501,135,500,136,499,137,498,137,497,137,496,137,495,137,494,137,493,137,492,137,491,137,490,137,489,137,488,137,487,137,486,136,485,136,484,136,483,135,483,134,484,133,483,132,483
331,493,330,494,329,494,328,494,327,495,326,495,325,496,324,496,323,497,322,498,321,499,321,500,321,501,321,502,321,503,321,504,321,505,321,506,321,507,321,508,322,509,323,510,324,510,325,510,326,510,327,510,328,510,329,511,330,511,331,511,332,511,333,511,334,511,335,511,336,511,337,511,338,511,339,511,340,511,341,511,342,511,343,511,344,511,345,511,346,510,347,510,348,510,349,510,349,509,350,508,350,507,350,506,350,505,349,504,349,503,349,502,348,501,348,500,348,499,347,498,346,497,345,496,344,496,343,495,342,495,341,494,340,494,339,494,338,494,337,494,336,493,335,493,334,493,333,493,332,493
79,494,78,495,77,495,76,495,75,496,74,496,73,496,72,497,71,497,70,498,69,499,69,500,69,501,69,502,69,503,69,504,69,505,69,506,69,507,70,508,70,509,71,510,72,510,73,510,74,510,75,510,76,511,77,511,78,511,79,511,80,511,81,511,82,511,83,511,84,511,85,511,86,511,87,511,88,511,89,511,90,511,91,511,92,511,93,510,94,510,94,509,95,508,95,507,95,506,95,505,95,504,96,503,95,502,95,501,94,500,93,499,92,498,92,497,91,496,90,496,89,496,88,495,87,495,86,495,85,495,84,494,83,494,82,494,81,494,80,494
460,503,459,504,458,504,457,504,456,505,455,505,454,506,453,506,452,506,451,507,450,507,450,508,449,509,448,509,448,510,449,511,450,511,451,511,452,511,453,511,454,511,455,511,456,511,457,511,458,511,459,511,460,511,461,511,462,511,463,511,464,511,465,511,466,511,467,511,468,511,469,511,470,511,471,511,472,511,473,511,474,511,475,511,476,510,475,509,475,508,474,507,473,506,472,505,471,505,470,504,469,504,468,503,467,503,466,503,465,503,464,503,463,503,462,503,461,503
