42,40,41,41,40,41,39,42,38,43,37,44,37,45,36,46,36,47,36,48,36,49,37,50,38,51,39,52,40,52,41,52,42,52,43,52,44,51,45,51,46,51,47,51,48,50,49,49,50,48,50,47,50,46,50,45,50,44,49,43,48,42,47,41,46,41,45,41,44,40,43,40
128,45,127,46,126,46,125,47,124,47,123,48,122,49,122,50,121,51,121,52,120,53,120,54,119,55,119,56,119,57,119,58,119,59,119,60,120,61,121,62,122,63,123,63,124,63,125,64,126,64,127,64,128,64,129,64,130,64,131,63,132,63,133,63,134,63,135,62,136,61,137,61,138,60,139,59,139,58,139,57,140,56,140,55,140,54,140,53,140,52,140,51,140,50,139,49,138,48,137,47,136,47,135,46,134,46,133,46,132,46,131,45,130,45,129,45
13,48,12,49,11,49,10,50,10,51,9,52,9,53,9,54,9,55,10,56,10,57,10,58,11,58,12,58,13,58,14,58,15,58,16,58,17,57,18,57,19,56,20,55,21,54,21,53,21,52,21,51,21,50,20,49,19,48,18,48,17,48,16,48,15,48,14,48
43,69,42,70,41,71,40,72,40,73,39,74,39,75,39,76,40,77,40,78,41,79,42,80,43,81,44,81,45,82,46,81,46,80,47,79,48,78,49,77,49,76,50,75,51,74,51,73,52,72,51,71,50,71,49,70,48,69,47,69,46,69,45,69,44,69
62,71,61,72,60,72,59,72,58,72,57,73,56,73,55,73,54,73,53,73,52,73,52,74,51,75,50,76,50,77,49,78,48,79,47,80,47,81,46,82,46,83,47,84,47,85,48,86,48,87,48,88,49,89,50,90,51,91,52,91,53,91,54,91,55,91,56,91,57,90,58,90,59,89,60,88,61,87,62,86,63,85,64,84,65,83,66,82,67,82,68,81,69,81,70,80,71,79,71,78,72,77,72,76,72,75,72,74,71,73,70,72,69,72,68,72,67,72,66,71,65,71,64,72,63,71
71,80,70,81,69,82,69,83,68,84,68,85,67,86,67,87,67,88,67,89,67,90,67,91,67,92,67,93,67,94,67,95,68,96,69,97,69,98,70,99,71,99,72,99,73,99,74,99,75,99,76,99,77,98,78,97,79,96,80,95,81,94,82,93,83,93,82,92,83,91,83,90,83,89,83,88,83,87,83,86,83,85,82,84,82,83,81,82,80,81,79,81,78,81,77,80,76,80,75,80,74,80,73,80,72,81
107,90,106,91,105,91,104,91,103,91,102,92,101,92,100,92,99,93,98,93,97,93,96,94,95,94,95,95,95,96,95,97,94,98,94,99,94,100,94,101,94,102,94,103,93,104,93,105,93,106,92,107,92,108,91,109,90,110,90,111,89,112,88,113,87,114,86,114,85,115,84,116,83,116,83,117,83,118,83,119,83,120,83,121,83,122,83,123,83,124,84,125,84,126,85,127,86,128,87,129,88,130,89,130,90,131,91,131,92,131,93,132,94,132,95,132,96,132,97,132,98,132,99,132,100,132,101,131,102,131,103,131,104,131,105,130,106,131,107,131,107,130,108,129,109,129,110,129,111,128,112,127,113,126,114,125,115,124,115,123,116,122,116,121,117,120,118,119,118,118,119,117,120,116,121,115,122,114,123,113,124,112,124,111,125,110,125,109,125,108,126,107,126,106,126,105,125,104,125,103,125,102,124,101,124,100,123,99,123,98,123,97,122,96,121,95,120,94,119,93,118,93,117,92,116,92,115,91,114,91,113,91,112,91,111,91,110,91,109,90,108,91
84,93,83,94,82,94,81,95,80,96,79,97,78,98,77,99,76,100,76,101,76,102,76,103,75,104,75,105,75,106,75,107,75,108,76,109,76,110,77,111,78,112,79,113,80,113,81,114,82,115,83,115,84,115,85,114,86,113,87,113,88,112,89,111,89,110,90,109,91,108,91,107,92,106,92,105,92,104,93,103,93,102,93,101,93,100,93,99,93,98,94,97,94,96,94,95,94,94,93,93,92,93,91,93,90,93,89,94,88,94,87,94,86,94,85,94
139,101,138,102,137,102,136,103,135,103,134,104,133,104,132,105,131,106,130,107,129,108,129,109,128,110,128,111,128,112,128,113,128,114,128,115,128,116,129,117,129,118,130,119,130,120,131,121,132,122,133,123,134,124,135,124,136,125,137,125,138,126,139,126,140,126,141,126,142,126,143,127,144,127,145,127,146,127,147,127,148,127,149,127,150,127,151,126,152,126,153,125,154,125,155,125,156,124,157,123,158,122,159,121,159,120,160,119,160,118,160,117,160,116,160,115,160,114,160,113,160,112,159,111,159,110,158,109,157,108,157,107,156,106,155,106,154,105,153,104,152,103,151,103,150,102,149,102,148,102,147,102,146,101,145,101,144,101,143,101,142,101,141,101,140,101
215,114,214,115,213,115,212,115,211,116,210,117,209,117,208,118,208,119,208,120,208,121,208,122,208,123,209,124,209,125,210,126,210,127,210,128,211,129,211,130,212,130,213,131,213,132,214,133,215,134,215,135,216,135,217,136,218,137,219,138,220,138,221,138,222,137,223,137,224,137,225,137,226,137,227,137,228,137,229,137,229,136,230,135,230,134,231,133,231,132,232,131,232,130,232,129,232,128,231,127,231,126,231,125,230,124,229,123,229,122,228,121,227,120,226,119,225,119,224,118,223,117,222,117,221,116,220,116,219,115,218,115,217,115,216,114
63,117,62,118,61,118,60,119,59,119,59,120,58,121,58,122,57,123,57,124,58,125,58,126,59,127,60,128,61,129,62,129,63,129,64,129,65,129,66,129,67,128,68,128,69,127,70,126,70,125,70,124,70,123,70,122,70,121,69,120,68,119,67,118,66,118,65,117,64,117
189,117,188,118,187,118,186,119,185,119,184,120,183,121,183,122,182,123,182,124,181,125,181,126,181,127,180,128,180,129,180,130,180,131,180,132,180,133,180,134,181,135,181,136,181,137,182,138,182,139,183,140,183,141,184,142,185,143,186,144,187,145,188,146,189,147,190,147,191,147,192,147,193,148,194,148,195,148,196,149,197,149,198,149,199,149,200,148,201,148,202,148,203,147,204,146,205,146,206,145,207,144,208,143,208,142,209,141,210,140,210,139,211,138,211,137,211,136,211,135,211,134,211,133,210,132,211,131,210,130,210,129,209,128,209,127,209,126,208,125,207,125,206,124,205,123,204,122,203,121,202,120,201,120,200,120,199,119,198,119,197,119,196,118,195,118,194,118,193,118,192,118,191,118,190,118
113,130,112,131,111,131,110,132,109,132,108,132,107,132,106,133,105,133,104,134,103,135,102,136,101,137,101,138,100,139,100,140,100,141,99,142,99,143,98,144,98,145,98,146,97,147,97,148,97,149,97,150,97,151,97,152,97,153,97,154,97,155,98,156,98,157,99,158,99,159,100,160,101,161,102,162,103,163,104,164,105,165,106,166,107,166,108,167,109,167,110,167,111,167,112,167,113,167,114,167,115,167,116,167,117,167,118,166,119,166,120,165,121,165,122,164,123,163,124,162,125,161,126,160,127,159,127,158,128,157,129,156,129,155,129,154,129,153,129,152,130,151,130,150,130,149,129,148,129,147,129,146,129,145,129,144,129,143,129,142,128,141,128,140,128,139,127,138,127,137,126,136,126,135,125,134,124,133,123,132,122,132,121,131,120,131,119,131,118,130,117,130,116,130,115,130,114,130
222,138,221,139,220,139,219,140,218,141,217,142,216,143,215,144,214,144,213,145,212,146,211,147,210,148,209,149,208,150,208,151,207,152,207,153,207,154,206,155,205,156,205,157,205,158,206,159,206,160,206,161,207,162,207,163,207,164,208,164,209,165,209,166,210,166,211,167,212,167,213,167,214,167,215,167,216,167,217,168,218,168,219,167,220,166,221,166,222,165,223,164,224,163,225,162,225,161,225,160,226,159,227,158,227,157,228,156,229,155,230,154,230,153,231,152,232,152,232,151,233,150,232,149,232,148,233,147,233,146,233,145,233,144,233,143,232,142,232,141,231,140,231,139,230,138,229,138,228,138,227,138,226,138,225,138,224,138,223,138
180,146,179,147,178,147,177,147,176,148,175,148,174,149,174,150,173,151,172,152,172,153,171,154,171,155,171,156,171,157,170,158,170,159,170,160,170,161,170,162,171,163,171,164,171,165,172,166,173,167,174,168,174,169,175,170,176,171,176,172,177,172,178,172,179,172,180,172,181,171,182,171,183,171,184,170,185,170,185,169,186,168,187,167,187,166,188,165,188,164,189,163,189,162,190,161,190,160,190,159,191,158,191,157,192,156,192,155,193,154,193,153,192,152,191,151,190,150,190,149,189,148,188,147,187,147,186,146,185,146,184,146,183,146,182,146,181,146
241,146,240,147,239,147,238,147,237,147,236,148,235,149,234,150,233,151,233,152,232,153,233,154,233,155,233,156,233,157,233,158,233,159,233,160,234,161,234,162,234,163,234,164,235,164,236,165,237,165,238,165,239,165,240,165,241,165,242,166,243,166,244,166,245,166,246,166,247,165,248,165,249,165,250,165,251,164,252,164,253,164,254,163,254,162,254,161,254,160,254,159,254,158,254,157,254,156,254,155,254,154,253,153,253,152,252,151,252,150,251,150,250,149,249,148,248,148,247,147,246,146,245,146,244,146,243,146,242,146
194,154,193,155,193,156,192,157,192,158,191,159,191,160,191,161,190,162,190,163,189,164,189,165,188,166,188,167,187,168,186,169,186,170,185,171,184,171,185,171,186,171,187,172,188,172,189,172,190,172,191,173,192,173,193,173,194,173,195,173,196,173,197,173,198,173,199,173,200,173,201,173,202,173,202,172,203,171,204,170,205,169,204,168,204,167,205,166,206,165,206,164,206,163,206,162,205,161,205,160,205,159,204,158,204,157,203,157,202,156,201,156,200,155,199,155,198,154,197,154,196,154,195,154
261,154,260,155,259,155,258,156,257,156,256,157,255,158,255,159,255,160,255,161,255,162,255,163,255,164,255,165,255,166,255,167,255,168,256,169,256,170,256,171,256,172,256,173,256,174,256,175,256,176,256,177,256,178,256,179,256,180,256,181,257,182,257,183,257,184,257,185,258,186,258,187,258,188,258,189,258,190,258,191,258,192,259,192,260,192,261,192,262,191,263,190,264,190,265,189,266,188,267,187,268,187,269,186,270,185,271,184,272,183,272,182,272,181,273,180,273,179,273,178,273,177,273,176,273,175,273,174,273,173,273,172,273,171,272,170,272,169,272,168,272,167,272,166,271,165,271,164,271,163,270,162,270,161,270,160,270,159,269,158,268,157,268,156,267,156,266,155,265,154,264,154,263,154,262,154
141,160,140,161,139,161,138,162,137,162,136,163,135,164,134,165,133,165,132,166,131,167,130,168,129,169,128,170,128,171,127,172,126,173,126,174,125,175,125,176,125,177,125,178,125,179,126,180,126,181,126,182,127,183,127,184,128,185,128,186,129,187,129,188,130,188,131,189,132,189,133,190,134,190,135,190,136,190,137,191,138,191,139,191,140,191,141,191,142,191,143,191,144,191,145,191,146,192,147,192,148,192,149,193,150,192,151,192,152,192,153,191,154,191,154,190,155,189,155,188,155,187,155,186,155,185,155,184,156,183,157,183,158,182,158,181,158,180,158,179,158,178,158,177,158,176,159,175,159,174,159,173,159,172,159,171,159,170,159,169,159,168,158,167,158,166,157,165,156,164,155,163,154,162,153,161,152,161,151,161,150,161,149,160,148,160,147,160,146,160,145,160,144,160,143,160,142,160
209,167,208,168,207,169,206,170,205,170,204,171,203,172,203,173,203,174,203,175,202,176,202,177,202,178,202,179,201,180,201,181,201,182,201,183,201,184,200,185,200,186,201,187,201,188,202,188,203,189,204,190,205,191,206,191,207,192,208,192,209,192,210,192,211,192,212,192,213,192,214,191,215,191,216,190,217,190,217,189,218,188,219,187,220,186,220,185,221,184,222,183,222,182,223,181,223,180,223,179,223,178,223,177,223,176,222,175,222,174,221,173,221,172,220,171,220,170,219,169,218,169,217,169,216,168,215,168,214,168,213,168,212,168,211,168,210,167
167,170,166,171,165,171,164,172,163,173,162,174,162,175,162,176,161,177,161,178,161,179,160,180,159,180,159,181,159,182,158,183,159,183,160,183,161,183,162,184,163,184,164,184,165,184,166,184,167,184,168,184,169,184,170,184,171,184,172,184,173,184,174,184,175,184,176,184,177,183,177,182,176,181,176,180,176,179,176,178,176,177,176,176,176,175,176,174,175,173,175,172,174,172,173,171,172,170,171,170,170,170,169,170,168,170
251,180,250,181,249,181,248,181,247,181,246,182,245,182,244,182,243,183,242,184,241,185,240,186,240,187,239,188,238,188,237,189,236,190,235,191,234,192,233,193,233,194,232,195,231,195,230,196,229,197,230,198,230,199,231,200,231,201,232,202,233,203,233,204,234,205,235,206,236,207,237,208,238,207,239,207,240,207,239,206,240,205,241,205,242,204,243,204,244,203,245,203,246,202,247,202,248,202,249,201,250,201,251,200,252,200,253,200,253,199,254,198,255,197,255,196,255,195,256,194,257,193,257,192,257,191,257,190,257,189,257,188,257,187,257,186,256,185,256,184,256,183,256,182,255,181,255,180,254,180,253,180,252,180
273,182,273,183,272,184,271,185,270,186,269,187,268,188,267,188,266,189,265,190,264,191,263,191,262,192,261,193,260,193,260,194,260,195,259,196,258,196,257,197,256,197,255,198,254,199,254,200,253,201,254,202,254,203,253,204,253,205,252,206,251,207,251,208,252,209,252,210,252,211,252,212,252,213,252,214,252,215,253,216,253,217,253,218,253,219,253,220,254,221,254,222,255,223,256,222,257,222,258,222,259,221,260,221,261,221,262,220,263,220,264,219,265,219,265,218,266,217,266,216,267,215,268,215,269,214,269,213,270,212,271,211,271,210,272,209,272,208,272,207,273,206,273,205,274,204,274,203,274,202,275,201,276,200,276,199,276,198,277,197,276,196,277,195,277,194,278,193,278,192,278,191,278,190,278,189,278,188,278,187,278,186,278,185,277,184,276,184,275,183,274,183
158,184,158,185,159,186,158,187,158,188,158,189,158,190,158,191,158,192,158,193,157,194,157,195,157,196,157,197,157,198,157,199,157,200,157,201,156,202,157,203,157,204,158,205,158,206,159,207,160,207,161,208,162,209,163,210,164,210,165,210,166,210,167,210,168,210,169,210,170,210,171,209,172,209,173,208,174,208,175,208,176,207,177,206,177,205,178,204,179,203,179,202,179,201,180,200,180,199,180,198,180,197,180,196,180,195,180,194,180,193,180,192,179,191,179,190,178,189,178,188,177,187,176,186,175,185,174,185,173,185,172,185,171,185,170,185,169,185,168,185,167,185,166,185,165,185,164,185,163,185,162,185,161,184,160,184,159,184
287,184,286,185,285,185,284,185,283,186,282,187,282,188,281,189,281,190,281,191,280,192,279,193,278,194,278,195,279,196,279,197,278,198,277,198,277,199,277,200,278,201,278,202,279,203,279,204,279,205,279,206,279,207,280,207,281,207,282,207,283,206,284,206,285,206,286,205,287,205,288,204,289,204,290,203,291,203,292,203,293,203,294,202,295,202,296,202,296,201,296,200,297,199,298,198,299,197,299,196,300,195,300,194,300,193,300,192,299,191,299,190,298,189,297,188,296,187,295,186,294,186,293,185,292,184,291,184,290,184,289,184,288,184
118,189,117,190,116,190,115,191,115,192,114,193,114,194,114,195,114,196,115,197,116,198,116,199,117,200,117,201,118,202,118,203,119,204,119,205,119,206,120,207,120,208,121,209,121,210,122,211,122,212,123,213,123,214,124,215,125,216,126,217,127,217,128,218,129,218,130,218,131,218,132,218,133,218,134,219,135,219,136,220,137,220,137,219,138,218,138,217,139,216,139,215,140,214,140,213,141,212,142,211,142,210,143,209,144,208,144,207,145,206,146,205,146,204,147,203,147,202,148,201,148,200,149,199,150,198,150,197,149,196,149,195,149,194,148,193,147,193,146,193,145,192,144,192,143,192,142,192,141,192,140,192,139,192,138,192,137,192,136,191,135,191,134,191,133,191,132,190,131,190,130,189,129,189,128,189,127,189,126,189,125,189,124,189,123,189,122,189,121,189,120,189,119,189
220,195,219,196,218,196,217,197,217,198,216,199,216,200,215,201,215,202,216,203,216,204,216,205,217,206,218,207,219,208,219,209,220,210,221,211,222,211,223,212,224,213,225,213,226,214,227,214,228,214,229,214,230,213,231,212,232,211,233,211,234,210,235,209,236,208,235,207,234,206,233,205,232,204,232,203,231,202,230,201,230,200,229,199,229,198,228,197,227,197,226,197,225,196,224,196,223,196,222,195,221,195
150,199,149,200,149,201,148,202,148,203,147,204,147,205,146,206,145,207,145,208,144,209,143,210,143,211,142,212,141,213,141,214,140,215,140,216,139,217,139,218,138,219,138,220,138,221,139,222,139,223,140,224,141,225,141,226,142,227,143,227,144,228,145,229,146,229,147,230,148,230,149,230,150,229,151,229,152,229,153,228,154,227,155,226,156,225,156,224,157,223,157,222,157,221,157,220,157,219,157,218,157,217,157,216,157,215,158,214,157,213,157,212,157,211,157,210,157,209,157,208,157,207,157,206,157,205,156,204,156,203,155,202,155,201,154,200,153,200,152,199,151,199
200,201,199,202,198,202,197,202,196,202,195,203,194,203,193,204,192,204,191,204,190,205,189,206,188,206,187,207,187,208,186,209,186,210,185,211,185,212,184,213,185,214,184,215,184,216,184,217,185,218,185,219,185,220,186,221,186,222,187,223,188,224,189,224,190,224,191,225,192,225,193,226,194,225,195,225,196,224,197,224,198,225,199,224,200,224,201,224,202,223,203,223,204,222,205,222,206,221,207,220,208,219,208,218,209,217,209,216,209,215,209,214,210,213,210,212,210,211,210,210,210,209,210,208,210,207,210,206,209,205,208,204,207,203,206,202,205,202,204,202,203,202,202,201,201,201
294,203,293,204,292,204,291,204,290,204,289,205,288,205,287,206,286,206,285,207,284,207,283,207,282,208,281,208,280,208,280,209,279,210,279,211,279,212,279,213,278,214,278,215,279,216,279,217,278,218,278,219,279,220,279,221,279,222,279,223,279,224,280,225,280,226,281,227,281,228,282,229,283,230,284,231,285,231,286,231,287,232,287,231,288,230,289,229,290,228,291,227,292,227,292,226,293,225,294,224,295,223,296,222,296,221,297,220,298,219,298,218,299,217,299,216,299,215,299,214,299,213,299,212,299,211,299,210,299,209,299,208,299,207,298,206,298,205,297,204,296,203,295,203
248,207,247,208,246,208,245,208,244,208,243,208,242,208,241,208,240,208,239,208,238,208,237,209,236,209,235,210,234,211,233,212,232,212,231,213,230,214,229,215,228,215,227,216,226,217,226,218,227,219,228,220,229,221,230,221,231,222,232,223,233,224,234,225,235,226,236,227,236,228,237,229,238,230,239,231,240,231,241,230,242,230,243,229,244,229,245,229,246,228,247,227,248,227,249,227,250,227,251,226,252,226,253,225,254,224,254,223,253,222,253,221,252,220,252,219,252,218,252,217,252,216,251,215,251,214,251,213,251,212,251,211,251,210,251,209,250,208,250,207,249,207
162,210,162,211,161,212,160,213,159,214,158,215,158,216,158,217,158,218,158,219,158,220,158,221,158,222,158,223,159,223,160,224,160,225,160,226,161,227,161,228,162,229,162,230,163,231,164,232,165,233,166,234,167,235,168,235,169,236,170,236,171,236,172,237,173,237,174,238,175,237,176,237,176,236,177,235,178,234,179,233,180,232,180,231,181,230,182,229,183,228,184,227,185,226,186,225,186,224,186,223,185,222,185,221,184,220,184,219,184,218,183,217,183,216,182,216,181,215,180,215,179,214,178,213,177,213,176,212,175,212,174,212,173,211,172,211,171,211,170,211,169,211,168,211,167,211,166,211,165,211,164,211,163,211
222,218,221,219,220,219,219,219,218,220,217,220,216,221,215,221,214,222,214,223,213,224,213,225,212,226,212,227,212,228,212,229,212,230,211,231,212,232,212,233,213,234,214,235,215,236,216,237,216,238,217,239,218,240,219,241,220,242,220,243,221,244,222,245,222,246,223,246,224,245,225,245,226,245,227,244,228,244,229,244,230,243,231,242,232,241,233,240,234,240,234,239,235,238,236,237,236,236,237,235,237,234,238,233,239,232,238,231,237,230,236,229,235,228,235,227,234,226,233,225,232,224,231,223,230,222,229,222,228,221,227,220,226,219,225,218,224,218,223,219
187,224,187,225,186,226,185,227,184,228,183,229,182,230,181,231,181,232,180,233,179,234,178,235,177,236,177,237,176,238,175,238,175,239,175,240,175,241,175,242,175,243,176,243,177,243,178,244,179,244,180,244,181,244,182,243,183,243,184,243,185,243,186,242,187,241,188,240,189,239,190,238,191,237,192,236,193,235,194,234,195,233,195,232,195,231,195,230,194,229,193,228,193,227,192,227,191,226,190,225,189,225,188,225
199,232,198,233,197,234,196,234,195,234,194,235,193,236,192,237,191,238,190,239,189,240,188,241,187,242,186,243,185,244,185,245,185,246,184,247,185,248,185,249,185,250,186,251,186,252,186,253,187,254,187,255,187,256,188,257,188,258,189,259,189,260,189,261,189,262,190,263,191,263,192,263,193,264,193,265,194,265,195,265,196,265,197,265,198,265,199,265,200,265,201,265,202,265,203,265,204,264,205,264,206,263,207,263,208,262,209,261,210,261,211,260,211,259,212,258,213,257,214,256,215,255,215,254,216,253,217,252,218,251,219,250,220,249,220,248,221,247,221,246,221,245,220,244,219,243,219,242,218,241,217,240,216,239,215,238,215,237,214,236,213,235,212,234,211,233,211,232,210,232,209,232,208,232,207,232,206,232,205,232,204,232,203,232,202,232,201,232,200,232
335,232,334,233,333,233,332,233,331,233,330,234,329,235,328,235,327,236,326,237,325,238,324,239,323,240,323,241,323,242,322,243,322,244,322,245,322,246,323,247,323,248,323,249,323,250,324,251,324,252,325,253,326,253,327,254,328,254,329,254,330,254,331,254,332,254,333,254,334,253,335,252,336,252,337,251,337,250,338,249,339,249,339,248,340,247,340,246,341,245,342,245,342,244,342,243,342,242,343,241,343,240,343,239,343,238,342,237,341,236,341,235,341,234,340,234,339,234,338,233,337,233,336,233
88,236,87,237,86,237,85,238,84,239,84,240,84,241,83,242,84,243,84,244,85,245,86,246,87,247,88,247,89,247,90,247,91,246,92,246,93,245,93,244,94,243,94,242,95,241,95,240,95,239,95,238,94,237,93,236,92,236,91,236,90,236,89,236
173,244,172,245,171,246,170,247,169,247,169,248,168,249,167,250,167,251,166,252,166,253,166,254,166,255,166,256,167,257,167,258,167,259,168,260,168,261,169,262,170,262,171,263,172,264,173,265,174,265,175,266,176,266,177,267,178,267,179,267,180,267,181,267,182,266,183,266,184,265,185,265,186,264,187,264,187,263,188,262,188,261,188,260,188,259,187,258,187,257,186,256,186,255,186,254,185,253,185,252,185,251,184,250,184,249,184,248,183,247,182,246,182,245,181,245,180,245,179,245,178,245,177,244,176,244,175,244,174,244
231,247,230,248,229,248,228,249,228,250,227,251,227,252,227,253,227,254,227,255,227,256,226,257,226,258,226,259,226,260,225,261,225,262,225,263,225,264,224,265,224,266,224,267,224,268,224,269,223,270,223,271,223,272,223,273,224,274,223,275,224,276,224,277,224,278,224,279,225,279,226,279,227,279,228,279,229,279,230,279,231,279,232,279,233,279,234,279,235,279,236,279,237,279,238,279,239,279,240,279,240,278,240,277,241,276,242,275,242,274,243,273,244,272,245,271,246,271,246,270,247,269,247,268,248,267,249,266,249,265,250,264,251,263,251,262,251,261,251,260,251,259,250,258,250,257,249,256,249,255,248,254,247,253,247,252,246,251,245,250,244,249,243,248,243,247,242,247,241,247,240,247,239,247,238,247,237,247,236,247,235,247,234,247,233,247,232,247
275,252,274,253,273,254,272,254,271,255,270,255,269,256,268,257,267,257,266,258,265,258,264,259,263,259,262,259,261,260,260,260,259,260,258,261,257,261,256,261,255,261,254,262,253,262,252,263,251,264,250,265,250,266,249,267,248,268,248,269,247,270,247,271,247,272,248,273,248,274,248,275,248,276,249,277,250,278,250,279,251,280,251,281,251,282,252,283,253,284,253,285,254,286,255,287,256,288,256,289,257,290,258,291,259,292,260,293,261,294,262,295,263,296,264,297,264,298,265,299,265,300,266,301,267,301,268,301,269,301,270,301,271,301,272,301,273,300,274,299,275,299,276,298,277,297,278,296,279,295,280,294,281,293,281,292,282,291,282,290,283,289,283,288,283,287,284,286,284,285,284,284,285,283,285,282,285,281,285,280,285,279,285,278,285,277,285,276,285,275,285,274,285,273,284,272,284,271,284,270,284,269,284,268,283,267,283,266,283,265,282,264,282,263,283,262,282,262,281,261,281,260,281,259,281,258,280,257,279,257,278,256,278,255,277,254,277,253,276,253
335,256,334,257,333,258,332,259,331,260,330,261,329,261,328,262,327,263,326,264,325,265,325,266,324,267,323,268,323,269,322,270,321,271,321,272,320,273,321,274,321,275,321,276,321,277,322,278,322,279,323,280,324,280,325,281,326,282,327,282,328,283,329,283,330,284,331,285,332,285,333,285,334,286,335,286,336,286,336,285,337,284,338,283,339,282,340,281,340,280,341,279,342,278,343,277,344,276,345,275,345,274,346,273,347,272,348,271,349,270,350,269,351,268,351,267,351,266,351,265,351,264,351,263,350,262,349,261,348,260,347,259,346,258,345,258,344,257,343,257,342,257,341,256,340,256,339,256,338,256,337,256,336,256
308,260,307,261,306,261,305,261,304,262,303,263,302,264,301,265,300,266,299,267,298,268,297,269,296,270,296,271,295,272,294,273,294,274,293,275,292,276,292,277,291,278,291,279,290,280,290,281,290,282,290,283,290,284,290,285,290,286,290,287,291,288,292,289,293,290,294,290,295,291,296,291,297,291,298,291,299,290,300,290,301,289,302,289,303,288,303,287,304,286,305,285,306,284,306,283,307,282,308,282,309,281,310,280,311,279,311,278,312,277,312,276,313,275,314,274,314,273,315,272,315,271,315,270,315,269,315,268,315,267,314,266,314,265,314,264,313,263,312,262,311,261,310,260,309,260
352,268,351,269,350,270,349,271,348,272,347,273,346,274,346,275,345,276,344,277,343,278,342,279,341,280,341,281,340,282,339,283,338,284,337,285,337,286,336,287,336,288,336,289,336,290,336,291,337,292,337,293,337,294,338,295,339,296,340,296,341,297,342,297,343,298,344,298,345,298,346,298,347,298,348,298,349,298,350,298,351,298,352,298,353,298,354,298,355,297,356,297,357,296,358,295,359,295,360,294,361,293,362,292,362,291,363,290,363,289,363,288,363,287,363,286,363,285,363,284,363,283,363,282,363,281,363,280,363,279,363,278,363,277,363,276,363,275,363,274,362,273,362,272,361,271,360,270,359,269,358,269,357,269,356,268,355,268,354,269,353,269
212,272,211,273,210,273,209,274,208,274,207,275,206,276,206,277,206,278,206,279,206,280,206,281,207,281,208,282,209,283,210,283,211,283,212,284,213,284,214,284,215,284,216,284,217,283,218,283,219,283,220,283,221,283,222,283,222,282,222,281,223,280,223,279,223,278,223,277,223,276,222,275,222,274,221,274,220,274,219,273,218,273,217,273,216,273,215,272,214,272,213,272
304,288,303,289,302,290,301,290,300,291,299,291,298,292,297,293,296,294,295,294,294,295,293,295,292,296,291,297,290,298,290,299,289,300,289,301,288,302,288,303,288,304,288,305,288,306,288,307,289,308,290,309,290,310,291,311,292,312,293,313,294,314,295,315,296,315,297,316,298,316,299,316,300,316,301,316,302,315,303,315,304,314,305,314,306,313,307,312,308,311,309,310,310,309,310,308,311,307,311,306,312,305,312,304,313,303,313,302,313,301,313,300,313,299,313,298,313,297,313,296,313,295,313,294,312,293,312,292,311,291,310,290,309,290,308,289,307,289,306,289,305,288
362,293,361,294,360,295,359,296,358,296,357,297,356,298,355,298,354,299,354,300,354,301,353,302,352,303,352,304,351,305,351,306,351,307,350,308,350,309,350,310,350,311,350,312,350,313,350,314,350,315,350,316,350,317,350,318,350,319,350,320,350,321,350,322,350,323,350,324,350,325,350,326,350,327,351,328,351,329,352,330,352,331,352,332,352,333,353,334,353,335,354,335,355,336,356,337,357,337,358,337,359,338,360,337,361,337,362,337,363,336,364,335,365,334,366,333,367,332,368,332,369,331,370,330,371,329,372,328,373,327,373,326,374,325,375,324,375,323,376,322,376,321,377,320,377,319,377,318,378,317,378,316,379,315,379,314,378,313,379,312,379,311,379,310,378,309,378,308,378,307,377,306,377,305,377,304,377,303,377,302,377,301,377,300,377,299,376,298,376,297,375,296,374,295,373,294,372,294,371,295,370,295,369,294,369,293,368,293,367,294,366,293,365,293,364,293,363,293
332,308,331,309,330,309,329,309,328,309,327,309,326,310,325,311,324,312,323,313,322,314,321,315,321,316,320,317,319,318,319,319,319,320,319,321,319,322,319,323,319,324,319,325,320,326,320,327,321,328,322,329,323,330,324,330,325,330,326,331,327,331,328,330,329,330,330,330,331,329,332,329,333,328,334,327,335,327,336,326,337,325,337,324,338,323,338,322,339,321,339,320,339,319,339,318,339,317,340,316,340,315,340,314,339,313,339,312,339,311,338,310,337,309,336,309,335,308,334,308,333,308
182,378,181,379,180,379,179,380,178,380,177,381,176,382,175,383,175,384,174,385,174,386,173,387,173,388,173,389,173,390,173,391,173,392,173,393,174,394,175,395,175,396,176,397,177,397,178,397,179,398,180,398,181,398,182,398,183,398,184,398,185,398,186,397,187,397,188,397,189,396,190,395,190,394,191,393,191,392,192,391,192,390,192,389,192,388,192,387,192,386,191,385,191,384,191,383,190,382,190,381,189,380,188,380,187,379,186,378,185,378,184,378,183,378
205,380,204,381,203,382,202,383,201,384,201,385,200,386,200,387,200,388,200,389,200,390,200,391,200,392,200,393,201,394,201,395,202,396,203,397,204,398,205,398,206,399,207,399,208,399,209,400,210,400,211,400,212,400,213,400,214,400,215,400,216,399,217,399,218,399,219,398,220,397,221,396,222,395,222,394,222,393,223,392,223,391,223,390,223,389,223,388,223,387,222,386,222,385,221,384,220,383,220,382,219,382,218,381,217,381,216,380,215,380,214,380,213,380,212,380,211,380,210,380,209,380,208,380,207,380,206,380
237,386,236,387,235,387,234,388,233,388,232,389,231,390,230,391,229,392,229,393,228,394,228,395,228,396,228,397,228,398,228,399,228,400,229,401,230,402,230,403,231,404,232,404,233,404,234,405,235,406,236,406,237,406,238,406,239,406,240,407,241,407,242,407,243,407,244,407,245,407,246,407,247,406,248,406,249,405,250,404,251,403,251,402,252,401,252,400,252,399,252,398,252,397,252,396,252,395,252,394,251,393,250,392,250,391,249,390,248,389,247,388,246,387,245,387,244,387,243,386,242,386,241,386,240,386,239,386,238,386
161,395,160,396,159,396,158,397,157,398,157,399,156,400,156,401,155,402,155,403,155,404,154,405,154,406,154,407,154,408,154,409,155,410,156,411,156,412,157,413,158,414,159,414,160,415,161,415,162,416,163,416,164,416,165,416,166,416,167,416,168,415,169,415,170,415,171,414,172,413,173,412,174,411,174,410,175,409,175,408,175,407,176,406,176,405,176,404,176,403,176,402,176,401,175,400,175,399,174,398,174,397,173,397,172,397,171,396,170,395,169,395,168,395,167,395,166,395,165,395,164,395,163,395,162,395
262,400,261,401,260,401,259,402,258,402,257,403,256,404,255,405,255,406,255,407,254,408,254,409,254,410,254,411,254,412,255,413,255,414,256,415,256,416,257,417,258,418,259,419,260,419,261,419,262,420,263,420,264,421,265,421,266,421,267,421,268,421,269,421,270,421,271,421,272,421,273,420,274,420,275,420,276,419,277,418,277,417,277,416,277,415,277,414,277,413,277,412,277,411,277,410,277,409,276,408,276,407,275,406,274,405,274,404,273,403,272,403,271,402,270,401,269,401,268,401,267,400,266,400,265,400,264,400,263,400
142,405,141,406,140,406,139,407,138,408,137,409,136,410,135,411,134,412,133,413,132,414,131,415,130,415,129,416,128,416,127,417,126,418,125,419,124,420,123,421,122,422,121,423,121,424,121,425,120,426,120,427,119,428,119,429,119,430,119,431,119,432,119,433,120,434,120,435,121,436,122,437,123,438,124,439,125,439,126,440,127,441,128,441,129,441,130,441,131,441,132,441,133,440,134,439,135,438,136,438,137,437,138,436,139,435,140,434,141,433,142,432,142,431,143,430,144,429,145,428,146,427,147,427,148,426,149,425,150,424,151,423,152,422,153,421,154,420,154,419,155,418,155,417,155,416,155,415,155,414,155,413,154,412,154,411,154,410,153,409,152,408,151,407,150,407,149,406,148,405,147,405,146,405,145,405,144,405,143,405
282,416,281,417,280,417,279,417,278,417,278,418,277,419,276,420,276,421,276,422,275,423,275,424,275,425,275,426,275,427,275,428,276,429,276,430,277,431,277,432,278,433,279,434,280,434,281,435,282,435,283,435,284,435,285,435,286,435,287,435,288,435,289,434,290,434,291,433,292,432,293,431,293,430,294,429,294,428,294,427,294,426,294,425,294,424,293,423,293,422,293,421,292,420,291,419,291,418,290,417,289,417,288,417,287,417,286,416,285,416,284,416,283,416
401,419,400,420,399,420,398,421,397,422,396,423,396,424,395,425,395,426,394,427,394,428,394,429,394,430,394,431,394,432,394,433,395,434,395,435,396,436,396,437,397,438,398,439,399,440,400,441,401,441,402,441,403,442,404,442,405,442,406,442,407,442,408,442,409,441,410,441,411,440,412,439,413,439,414,438,414,437,415,436,416,435,416,434,416,433,417,432,417,431,417,430,417,429,416,428,416,427,416,426,416,425,416,424,415,423,414,422,413,421,412,421,411,420,410,419,409,419,408,419,407,419,406,419,405,419,404,419,403,419,402,419
434,419,433,420,432,420,431,421,430,421,429,422,428,423,428,424,427,425,426,426,426,427,426,428,426,429,425,430,425,431,426,432,426,433,426,434,427,435,427,436,428,437,428,438,429,439,430,440,431,441,432,441,433,442,434,443,435,443,436,443,437,443,438,442,439,442,440,442,441,441,442,440,443,439,444,439,444,438,445,437,446,436,446,435,446,434,447,433,447,432,447,431,447,430,448,429,448,428,448,427,448,426,448,425,447,424,447,423,446,422,445,421,444,421,443,420,442,420,441,419,440,419,439,419,438,419,437,419,436,419,435,419
182,422,181,423,180,423,179,424,178,425,177,425,176,426,175,427,174,428,174,429,173,430,172,431,172,432,171,433,170,434,169,435,168,436,168,437,167,438,167,439,167,440,166,441,166,442,166,443,166,444,166,445,166,446,165,447,165,448,165,449,165,450,166,451,166,452,166,453,166,454,166,455,166,456,166,457,167,458,167,459,167,460,167,461,167,462,168,463,168,464,169,465,169,466,170,467,171,468,172,469,173,469,174,470,175,470,176,470,177,470,178,470,178,469,179,468,180,467,180,466,181,465,182,464,182,463,183,462,183,461,184,460,184,459,185,458,185,457,185,456,186,455,186,454,187,453,187,452,187,451,188,450,188,449,189,448,189,447,189,446,190,445,190,444,191,443,191,442,192,441,192,440,193,439,193,438,194,437,194,436,194,435,194,434,195,433,195,432,195,431,195,430,195,429,195,428,195,427,195,426,194,425,193,424,192,424,191,423,190,423,189,422,188,422,187,422,186,422,185,422,184,422,183,422
200,422,199,423,198,424,197,425,197,426,196,427,196,428,196,429,196,430,196,431,196,432,196,433,195,434,195,435,195,436,195,437,194,438,194,439,193,440,193,441,192,442,192,443,191,444,191,445,190,446,190,447,190,448,189,449,189,450,188,451,188,452,188,453,187,454,187,455,186,456,186,457,186,458,185,459,185,460,184,461,184,462,183,463,183,464,182,465,181,466,181,467,180,468,179,469,179,470,178,471,179,472,180,473,180,474,181,475,182,476,183,476,184,477,185,477,186,478,187,478,188,479,189,479,190,479,191,479,192,480,193,479,194,479,195,479,196,479,197,479,198,478,199,478,200,477,201,477,202,476,203,476,204,475,205,474,205,473,206,472,207,471,207,470,207,469,208,468,209,468,210,467,211,467,212,467,213,467,214,467,215,466,216,466,217,465,218,464,219,463,220,462,220,461,221,460,221,459,221,458,221,457,221,456,221,455,221,454,221,453,221,452,221,451,221,450,221,449,221,448,221,447,221,446,221,445,221,444,221,443,221,442,221,441,221,440,221,439,220,438,220,437,219,436,219,435,218,434,217,433,217,432,216,431,215,430,215,429,214,428,213,427,212,427,211,426,210,425,209,425,208,424,207,424,206,423,205,423,204,423,203,422,202,422,201,422
370,424,369,425,368,425,367,425,366,426,365,426,364,427,363,428,362,429,362,430,361,431,361,432,361,433,361,434,361,435,361,436,361,437,361,438,361,439,362,440,362,441,362,442,363,443,364,444,364,445,365,446,366,446,367,447,368,447,369,448,370,448,371,449,372,449,373,449,374,449,375,449,376,449,377,449,378,449,379,449,380,449,381,448,382,448,383,447,383,446,384,445,385,445,385,444,386,443,386,442,387,441,388,440,387,439,387,438,387,437,387,436,387,435,386,434,386,433,386,432,386,431,385,430,384,429,384,428,383,427,382,426,381,426,380,425,379,425,378,424,377,424,376,424,375,424,374,424,373,424,372,424,371,424
295,435,294,436,293,436,292,437,291,438,290,439,290,440,289,441,289,442,289,443,289,444,289,445,289,446,289,447,290,448,290,449,291,450,292,451,293,452,294,453,295,454,296,455,297,456,298,456,299,457,300,457,301,457,302,458,303,458,304,458,305,458,306,458,307,458,308,458,309,458,309,457,310,456,310,455,310,454,311,453,311,452,311,451,311,450,311,449,310,448,310,447,310,446,310,445,309,444,309,443,308,442,308,441,307,440,306,439,305,438,304,437,303,436,302,436,301,436,300,435,299,435,298,435,297,435,296,435
469,435,468,436,467,436,466,436,465,437,464,437,463,438,462,439,461,440,460,441,459,442,458,443,457,444,457,445,456,446,457,447,456,448,457,449,457,450,458,451,458,452,459,453,460,454,461,455,462,456,463,457,464,458,465,459,466,459,467,459,468,460,469,460,470,461,471,461,472,461,473,461,474,461,475,461,476,461,477,460,478,459,479,459,480,458,480,457,481,456,481,455,482,454,482,453,482,452,482,451,482,450,482,449,482,448,482,447,482,446,482,445,482,444,482,443,481,442,481,441,480,440,479,439,479,438,478,437,477,436,476,436,475,435,474,435,473,435,472,435,471,435,470,435
108,436,107,437,106,437,105,437,104,438,103,438,102,439,101,440,101,441,100,442,100,443,100,444,99,445,99,446,99,447,99,448,99,449,99,450,100,451,100,452,100,453,101,454,102,455,103,456,104,456,105,457,106,458,107,458,108,459,109,459,110,460,111,460,112,460,113,460,114,460,115,460,116,460,117,460,118,460,119,459,120,459,121,458,122,457,123,456,124,455,124,454,125,453,125,452,124,451,124,450,124,449,124,448,124,447,123,446,123,445,123,444,122,443,121,442,120,441,119,440,118,440,117,440,116,439,115,439,114,438,113,438,112,437,111,437,110,437,109,437
342,440,341,441,340,441,339,442,338,442,337,443,337,444,336,445,336,446,335,447,335,448,335,449,335,450,334,451,334,452,335,453,335,454,336,455,336,456,337,456,338,457,339,458,340,459,341,459,342,460,343,460,344,460,345,461,346,461,347,461,348,462,349,462,350,462,351,462,352,462,353,462,354,463,355,463,356,463,357,463,358,463,359,463,360,463,360,462,360,461,360,460,360,459,361,458,361,457,361,456,360,455,360,454,359,453,359,452,359,451,358,450,358,449,357,448,356,447,356,446,355,445,354,444,353,444,352,443,351,442,350,442,349,441,348,441,347,440,346,440,345,440,344,440,343,440
398,454,397,455,396,455,395,456,394,456,393,457,392,458,391,458,390,459,389,460,388,460,388,461,387,462,386,463,386,464,385,465,385,466,385,467,384,468,384,469,384,470,384,471,384,472,384,473,384,474,384,475,384,476,385,477,385,478,385,479,386,480,386,481,387,482,388,483,388,484,389,485,390,486,391,487,392,488,393,488,394,489,395,489,396,489,397,490,398,490,399,490,400,490,401,490,402,490,403,490,404,490,405,489,406,489,407,489,408,489,409,489,410,489,411,488,412,488,413,488,414,487,415,486,416,485,417,485,418,484,418,483,419,482,420,481,420,480,421,479,421,478,421,477,422,476,422,475,422,474,422,473,422,472,422,471,422,470,422,469,422,468,421,467,421,466,421,465,420,464,420,463,419,462,419,461,418,460,418,459,417,459,416,458,415,457,414,457,413,456,412,455,411,455,410,455,409,454,408,454,407,454,406,454,405,454,404,454,403,454,402,454,401,454,400,454,399,454
91,458,90,459,89,459,88,460,88,461,87,462,87,463,86,464,86,465,86,466,86,467,86,468,86,469,86,470,87,471,87,472,87,473,87,474,87,475,88,475,89,476,90,477,91,477,92,478,93,478,94,479,95,479,96,479,97,479,98,479,99,480,100,480,101,480,102,480,103,479,104,479,105,479,106,479,107,478,108,477,109,476,109,475,109,474,110,473,110,472,110,471,110,470,109,469,109,468,108,467,108,466,107,465,106,464,105,464,104,463,103,462,102,461,101,460,100,460,99,459,98,459,97,459,96,459,95,459,94,458,93,458,92,458
442,461,441,462,440,462,439,462,438,462,437,463,436,463,435,464,434,464,433,465,432,466,431,467,430,468,430,469,429,470,429,471,428,472,428,473,427,474,427,475,426,476,426,477,426,478,426,479,425,480,425,481,426,482,426,483,426,484,426,485,426,486,426,487,427,488,427,489,427,490,428,491,428,492,429,493,430,494,430,495,431,496,432,497,433,497,434,497,435,498,436,499,437,499,438,500,439,500,440,500,441,500,442,501,443,501,444,501,445,501,446,501,447,500,448,500,449,500,450,500,451,499,452,499,453,499,454,498,455,497,456,497,457,496,458,495,459,494,460,493,461,492,462,491,463,490,463,489,464,488,464,487,464,486,465,485,465,484,465,483,465,482,465,481,465,480,465,479,465,478,465,477,465,476,464,475,464,474,464,473,463,472,463,471,462,470,461,469,460,468,460,467,459,466,458,466,457,465,456,464,455,464,454,463,453,463,452,463,451,462,450,462,449,462,448,462,447,461,446,461,445,461,444,461,443,461
304,463,303,464,302,464,301,465,300,466,300,467,300,468,300,469,299,470,299,471,299,472,299,473,300,474,300,475,300,476,300,477,301,478,301,479,302,480,302,481,303,482,304,483,305,484,306,485,307,485,308,486,309,487,310,487,311,486,312,485,313,485,314,485,315,484,316,483,317,482,318,481,318,480,319,479,319,478,319,477,319,476,319,475,319,474,319,473,319,472,319,471,319,470,318,469,318,468,317,467,316,466,315,466,314,465,313,464,312,464,311,463,310,463,309,463,308,463,307,463,306,463,305,463
487,465,486,466,485,466,484,466,484,467,483,468,483,469,482,470,482,471,482,472,482,473,482,474,482,475,482,476,482,477,482,478,483,479,483,480,484,481,484,482,485,483,486,484,487,485,488,485,489,486,490,486,491,487,492,487,493,487,494,486,495,486,496,486,497,486,498,486,499,485,500,485,501,484,502,484,503,483,504,482,505,481,505,480,505,479,505,478,505,477,505,476,505,475,504,474,504,473,503,472,503,471,502,470,501,469,500,468,499,468,498,467,497,466,496,466,495,465,494,465,493,465,492,465,491,465,490,465,489,465,488,465
280,468,279,469,278,470,277,471,276,471,275,472,274,473,273,473,272,473,271,473,270,473,269,473,268,473,267,473,266,473,265,473,264,472,263,472,262,472,261,471,260,471,259,470,258,471,257,472,256,472,255,472,254,472,253,472,252,473,251,473,250,473,249,474,248,474,247,474,246,475,245,476,245,477,244,478,243,479,243,480,243,481,242,482,242,483,242,484,242,485,242,486,242,487,243,488,243,489,244,490,244,491,244,492,245,493,246,494,246,495,246,496,247,497,248,498,248,499,249,500,250,501,251,502,251,503,252,503,253,504,254,505,255,505,256,505,257,506,258,507,259,507,260,508,261,508,262,509,263,509,264,509,265,509,266,509,267,509,268,509,269,509,270,509,271,508,272,508,273,508,274,508,275,508,276,508,277,507,278,507,279,507,280,507,281,507,282,507,283,506,284,506,285,506,286,505,287,504,288,504,289,503,289,502,290,501,290,500,291,499,291,498,292,497,292,496,293,495,293,494,293,493,293,492,293,491,293,490,293,489,294,488,294,487,294,486,294,485,294,484,293,483,293,482,293,481,293,480,292,479,292,478,291,477,291,476,290,475,290,474,289,473,288,472,287,471,286,470,285,469,284,469,283,469,282,469,281,468
340,468,339,469,338,469,337,469,336,470,335,471,334,472,334,473,333,474,333,475,333,476,333,477,333,478,333,479,334,480,334,481,334,482,335,483,335,484,336,485,337,486,338,487,339,487,340,488,340,489,341,489,342,489,343,489,344,489,345,489,346,489,347,489,348,489,349,488,350,487,351,486,352,485,352,484,353,483,354,482,354,481,354,480,354,479,354,478,355,477,355,476,354,475,354,474,353,473,353,472,352,471,351,470,350,470,349,470,348,469,347,469,346,468,345,468,344,468,343,468,342,468,341,468
130,479,129,480,128,480,127,481,126,481,125,482,124,483,123,484,122,485,121,486,121,487,120,488,119,489,118,490,118,491,119,492,119,493,119,494,120,495,121,496,121,497,122,498,123,499,124,500,125,501,126,502,127,503,128,504,129,505,128,506,129,505,130,504,131,504,132,503,133,503,134,502,135,502,135,501,136,500,136,499,137,498,137,497,137,496,137,495,137,494,138,493,138,492,138,491,138,490,138,489,139,488,139,487,139,486,139,485,139,484,138,483,137,482,137,481,136,480,135,480,134,479,133,479,132,479,131,479
147,479,146,480,145,480,144,480,143,481,142,482,141,483,140,483,140,484,140,485,140,486,140,487,140,488,139,489,139,490,139,491,139,492,139,493,138,494,138,495,138,496,138,497,138,498,137,499,137,500,136,501,136,502,135,503,134,503,133,504,132,504,131,505,130,505,129,506,128,507,128,508,127,509,127,510,127,511,128,511,129,511,130,511,131,511,132,511,133,511,134,511,135,511,136,511,137,511,138,511,139,511,140,511,141,511,142,511,143,511,144,511,145,511,146,511,147,511,148,511,149,511,150,511,151,511,152,511,153,511,154,511,155,511,156,511,157,511,158,511,159,510,160,510,160,509,161,508,161,507,162,506,162,505,162,504,162,503,162,502,162,501,162,500,162,499,162,498,162,497,162,496,161,495,161,494,161,493,160,492,160,491,160,490,159,489,158,488,158,487,157,486,156,485,156,484,155,483,155,482,154,482,153,481,152,480,151,480,150,480,149,480,148,480
310,489,309,490,308,490,307,491,306,491,305,492,305,493,304,494,304,495,303,496,303,497,302,498,302,499,302,500,302,501,302,502,302,503,302,504,302,505,302,506,303,507,303,508,303,509,303,510,304,510,305,510,306,511,307,511,308,511,309,511,310,511,311,511,312,511,313,511,314,511,315,511,316,511,317,511,318,511,319,511,320,510,321,510,322,509,322,508,322,507,322,506,323,505,323,504,323,503,323,502,322,501,322,500,322,499,322,498,321,497,321,496,320,495,319,494,319,493,318,493,317,492,316,491,315,491,314,491,313,490,312,490,311,490
341,490,340,491,339,491,338,491,337,492,336,492,335,492,335,493,334,494,333,495,332,496,332,497,332,498,332,499,332,500,331,501,331,502,332,503,332,504,333,505,333,506,334,507,334,508,335,508,336,508,337,508,338,509,339,510,340,510,341,510,342,510,343,510,344,510,345,510,346,510,347,510,348,510,349,510,350,509,351,509,352,509,353,508,354,508,355,507,356,506,357,505,357,504,357,503,358,502,358,501,357,500,357,499,357,498,357,497,357,496,356,495,355,494,354,494,353,493,352,492,351,492,350,492,349,492,348,491,349,490,348,490,347,490,346,490,345,490,344,490,343,490,342,490
116,491,115,492,114,493,114,494,113,495,113,496,112,497,112,498,112,499,111,500,111,501,111,502,111,503,111,504,111,505,111,506,112,507,112,508,113,509,113,510,114,511,115,511,116,511,117,511,118,511,119,511,120,511,121,511,122,511,123,511,124,511,125,511,126,511,126,510,126,509,127,508,127,507,127,506,128,505,127,504,126,503,125,502,124,501,123,500,122,499,121,498,120,497,120,496,119,495,118,494,118,493,118,492,117,491
84,492,83,493,82,493,81,493,80,494,79,494,78,495,77,496,76,497,75,498,74,499,74,500,73,501,73,502,73,503,73,504,73,505,73,506,73,507,73,508,74,509,75,510,76,511,77,511,78,511,79,511,80,511,81,511,82,511,83,511,84,511,85,511,86,511,87,511,88,511,89,511,90,511,91,511,92,511,93,511,94,510,95,510,96,509,97,508,97,507,98,506,98,505,98,504,98,503,98,502,98,501,97,500,97,499,97,498,96,497,95,496,94,495,93,495,92,494,91,494,90,493,89,493,88,492,87,492,86,492,85,492
393,497,392,498,391,498,390,498,389,499,388,500,387,501,386,502,385,503,385,504,384,505,384,506,383,507,383,508,383,509,383,510,384,510,385,511,386,511,387,511,388,511,389,511,390,511,391,511,392,511,393,511,394,511,395,511,396,511,397,511,398,511,399,511,400,511,401,511,402,511,403,511,404,511,405,510,405,509,405,508,406,507,406,506,406,505,407,504,407,503,407,502,407,501,406,500,405,499,404,499,403,498,402,498,401,498,400,497,399,497,398,497,397,497,396,497,395,497,394,497
410,501,409,502,408,502,408,503,408,504,407,505,407,506,407,507,406,508,406,509,406,510,405,511,406,511,407,511,408,511,409,511,410,511,411,511,412,511,413,511,414,511,415,511,416,511,417,511,418,511,419,510,420,510,421,510,422,510,422,509,422,508,422,507,421,506,421,505,420,504,419,503,418,502,417,502,416,501,415,501,414,501,413,501,412,501,411,501
457,502,456,503,455,503,454,503,453,503,452,504,451,504,450,505,449,506,448,506,447,507,446,507,445,508,444,509,444,510,445,510,446,511,447,511,448,511,449,511,450,511,451,511,452,511,453,511,454,511,455,511,456,511,457,511,458,511,459,511,460,511,461,511,462,511,463,511,464,511,465,511,466,511,467,511,468,511,469,511,470,511,471,511,472,511,473,511,474,511,475,511,476,511,477,511,478,510,477,509,477,508,476,508,475,507,474,506,473,505,472,505,471,504,470,504,469,503,468,503,467,503,466,502,465,502,464,502,463,502,462,502,461,502,460,502,459,502,458,502
