101,126,100,127,99,128,98,129,97,129,97,130,96,131,95,132,95,133,95,134,95,135,95,136,95,137,96,138,96,139,97,140,98,141,99,142,100,142,101,141,102,141,103,141,104,141,105,140,106,140,107,139,108,138,108,137,109,136,109,135,109,134,109,133,109,132,109,131,109,130,109,129,108,128,108,127,107,127,106,127,105,126,104,126,103,126,102,126
166,126,165,127,164,127,163,128,162,128,161,129,160,129,159,130,159,131,158,132,157,133,156,134,156,135,156,136,156,137,156,138,156,139,157,140,157,141,158,142,158,143,159,144,159,145,159,146,160,147,161,148,161,149,162,149,163,150,163,151,164,151,165,152,166,152,167,152,168,153,169,153,170,153,171,153,172,153,173,153,174,152,175,152,176,151,177,151,178,150,179,149,180,149,181,148,182,148,183,148,184,147,185,147,186,147,186,146,187,145,187,144,186,143,186,142,186,141,185,140,185,139,185,138,185,137,185,136,184,135,184,134,184,133,183,132,183,131,182,130,181,129,180,129,179,128,178,128,177,127,176,127,175,126,174,126,173,126,172,126,171,126,170,126,169,126,168,126,167,126
196,130,195,131,194,132,193,132,192,133,191,134,190,134,190,135,189,136,188,137,187,138,187,139,188,140,187,141,188,142,188,143,188,144,188,145,189,146,190,147,190,148,191,149,191,150,192,150,193,151,194,152,195,152,196,152,197,151,198,151,199,151,200,151,201,150,202,150,203,150,204,149,205,149,206,148,207,147,208,146,209,145,209,144,209,143,209,142,209,141,210,140,209,139,209,138,209,137,208,136,208,135,207,134,206,133,205,132,204,131,203,131,202,130,201,130,200,130,199,130,198,130,197,130
214,142,213,143,212,144,211,144,210,145,209,146,208,147,208,148,207,149,207,150,207,151,206,152,206,153,205,154,206,155,206,156,206,157,207,158,207,159,207,160,208,160,209,160,210,160,211,161,212,161,213,161,214,162,215,162,216,162,217,163,218,163,219,163,220,163,221,162,222,162,223,162,224,161,225,161,226,160,227,159,228,158,228,157,229,156,229,155,229,154,229,153,229,152,229,151,229,150,229,149,229,148,228,147,227,146,226,145,225,145,224,144,223,144,222,143,221,142,220,142,219,142,218,142,217,142,216,142,215,142
187,147,186,148,185,148,184,148,183,149,182,149,181,149,180,150,179,150,178,151,177,152,176,152,175,153,174,153,173,154,172,154,172,155,171,156,171,157,171,158,171,159,171,160,171,161,172,162,172,163,171,164,172,165,173,166,174,166,175,167,176,168,177,169,178,170,179,170,180,170,181,170,182,170,182,169,183,168,184,167,185,166,186,165,187,164,187,163,188,162,188,161,189,160,189,159,189,158,189,157,189,156,189,155,188,154,188,153,187,152,187,151,187,150,187,149,187,148
154,152,153,153,152,153,151,154,150,154,149,154,148,154,147,155,146,156,145,156,144,157,143,158,142,158,141,159,140,160,139,161,138,162,138,163,138,164,138,165,138,166,138,167,138,168,138,169,139,170,139,171,140,172,141,173,142,174,143,175,144,175,145,175,146,175,147,175,148,176,149,176,150,176,151,176,152,176,153,176,154,175,155,175,156,175,157,175,158,175,159,174,160,173,161,172,161,171,161,170,162,169,162,168,163,167,163,166,163,165,163,164,163,163,164,162,164,161,164,160,163,159,163,158,163,157,162,156,162,155,161,154,160,154,159,153,158,153,157,152,156,152,155,152
245,152,244,153,243,153,242,153,241,154,240,155,239,156,239,157,238,158,238,159,238,160,238,161,237,162,237,163,237,164,238,165,238,166,239,167,239,168,240,169,241,170,241,171,242,172,242,173,243,174,243,175,244,176,245,176,246,176,247,176,248,176,249,176,250,176,251,176,252,176,253,176,254,175,255,175,256,175,257,174,258,174,259,173,260,172,260,171,261,170,261,169,261,168,261,167,261,166,261,165,261,164,261,163,261,162,260,161,260,160,259,159,258,158,257,157,257,156,256,156,255,155,254,154,253,154,252,153,251,153,250,152,249,152,248,152,247,152,246,152
206,161,205,162,204,162,203,163,202,163,201,164,200,164,199,165,198,165,197,166,196,166,195,167,194,168,195,169,196,170,196,171,197,172,197,173,198,174,199,175,199,176,200,177,200,178,201,178,202,177,203,176,204,176,205,175,206,175,207,175,208,175,209,175,210,175,211,175,212,174,213,173,214,173,215,172,216,172,217,172,218,171,219,170,219,169,219,168,219,167,219,166,218,165,218,164,217,164,216,163,215,163,214,163,213,162,212,162,211,162,210,161,209,161,208,161,207,161
232,161,231,162,230,162,229,163,228,164,227,165,226,166,225,167,224,168,224,169,224,170,224,171,224,172,223,173,223,174,223,175,223,176,223,177,223,178,222,179,223,180,224,181,225,182,226,183,226,184,227,185,228,186,229,187,230,188,230,189,231,190,232,191,232,190,233,189,234,188,235,187,236,186,236,185,237,184,238,183,239,182,240,181,241,180,242,180,243,179,243,178,243,177,243,176,242,175,242,174,241,173,241,172,240,171,240,170,239,169,238,168,238,167,237,166,237,165,236,164,236,163,236,162,235,163,234,162,233,162
170,165,169,166,168,167,167,168,167,169,166,170,165,171,164,172,163,172,162,173,161,173,160,174,159,175,158,176,157,176,157,177,156,178,155,179,154,180,153,181,152,182,151,183,150,184,150,185,150,186,149,187,149,188,149,189,148,190,148,191,147,192,147,193,147,194,147,195,147,196,147,197,146,198,146,199,146,200,146,201,146,202,146,203,146,204,147,205,147,206,147,207,148,208,148,209,148,210,149,211,149,212,150,213,151,214,152,215,153,216,154,217,155,218,156,218,157,218,158,218,159,218,160,218,161,217,162,217,162,216,163,215,163,214,164,213,163,212,163,211,163,210,163,209,162,208,162,207,162,206,162,205,162,204,162,203,162,202,162,201,163,200,163,199,164,198,164,197,165,196,164,195,165,194,165,193,166,192,167,191,167,190,168,189,169,188,170,187,171,187,172,186,173,185,174,184,175,183,175,182,175,181,175,180,176,179,176,178,176,177,176,176,177,175,177,174,177,173,178,172,179,171,178,171,177,170,176,169,175,168,174,167,173,167,172,166,171,165
192,169,191,170,190,170,189,171,188,171,187,171,186,171,185,172,184,172,183,172,182,171,181,171,180,171,179,172,178,173,178,174,178,175,177,176,177,177,177,178,177,179,176,180,176,181,176,182,176,183,177,184,177,185,177,186,178,187,178,188,179,189,180,190,181,191,182,191,183,192,184,193,185,193,186,194,187,194,188,195,189,195,190,195,191,195,192,195,193,195,194,194,195,193,196,192,197,191,198,190,199,189,200,188,200,187,200,186,200,185,200,184,200,183,200,182,200,181,200,180,200,179,199,178,199,177,198,176,198,175,197,174,196,173,196,172,195,171,195,170,194,169,193,169
205,176,204,177,203,177,202,178,201,179,201,180,201,181,201,182,201,183,201,184,201,185,202,186,202,187,202,188,203,188,204,189,205,190,206,190,207,191,208,192,209,193,210,194,211,195,212,196,213,197,213,198,214,199,214,200,215,201,216,202,216,203,217,203,218,203,219,203,220,203,221,202,222,202,223,201,224,200,225,199,226,198,227,197,228,196,228,195,229,194,229,193,229,192,230,191,231,191,230,190,229,189,229,188,228,187,227,186,226,185,225,184,225,183,224,182,223,181,222,180,221,179,220,179,219,179,218,179,217,179,216,178,215,178,214,178,213,177,212,177,211,176,210,176,209,176,208,176,207,176,206,176
141,179,140,180,139,180,138,180,138,181,137,182,137,183,137,184,136,185,136,186,136,187,137,188,137,189,138,190,138,191,139,192,140,192,141,192,142,192,143,192,144,192,145,192,146,192,147,191,147,190,148,189,148,188,148,187,149,186,149,185,149,184,149,183,148,182,147,181,146,181,145,180,144,180,143,179,142,179
284,179,283,180,282,180,281,180,280,180,279,181,278,181,277,181,276,182,275,182,275,183,274,184,274,185,273,186,273,187,273,188,272,189,272,190,272,191,271,192,271,193,271,194,272,195,272,196,273,197,273,198,274,199,275,199,276,200,277,200,278,200,279,200,280,199,281,199,282,198,283,198,283,197,284,196,285,195,286,194,287,193,288,192,288,191,289,190,290,189,291,188,292,187,292,186,291,185,291,184,291,183,290,182,289,182,288,181,287,180,286,180,285,179
243,180,242,181,241,181,240,182,239,183,238,184,237,185,237,186,236,187,235,188,234,189,233,190,233,191,234,191,235,192,235,193,236,194,236,195,236,196,236,197,237,197,238,197,239,197,240,197,241,197,242,197,243,197,244,197,245,197,246,197,247,197,248,197,249,197,250,197,251,197,252,197,253,197,254,197,255,197,256,197,257,196,257,195,257,194,257,193,257,192,257,191,257,190,257,189,257,188,257,187,257,186,257,185,256,184,255,183,254,182,253,182,252,181,251,181,250,181,249,181,248,181,247,180,246,180,245,180,244,180
200,189,199,190,198,191,197,192,196,193,195,194,194,195,194,196,194,197,193,198,193,199,193,200,193,201,194,202,194,203,195,204,196,205,197,206,198,206,199,207,200,208,201,208,202,207,203,206,204,205,205,205,206,204,207,203,208,203,209,202,210,202,211,201,212,201,213,201,214,201,215,202,214,201,213,200,213,199,212,198,212,197,211,196,210,195,209,194,208,193,207,192,206,191,205,191,204,190,203,189,202,189,201,189
169,195,168,196,167,196,166,196,165,197,165,198,164,199,164,200,163,201,163,202,163,203,163,204,163,205,163,206,163,207,163,208,164,209,164,210,164,211,164,212,165,213,166,213,167,214,168,215,169,216,170,217,171,218,172,218,173,219,174,219,175,220,176,220,177,220,178,221,179,221,180,220,181,220,182,220,183,219,184,219,185,219,186,218,187,217,188,216,189,215,190,214,190,213,191,212,192,211,193,210,193,209,193,208,194,207,193,206,194,205,193,204,192,203,191,202,190,201,190,200,189,200,188,199,187,198,186,198,185,197,184,197,183,197,182,196,181,196,180,196,179,196,178,195,177,195,176,195,175,195,174,195,173,195,172,195,171,195,170,195
236,198,236,199,236,200,235,201,235,202,235,203,235,204,235,205,236,206,237,207,238,208,239,208,240,209,241,210,242,211,243,212,244,213,245,212,246,211,247,210,248,209,249,208,250,207,251,206,251,205,252,204,253,203,253,202,254,201,254,200,255,199,256,198,255,198,254,198,253,198,252,198,251,198,250,198,249,198,248,198,247,198,246,198,245,198,244,198,243,198,242,198,241,198,240,198,239,198,238,198,237,198
284,198,283,199,282,199,281,200,280,200,279,201,278,201,277,201,277,202,276,203,276,204,275,205,275,206,275,207,274,208,274,209,274,210,273,211,273,212,273,213,273,214,273,215,273,216,272,217,272,218,272,219,272,220,272,221,272,222,273,223,273,224,274,225,274,226,274,227,275,227,276,228,277,229,278,228,279,228,280,227,281,227,282,227,283,227,284,227,285,226,286,226,287,226,288,226,289,225,289,224,289,223,289,222,289,221,289,220,290,219,290,218,290,217,291,216,291,215,291,214,291,213,292,212,292,211,292,210,292,209,292,208,293,207,293,206,293,205,293,204,292,203,292,202,291,201,290,200,289,200,288,199,287,199,286,199,285,198
228,205,227,206,226,206,225,206,224,207,223,207,222,208,221,208,221,209,220,210,219,211,218,212,218,213,217,214,217,215,216,216,216,217,215,218,214,219,214,220,213,221,213,222,213,223,213,224,213,225,214,226,214,227,215,228,216,229,216,230,217,231,218,232,219,232,220,233,221,234,222,234,223,234,224,235,225,235,226,236,227,236,228,236,229,236,230,236,231,236,232,235,233,235,234,234,235,233,236,232,237,231,238,230,238,229,239,228,240,227,240,226,241,225,242,224,242,223,243,222,243,221,242,220,243,219,243,218,243,217,243,216,243,215,243,214,243,213,242,212,241,211,240,210,239,209,238,209,237,208,236,207,235,206,234,205,233,205,232,205,231,205,230,205,229,205
199,209,198,210,197,210,196,211,195,211,194,210,193,211,192,212,191,213,191,214,190,215,189,216,188,217,187,218,186,219,187,220,188,221,188,222,189,223,189,224,189,225,190,226,190,227,190,228,191,229,191,230,191,231,191,232,192,233,193,234,194,234,195,235,196,235,197,236,198,236,199,237,200,237,201,237,202,238,203,238,204,238,205,238,206,237,207,237,208,236,209,235,209,234,209,233,209,232,209,231,209,230,210,229,210,228,210,227,210,226,210,225,210,224,210,223,209,222,209,221,209,220,208,219,208,218,207,217,206,216,205,215,204,214,203,213,202,212,201,211,200,210
315,210,314,211,313,211,312,211,311,212,310,213,309,213,309,214,309,215,309,216,309,217,309,218,309,219,310,220,310,221,310,222,310,223,310,224,310,225,310,226,310,227,310,228,310,229,310,230,310,231,310,232,310,233,310,234,310,235,310,236,310,237,310,238,310,239,310,240,310,241,310,242,310,243,310,244,310,245,311,245,312,246,313,246,314,246,315,246,316,246,317,247,318,246,319,246,320,245,321,245,322,244,323,243,324,243,324,242,325,241,326,240,326,239,326,238,327,237,327,236,327,235,327,234,327,233,327,232,327,231,327,230,327,229,327,228,327,227,326,226,326,225,326,224,325,223,325,222,325,221,325,220,325,219,325,218,325,217,325,216,325,215,325,214,325,213,324,212,323,211,322,211,321,210,320,210,319,210,318,210,317,210,316,210
336,215,335,216,334,216,333,217,332,217,332,218,331,219,331,220,330,221,330,222,330,223,329,224,329,225,329,226,328,227,328,228,328,229,328,230,328,231,328,232,328,233,328,234,328,235,328,236,329,237,329,238,330,239,331,239,332,239,333,239,334,239,335,239,336,239,337,239,338,239,339,239,340,238,341,238,342,237,343,237,344,236,345,235,345,234,346,233,346,232,347,231,347,230,347,229,347,228,347,227,347,226,347,225,347,224,346,223,346,222,345,221,344,220,343,219,342,219,341,218,340,217,339,217,338,216,337,216
163,217,162,218,161,218,160,219,159,220,158,221,158,222,157,223,157,224,157,225,156,226,156,227,156,228,156,229,156,230,156,231,157,232,157,233,158,234,159,235,159,236,160,237,161,238,162,238,163,239,164,240,165,240,166,241,167,241,168,242,169,242,170,242,171,243,172,243,173,243,174,242,175,242,176,241,177,240,177,239,178,238,178,237,179,236,180,235,181,235,181,234,181,233,181,232,181,231,181,230,181,229,181,228,181,227,181,226,181,225,180,224,180,223,180,222,179,222,178,222,177,221,176,221,175,221,174,220,173,220,172,219,171,219,170,218,169,218,168,218,167,218,166,218,165,218,164,218
290,225,290,226,289,227,289,228,289,229,288,230,288,231,288,232,287,233,287,234,287,235,287,236,287,237,286,238,286,239,286,240,286,241,286,242,286,243,286,244,286,245,285,246,285,247,285,248,285,249,285,250,286,250,287,251,288,252,289,252,290,252,291,252,292,252,293,251,293,250,293,249,293,248,293,247,293,246,293,245,293,244,293,243,294,242,294,241,294,240,295,239,295,238,295,237,295,236,295,235,295,234,295,233,295,232,294,231,294,230,293,229,292,228,292,227,291,226,291,225
289,226,288,227,287,227,286,227,285,227,284,228,283,228,282,228,281,228,280,228,279,229,278,229,277,230,277,231,276,232,276,233,275,234,274,235,273,235,272,236,273,237,272,238,272,239,271,240,271,241,270,242,270,243,269,244,268,244,269,245,269,246,268,247,267,248,267,249,266,250,265,251,265,252,265,253,265,254,265,255,266,256,267,257,268,258,269,258,270,258,271,258,272,258,273,257,274,257,275,256,276,255,277,255,278,254,279,253,280,252,281,251,282,251,283,250,284,249,284,248,284,247,284,246,285,245,285,244,285,243,285,242,285,241,285,240,285,239,285,238,286,237,286,236,286,235,286,234,286,233,287,232,287,231,287,230,288,229,288,228,288,227
189,234,188,235,187,235,186,235,185,235,184,236,183,236,183,237,182,238,182,239,181,240,180,241,180,242,180,243,179,244,179,245,179,246,180,247,180,248,181,249,182,250,182,251,183,252,184,252,185,253,186,253,187,253,188,253,189,253,190,253,191,253,192,253,193,252,194,252,195,251,196,251,197,252,197,251,198,250,198,249,198,248,198,247,198,246,198,245,199,244,199,243,199,242,198,241,197,240,197,239,196,238,196,237,195,236,194,235,193,235,192,234,191,234,190,234
356,235,355,236,354,237,353,238,353,239,353,240,353,241,353,242,354,243,355,244,356,245,357,246,358,247,359,248,360,248,361,248,362,248,363,247,364,246,364,245,365,244,365,243,366,242,366,241,366,240,365,239,365,238,364,237,363,237,362,236,361,236,360,235,359,235,358,235,357,235
241,239,240,240,239,240,238,241,237,242,236,243,235,244,234,245,233,246,233,247,233,248,233,249,233,250,233,251,233,252,234,253,234,254,235,255,235,256,236,257,237,258,238,259,239,259,240,260,241,260,242,260,243,260,244,260,245,260,246,259,247,259,248,259,249,259,250,258,251,258,252,257,253,257,254,256,255,255,256,255,257,254,257,253,258,252,258,251,258,250,259,249,258,248,258,247,258,246,257,245,256,245,255,244,254,244,253,243,252,242,251,242,250,242,249,241,248,241,247,240,246,240,245,239,244,239,243,239,242,239
224,243,223,244,222,244,221,244,220,245,219,245,218,245,217,245,216,246,215,247,214,247,213,248,212,249,211,249,210,250,209,250,208,251,207,251,206,251,205,252,204,252,203,252,202,252,201,252,200,253,199,253,198,253,197,253,196,254,195,255,195,256,194,257,194,258,193,259,193,260,193,261,192,262,192,263,192,264,192,265,192,266,193,267,194,268,195,269,196,270,197,270,198,270,199,271,200,272,201,272,202,271,203,271,204,271,205,271,206,271,207,271,208,271,209,271,210,271,211,271,212,270,213,270,214,270,215,269,216,269,217,268,218,267,219,267,220,266,221,265,222,264,223,263,224,262,224,261,225,260,226,259,227,258,227,257,228,256,229,255,230,254,231,253,231,252,231,251,231,250,231,249,231,248,231,247,231,246,230,245,229,244,228,244,227,244,226,244,225,243
338,244,337,245,336,246,335,246,334,247,333,248,333,249,332,250,332,251,332,252,331,253,331,254,331,255,331,256,331,257,332,258,332,259,332,260,333,261,333,262,333,263,334,264,334,265,334,266,335,267,336,268,337,269,338,270,339,270,340,270,341,270,342,271,343,270,344,270,345,270,346,269,347,269,348,268,349,268,350,267,351,266,352,265,353,264,354,263,354,262,355,261,355,260,355,259,355,258,355,257,355,256,355,255,354,254,354,253,354,252,353,251,353,250,352,249,351,248,350,247,349,246,348,246,347,245,346,245,345,245,344,245,343,245,342,244,341,244,340,244,339,244
318,247,317,248,316,248,315,249,314,249,313,250,312,250,311,251,310,252,309,253,308,254,307,255,307,256,306,257,306,258,306,259,306,260,305,261,305,262,305,263,305,264,305,265,305,266,305,267,305,268,305,269,306,270,307,271,308,272,309,272,310,273,310,274,311,274,312,274,313,274,314,275,315,275,316,275,317,275,318,275,319,275,320,275,321,275,322,275,323,275,324,275,325,275,326,274,327,273,328,272,328,271,329,270,329,269,330,268,330,267,330,266,330,265,330,264,330,263,330,262,330,261,330,260,330,259,330,258,330,257,329,256,329,255,328,254,327,253,326,252,325,251,324,250,323,250,322,249,321,249,320,248,319,247
371,253,370,254,369,254,369,255,368,256,367,257,367,258,367,259,367,260,367,261,367,262,367,263,367,264,367,265,368,266,368,267,368,268,369,269,369,270,370,271,371,272,372,273,373,273,374,273,375,274,376,273,377,273,378,272,379,271,379,270,379,269,379,268,380,267,380,266,380,265,380,264,380,263,380,262,380,261,380,260,379,259,379,258,378,257,377,256,376,255,375,254,374,253,373,253,372,253
269,260,268,261,267,261,266,261,265,262,264,262,263,262,262,262,261,263,260,263,259,264,258,264,257,264,256,265,255,265,254,265,253,266,252,266,251,266,250,266,249,267,248,267,247,267,246,267,245,268,244,268,243,268,242,269,241,269,240,270,239,271,238,272,237,273,236,274,235,275,234,276,233,276,232,277,231,278,230,279,229,280,228,281,228,282,228,283,229,284,229,285,230,286,231,287,232,288,233,288,234,289,235,289,236,289,237,289,238,288,239,288,240,288,241,287,242,287,243,287,244,287,245,286,246,286,247,286,248,286,249,286,250,285,251,285,252,285,253,285,254,285,255,285,256,285,257,285,258,285,259,285,260,284,261,284,262,284,263,283,264,283,265,283,266,282,267,281,268,280,269,280,270,279,271,279,271,278,272,277,273,277,274,276,275,275,275,274,275,273,275,272,276,271,276,270,276,269,276,268,276,267,276,266,276,265,276,264,275,263,275,262,274,262,273,262,272,262,271,261,270,261
356,270,355,271,354,271,353,271,352,271,351,272,350,272,349,273,348,273,347,273,346,274,345,275,344,275,344,276,343,277,342,278,342,279,342,280,341,281,341,282,341,283,341,284,342,285,342,286,342,287,343,288,344,289,345,290,346,291,347,291,348,292,349,292,350,293,351,293,352,294,353,294,354,294,355,295,356,295,357,294,358,294,359,294,360,294,361,294,362,294,363,294,364,293,365,293,366,292,367,291,367,290,368,289,368,288,369,287,369,286,369,285,369,284,369,283,369,282,369,281,369,280,368,279,368,278,368,277,367,276,366,275,365,274,365,273,364,273,363,272,362,272,361,271,360,271,359,271,358,271,357,271
309,275,308,276,307,276,306,277,305,278,304,279,303,280,303,281,302,282,302,283,302,284,302,285,302,286,302,287,303,288,303,289,304,290,304,291,305,292,306,293,307,294,308,295,309,295,310,295,311,295,312,295,313,296,314,296,315,296,316,295,317,295,318,295,319,295,320,295,321,295,322,295,323,294,324,294,325,293,326,293,327,292,328,292,329,291,330,291,331,291,332,290,333,290,333,289,334,288,334,287,335,286,335,285,335,284,335,283,334,282,334,281,334,280,333,279,332,278,331,278,330,277,329,277,328,277,327,277,326,276,325,276,324,276,323,276,322,276,321,276,320,276,319,276,318,276,317,276,316,276,315,276,314,276,313,275,312,275,311,275,310,275
380,276,379,277,378,277,377,278,376,279,375,279,374,280,374,281,373,282,372,283,372,284,371,285,371,286,371,287,371,288,371,289,371,290,371,291,371,292,372,293,372,294,373,295,374,296,375,296,376,296,377,296,378,296,379,295,380,295,381,294,382,294,383,294,384,293,385,293,386,293,387,292,388,292,389,291,390,291,390,290,391,289,391,288,391,287,391,286,391,285,390,284,390,283,389,282,388,281,388,280,387,279,387,278,386,277,386,276,385,276,384,276,383,276,382,276,381,276
250,289,249,290,248,290,247,291,246,291,245,291,244,292,243,293,242,293,241,294,240,295,239,296,239,297,238,298,238,299,238,300,238,301,239,302,239,303,240,303,241,304,242,304,243,304,244,304,245,304,246,304,247,303,248,303,249,303,250,302,251,302,252,302,253,301,254,301,255,300,256,299,257,298,257,297,258,296,258,295,258,294,258,293,258,292,258,291,257,290,256,289,255,289,254,289,253,289,252,289,251,289
269,294,268,295,267,295,266,295,265,296,264,296,263,297,262,298,261,298,260,299,259,300,258,300,257,301,256,302,255,303,255,304,254,305,254,306,254,307,254,308,254,309,254,310,254,311,255,312,256,313,257,314,258,315,259,316,260,316,261,316,262,316,263,316,264,316,265,315,266,315,267,315,268,314,269,314,270,313,271,312,272,311,273,310,274,310,275,309,276,308,277,307,278,306,278,305,279,304,279,303,279,302,279,301,280,300,280,299,280,298,279,297,279,296,278,295,277,294,276,294,275,294,274,294,273,294,272,294,271,294,270,294
330,296,329,297,328,297,327,297,326,298,325,298,324,299,323,300,322,300,322,301,321,302,320,302,320,303,319,304,319,305,318,306,318,307,318,308,318,309,318,310,318,311,318,312,318,313,319,314,319,315,319,316,320,317,320,318,320,319,321,320,322,321,322,322,323,323,324,324,325,325,326,325,327,326,328,326,329,326,330,326,331,326,332,326,333,326,334,325,335,325,336,324,337,324,338,323,339,322,340,322,340,321,341,320,341,319,341,318,342,317,342,316,342,315,342,314,342,313,342,312,342,311,342,310,343,309,342,308,342,307,343,306,343,305,343,304,342,303,342,302,342,301,341,300,340,299,339,298,338,298,337,297,336,297,335,297,334,297,333,296,332,296,331,296
374,297,373,298,372,299,371,300,370,301,369,302,369,303,368,304,367,305,366,306,365,307,365,308,365,309,365,310,365,311,365,312,365,313,365,314,365,315,365,316,365,317,365,318,365,319,365,320,365,321,366,322,367,323,368,324,369,324,370,325,371,325,372,325,373,325,374,325,375,325,376,324,377,324,378,323,379,322,380,321,381,320,381,319,382,318,382,317,383,316,384,315,385,314,385,313,386,312,387,311,387,310,387,309,387,308,387,307,387,306,387,305,386,304,386,303,385,303,384,302,384,301,383,300,382,299,381,298,380,297,379,297,378,297,377,297,376,297,375,297
303,304,302,305,301,305,300,306,299,306,298,307,297,308,296,308,295,309,295,310,294,311,294,312,293,313,293,314,293,315,293,316,292,317,292,318,292,319,292,320,293,321,293,322,293,323,294,324,294,325,295,326,295,327,296,328,297,329,298,329,299,330,300,331,301,331,302,331,303,332,304,332,305,332,306,332,307,332,308,332,309,332,310,332,311,332,312,331,313,331,314,330,315,329,316,328,316,327,317,326,317,325,317,324,318,323,318,322,318,321,318,320,319,319,319,318,319,317,318,316,318,315,318,314,317,313,317,312,317,311,317,310,316,310,315,309,314,308,313,307,312,306,311,306,310,306,309,305,308,305,307,305,306,304,305,304,304,304
354,305,353,306,352,306,351,307,350,307,349,308,348,309,347,309,347,310,346,311,345,312,344,313,343,314,343,315,343,316,343,317,342,318,342,319,342,320,341,321,341,322,342,323,342,324,342,325,342,326,342,327,342,328,342,329,342,330,342,331,342,332,343,333,342,334,343,335,343,336,344,337,345,338,346,339,347,339,348,339,349,339,350,339,351,339,352,338,353,337,353,336,354,335,355,334,356,333,357,332,358,331,358,330,359,329,360,328,360,327,361,326,362,325,362,324,363,323,363,322,364,321,364,320,364,319,364,318,364,317,364,316,364,315,364,314,364,313,364,312,364,311,364,310,364,309,364,308,364,307,363,307,362,307,361,306,360,306,359,305,358,305,357,305,356,305,355,305
276,318,275,319,274,320,273,321,272,321,271,322,271,323,270,324,269,325,269,326,269,327,269,328,269,329,269,330,269,331,269,332,270,333,270,334,271,335,272,336,273,336,274,337,275,337,276,338,277,338,278,339,279,339,280,339,281,339,282,339,283,338,284,338,285,338,286,337,287,336,288,335,288,334,288,333,289,332,289,331,289,330,289,329,289,328,289,327,289,326,289,325,288,324,287,323,286,322,286,321,285,320,284,320,283,319,282,318,281,318,280,318,279,318,278,318,277,318
312,338,311,339,310,339,310,340,309,341,308,342,308,343,308,344,307,345,307,346,307,347,307,348,307,349,307,350,306,351,307,352,307,353,307,354,307,355,308,356,309,357,310,357,311,358,312,357,313,357,314,357,315,357,316,357,317,357,318,357,319,357,320,356,321,356,322,355,323,355,324,355,325,355,326,355,327,354,327,353,328,352,329,351,330,350,330,349,331,348,331,347,331,346,331,345,330,344,330,343,329,342,328,341,327,341,326,340,325,340,324,339,323,339,322,338,321,338,320,338,319,338,318,338,317,338,316,338,315,338,314,338,313,338
293,340,292,341,291,341,290,342,289,342,288,343,287,344,286,345,286,346,285,347,285,348,285,349,286,350,286,351,287,352,288,353,288,354,289,354,290,355,291,356,292,356,293,356,294,356,295,356,296,356,297,356,298,356,299,356,300,356,301,356,302,355,303,355,304,354,304,353,305,352,305,351,306,350,306,349,306,348,306,347,305,346,304,345,303,344,302,343,301,342,300,341,299,341,298,341,297,341,296,340,295,340,294,340
353,343,352,344,351,344,350,344,349,344,348,345,347,346,346,346,346,347,345,348,345,349,344,350,344,351,344,352,344,353,344,354,345,355,346,356,347,356,348,357,349,357,350,357,351,356,352,356,353,355,354,355,355,354,355,353,356,352,356,351,357,350,357,349,357,348,357,347,357,346,356,345,355,345,354,344
399,348,398,349,397,349,396,350,395,351,394,351,393,351,392,352,391,352,390,353,389,353,388,354,387,355,387,356,387,357,386,358,386,359,386,360,386,361,386,362,387,363,387,364,388,364,389,365,390,365,391,365,392,365,393,365,394,365,395,365,396,365,397,365,398,364,399,364,400,364,401,363,402,363,403,363,404,363,405,362,406,362,406,361,407,360,408,359,408,358,409,357,409,356,409,355,408,354,408,353,408,352,408,351,407,350,406,349,405,349,404,349,403,349,402,349,401,349,400,348
409,364,408,365,407,365,406,365,405,366,404,366,403,367,402,368,401,368,400,369,399,369,398,369,397,370,396,371,395,371,394,371,393,372,392,373,391,374,391,375,390,376,390,377,390,378,391,379,391,380,392,381,393,381,394,382,395,381,396,381,397,381,398,381,399,381,400,380,401,380,402,379,403,379,404,378,405,378,406,378,407,378,408,378,409,378,410,378,411,378,412,378,413,377,414,378,415,377,416,376,417,375,418,375,419,374,419,373,420,372,421,371,421,370,421,369,422,368,422,367,421,366,421,365,420,364,419,364,418,364,417,364,416,364,415,364,414,364,413,364,412,364,411,364,410,364
424,417,423,418,422,418,421,418,420,418,419,418,418,418,417,419,416,420,415,420,414,421,413,422,413,423,413,424,413,425,414,426,415,427,416,428,417,428,418,428,419,429,420,429,421,429,422,429,423,429,424,429,425,429,426,428,427,428,428,428,429,427,430,426,431,425,432,424,431,423,431,422,431,421,431,420,430,419,429,419,428,418,427,418,426,418,425,417
212,429,211,430,210,430,209,431,208,432,208,433,207,434,207,435,207,436,207,437,208,438,209,439,209,440,210,441,211,441,212,442,213,442,214,442,215,442,216,442,217,441,218,441,219,440,220,439,221,438,221,437,221,436,221,435,221,434,221,433,220,432,219,431,218,430,217,430,216,429,215,429,214,429,213,429
176,430,175,431,174,431,173,431,172,431,171,431,170,432,169,433,169,434,168,435,168,436,168,437,168,438,169,439,169,440,170,441,171,442,172,443,173,443,174,444,175,444,176,444,177,444,178,443,179,443,180,442,181,442,182,441,183,440,183,439,184,438,184,437,184,436,184,435,183,434,183,433,182,432,181,431,180,431,179,431,178,430,177,430
382,435,381,436,380,436,379,436,378,437,377,438,376,438,375,439,375,440,375,441,374,442,374,443,373,444,374,445,374,446,374,447,374,448,374,449,373,450,374,451,375,452,376,453,377,453,378,453,379,453,380,454,381,454,382,454,383,454,384,454,385,454,386,454,387,453,388,453,389,453,390,452,391,451,392,450,393,449,393,448,393,447,393,446,393,445,393,444,393,443,393,442,392,441,392,440,391,439,390,438,389,437,388,437,387,436,386,436,385,436,384,436,383,436
429,436,428,437,427,437,426,437,425,438,425,439,424,440,424,441,423,442,423,443,423,444,423,445,423,446,423,447,424,448,425,449,425,450,426,451,427,451,428,452,428,453,429,453,430,454,431,454,432,455,433,455,434,455,435,455,436,456,437,456,438,456,439,456,440,456,441,456,442,455,443,455,444,454,445,454,445,453,446,452,447,451,447,450,447,449,448,448,448,447,447,446,447,445,447,444,446,443,445,442,444,441,443,440,442,440,441,439,440,438,439,438,438,437,437,437,436,437,435,437,434,437,433,437,432,436,431,436,430,436
231,439,230,440,229,440,228,441,227,442,226,443,226,444,225,445,225,446,225,447,225,448,225,449,225,450,226,451,226,452,226,453,227,454,227,455,228,456,229,457,230,458,231,458,232,458,233,459,234,459,235,459,236,459,237,459,238,459,239,459,240,459,241,458,242,458,243,457,244,456,245,455,246,454,246,453,246,452,246,451,247,450,247,449,247,448,247,447,246,446,246,445,245,444,244,443,243,442,242,441,241,440,240,439,239,439,238,439,237,439,236,439,235,439,234,439,233,439,232,439
193,443,192,444,191,445,190,445,189,446,188,447,187,448,187,449,187,450,186,451,186,452,186,453,186,454,186,455,186,456,187,457,187,458,187,459,188,460,188,461,189,462,190,463,191,464,192,464,193,465,194,465,195,465,196,465,197,466,198,465,199,465,200,465,201,465,202,465,203,464,204,464,205,463,206,462,207,461,207,460,208,459,208,458,209,457,209,456,209,455,209,454,209,453,209,452,209,451,208,450,208,449,207,448,206,447,205,447,204,446,203,445,202,445,201,444,200,444,199,443,198,443,197,443,196,443,195,443,194,443
161,447,160,448,159,448,158,448,157,449,156,450,155,451,154,452,154,453,153,454,152,455,152,456,152,457,152,458,152,459,152,460,152,461,152,462,152,463,152,464,153,465,153,466,154,467,154,468,155,469,156,470,157,471,158,471,159,472,160,472,161,473,162,473,163,473,164,472,165,472,166,473,167,472,168,472,169,472,170,471,171,471,172,470,173,470,174,469,174,468,175,467,176,466,176,465,177,464,177,463,178,462,178,461,178,460,178,459,177,458,177,457,177,456,176,455,176,454,175,453,175,452,174,451,173,450,172,449,171,448,170,448,169,447,168,447,167,447,166,447,165,447,164,447,163,447,162,447
474,448,473,449,473,450,473,451,472,452,472,453,472,454,472,455,472,456,472,457,472,458,472,459,473,460,473,461,473,462,473,463,473,464,474,465,474,466,475,467,476,468,477,469,478,470,479,471,480,472,481,472,482,473,483,474,484,475,485,475,486,474,487,474,488,473,489,473,490,472,491,472,492,471,493,470,493,469,493,468,494,467,494,466,495,465,495,464,495,463,495,462,494,461,494,460,494,459,493,458,493,457,492,456,492,455,491,454,490,453,489,452,488,451,487,450,486,449,485,449,484,448,483,448,482,448,481,448,480,448,479,448,478,448,477,448,476,448,475,448
134,454,133,455,132,455,131,455,130,456,129,457,128,458,127,459,127,460,127,461,127,462,127,463,127,464,127,465,128,466,128,467,129,468,130,469,131,470,132,470,133,471,134,471,135,471,136,471,137,471,138,471,139,471,140,470,141,470,142,469,142,468,143,467,144,466,144,465,144,464,144,463,144,462,144,461,144,460,144,459,144,458,143,457,142,456,141,455,140,455,139,455,138,454,137,454,136,454,135,454
215,455,214,456,214,457,213,458,213,459,212,460,212,461,211,462,211,463,211,464,211,465,211,466,211,467,212,468,212,469,212,470,213,471,214,472,215,473,216,473,217,474,218,474,219,474,220,474,221,474,222,474,223,474,224,474,225,473,226,473,227,472,228,471,229,470,230,469,230,468,230,467,230,466,230,465,230,464,230,463,229,462,229,461,228,460,228,459,227,458,226,457,225,457,224,456,223,456,222,455,221,455,220,455,219,455,218,455,217,455,216,455
398,456,397,457,396,457,395,457,394,458,393,459,392,459,391,460,390,460,389,461,388,462,388,463,387,464,387,465,386,466,385,467,385,468,385,469,384,470,384,471,384,472,384,473,384,474,384,475,384,476,384,477,384,478,384,479,385,480,385,481,386,482,386,483,387,484,388,485,389,486,389,487,390,488,390,489,391,489,392,490,393,491,394,491,395,492,396,492,397,493,398,493,399,493,400,493,401,493,402,493,403,493,404,493,405,493,406,492,407,492,408,491,409,491,410,490,411,490,412,489,413,488,414,487,415,486,416,485,416,484,417,483,418,482,418,481,418,480,418,479,419,478,419,477,419,476,419,475,419,474,418,473,418,472,418,471,417,470,417,469,417,468,417,467,416,466,416,465,415,464,415,463,414,462,413,461,412,460,411,459,410,458,409,458,408,457,407,457,406,457,405,457,404,457,403,456,402,456,401,456,400,456,399,456
248,459,247,460,246,460,245,461,244,461,243,462,242,462,241,463,240,464,239,464,239,465,238,466,237,467,237,468,237,469,237,470,237,471,237,472,237,473,238,474,238,475,239,476,239,477,240,478,241,478,242,479,243,479,244,480,245,480,246,480,247,480,248,480,249,480,250,480,251,480,252,479,253,479,254,478,255,478,256,477,257,476,258,475,258,474,259,473,260,472,260,471,261,470,261,469,261,468,261,467,260,466,260,465,259,464,258,463,257,462,256,461,255,460,254,460,253,459,252,459,251,459,250,459,249,459
349,463,348,464,347,464,346,464,345,464,344,464,343,465,342,465,341,466,340,467,340,468,339,469,339,470,339,471,339,472,339,473,339,474,340,475,341,476,342,477,343,478,344,479,345,480,346,480,347,481,348,481,349,482,350,482,351,483,352,483,353,483,354,483,355,483,356,483,357,483,358,483,359,483,360,482,361,482,361,481,362,480,362,479,362,478,363,477,363,476,363,475,363,474,363,473,364,472,364,471,364,470,363,469,362,468,361,467,360,466,359,466,358,465,357,465,356,464,355,464,354,464,353,464,352,464,351,463,350,463
447,469,446,470,445,470,444,470,443,471,442,471,441,472,440,472,439,473,438,473,437,474,436,475,436,476,435,477,434,478,433,479,433,480,432,481,431,481,430,482,429,482,428,483,427,484,426,485,425,486,424,487,423,488,422,489,421,490,420,491,420,492,419,493,419,494,419,495,419,496,419,497,419,498,419,499,419,500,418,501,418,502,418,503,418,504,419,505,419,506,419,507,420,508,420,509,419,510,420,510,421,510,422,511,423,511,424,511,425,511,426,511,427,511,428,511,429,511,430,511,431,511,432,511,433,511,434,511,435,511,436,511,437,511,438,511,439,511,440,511,441,511,442,511,443,511,444,511,445,511,446,511,447,511,448,511,449,510,450,510,451,510,452,510,453,510,454,509,455,508,456,507,457,506,458,505,458,504,458,503,459,502,459,501,459,500,460,499,460,498,461,497,462,496,462,495,462,494,463,493,463,492,463,491,464,490,464,489,464,488,464,487,464,486,464,485,464,484,464,483,464,482,464,481,463,480,463,479,463,478,462,477,461,476,461,475,460,474,459,473,458,472,457,471,456,471,455,470,454,470,453,470,452,469,451,469,450,469,449,469,448,469
182,471,181,472,180,472,179,472,178,473,178,474,177,475,177,476,177,477,176,478,176,479,176,480,177,481,177,482,178,483,178,484,179,485,180,486,181,487,182,488,183,489,184,489,185,490,186,490,187,490,188,490,189,490,190,490,191,489,192,489,193,488,194,487,194,486,194,485,194,484,194,483,194,482,194,481,194,480,194,479,193,478,192,477,191,476,191,475,190,474,189,473,188,472,187,471,186,471,185,471,184,471,183,471
142,472,141,473,140,473,139,473,138,473,138,474,137,475,137,476,137,477,137,478,136,479,136,480,136,481,136,482,136,483,136,484,136,485,137,486,137,487,137,488,138,488,139,489,140,490,141,491,142,491,143,491,144,491,145,491,146,491,147,491,148,491,149,491,150,491,151,490,152,490,153,489,153,488,154,487,155,486,155,485,155,484,155,483,155,482,156,481,155,480,155,479,155,478,154,477,153,476,152,475,151,474,150,473,149,473,148,473,147,472,146,472,145,472,144,472,143,472
201,476,200,477,199,477,198,478,197,479,196,480,195,480,195,481,195,482,195,483,195,484,195,485,195,486,195,487,196,488,197,489,197,490,197,491,198,492,198,493,197,494,198,495,198,496,198,497,199,498,200,499,200,500,200,501,201,502,201,503,201,504,202,505,203,506,204,507,205,507,206,508,206,509,207,509,208,510,209,510,210,510,211,510,212,511,213,511,214,510,215,510,216,510,217,509,218,509,219,508,220,508,221,507,222,506,223,505,223,504,224,503,224,502,225,501,225,500,226,499,225,498,224,497,223,496,222,495,222,494,221,493,220,492,220,491,219,490,219,489,218,488,218,487,218,486,217,486,216,485,215,484,214,483,213,483,212,482,211,481,210,480,209,479,208,478,207,478,206,477,205,476,204,476,203,476,202,476
227,479,226,480,225,480,224,481,223,482,222,482,221,483,220,484,220,485,219,486,218,485,219,486,219,487,219,488,220,489,220,490,221,491,221,492,222,493,223,494,223,495,224,496,225,497,226,498,227,498,228,498,229,498,230,498,231,498,232,498,233,497,234,497,235,497,236,496,237,496,238,495,239,494,239,493,240,492,240,491,241,490,241,489,241,488,241,487,241,486,241,485,241,484,240,483,240,482,239,481,238,481,237,480,236,480,235,479,234,479,233,479,232,479,231,479,230,479,229,479,228,479
123,480,122,481,121,481,120,482,120,483,119,484,119,485,118,486,118,487,118,488,118,489,118,490,118,491,118,492,119,493,119,494,119,495,120,496,121,497,121,498,122,498,123,499,124,499,125,499,126,499,127,499,128,499,129,499,130,499,131,499,132,498,133,498,134,497,135,496,135,495,135,494,136,493,136,492,136,491,136,490,136,489,136,488,136,487,136,486,135,485,135,484,134,484,133,483,132,482,131,481,130,481,129,481,128,480,127,480,126,480,125,480,124,480
340,482,339,483,338,483,337,483,336,484,335,485,334,486,333,487,332,488,332,489,332,490,331,491,331,492,332,493,332,494,333,495,333,496,334,497,335,498,335,499,336,500,336,501,337,501,338,501,339,501,340,501,341,501,342,501,343,501,344,501,345,502,346,502,347,502,348,502,349,502,350,501,351,501,352,501,352,500,353,499,354,498,354,497,355,496,355,495,356,494,356,493,356,492,356,491,355,490,355,489,354,488,353,487,353,486,352,486,351,486,350,485,349,484,348,484,347,484,346,483,345,483,344,482,343,482,342,482,341,482
252,488,251,489,250,489,249,489,248,490,247,490,246,491,245,492,244,493,243,493,243,494,242,495,241,496,241,497,241,498,240,499,240,500,240,501,240,502,240,503,240,504,241,505,241,506,241,507,242,508,242,509,243,510,244,510,245,510,246,510,247,511,248,511,249,511,250,511,251,511,252,511,253,511,254,511,255,511,256,511,257,511,258,511,259,511,260,510,261,510,262,510,263,509,263,508,264,507,264,506,265,505,266,504,266,503,266,502,266,501,266,500,266,499,266,498,266,497,266,496,266,495,265,494,265,493,264,492,264,491,263,490,262,490,261,489,260,489,259,488,258,488,257,488,256,488,255,488,254,488,253,488
137,495,136,496,135,497,134,498,133,499,132,499,131,500,131,501,131,502,130,503,130,504,129,505,129,506,129,507,128,508,127,508,126,509,125,509,124,509,123,509,122,510,122,511,123,511,124,511,125,511,126,511,127,511,128,511,129,511,130,511,131,511,132,511,133,511,134,511,135,511,136,511,137,511,138,511,139,511,140,511,141,511,142,511,143,511,144,511,145,511,146,511,147,511,148,510,149,509,150,508,150,507,151,506,151,505,151,504,151,503,151,502,150,501,150,500,149,499,148,498,147,498,146,497,145,496,144,496,143,496,142,496,141,496,140,496,139,496,138,496
387,495,386,496,385,496,384,497,383,497,382,498,381,499,381,500,380,501,379,502,378,503,377,504,376,505,376,506,376,507,376,508,376,509,375,510,375,511,376,511,377,511,378,511,379,511,380,511,381,511,382,511,383,511,384,511,385,511,386,511,387,511,388,511,389,511,390,511,391,511,392,511,393,511,394,511,395,511,396,511,397,511,398,511,399,511,400,510,400,509,400,508,400,507,401,506,401,505,401,504,402,503,402,502,403,501,403,500,404,499,403,498,402,498,401,497,400,497,399,497,398,497,397,496,396,496,395,496,394,496,393,496,392,496,391,496,390,495,389,495,388,495
489,497,488,498,487,498,486,499,485,500,484,501,483,501,483,502,482,503,482,504,482,505,481,506,481,507,480,508,481,509,481,510,482,511,483,511,484,511,485,511,486,511,487,511,488,511,489,511,490,511,491,511,492,511,493,511,494,511,495,511,496,511,497,511,498,511,499,511,500,510,500,509,500,508,500,507,500,506,500,505,500,504,499,503,499,502,498,501,498,500,497,499,496,498,495,498,494,497,493,497,492,497,491,497,490,497
404,500,404,501,403,502,403,503,402,504,402,505,402,506,401,507,401,508,401,509,401,510,400,511,401,511,402,511,403,511,404,511,405,511,406,511,407,511,408,511,409,511,410,511,411,511,412,511,413,510,413,509,413,508,413,507,413,506,412,505,411,504,410,503,410,502,409,502,408,501,407,501,406,500,405,500
336,502,335,503,334,504,334,505,333,506,333,507,333,508,333,509,333,510,334,511,335,511,336,511,337,511,338,511,339,511,340,511,341,511,342,511,343,511,344,511,345,511,346,511,347,511,348,511,349,511,350,511,351,511,352,511,353,510,353,509,352,508,352,507,352,506,351,505,350,504,349,503,348,503,347,503,346,503,345,503,344,502,343,502,342,502,341,502,340,502,339,502,338,502,337,502
