21,147,20,148,19,149,19,150,19,151,18,152,19,153,19,154,20,155,21,155,22,156,23,156,24,156,25,156,26,156,27,156,28,156,29,155,29,154,30,153,30,152,29,151,29,150,28,149,27,149,26,148,25,148,24,147,23,147,22,147
477,159,476,160,475,160,475,161,474,162,474,163,474,164,474,165,475,166,476,167,477,167,478,168,479,168,480,168,481,167,482,167,483,167,484,166,484,165,484,164,484,163,484,162,483,161,482,160,481,160,480,159,479,159,478,159
237,211,236,212,235,212,234,212,233,213,232,214,232,215,231,216,231,217,230,218,230,219,230,220,230,221,230,222,231,223,231,224,232,225,232,226,233,227,234,228,235,228,236,229,237,229,238,229,239,229,240,229,241,229,242,228,243,227,244,226,245,225,245,224,245,223,246,222,245,221,245,220,245,219,244,218,244,217,243,216,242,215,241,214,240,213,239,213,238,212
223,226,222,227,221,227,220,228,219,228,218,229,218,230,217,231,217,232,217,233,217,234,217,235,218,236,219,237,219,238,220,239,220,240,221,241,222,242,223,243,224,243,225,244,226,243,227,243,228,243,229,242,230,241,231,240,232,239,233,238,233,237,233,236,233,235,233,234,233,233,233,232,233,231,232,230,231,229,230,228,229,227,228,227,227,227,226,226,225,226,224,226
332,298,331,299,330,299,329,299,328,299,327,300,326,300,325,300,324,301,323,301,322,302,321,302,320,303,319,304,318,304,318,305,317,306,316,307,315,308,315,309,314,310,313,311,313,312,313,313,313,314,313,315,313,316,313,317,314,318,315,319,316,319,317,320,317,321,317,322,317,323,317,324,317,325,318,326,317,327,316,328,316,329,316,330,315,331,316,332,316,333,317,334,317,335,317,336,318,337,319,338,320,338,321,338,322,338,323,338,324,338,325,338,326,337,327,337,328,337,329,336,330,335,331,334,331,333,332,332,333,331,334,331,335,330,336,329,336,328,336,327,337,326,337,325,338,324,338,323,339,322,339,321,340,320,340,319,341,318,341,317,341,316,342,315,343,314,343,313,343,312,344,311,344,310,344,309,344,308,344,307,344,306,344,305,343,304,343,303,343,302,342,301,341,300,340,299,339,299,338,299,337,298,336,298,335,298,334,298,333,298
347,320,346,321,345,321,344,321,343,321,342,321,341,322,340,323,339,323,339,324,338,325,338,326,337,327,337,328,337,329,337,330,337,331,337,332,337,333,337,334,337,335,337,336,338,337,339,338,339,339,339,340,340,341,340,342,341,342,342,342,343,343,344,343,345,344,346,344,347,344,348,343,349,343,350,343,351,343,352,342,353,341,354,341,355,340,356,339,356,338,357,337,358,336,358,335,359,334,359,333,359,332,359,331,360,330,360,329,360,328,360,327,360,326,359,325,359,324,358,323,357,322,356,322,355,322,354,321,353,321,352,321,351,321,350,321,349,321,348,320
174,327,173,328,172,328,171,328,170,329,169,330,168,331,167,332,166,333,166,334,166,335,165,336,165,337,165,338,165,339,164,340,164,341,164,342,164,343,164,344,165,345,165,346,165,347,166,348,166,349,166,350,167,351,168,352,169,353,170,353,171,354,172,355,173,355,174,355,175,355,176,355,177,355,178,355,179,354,180,354,181,353,182,352,183,352,184,351,185,350,186,349,186,348,187,347,187,346,188,345,188,344,188,343,188,342,188,341,188,340,188,339,188,338,187,337,187,336,187,335,186,334,186,333,185,332,184,331,183,330,182,329,181,328,180,328,179,327,178,327,177,327,176,327,175,327
382,338,381,339,380,339,379,340,378,340,377,341,376,342,375,342,374,343,373,344,373,345,373,346,372,347,372,348,372,349,371,350,371,351,371,352,371,353,371,354,371,355,371,356,371,357,371,358,372,359,372,360,373,361,374,361,375,362,376,363,377,363,378,363,379,363,380,362,381,362,382,362,383,362,384,362,385,362,386,362,387,362,388,361,389,361,390,360,391,359,391,358,392,357,393,356,393,355,393,354,393,353,394,352,394,351,394,350,394,349,394,348,393,347,393,346,393,345,392,344,392,343,391,342,390,341,389,340,388,339,387,339,386,339,385,339,384,338,383,338
220,348,219,349,218,349,217,349,216,350,215,351,214,351,213,352,212,353,211,353,210,354,209,355,208,356,207,357,206,358,205,359,204,360,203,361,202,361,201,362,200,363,199,364,198,365,197,366,196,367,195,368,195,369,194,370,193,371,193,372,192,373,192,374,192,375,191,376,191,377,191,378,190,379,190,380,190,381,190,382,190,383,190,384,190,385,191,386,191,387,192,388,192,389,193,390,194,391,195,392,196,393,197,393,198,394,199,394,200,395,201,395,202,395,203,395,204,395,205,395,206,395,207,395,208,394,209,394,210,394,211,393,212,393,213,393,214,392,215,392,216,392,217,391,218,390,219,389,220,388,221,388,222,387,223,386,224,385,225,384,226,384,227,383,228,383,229,382,230,382,231,381,232,380,233,379,234,379,235,378,236,377,237,377,238,376,239,375,240,374,241,373,242,372,243,371,243,370,244,369,244,368,245,367,245,366,245,365,245,364,245,363,245,362,245,361,245,360,245,359,244,358,244,357,243,356,242,355,241,354,240,353,239,352,238,352,237,351,236,351,235,351,234,350,233,350,232,349,231,349,230,349,229,348,228,348,227,348,226,348,225,348,224,348,223,348,222,348,221,348
94,370,93,371,92,371,91,371,90,371,89,371,88,372,87,372,86,373,85,374,85,375,84,376,83,377,82,378,82,379,81,380,81,381,81,382,81,383,81,384,81,385,82,386,82,387,83,388,84,389,85,390,86,390,87,391,88,391,89,392,90,392,91,392,92,392,93,392,94,392,95,392,96,392,97,392,98,391,99,390,100,390,101,389,102,388,102,387,103,386,104,385,104,384,105,383,105,382,105,381,105,380,105,379,105,378,105,377,105,376,104,375,104,374,103,373,102,373,101,372,100,371,99,371,98,370,97,370,96,370,95,370
47,374,46,375,45,375,44,375,43,376,42,377,41,378,40,379,40,380,39,381,39,382,39,383,38,384,38,385,38,386,38,387,38,388,38,389,38,390,38,391,39,392,40,393,41,393,42,394,43,395,44,395,45,395,46,396,47,396,48,396,49,397,50,397,51,397,52,397,53,397,54,397,55,397,56,397,57,397,58,397,59,397,60,397,61,396,62,396,63,396,64,395,65,395,66,394,67,393,67,392,68,391,68,390,68,389,68,388,68,387,68,386,68,385,67,384,67,383,66,382,65,381,65,380,64,379,63,378,62,377,61,376,60,376,59,375,58,375,57,375,56,374,55,374,54,374,53,374,52,374,51,374,50,374,49,374,48,374
