117,110,116,111,115,111,114,112,113,113,112,114,111,115,111,116,110,117,110,118,110,119,110,120,110,121,110,122,110,123,111,124,112,125,113,126,114,126,115,127,116,127,117,127,118,127,119,126,120,126,121,126,122,125,123,125,124,124,125,123,126,122,126,121,126,120,127,119,127,118,127,117,127,116,127,115,126,114,126,113,125,112,124,111,123,110,122,110,121,110,120,110,119,110,118,110
215,169,214,170,213,170,212,170,211,171,210,172,209,172,208,173,207,174,206,175,206,176,205,177,205,178,204,179,204,180,204,181,204,182,204,183,205,184,205,185,206,186,206,187,207,188,208,189,209,190,210,191,211,192,212,192,213,192,214,193,215,193,216,194,217,194,218,194,219,194,220,194,221,193,222,192,223,191,223,190,224,189,224,188,224,187,224,186,225,185,225,184,225,183,226,182,226,181,226,180,227,179,227,178,227,177,228,176,227,175,227,174,226,173,225,172,224,171,223,170,222,170,221,169,220,169,219,169,218,169,217,169,216,169
232,175,231,176,230,176,229,176,228,177,228,178,228,179,227,180,227,181,227,182,226,183,226,184,226,185,225,186,225,187,225,188,225,189,224,190,224,191,225,192,226,193,227,193,228,193,229,194,230,194,231,194,232,194,233,194,234,194,235,193,236,193,237,192,238,191,239,190,239,189,240,188,240,187,241,186,241,185,241,184,241,183,242,182,242,181,241,180,241,179,240,178,240,177,239,177,238,176,237,176,236,175,235,175,234,175,233,175
173,177,172,178,171,178,170,179,170,180,170,181,169,182,169,183,169,184,169,185,169,186,169,187,169,188,170,189,170,190,171,191,172,192,173,192,174,192,175,193,176,193,177,193,178,192,179,192,180,192,181,191,182,190,183,189,183,188,184,187,184,186,184,185,185,184,185,183,185,182,184,181,183,180,182,179,181,178,180,177,179,177,178,177,177,177,176,177,175,177,174,177
271,188,270,189,269,189,268,190,267,191,267,192,266,193,266,194,266,195,266,196,266,197,266,198,266,199,267,200,267,201,268,202,268,203,269,204,270,205,271,206,272,206,273,206,274,207,275,207,276,207,277,208,278,208,279,208,280,208,281,207,282,207,283,207,284,206,285,206,286,205,287,204,287,203,288,202,288,201,288,200,288,199,288,198,288,197,288,196,287,195,287,194,286,193,285,192,284,192,283,191,282,191,281,190,280,190,279,189,278,189,277,188,276,188,275,188,274,188,273,188,272,188
251,190,250,191,249,191,248,192,247,192,246,193,245,194,244,194,243,195,242,196,241,197,241,198,241,199,240,200,240,201,240,202,240,203,240,204,240,205,241,206,242,207,243,208,243,209,244,210,245,211,245,212,246,213,247,214,248,215,249,216,250,217,251,218,252,219,252,220,252,221,252,222,252,223,252,224,252,225,253,226,254,226,255,226,256,227,257,227,258,227,259,228,260,228,261,229,262,229,263,230,264,230,265,230,266,229,266,228,267,227,268,226,268,225,269,224,270,223,270,222,270,221,271,220,271,219,270,218,271,217,271,216,271,215,271,214,271,213,271,212,271,211,271,210,271,209,270,208,270,207,269,206,269,205,268,204,267,203,267,202,266,201,266,200,265,199,265,198,265,197,264,197,263,196,262,195,261,194,260,193,259,192,258,192,257,191,256,191,255,191,254,191,253,190,252,190
225,194,224,195,223,195,222,196,221,197,220,198,219,199,218,200,217,201,216,202,215,203,214,204,214,205,213,206,212,207,212,208,213,209,214,209,215,210,216,210,217,210,218,210,219,211,220,211,221,210,222,210,223,210,224,209,225,208,226,208,227,207,228,207,229,206,230,205,231,205,232,204,233,204,234,203,234,202,234,201,234,200,234,199,234,198,233,197,232,196,232,195,231,195,230,195,229,195,228,194,227,194,226,194
192,195,191,196,190,196,189,197,188,197,187,198,187,199,186,200,186,201,185,202,185,203,184,204,184,205,184,206,184,207,183,208,183,209,183,210,183,211,183,212,183,213,183,214,182,215,182,216,182,217,181,218,181,219,181,220,180,221,180,222,180,223,181,224,181,225,182,226,183,227,184,228,185,229,186,230,187,230,188,231,189,231,190,232,191,232,192,232,193,232,194,232,195,232,196,232,197,232,198,232,199,231,200,230,201,229,202,228,203,227,204,226,205,225,206,224,207,223,207,222,207,221,207,220,207,219,207,218,207,217,208,216,208,215,208,214,209,213,210,212,210,211,211,210,211,209,211,208,211,207,211,206,210,205,210,204,209,203,208,202,207,201,206,200,205,199,204,198,203,198,202,197,201,197,200,196,199,196,198,195,197,195,196,195,195,195,194,195,193,195
232,205,231,206,230,206,229,207,228,208,227,208,226,209,225,209,224,210,223,211,222,211,223,212,222,213,222,214,222,215,222,216,222,217,222,218,222,219,222,220,222,221,222,222,223,223,223,224,224,225,225,226,225,227,226,228,227,229,228,230,229,231,230,231,231,232,232,233,233,233,234,233,235,233,236,232,237,232,238,232,239,231,240,231,241,230,242,229,242,228,243,227,243,226,244,225,244,224,244,223,244,222,245,221,245,220,245,219,245,218,245,217,245,216,245,215,245,214,245,213,244,212,244,211,243,210,242,209,242,208,241,207,240,206,239,205,238,205,237,205,236,205,235,205,234,205,233,205
212,209,212,210,211,211,211,212,210,213,209,214,209,215,209,216,208,217,208,218,208,219,208,220,208,221,208,222,208,223,209,224,210,224,211,224,212,225,213,225,214,226,215,226,216,225,217,225,218,224,219,223,220,222,221,221,221,220,221,219,221,218,221,217,221,216,221,215,221,214,221,213,220,212,219,212,218,211,217,211,216,211,215,211,214,210,213,210
284,211,283,212,282,212,281,213,280,214,279,215,278,215,277,216,276,217,275,218,274,219,273,220,272,220,271,221,271,222,271,223,270,224,269,225,269,226,268,227,267,228,267,229,266,230,266,231,266,232,266,233,266,234,265,235,264,236,263,236,262,237,262,238,261,239,260,240,260,241,259,242,259,243,259,244,258,245,258,246,259,247,260,247,261,248,262,248,263,249,264,250,265,251,266,251,267,252,268,252,269,253,270,253,271,254,272,255,273,255,274,256,275,255,276,255,277,254,278,253,279,252,280,251,281,250,280,249,279,248,279,247,279,246,280,245,280,244,281,243,282,242,283,241,284,240,285,239,285,238,285,237,286,236,287,235,288,234,289,234,290,233,291,232,292,231,293,231,294,230,295,229,296,228,297,227,298,226,299,225,300,224,300,223,301,222,301,221,301,220,301,219,301,218,301,217,301,216,301,215,300,214,299,213,298,212,297,212,296,212,295,212,294,211,293,211,292,211,291,211,290,211,289,211,288,211,287,211,286,211,285,211
207,224,206,225,205,226,204,227,203,228,202,229,201,230,201,231,201,232,201,233,200,234,200,235,200,236,200,237,200,238,200,239,200,240,200,241,200,242,200,243,201,244,201,245,202,246,202,247,203,248,203,249,204,250,205,250,206,251,207,251,208,252,209,252,210,252,211,251,212,251,213,250,214,250,215,249,215,248,216,247,216,246,216,245,216,244,217,243,217,242,217,241,217,240,217,239,218,238,218,237,218,236,218,235,218,234,218,233,217,232,217,231,216,230,215,229,215,228,214,227,213,226,212,226,211,225,210,225,209,225,208,224
304,224,303,225,302,225,301,225,300,225,299,226,298,227,297,228,296,229,295,230,294,231,294,232,294,233,293,234,293,235,293,236,293,237,293,238,293,239,292,240,291,240,292,241,292,242,293,243,293,244,293,245,293,246,293,247,293,248,293,249,294,250,294,251,295,251,296,252,296,253,297,253,298,254,299,254,300,255,301,255,302,255,303,254,304,254,305,253,306,252,306,251,307,250,307,249,308,248,309,247,309,246,310,245,310,244,311,243,311,242,311,241,312,240,312,239,312,238,312,237,313,236,313,235,314,234,314,233,314,232,314,231,314,230,314,229,314,228,314,227,313,226,312,225,311,224,310,224,309,224,308,224,307,224,306,224,305,224
252,226,251,227,251,228,250,229,249,229,248,229,247,230,246,231,245,232,244,233,244,234,243,235,242,236,242,237,241,238,241,239,241,240,241,241,240,242,240,243,240,244,240,245,240,246,240,247,240,248,239,249,239,250,238,251,237,252,236,253,236,254,235,255,234,256,233,257,233,258,233,259,234,260,235,261,236,261,237,261,238,261,239,260,240,260,241,260,242,259,243,258,244,258,245,257,246,256,247,256,248,255,248,254,249,253,250,252,251,252,252,251,253,250,254,249,255,248,256,247,257,246,257,245,258,244,258,243,258,242,259,241,259,240,260,239,260,238,261,237,260,236,261,235,261,234,262,233,263,232,263,231,262,230,261,230,260,229,259,229,258,228,257,228,256,228,255,227,254,227,253,227
225,236,224,237,223,238,223,239,222,240,222,241,221,242,221,243,221,244,220,245,220,246,220,247,219,248,219,249,219,250,219,251,219,252,220,253,220,254,221,255,221,256,222,257,223,257,224,257,225,258,226,258,227,257,228,257,229,257,230,257,231,256,232,256,233,256,234,255,235,254,235,253,236,252,237,251,238,250,238,249,239,248,239,247,239,246,239,245,239,244,239,243,239,242,238,241,237,240,236,239,235,239,234,238,233,237,232,237,231,236,230,236,229,236,228,236,227,236,226,236
257,247,256,248,255,249,254,250,253,251,252,252,251,253,250,253,249,254,249,255,248,256,247,257,246,257,245,258,244,259,243,259,242,260,241,261,240,261,239,261,238,262,237,262,236,262,236,263,235,264,234,265,233,266,233,267,232,268,231,269,231,270,231,271,230,272,230,273,230,274,230,275,230,276,230,277,231,278,231,279,232,280,233,281,233,282,234,282,235,283,236,283,237,283,238,284,239,284,240,284,241,284,242,284,243,283,244,283,245,283,246,283,247,283,248,282,249,282,250,281,251,281,252,280,253,281,254,280,255,279,255,278,256,277,257,276,257,275,258,274,259,273,260,272,261,271,262,270,262,269,263,268,264,267,264,266,265,265,266,264,266,263,267,262,268,261,269,260,270,259,271,259,272,258,273,257,273,256,272,256,271,255,270,254,269,254,268,253,267,253,266,252,265,252,264,251,263,250,262,249,261,249,260,248,259,248,258,247
281,251,280,252,279,253,278,254,277,255,276,256,275,256,274,257,273,258,272,259,271,260,270,260,269,261,268,262,267,263,267,264,266,265,265,266,265,267,264,268,263,269,263,270,262,271,261,272,260,273,259,274,258,275,258,276,257,277,256,278,256,279,255,280,256,280,257,281,258,282,259,282,260,283,261,284,262,284,263,284,264,283,265,283,266,283,267,283,268,283,269,283,270,283,271,282,272,282,273,282,274,281,275,280,276,279,277,279,278,279,279,279,280,279,281,279,282,279,283,279,284,278,285,277,286,276,287,275,288,274,289,274,290,273,291,272,292,272,293,271,294,271,295,270,296,270,297,270,296,269,295,268,295,267,295,266,294,265,294,264,294,263,293,262,292,261,291,260,291,259,290,258,289,257,289,256,288,255,287,254,287,253,286,253,285,252,284,252,283,251,282,251
316,253,315,254,314,254,313,255,312,256,311,256,310,257,309,258,308,259,308,260,307,261,306,262,305,263,305,264,304,265,304,266,303,267,302,268,302,269,302,270,301,271,300,272,300,273,300,274,300,275,300,276,300,277,300,278,300,279,300,280,300,281,300,282,300,283,300,284,300,285,300,286,300,287,300,288,300,289,301,290,302,291,301,292,302,292,303,292,304,292,305,291,306,291,307,291,308,291,309,291,310,291,311,290,312,290,313,290,314,290,315,290,316,290,317,290,316,289,317,288,318,287,318,286,319,285,320,284,321,283,321,282,322,281,323,280,323,279,323,278,324,277,324,276,324,275,324,274,325,273,325,272,325,271,325,270,326,269,326,268,326,267,326,266,326,265,327,264,326,263,326,262,326,261,326,260,325,259,325,258,324,257,323,256,322,255,321,254,320,253,319,253,318,253,317,253
205,255,204,256,203,257,202,258,202,259,202,260,201,261,201,262,201,263,202,264,202,265,203,266,204,267,205,268,206,268,207,269,208,269,209,269,210,269,211,269,212,269,213,269,214,270,215,270,216,270,217,271,218,271,219,271,220,272,221,272,222,272,223,272,224,271,225,270,226,269,226,268,227,267,227,266,227,265,227,264,227,263,226,262,225,261,224,260,223,260,222,259,221,259,220,259,219,259,218,258,217,257,216,257,215,256,214,256,213,256,212,256,211,255,210,255,209,255,208,255,207,255,206,255
340,258,339,259,338,259,337,260,336,260,335,261,334,261,333,262,332,262,331,263,330,264,329,265,328,266,327,266,327,267,327,268,327,269,326,270,326,271,326,272,326,273,325,274,325,275,325,276,325,277,324,278,324,279,324,280,324,281,325,282,325,283,325,284,326,285,326,286,326,287,327,288,328,289,328,290,329,290,330,290,331,290,332,290,333,290,334,290,335,289,336,289,337,288,338,287,339,287,340,286,340,285,341,284,342,283,343,283,342,282,343,281,344,280,344,279,345,278,345,277,346,276,347,275,348,274,349,273,349,272,349,271,350,270,350,269,350,268,351,267,351,266,351,265,351,264,351,263,350,262,350,261,349,260,349,259,348,259,347,258,346,258,345,258,344,258,343,258,342,258,341,258
295,271,294,272,293,272,292,273,291,273,290,274,289,275,288,275,287,276,286,277,285,278,284,279,283,280,282,280,282,281,282,282,282,283,282,284,282,285,282,286,281,287,281,288,280,289,280,290,280,291,280,292,279,293,279,294,278,295,278,296,278,297,277,298,277,299,276,300,276,301,277,302,278,303,279,303,280,303,281,303,282,303,283,303,284,303,285,303,286,303,287,303,288,303,289,303,290,303,291,303,291,302,292,301,293,300,294,299,294,298,295,297,295,296,296,295,297,294,297,293,298,292,298,291,299,290,299,289,299,288,299,287,299,286,299,285,299,284,299,283,299,282,299,281,299,280,299,279,299,278,299,277,299,276,299,275,299,274,299,273,299,272,298,271,297,271,296,271
353,273,352,274,351,274,350,274,349,274,348,275,347,276,346,277,346,278,345,279,345,280,344,281,344,282,344,283,343,284,343,285,344,286,344,287,344,288,344,289,344,290,345,291,345,292,345,293,346,294,346,295,347,296,347,297,348,297,349,298,350,298,351,299,352,299,353,299,354,299,355,298,356,298,357,297,358,296,359,296,359,295,360,294,360,293,361,292,361,291,362,290,362,289,362,288,362,287,362,286,362,285,362,284,362,283,362,282,362,281,362,280,361,279,361,278,361,277,360,276,359,275,358,274,357,274,356,274,355,274,354,274
276,280,275,281,274,282,273,283,272,283,271,283,270,284,269,284,268,284,267,284,266,284,265,284,264,284,263,285,262,285,261,285,260,286,259,287,258,288,257,289,256,290,255,291,254,292,253,292,252,293,251,294,250,294,249,295,248,295,248,296,249,297,249,298,249,299,250,300,251,300,252,301,253,301,254,302,255,302,256,303,257,303,258,303,259,303,260,303,261,303,262,304,262,305,262,306,262,305,263,304,264,304,265,304,266,304,267,303,268,303,269,302,270,302,271,301,272,300,273,300,274,300,275,300,276,299,276,298,277,297,277,296,277,295,278,294,278,293,279,292,279,291,279,290,279,289,280,288,280,287,281,286,281,285,281,284,281,283,281,282,281,281,281,280,280,280,279,280,278,280,277,280
383,282,382,283,381,283,380,283,379,283,378,283,377,284,376,284,375,285,375,286,375,287,374,288,375,289,375,290,375,291,376,292,377,293,378,294,378,295,379,295,380,296,381,296,382,297,383,297,384,297,385,297,386,296,387,296,388,295,388,294,389,293,389,292,389,291,390,290,390,289,390,288,390,287,389,286,388,285,388,284,387,284,386,283,385,283,384,283
311,291,310,292,309,292,308,292,307,292,306,292,305,292,304,293,303,293,302,293,301,293,300,294,299,295,299,296,298,297,298,298,297,299,296,300,296,301,295,302,295,303,294,304,294,305,294,306,294,307,294,308,294,309,293,310,293,311,293,312,293,313,294,314,295,315,296,316,297,316,298,315,299,315,300,315,301,315,302,314,303,314,304,314,305,314,306,313,307,313,308,313,309,313,310,312,311,312,312,312,313,312,314,312,314,311,314,310,314,309,315,308,315,307,315,306,316,305,316,304,316,303,317,302,317,301,317,300,318,299,318,298,318,297,318,296,318,295,317,294,318,293,318,292,317,291,316,291,315,291,314,291,313,291,312,291
327,291,326,292,325,292,324,293,323,293,322,294,321,295,320,296,319,296,319,297,319,298,319,299,318,300,318,301,318,302,317,303,317,304,317,305,316,306,316,307,316,308,315,309,316,310,317,311,318,312,319,312,320,313,321,313,322,314,323,314,324,314,325,314,326,314,327,314,328,314,329,314,330,313,331,313,332,313,333,312,334,312,335,311,336,310,337,310,337,309,338,308,339,307,339,306,340,305,340,304,340,303,340,302,340,301,340,300,340,299,339,298,339,297,338,296,338,295,338,294,337,293,336,292,335,291,334,291,333,291,332,291,331,291,330,291,329,291,328,291
391,297,390,298,389,299,388,300,387,301,387,302,386,303,385,304,385,305,384,306,384,307,383,308,383,309,383,310,383,311,383,312,383,313,384,314,384,315,384,316,385,317,385,318,385,319,385,320,386,321,387,322,387,323,388,324,389,325,390,326,391,326,392,327,393,327,394,327,395,327,396,327,397,326,398,326,399,325,400,325,400,324,401,323,402,322,403,321,403,320,404,319,404,318,404,317,404,316,404,315,404,314,404,313,404,312,404,311,404,310,403,309,403,308,403,307,403,306,403,305,402,304,402,303,401,302,401,301,400,300,399,299,398,298,397,298,396,297,395,297,394,297,393,297,392,297
356,300,355,301,354,301,353,301,352,301,351,302,350,302,349,303,348,303,347,304,346,305,346,306,345,307,345,308,345,309,345,310,344,311,344,312,344,313,344,314,344,315,344,316,345,317,346,318,346,319,347,319,348,320,349,320,350,320,351,320,352,321,352,322,353,322,354,322,355,322,356,322,357,323,358,323,359,323,360,323,361,323,362,323,363,323,364,323,365,322,366,321,367,321,368,320,369,319,369,318,370,317,371,316,371,315,371,314,372,313,372,312,373,311,373,310,373,309,373,308,373,307,373,306,372,305,372,304,371,303,370,302,369,302,368,301,367,300,366,300,365,300,364,300,363,300,362,300,361,300,360,300,359,300,358,300,357,300
278,304,277,305,276,305,275,306,274,306,273,307,272,307,271,308,270,309,269,310,268,311,267,312,267,313,266,314,266,315,265,316,265,317,265,318,266,319,266,320,266,321,267,321,268,321,269,322,270,322,271,322,272,322,273,322,274,321,275,321,276,321,277,320,278,320,279,320,280,319,281,319,282,319,283,319,284,318,285,318,286,318,287,317,288,316,289,315,290,314,291,313,292,313,292,312,292,311,292,310,293,309,293,308,293,307,293,306,293,305,293,304,292,304,291,304,290,304,289,304,288,304,287,304,286,304,285,304,284,304,283,304,282,304,281,304,280,304,279,304
310,313,309,314,308,314,307,314,306,314,305,315,304,315,303,315,302,315,301,316,300,316,299,316,298,316,297,317,296,317,295,318,294,319,293,319,292,320,291,320,290,321,289,321,288,322,288,323,287,324,286,325,286,326,285,327,285,328,285,329,285,330,286,331,286,332,286,333,287,334,288,335,289,336,290,336,291,336,292,337,293,336,294,336,295,336,296,335,297,335,298,335,299,334,300,334,301,333,302,332,303,332,304,331,305,330,306,330,307,329,308,329,309,328,310,328,311,327,312,326,313,326,313,325,314,324,315,323,315,322,316,321,316,320,317,319,317,318,317,317,316,316,316,315,315,314,314,314,313,313,312,313,311,313
351,323,350,324,349,324,348,324,347,325,346,326,345,327,344,327,343,328,342,329,342,330,341,331,341,332,341,333,341,334,340,335,340,336,341,337,341,338,341,339,341,340,341,341,342,342,342,343,343,344,344,345,345,346,346,346,347,346,348,347,349,347,350,348,351,348,352,348,353,348,354,349,355,349,356,349,357,349,358,349,359,349,360,348,361,348,362,347,363,347,364,347,365,346,366,345,367,345,368,344,369,343,369,342,370,341,370,340,370,339,371,338,371,337,371,336,371,335,371,334,371,333,371,332,370,331,370,330,369,329,368,328,367,327,366,327,365,326,364,325,363,324,362,324,361,324,360,324,359,324,358,324,357,324,356,323,355,323,354,323,353,323,352,323
320,332,319,333,318,333,317,333,316,334,315,335,314,336,313,337,312,338,311,339,311,340,310,341,310,342,309,343,309,344,308,345,308,346,307,347,307,348,307,349,307,350,307,351,307,352,307,353,308,354,309,355,310,356,311,357,312,357,313,358,314,358,315,358,316,358,317,357,318,357,319,356,320,357,321,356,322,355,323,354,324,353,325,352,326,352,327,351,328,350,327,349,328,348,328,347,328,346,329,345,329,344,330,343,330,342,330,341,330,340,330,339,330,338,330,337,329,336,328,335,327,335,326,334,325,334,324,333,323,333,322,333,321,332
376,347,375,348,374,348,373,348,372,349,371,349,370,349,369,350,368,350,368,351,367,352,366,352,365,353,364,354,363,355,363,356,362,357,362,358,362,359,361,360,361,361,361,362,361,363,360,364,360,365,360,366,360,367,361,368,361,369,362,370,362,371,363,371,364,372,364,373,365,373,366,374,367,375,368,375,369,376,370,376,371,376,372,376,373,376,374,377,375,377,376,377,377,377,378,376,379,376,380,376,381,377,382,377,383,377,384,377,385,378,386,378,387,379,388,380,389,380,390,380,391,380,392,380,392,379,392,378,392,377,392,376,392,375,392,374,393,373,393,372,393,371,393,370,393,369,394,368,394,367,394,366,395,365,395,364,396,363,396,362,396,361,396,360,396,359,397,358,397,357,397,356,397,355,397,354,397,353,397,352,397,351,396,351,395,351,394,351,393,351,392,351,391,350,390,350,389,349,388,349,387,348,386,348,385,348,384,347,383,347,382,347,381,347,380,347,379,347,378,347,377,347
328,351,327,352,326,353,325,353,324,354,323,355,322,356,321,357,321,358,321,359,320,360,319,361,319,362,319,363,319,364,318,365,318,366,318,367,318,368,318,369,318,370,319,371,319,372,319,373,320,374,321,375,322,375,323,376,324,376,325,376,326,376,327,376,328,376,329,375,330,375,331,375,332,374,333,373,334,373,335,372,336,371,337,371,338,370,339,369,340,368,341,368,342,367,343,367,344,366,345,366,346,366,345,365,345,364,345,363,345,362,345,361,344,360,343,359,344,358,343,357,342,356,341,355,340,355,339,354,338,354,337,353,336,353,335,353,334,352,333,352,332,351,331,351,330,351,329,351
347,366,346,367,345,367,344,367,343,368,342,368,343,369,342,370,341,370,340,371,339,372,338,372,338,373,337,374,337,375,337,376,336,377,336,378,336,379,336,380,337,381,337,382,338,383,339,384,339,385,340,385,341,386,342,387,343,387,344,388,345,388,346,389,347,389,348,389,349,389,350,389,351,389,352,389,353,388,354,388,355,387,356,387,357,386,358,385,358,384,359,383,359,382,359,381,359,380,359,379,359,378,359,377,359,376,359,375,359,374,358,373,357,372,356,371,355,370,354,369,353,369,352,368,351,367,350,367,349,366,348,366
206,454,205,455,204,455,203,456,202,457,201,458,201,459,200,460,200,461,200,462,200,463,200,464,200,465,201,466,201,467,202,468,203,469,204,469,205,469,206,470,207,470,208,470,209,469,210,469,211,468,212,468,212,467,213,466,214,465,214,464,214,463,215,462,215,461,215,460,215,459,215,458,215,457,214,456,213,456,212,455,211,455,210,454,209,454,208,454,207,454
186,467,185,468,184,468,183,468,182,469,181,470,180,471,179,472,179,473,178,474,178,475,177,476,177,477,177,478,177,479,177,480,178,481,178,482,179,483,179,484,180,485,181,486,182,486,183,486,184,486,185,486,186,486,187,486,188,486,189,486,190,485,191,485,192,484,193,483,194,482,195,481,195,480,195,479,196,478,196,477,196,476,196,475,196,474,195,473,195,472,194,471,193,470,192,469,191,468,190,468,189,468,188,468,187,467
240,467,239,468,238,468,237,469,236,469,235,470,234,471,234,472,233,473,233,474,233,475,233,476,233,477,232,478,233,479,232,480,233,481,234,482,235,483,236,484,237,485,238,485,239,486,240,486,241,486,242,486,243,486,244,485,245,485,246,485,247,484,248,484,249,483,250,482,250,481,251,480,251,479,251,478,251,477,251,476,251,475,251,474,250,473,250,472,249,471,248,470,247,469,246,469,245,468,244,468,243,467,242,467,241,467
163,472,162,473,161,473,160,473,159,473,158,474,158,475,157,476,156,477,156,478,156,479,156,480,155,481,155,482,155,483,155,484,156,485,156,486,157,487,158,488,159,488,160,489,161,489,162,489,163,490,164,490,165,490,166,490,167,489,168,489,169,488,170,488,171,487,172,486,173,485,173,484,174,483,174,482,174,481,174,480,174,479,174,478,174,477,173,476,173,475,172,474,171,473,170,473,169,472,168,472,167,472,166,472,165,472,164,472
218,474,217,475,216,476,215,477,214,478,214,479,213,480,213,481,213,482,213,483,213,484,213,485,213,486,214,487,214,488,214,489,215,490,216,491,216,492,217,493,218,494,219,494,220,495,221,495,222,495,223,495,224,495,225,495,226,494,227,494,228,493,229,493,230,492,231,491,231,490,232,489,232,488,232,487,232,486,232,485,232,484,232,483,232,482,232,481,231,480,231,479,230,478,229,477,228,476,227,476,226,475,225,474,224,474,223,474,222,474,221,474,220,474,219,474
199,480,198,481,197,481,196,481,195,482,194,483,193,484,192,485,191,486,190,486,190,487,190,488,189,489,189,490,189,491,189,492,189,493,189,494,189,495,190,496,190,497,191,498,191,499,192,500,193,500,194,501,195,501,196,502,197,502,198,502,199,502,200,502,201,502,202,501,203,501,204,501,205,501,206,501,206,500,207,499,208,499,209,498,209,497,210,496,210,495,210,494,211,493,211,492,211,491,211,490,211,489,211,488,210,487,210,486,210,485,209,484,208,483,207,483,206,482,205,482,204,481,203,481,202,481,201,481,200,481
142,489,141,490,140,490,139,490,138,491,137,492,136,493,135,494,134,495,134,496,133,497,133,498,132,499,132,500,131,501,131,502,131,503,131,504,131,505,131,506,131,507,132,508,132,509,132,510,133,510,134,510,135,511,136,511,137,511,138,511,139,511,140,511,141,511,142,511,143,511,144,511,145,511,146,511,147,510,148,510,149,509,150,508,151,507,152,507,152,506,152,505,152,504,152,503,152,502,152,501,153,500,152,499,152,498,152,497,151,496,151,495,150,494,150,493,149,492,148,491,147,490,146,490,145,489,144,489,143,489
253,490,252,491,251,491,250,492,249,493,248,494,247,495,247,496,247,497,246,498,246,499,246,500,246,501,245,502,245,503,245,504,246,505,246,506,246,507,246,508,247,509,248,509,249,509,250,510,251,510,252,510,253,510,254,510,255,511,256,510,257,510,258,510,259,510,260,510,261,509,262,509,263,508,264,507,265,506,266,505,266,504,266,503,267,502,267,501,267,500,267,499,266,498,266,497,265,496,265,495,264,494,263,493,262,492,261,492,260,491,259,491,258,491,257,490,256,490,255,490,254,490
163,493,162,494,161,494,160,495,159,495,158,496,157,497,156,497,155,498,155,499,154,500,153,501,153,502,153,503,153,504,153,505,153,506,153,507,154,508,155,509,155,510,156,510,157,511,158,511,159,511,160,511,161,511,162,511,163,511,164,511,165,511,166,511,167,511,168,511,169,511,170,511,171,511,172,511,173,511,174,511,175,510,176,510,176,509,176,508,177,507,177,506,177,505,177,504,177,503,177,502,177,501,177,500,176,499,176,498,175,497,174,496,173,495,172,495,171,494,170,494,169,494,168,494,167,494,166,494,165,493,164,493
209,500,208,501,207,501,206,502,205,503,204,504,204,505,204,506,203,507,203,508,203,509,203,510,204,510,205,510,206,511,207,511,208,511,209,511,210,511,211,511,212,511,213,511,214,511,215,511,216,511,217,511,218,511,219,510,220,510,221,511,222,511,223,510,224,510,224,509,224,508,224,507,224,506,225,505,225,504,225,503,225,502,224,502,223,502,222,501,221,502,220,501,219,501,218,501,217,500,216,500,215,500,214,500,213,500,212,500,211,500,210,500
234,500,233,501,232,501,231,502,230,502,229,503,228,503,227,503,226,502,226,503,226,504,226,505,225,506,225,507,225,508,225,509,225,510,224,511,225,511,226,511,227,511,228,511,229,511,230,511,231,511,232,511,233,511,234,511,235,511,236,511,237,511,238,511,239,511,240,511,241,511,242,510,243,510,244,510,245,509,246,509,245,508,245,507,244,506,244,505,244,504,243,503,243,502,242,502,241,501,240,501,239,500,238,500,237,500,236,500,235,500
