127,114,126,115,125,115,124,115,123,115,122,115,121,115,120,116,119,117,118,118,118,119,117,120,117,121,117,122,116,123,116,124,116,125,115,126,115,127,115,128,115,129,114,130,114,131,114,132,114,133,115,134,115,135,115,136,116,137,116,138,117,138,118,139,119,139,120,139,121,139,122,139,123,138,124,138,125,138,126,137,127,137,128,136,129,135,130,134,131,133,131,132,132,131,132,130,133,129,133,128,133,127,133,126,133,125,133,124,133,123,133,122,132,121,132,120,132,119,131,118,131,117,130,116,129,115,128,115
187,169,186,170,185,170,184,171,184,172,183,173,182,174,181,175,181,176,181,177,181,178,181,179,181,180,182,181,182,182,182,183,183,184,184,185,185,186,186,187,187,188,188,189,189,190,190,191,191,191,192,191,193,191,194,192,195,192,196,192,197,192,198,192,199,192,200,192,201,192,202,191,203,191,204,190,205,190,206,190,207,191,208,190,209,190,210,190,211,190,212,190,213,190,214,190,215,189,216,189,216,188,216,187,217,186,217,185,216,185,215,185,214,184,213,183,212,182,211,182,210,181,210,180,209,180,208,179,207,178,206,177,205,176,204,175,203,174,202,173,201,172,200,171,199,171,198,170,197,170,196,169,195,169,194,169,193,169,192,169,191,169,190,169,189,169,188,169
158,181,157,182,156,183,155,184,155,185,154,186,154,187,154,188,153,189,153,190,153,191,153,192,154,193,154,194,155,195,156,196,157,197,158,197,159,197,160,197,161,197,162,197,163,196,164,196,165,195,166,195,166,194,166,193,167,192,167,191,168,190,169,189,169,188,168,187,167,186,166,185,165,185,164,184,163,183,162,183,161,182,160,181,159,181
179,184,178,185,177,185,176,185,175,186,174,186,173,187,172,188,171,188,170,189,169,190,168,191,168,192,167,193,167,194,167,195,166,196,167,197,167,198,167,199,167,200,168,201,168,202,169,203,170,204,171,205,172,206,173,206,174,207,175,207,176,208,177,208,178,208,179,208,180,208,181,208,182,208,183,209,184,208,185,208,186,208,187,207,188,207,189,206,190,205,191,204,192,203,192,202,192,201,192,200,192,199,192,198,192,197,192,196,192,195,191,194,191,193,190,192,189,191,188,190,187,189,186,188,185,188,184,188,183,187,183,186,182,186,181,186,180,186,179,185
218,200,217,201,216,201,215,201,214,202,213,202,212,203,211,204,210,205,209,206,208,207,207,208,206,209,205,210,205,211,205,212,205,213,206,214,206,215,206,216,206,217,206,218,207,219,207,220,208,221,208,222,209,223,210,224,211,225,212,226,213,226,214,227,215,227,216,227,217,226,218,226,219,226,220,225,221,225,222,224,223,224,224,223,225,222,225,221,226,220,226,219,226,218,227,217,227,216,228,215,228,214,229,213,230,212,230,211,231,210,232,209,232,208,231,207,231,206,231,205,230,204,229,203,228,202,227,202,226,201,225,201,224,200,223,200,222,200,221,200,220,200,219,200
268,205,267,206,266,207,265,208,264,209,264,210,263,211,263,212,262,213,261,213,261,214,262,215,262,216,262,217,262,218,263,219,264,220,265,221,266,222,267,222,268,223,269,223,270,223,271,223,272,223,273,222,274,222,275,222,276,221,277,220,278,220,279,219,280,218,280,217,280,216,281,215,281,214,281,213,280,212,280,211,279,210,278,209,277,208,276,207,275,207,274,206,273,205,272,205,271,205,270,205,269,205
196,206,195,207,194,208,193,208,192,208,191,209,190,209,189,210,188,211,187,211,186,212,186,213,185,214,184,215,183,215,182,216,181,217,181,218,181,219,181,220,180,221,180,222,179,223,179,224,178,225,178,226,177,227,176,228,175,229,175,230,174,231,174,232,175,233,175,234,175,235,176,236,175,237,175,238,174,239,174,240,173,241,173,242,173,243,173,244,173,245,174,246,175,247,176,247,177,248,178,248,179,248,180,248,181,248,182,247,183,246,184,245,184,244,185,243,186,242,187,241,188,241,189,240,190,240,191,239,192,239,193,239,194,238,195,237,196,236,197,235,198,234,199,233,200,232,201,231,202,230,202,229,203,228,203,227,204,226,204,225,205,224,205,223,206,222,206,221,206,220,206,219,205,218,205,217,205,216,205,215,205,214,204,213,204,212,204,211,204,210,203,210,202,209,201,208,200,208,199,207,198,207,197,207
233,209,232,210,231,211,231,212,230,213,229,214,229,215,228,216,228,217,227,218,227,219,227,220,226,221,226,222,225,223,224,224,224,225,224,226,225,227,225,228,226,228,227,229,228,230,229,229,230,229,231,229,232,229,233,229,234,229,235,228,236,227,237,226,237,225,238,224,239,224,240,224,239,223,240,222,240,221,241,220,241,219,241,218,241,217,241,216,242,215,241,214,241,213,240,212,239,211,238,210,237,210,236,209,235,209,234,209
251,219,250,220,249,220,248,220,247,220,246,221,245,222,244,223,243,223,242,223,242,224,241,225,240,226,239,227,238,227,237,227,236,228,235,229,234,230,233,230,232,231,232,232,231,233,230,234,229,235,228,235,227,236,226,237,225,237,224,238,223,239,223,240,223,241,222,242,221,243,220,244,219,244,218,245,217,245,216,246,215,246,214,246,213,247,212,248,211,249,210,249,209,250,208,251,207,251,207,252,207,253,208,254,209,254,210,254,211,254,212,254,213,254,214,254,215,254,216,254,217,254,218,254,219,253,220,253,221,253,222,252,223,252,224,251,225,251,226,250,227,250,228,249,229,249,230,249,231,249,232,250,233,250,234,251,235,252,235,253,236,252,237,252,238,252,239,252,240,252,241,252,242,251,243,250,244,249,244,248,244,247,245,246,245,245,246,244,247,243,248,242,249,241,250,240,251,239,252,239,253,238,254,238,255,237,256,237,256,236,257,235,258,234,258,233,258,232,258,231,258,230,258,229,258,228,259,227,259,226,258,225,258,224,257,223,257,222,256,222,255,221,254,221,253,220,252,220
285,220,284,221,283,222,282,223,281,223,281,224,281,225,280,226,279,227,279,228,279,229,279,230,280,231,280,232,280,233,281,233,282,233,283,234,284,234,285,234,286,234,287,234,288,234,289,234,290,233,291,232,292,231,292,230,293,229,294,228,294,227,294,226,295,225,294,224,294,223,294,222,294,221,293,221,292,220,291,220,290,220,289,220,288,220,287,220,286,220
209,229,208,230,207,230,206,230,205,231,204,231,203,231,202,231,201,232,200,233,199,234,198,235,197,236,196,237,195,238,194,239,194,240,193,241,193,242,193,243,193,244,192,245,193,246,193,247,194,248,195,248,196,249,197,249,198,250,199,251,200,251,201,251,202,251,203,251,204,252,205,251,206,251,207,250,208,250,209,249,210,248,211,248,212,247,213,246,214,245,215,244,216,243,217,242,218,241,219,240,220,239,221,239,222,238,223,238,224,237,225,236,225,235,225,234,225,233,224,232,224,231,223,230,222,231,221,230,220,230,219,230,218,230,217,230,216,230,215,230,214,229,213,230,212,229,211,229,210,229
277,234,276,235,275,235,274,236,273,236,272,237,271,238,270,238,269,239,268,239,267,240,266,241,265,242,264,243,263,244,262,244,262,245,261,246,261,247,260,248,259,249,259,250,259,251,259,252,259,253,260,254,261,255,262,256,263,257,264,257,265,258,266,258,267,258,268,258,269,258,270,257,271,257,272,257,273,256,274,256,275,255,276,255,277,254,278,253,279,253,280,252,281,251,282,250,283,249,284,249,285,248,286,247,287,246,288,246,289,245,289,244,290,243,291,242,291,241,291,240,291,239,291,238,291,237,290,236,290,235,289,235,288,235,287,235,286,235,285,235,284,235,283,235,282,234,281,234,280,234,279,234,278,234
301,239,300,240,299,240,298,240,297,241,296,242,295,243,294,244,293,245,292,246,291,247,291,248,290,249,290,250,290,251,290,252,290,253,290,254,289,255,289,256,289,257,289,258,290,259,290,260,291,261,292,262,293,262,294,263,295,263,296,263,297,263,298,263,299,263,300,263,301,263,302,263,303,263,304,263,305,262,306,261,307,260,308,260,308,259,309,258,310,257,311,256,311,255,312,254,312,253,313,252,313,251,313,250,313,249,314,248,314,247,313,246,313,245,313,244,312,243,311,242,310,242,309,241,308,241,307,240,306,240,305,240,304,239,303,239,302,239
186,248,185,249,184,249,183,249,182,250,181,251,180,251,179,252,178,253,177,254,177,255,176,256,176,257,175,258,175,259,175,260,175,261,175,262,176,263,176,264,177,265,177,266,178,267,179,268,180,269,181,270,182,271,183,271,184,272,185,272,186,273,187,273,188,274,189,273,190,272,191,272,192,271,193,271,194,271,194,270,195,269,196,268,197,267,198,266,199,265,199,264,200,263,200,262,201,261,201,260,201,259,201,258,201,257,201,256,201,255,201,254,200,253,200,252,199,252,198,251,197,250,196,250,195,249,194,249,193,248,192,248,191,248,190,248,189,248,188,248,187,248
251,249,250,250,249,251,248,251,247,252,246,252,245,253,244,254,243,255,242,256,241,257,240,258,240,259,239,260,239,261,238,262,238,263,238,264,238,265,238,266,238,267,239,267,240,267,241,267,242,268,243,268,244,268,245,268,246,268,247,269,247,268,248,267,249,267,250,266,250,265,251,264,252,263,253,263,253,262,254,261,254,260,255,259,256,258,256,257,257,256,257,255,258,254,258,253,258,252,258,251,258,250,257,249,256,249,255,249,254,249,253,249,252,249
228,250,227,251,226,251,225,252,224,252,223,253,222,253,221,254,220,254,219,254,218,255,217,255,216,255,215,255,214,255,213,255,212,255,211,255,210,255,209,255,208,255,208,256,207,257,206,258,206,259,206,260,205,261,205,262,205,263,204,264,204,265,203,266,203,267,202,268,201,269,200,270,200,271,200,272,201,273,201,274,201,275,201,276,201,277,201,278,202,279,202,280,203,281,204,282,205,282,206,283,207,283,208,283,209,283,210,283,211,282,212,282,213,281,214,281,215,280,216,279,217,278,218,278,219,278,220,277,221,276,222,275,223,274,224,273,224,272,225,271,226,270,227,269,228,268,229,267,230,266,230,265,231,264,232,263,232,262,233,261,233,260,233,259,234,258,234,257,234,256,234,255,234,254,234,253,234,252,233,251,232,251,231,250,230,250,229,250
308,266,307,267,306,267,305,268,304,269,303,269,302,270,301,271,300,271,300,272,299,273,298,273,297,274,296,275,295,275,295,276,294,277,293,277,292,278,291,279,290,280,290,281,289,282,289,283,289,284,288,285,288,286,288,287,288,288,288,289,288,290,288,291,289,292,289,293,290,294,291,295,292,295,293,296,294,296,295,296,296,296,297,296,298,296,299,295,300,295,301,295,302,294,303,294,304,293,305,292,306,292,307,291,308,290,309,290,310,289,311,288,311,287,312,286,313,285,313,284,314,283,314,282,315,281,315,280,315,279,316,278,316,277,316,276,316,275,316,274,316,273,316,272,316,271,315,270,315,269,315,268,314,267,313,267,312,266,311,266,310,266,309,266
235,268,234,269,233,270,232,271,231,271,230,272,229,272,228,273,227,273,226,274,225,274,224,274,223,275,222,276,221,277,220,278,219,279,218,280,217,281,217,282,216,283,215,284,215,285,215,286,215,287,214,288,214,289,214,290,214,291,214,292,215,293,215,294,216,294,217,295,218,295,219,295,220,295,221,295,222,294,223,293,224,292,225,291,226,290,227,290,228,289,229,289,230,288,231,288,232,288,233,288,234,288,235,288,236,288,237,288,237,287,238,286,239,286,240,285,241,285,242,284,243,285,243,284,244,283,245,282,246,281,247,280,248,279,249,278,250,277,251,277,251,276,251,275,251,274,250,273,250,272,249,271,248,270,247,270,246,269,245,269,244,269,243,269,242,269,241,268,240,268,239,268,238,268,237,268,236,268
252,277,251,278,250,278,249,279,248,280,247,281,246,282,245,283,244,284,244,285,244,286,244,287,244,288,245,289,245,290,245,291,246,292,246,293,247,294,248,295,249,295,250,296,251,296,252,296,253,296,254,296,255,296,256,297,257,296,257,295,257,294,258,293,259,292,259,291,260,290,261,289,261,288,261,287,262,286,262,285,262,284,262,283,261,282,261,281,260,280,260,279,259,279,258,278,257,277,256,277,255,277,254,277,253,277
230,289,229,290,228,290,227,291,226,291,225,292,224,293,223,294,222,295,222,296,222,297,222,298,222,299,222,300,223,301,223,302,223,303,224,304,225,305,226,306,227,307,228,307,229,307,230,308,231,307,232,307,233,307,234,307,235,306,236,306,237,305,238,304,238,303,239,302,239,301,239,300,240,299,240,298,240,297,240,296,240,295,240,294,240,293,239,292,239,291,238,290,238,289,237,289,236,289,235,289,234,289,233,289,232,289,231,289
258,296,257,297,256,298,257,299,257,300,256,301,256,302,256,303,257,304,256,305,256,306,255,307,255,308,255,309,254,310,254,311,254,312,253,313,253,314,252,315,251,316,251,317,250,318,250,319,250,320,250,321,250,322,250,323,251,324,251,325,252,326,253,327,254,328,255,329,256,329,257,330,258,330,259,330,260,330,261,330,262,329,263,329,264,328,265,327,266,326,267,325,268,324,269,323,270,322,271,321,272,320,273,319,274,318,275,317,276,316,276,315,277,314,277,313,278,312,278,311,278,310,278,309,279,308,279,307,279,306,279,305,279,304,278,303,278,302,277,301,276,300,275,299,274,299,273,298,272,298,271,297,270,297,269,297,268,297,267,297,266,296,265,296,264,296,263,296,262,296,261,296,260,296,259,296
239,309,238,310,237,311,237,312,236,313,236,314,235,315,235,316,235,317,234,318,234,319,234,320,234,321,234,322,234,323,234,324,234,325,234,326,234,327,235,328,236,329,237,329,238,329,239,329,240,329,241,328,242,328,243,327,244,327,245,326,246,325,247,324,248,323,249,322,249,321,249,320,249,319,249,318,249,317,249,316,249,315,248,314,248,313,248,312,247,311,246,310,245,309,244,309,243,309,242,309,241,309,240,309
302,315,301,316,300,316,299,316,298,316,297,316,296,316,295,317,294,317,293,317,292,318,291,318,290,319,289,319,288,320,287,320,286,321,285,321,284,321,284,322,283,323,282,324,282,325,281,326,281,327,280,328,280,329,279,330,280,331,280,332,280,333,281,334,282,335,283,335,284,336,285,336,286,336,287,336,288,336,289,336,290,336,291,335,292,335,293,334,294,334,295,333,296,332,297,332,298,331,299,330,300,329,301,328,302,327,303,326,304,325,305,324,306,323,307,323,308,322,309,321,310,320,311,319,311,318,311,317,310,316,309,316,308,315,307,315,306,315,305,315,304,315,303,315
277,316,276,317,275,318,274,319,273,320,272,321,271,322,270,323,269,324,268,325,267,326,266,327,265,328,264,329,263,330,262,330,261,331,261,332,260,333,259,334,258,334,258,335,257,336,257,337,256,338,257,339,257,340,257,341,258,342,259,343,260,343,261,343,262,344,263,344,264,344,265,343,266,343,267,343,268,342,269,341,270,341,271,340,272,339,272,338,273,337,274,336,275,335,275,334,276,333,277,332,277,331,278,330,279,329,279,328,280,327,280,326,281,325,281,324,282,323,283,322,283,321,284,320,284,319,283,318,283,317,282,316,281,316,280,316,279,316,278,316
320,333,319,334,318,334,317,334,316,334,315,335,314,335,313,336,312,337,311,338,310,338,309,339,308,340,307,341,306,342,305,343,305,344,304,345,304,346,304,347,303,348,303,349,303,350,304,351,305,352,306,353,307,353,308,353,309,353,310,353,311,353,312,353,313,353,314,353,315,353,316,352,317,352,318,352,319,351,320,351,321,351,322,350,323,350,324,349,325,348,326,348,327,347,328,346,329,345,330,344,330,343,331,342,331,341,332,340,331,339,331,338,331,337,331,336,330,335,329,334,328,334,327,333,326,333,325,333,324,333,323,333,322,333,321,333
325,358,324,359,323,359,322,360,321,360,320,361,319,361,318,362,317,363,316,363,315,364,314,365,313,366,312,367,311,368,311,369,311,370,311,371,312,372,313,373,314,373,315,373,316,374,317,374,318,374,319,373,320,373,321,373,322,373,323,373,324,373,325,372,326,372,327,372,328,371,329,371,330,370,331,370,332,369,333,368,334,367,335,366,335,365,335,364,336,363,336,362,336,361,336,360,335,359,334,358,333,358,332,358,331,358,330,358,329,358,328,358,327,358,326,358
341,414,340,415,339,415,338,415,337,415,336,416,335,416,334,416,333,416,332,416,331,416,330,417,329,417,328,418,327,418,326,418,325,418,324,418,323,419,322,420,321,421,321,422,321,423,322,424,322,425,323,425,324,426,325,427,326,428,327,429,328,430,329,430,330,430,331,430,332,430,333,430,334,430,335,430,336,430,337,430,338,430,339,430,340,430,341,430,342,430,343,430,344,430,345,430,346,430,347,431,348,431,349,431,350,430,350,429,351,428,351,427,352,426,353,425,353,424,354,423,355,422,356,421,356,420,355,419,354,418,353,417,352,416,351,415,350,415,349,415,348,414,347,414,346,414,345,414,344,414,343,414,342,414
357,421,356,422,355,423,354,424,354,425,353,426,352,427,352,428,351,429,351,430,350,431,350,432,351,433,351,434,352,435,352,436,353,437,353,438,354,439,355,440,356,441,357,442,358,442,359,442,360,442,361,442,362,442,363,441,364,441,365,441,366,441,367,441,368,441,369,440,370,440,371,439,372,438,373,437,374,436,374,435,375,434,375,433,375,432,375,431,376,430,376,429,375,428,375,427,374,426,374,425,373,424,372,423,371,423,370,423,369,423,368,423,367,423,366,423,365,423,364,423,363,423,362,423,361,423,360,423,359,423,358,422
304,430,303,431,302,431,301,431,300,431,299,431,298,432,297,432,296,433,296,434,295,435,295,436,295,437,294,438,294,439,294,440,294,441,294,442,294,443,295,444,295,445,295,446,296,447,296,448,297,449,298,450,299,451,300,451,301,452,302,452,303,453,304,453,305,453,306,454,307,454,308,454,309,454,310,454,311,454,312,454,313,453,314,453,315,452,316,451,317,450,318,449,318,448,319,447,319,446,319,445,319,444,319,443,318,442,318,441,317,440,316,439,316,438,315,437,314,436,313,435,312,434,311,433,310,432,309,431,308,431,307,431,306,430,305,430
325,431,324,432,323,432,322,433,321,434,321,435,320,436,320,437,320,438,320,439,320,440,321,441,321,442,322,443,323,444,324,445,325,446,326,447,327,447,328,448,329,448,330,448,331,448,332,448,333,449,334,449,335,449,336,449,337,449,338,450,339,450,340,451,341,451,342,451,343,451,344,451,345,451,346,451,347,451,348,451,349,451,350,451,351,450,352,450,353,450,354,449,354,448,355,447,355,446,356,445,356,444,356,443,356,442,355,441,354,440,353,439,352,438,352,437,351,436,351,435,350,434,350,433,349,432,348,432,347,432,346,431,345,431,344,431,343,431,342,431,341,431,340,431,339,431,338,431,337,431,336,431,335,431,334,431,333,431,332,431,331,431,330,431,329,431,328,431,327,431,326,431
379,437,378,438,377,439,376,440,375,440,374,441,373,442,372,442,372,443,371,444,370,445,370,446,369,447,369,448,369,449,369,450,369,451,369,452,369,453,370,454,371,455,372,455,373,456,374,456,375,456,376,456,377,457,378,457,379,457,380,457,381,457,382,457,383,456,384,456,385,455,386,455,387,454,388,454,389,453,389,452,390,451,389,450,389,449,389,448,389,447,389,446,389,445,389,444,389,443,389,442,389,441,389,440,388,439,387,438,386,437,385,437,384,437,383,437,382,437,381,437,380,437
394,440,393,441,392,441,391,442,390,442,390,443,390,444,390,445,390,446,390,447,390,448,390,449,390,450,391,451,392,452,393,452,394,453,395,453,395,452,396,451,397,451,398,450,399,449,399,448,400,447,400,446,400,445,400,444,399,443,399,442,398,441,397,441,396,440,395,440
285,442,284,443,283,443,282,443,281,444,280,445,279,446,279,447,278,448,278,449,278,450,277,451,277,452,277,453,277,454,277,455,277,456,278,457,278,458,279,459,279,460,280,460,281,461,282,462,283,462,284,462,285,462,286,462,287,462,288,462,289,462,290,461,291,460,292,459,293,458,293,457,293,456,294,455,294,454,294,453,294,452,294,451,294,450,293,449,292,448,292,447,291,446,290,445,289,444,288,443,287,443,286,443
392,453,391,454,390,454,389,454,388,455,387,455,386,456,385,456,384,457,383,457,382,458,381,458,380,458,379,458,379,459,378,460,377,460,376,461,375,462,375,463,375,464,374,465,374,466,375,467,375,468,376,469,377,470,378,471,379,471,380,472,381,472,382,473,383,473,384,473,385,473,386,474,387,474,388,474,389,474,390,474,391,474,392,474,393,473,394,473,395,473,396,472,397,472,398,471,399,470,400,469,400,468,401,467,401,466,401,465,401,464,401,463,401,462,400,461,400,460,399,459,399,458,398,457,397,456,396,455,395,454,394,454,393,453
271,465,270,466,269,466,268,466,267,467,266,468,265,469,265,470,264,471,263,472,263,473,263,474,263,475,263,476,263,477,263,478,263,479,264,480,264,481,264,482,265,483,265,484,266,485,267,486,268,486,269,486,270,487,271,487,272,487,273,487,274,487,275,487,276,486,277,486,278,486,279,485,280,484,281,483,282,482,283,481,284,480,285,479,285,478,285,477,286,476,285,475,285,474,285,473,284,472,284,471,284,470,283,469,282,468,281,467,280,466,279,466,278,465,277,465,276,465,275,465,274,465,273,465,272,465
299,468,298,469,297,469,296,469,295,470,294,470,293,471,292,472,291,473,290,474,290,475,290,476,290,477,289,478,289,479,289,480,289,481,289,482,289,483,290,484,290,485,290,486,290,487,291,488,291,489,292,490,293,491,293,492,294,492,295,493,296,494,297,494,298,495,299,495,300,495,301,495,302,496,303,495,304,495,305,495,306,495,307,495,308,495,309,494,310,494,311,493,312,493,312,492,312,491,313,490,314,489,315,488,315,487,315,486,315,485,315,484,315,483,315,482,315,481,315,480,315,479,315,478,315,477,314,476,314,475,313,474,312,473,312,472,311,472,310,471,309,470,308,469,307,469,306,469,305,468,304,468,303,468,302,468,301,468,300,468
334,469,333,470,332,470,331,470,330,471,329,472,328,473,327,474,326,475,326,476,325,477,325,478,324,479,324,480,324,481,324,482,324,483,323,484,323,485,323,486,323,487,324,488,324,489,324,490,324,491,325,492,325,493,326,494,327,495,328,496,329,496,330,497,331,497,332,498,333,498,334,498,335,498,336,498,337,498,338,498,339,498,340,498,341,498,342,498,343,498,344,497,345,497,346,497,347,496,348,495,349,494,350,493,351,492,352,491,352,490,353,489,354,488,354,487,354,486,355,485,355,484,355,483,355,482,355,481,355,480,355,479,355,478,354,477,354,476,353,475,353,474,352,473,351,473,350,472,349,471,348,471,347,471,346,470,345,470,344,470,343,470,342,470,341,469,340,469,339,469,338,469,337,469,336,469,335,469
390,477,389,478,388,478,387,478,386,479,385,480,385,481,384,482,384,483,385,484,385,485,385,486,385,487,385,488,385,489,385,490,386,491,387,492,387,493,388,493,389,493,390,494,391,494,392,495,393,495,394,494,395,494,396,494,397,493,398,492,399,492,400,491,401,490,402,489,402,488,403,487,403,486,403,485,403,484,403,483,403,482,402,481,401,480,400,479,399,479,398,479,397,478,396,478,395,478,394,477,393,477,392,477,391,477
156,481,155,482,154,482,153,482,152,482,151,483,150,484,149,484,149,485,148,486,148,487,147,488,147,489,147,490,147,491,147,492,147,493,147,494,147,495,148,496,148,497,149,498,150,499,151,500,152,500,153,501,154,501,155,501,156,501,157,501,158,501,159,501,160,501,161,501,162,500,163,499,164,498,164,497,165,496,165,495,165,494,165,493,165,492,166,491,166,490,166,489,165,488,165,487,165,486,164,485,163,484,162,483,161,482,160,482,159,481,158,481,157,481
109,482,108,483,107,484,106,484,105,485,104,486,103,487,103,488,102,489,102,490,102,491,102,492,103,493,103,494,104,495,105,496,106,497,107,498,108,498,109,498,110,499,111,499,112,499,113,499,114,499,115,499,116,499,117,498,118,498,119,497,120,496,121,495,121,494,122,493,121,492,121,491,121,490,121,489,120,488,120,487,119,486,118,485,117,484,116,483,115,483,114,482,113,482,112,482,111,482,110,482
371,485,370,486,369,486,368,486,367,486,366,486,365,487,364,487,363,488,362,488,361,489,360,489,360,490,359,491,358,492,357,493,357,494,356,495,356,496,356,497,356,498,355,499,355,500,355,501,356,502,356,503,356,504,356,505,357,506,357,507,358,508,358,509,359,510,360,510,361,510,362,510,363,511,364,511,365,511,366,511,367,511,368,511,369,511,370,511,371,511,372,511,373,511,374,511,375,511,376,511,377,511,378,511,379,511,380,511,381,511,382,511,383,510,384,510,385,509,385,508,386,507,386,506,386,505,386,504,387,503,387,502,387,501,387,500,387,499,387,498,387,497,387,496,387,495,387,494,386,493,386,492,385,491,384,490,384,489,383,489,382,488,381,487,380,487,379,487,378,486,377,486,376,486,375,486,374,486,373,486,372,486
181,490,180,491,179,492,178,492,178,493,177,494,177,495,176,496,176,497,176,498,177,499,177,500,177,501,178,502,179,503,179,504,180,505,181,505,182,506,183,506,184,507,185,508,186,508,187,509,188,508,189,508,190,508,191,508,192,507,193,507,194,507,195,506,196,505,197,504,197,503,197,502,198,501,198,500,198,499,198,498,197,497,197,496,196,495,195,494,194,493,193,492,192,491,191,491,190,491,189,490,188,490,187,490,186,490,185,490,184,490,183,490,182,490
135,491,134,492,133,492,132,492,131,493,130,493,129,494,128,495,127,496,126,497,126,498,125,499,125,500,125,501,125,502,125,503,125,504,125,505,125,506,125,507,126,508,126,509,127,510,128,510,129,511,130,511,131,511,132,511,133,511,134,511,135,511,136,511,137,511,138,510,139,510,140,510,141,509,142,509,143,508,143,507,144,506,144,505,145,504,145,503,145,502,145,501,145,500,145,499,144,498,144,497,144,496,143,495,142,494,141,493,140,493,139,492,138,492,137,492,136,491
274,493,273,494,272,494,271,494,270,495,269,496,268,497,267,498,267,499,266,500,266,501,266,502,266,503,266,504,266,505,267,506,267,507,268,508,268,509,269,510,270,510,271,510,272,511,273,511,274,511,275,511,276,511,277,511,278,511,279,511,280,511,281,511,282,511,283,511,284,511,285,511,286,511,287,511,288,511,289,511,290,511,291,511,292,511,293,511,294,511,295,511,296,510,297,511,298,511,299,510,299,509,300,508,300,507,300,506,300,505,300,504,299,503,298,502,298,501,297,501,296,500,295,500,294,499,293,499,292,498,291,498,290,498,289,498,288,498,287,497,286,497,285,497,284,496,283,496,282,495,281,495,280,494,279,494,278,493,277,493,276,493,275,493
161,507,160,508,159,508,158,509,157,509,156,510,156,511,157,511,158,511,159,511,160,511,161,511,162,511,163,511,164,511,165,511,166,511,167,511,168,511,169,511,170,511,171,511,172,510,171,509,170,509,169,509,168,508,167,508,166,508,165,507,164,507,163,507,162,507
