51,71,50,72,49,72,48,73,47,73,46,74,45,75,44,76,44,77,43,78,43,79,43,80,43,81,43,82,43,83,43,84,44,85,44,86,45,87,46,88,47,89,48,90,49,90,50,91,51,91,52,91,53,91,54,91,55,91,56,91,57,91,58,91,59,90,60,90,61,89,61,88,62,87,62,86,63,85,63,84,63,83,63,82,63,81,63,80,63,79,62,78,62,77,61,76,60,75,59,74,58,73,57,73,56,72,55,72,54,71,53,71,52,71
153,110,152,111,151,111,150,112,149,113,148,113,147,114,147,115,147,116,148,117,148,118,148,119,149,120,149,121,149,122,150,123,150,124,151,125,152,126,153,127,154,128,154,129,155,130,156,131,157,132,158,133,159,134,160,135,160,136,161,137,162,136,163,135,163,134,164,133,165,133,166,132,167,131,168,130,169,129,170,128,171,127,171,126,171,125,171,124,171,123,170,122,170,121,170,120,170,119,170,118,170,117,170,116,170,115,169,114,168,113,167,113,166,112,165,112,164,111,163,111,162,111,161,110,160,110,159,110,158,110,157,110,156,110,155,110,154,110
137,112,136,113,135,113,134,113,133,113,132,114,131,114,130,115,129,116,128,117,127,118,126,119,126,120,125,121,125,122,124,123,124,124,124,125,123,126,123,127,123,128,123,129,123,130,123,131,123,132,123,133,122,134,122,135,122,136,122,137,123,138,123,139,124,140,125,141,125,142,126,143,126,144,126,145,127,145,128,146,129,146,130,147,131,147,132,147,133,148,134,148,135,148,136,149,137,149,138,150,139,150,140,150,141,150,142,151,143,151,144,150,145,149,146,149,147,149,148,148,149,148,150,148,151,147,152,146,153,145,154,145,155,144,156,143,157,143,157,142,158,141,159,140,160,139,160,138,160,137,159,136,159,135,158,134,157,133,156,132,155,131,154,130,153,129,153,128,152,127,151,126,150,125,149,124,149,123,148,122,148,121,148,120,147,119,147,118,147,117,146,116,146,115,146,114,145,114,144,114,143,113,142,113,141,113,140,113,139,113,138,113
177,112,176,113,175,113,174,113,173,114,172,115,171,115,171,116,171,117,171,118,171,119,171,120,171,121,171,122,172,123,172,124,172,125,172,126,173,126,174,126,175,126,176,126,177,127,178,127,179,127,180,127,181,127,182,127,183,127,184,127,185,127,186,127,187,127,188,127,189,126,190,126,191,125,192,125,193,124,194,123,195,122,195,121,194,120,194,119,193,118,192,117,191,116,190,115,189,115,188,114,187,114,186,114,185,113,184,113,183,113,182,113,181,113,180,112,179,112,178,112
64,116,63,117,62,117,61,117,60,118,59,119,58,120,57,121,57,122,56,123,56,124,56,125,56,126,57,127,57,128,57,129,58,130,59,131,60,132,61,132,62,133,63,133,64,133,65,132,66,132,67,131,68,131,69,131,70,130,71,129,71,128,72,127,72,126,72,125,72,124,72,123,72,122,72,121,71,120,70,119,69,118,68,117,67,117,66,117,65,116
195,128,194,129,193,129,192,129,191,129,190,129,189,130,188,131,187,131,186,132,185,133,184,133,183,134,182,135,182,136,181,137,180,138,180,139,180,140,179,141,179,142,179,143,180,144,180,145,181,146,182,147,183,148,184,149,185,150,186,151,187,152,188,152,189,153,190,153,191,154,192,154,193,154,194,155,195,155,196,156,197,156,198,157,199,157,200,157,201,158,202,158,203,158,204,158,205,158,206,157,207,157,208,156,209,156,210,155,211,154,211,153,212,152,212,151,213,150,213,149,213,148,214,147,214,146,214,145,214,144,214,143,214,142,214,141,214,140,213,139,213,138,213,137,212,136,212,135,211,134,210,133,209,132,208,132,207,131,206,130,205,130,204,130,203,129,202,129,201,129,200,129,199,129,198,128,197,128,196,128
219,132,218,133,217,134,217,135,217,136,216,137,216,138,216,139,216,140,217,141,217,142,217,143,217,144,218,145,219,146,219,147,220,147,221,147,222,147,223,147,224,147,225,147,226,148,227,148,228,148,229,148,230,149,231,150,232,149,233,148,234,147,235,147,236,146,237,145,238,145,237,144,237,143,237,142,236,141,236,140,235,139,234,138,234,137,233,136,232,136,231,135,230,135,229,134,228,133,227,133,226,132,225,132,224,132,223,132,222,132,221,132,220,132
113,135,112,136,111,136,110,136,109,136,108,137,107,137,106,138,105,139,105,140,104,141,104,142,104,143,103,144,103,145,103,146,103,147,103,148,104,149,104,150,104,151,105,152,105,153,105,154,106,155,106,156,107,157,108,158,109,158,110,158,111,158,112,158,113,158,114,158,115,158,116,157,117,157,118,156,119,155,120,155,121,154,122,153,122,152,123,151,124,150,124,149,124,148,124,147,125,146,125,145,125,144,125,143,124,142,124,141,123,140,122,139,122,138,121,138,120,137,119,137,118,137,117,136,116,136,115,136,114,136
161,143,160,144,159,144,158,144,158,145,157,146,156,146,156,147,155,148,154,149,154,150,154,151,154,152,154,153,154,154,155,155,155,156,155,157,155,158,156,159,156,160,156,161,157,162,157,163,157,164,158,165,158,166,158,167,159,168,159,169,160,170,161,171,161,172,162,173,163,173,164,174,165,174,166,175,167,176,168,176,169,176,170,176,171,177,172,176,173,176,174,176,175,176,176,176,177,176,178,175,179,175,180,174,181,174,182,173,183,172,183,171,184,170,184,169,185,168,185,167,185,166,184,165,184,164,184,163,184,162,183,161,182,160,182,159,181,158,181,157,180,156,179,155,179,154,178,153,178,152,177,151,177,150,177,149,176,148,175,147,175,146,174,145,173,144,172,144,171,144,170,143,169,143,168,143,167,143,166,143,165,143,164,143,163,143,162,143
237,146,236,147,235,148,234,148,233,149,232,150,232,151,232,152,232,153,232,154,232,155,233,156,234,157,235,158,235,159,236,159,237,160,238,161,239,161,240,162,241,162,242,162,243,163,244,163,245,163,246,164,247,164,248,164,249,164,250,164,251,163,252,163,252,162,253,161,253,160,253,159,253,158,253,157,252,156,252,155,251,154,250,153,250,152,249,151,248,150,247,150,246,149,245,148,244,148,243,147,242,147,241,147,240,146,239,146,238,146
219,148,219,149,218,150,217,151,216,151,216,152,215,153,214,154,213,155,212,156,212,157,212,158,211,159,210,160,210,161,209,162,209,163,209,164,208,165,208,166,208,167,208,168,209,169,210,170,210,171,211,171,212,172,213,172,214,172,215,172,216,173,217,173,218,173,219,172,220,172,221,172,222,172,223,171,224,170,224,169,225,168,226,167,227,166,227,165,228,164,228,163,229,162,229,161,230,160,230,159,230,158,231,157,232,156,231,155,231,154,231,153,231,152,231,151,230,150,229,149,228,149,227,149,226,149,225,148,224,148,223,148,222,148,221,148,220,148
136,150,135,151,134,151,133,151,132,152,131,152,130,152,129,153,128,153,127,154,126,155,125,155,124,156,123,157,122,158,122,159,121,160,121,161,121,162,120,163,120,164,120,165,120,166,120,167,120,168,120,169,121,170,121,171,121,172,122,173,122,174,123,175,124,176,125,176,126,176,127,176,128,177,129,177,130,177,131,177,132,177,133,177,134,177,135,177,136,177,137,177,138,177,139,177,140,178,141,178,142,177,143,178,144,178,145,178,146,178,147,178,148,177,149,177,150,177,151,177,152,176,153,175,154,175,154,174,155,173,155,172,155,171,155,170,155,169,154,168,154,167,154,166,154,165,153,164,153,163,152,162,152,161,151,160,150,159,150,158,149,157,148,156,147,155,146,155,145,154,144,153,143,153,142,152,141,151,140,151,139,151,138,151,137,150
230,165,229,166,228,166,227,167,226,168,225,169,225,170,224,171,223,172,224,173,224,174,224,175,224,176,224,177,224,178,225,179,225,180,225,181,226,182,226,183,226,184,227,185,228,186,229,186,230,187,231,187,232,187,233,188,234,188,235,187,236,187,237,187,238,187,239,187,240,186,241,186,242,185,243,184,244,183,245,183,245,182,246,181,247,180,247,179,248,178,248,177,248,176,248,175,248,174,247,173,246,172,246,171,245,170,244,169,243,168,242,168,241,167,240,166,239,166,238,166,237,165,236,165,235,165,234,165,233,165,232,165,231,165
202,166,201,167,200,167,199,168,198,169,198,170,197,171,196,172,195,173,194,174,193,174,192,175,191,175,190,176,189,176,188,176,187,177,186,178,186,179,185,180,185,181,185,182,185,183,185,184,185,185,185,186,185,187,185,188,185,189,186,190,187,191,187,192,188,193,188,194,189,194,190,195,191,195,192,196,193,197,194,197,195,197,196,196,197,196,198,195,198,194,199,193,200,193,201,193,202,193,203,193,204,193,205,194,206,194,207,194,208,194,209,193,210,193,211,192,212,192,213,191,214,190,214,189,215,188,215,187,215,186,215,185,215,184,215,183,215,182,214,181,214,180,213,179,212,178,211,177,211,176,210,175,209,174,209,173,208,172,207,172,206,171,206,170,206,169,207,168,208,169,207,168,207,167,206,167,205,168,204,167,203,167
256,166,255,167,254,168,253,169,253,170,252,171,252,172,252,173,252,174,252,175,252,176,252,177,252,178,252,179,251,180,251,181,251,182,251,183,251,184,251,185,250,186,250,187,250,188,249,189,248,190,248,191,247,192,247,193,247,194,247,195,247,196,247,197,247,198,247,199,247,200,247,201,247,202,247,203,247,204,248,205,249,205,250,206,251,206,252,206,253,207,254,207,255,207,256,207,257,207,258,207,259,206,260,206,261,205,262,205,263,204,264,204,265,203,266,203,267,202,268,201,269,200,269,199,270,198,270,197,271,196,271,195,271,194,271,193,271,192,271,191,271,190,271,189,271,188,271,187,271,186,271,185,270,184,270,183,269,182,268,181,268,180,267,179,267,178,267,177,266,176,266,175,267,174,267,173,267,172,266,171,266,170,265,169,265,168,264,167,263,167,262,166,261,166,260,166,259,166,258,166,257,166
165,178,164,179,163,179,162,179,161,180,160,181,160,182,159,183,159,184,159,185,159,186,158,187,158,188,158,189,158,190,158,191,158,192,158,193,158,194,158,195,158,196,158,197,158,198,158,199,158,200,158,201,158,202,159,203,160,203,161,204,162,205,163,205,164,206,165,206,166,206,167,206,168,206,169,206,170,206,171,205,172,206,173,205,174,205,175,205,175,204,176,203,177,202,177,201,178,200,179,199,180,198,180,197,181,196,182,195,183,194,183,193,183,192,183,191,183,190,183,189,182,188,182,187,182,186,181,185,180,184,179,183,178,182,177,181,176,180,175,180,174,180,173,179,172,179,171,179,170,179,169,178,168,178,167,178,166,178
137,181,136,182,135,182,134,182,133,182,132,182,131,182,130,182,129,183,128,183,127,183,126,183,125,183,124,184,123,185,122,186,121,187,120,188,120,189,119,190,119,191,119,192,119,193,118,194,118,195,119,196,119,197,120,198,120,199,121,200,121,201,122,202,123,203,124,204,125,205,125,206,126,206,127,206,128,206,129,206,130,206,131,207,132,207,133,207,134,207,135,207,136,207,137,206,138,206,139,206,140,206,141,205,142,205,143,205,144,205,145,204,146,204,147,203,148,203,148,202,149,201,150,200,151,199,152,198,153,197,154,196,154,195,155,194,155,193,155,192,155,191,155,190,155,189,154,188,153,187,153,186,152,186,151,185,150,184,149,183,148,183,147,182,146,182,145,182,144,181,143,182,142,181,141,181,140,181,139,181,138,181
286,191,285,192,284,192,283,192,282,192,281,193,280,193,279,194,278,195,277,196,276,197,276,198,275,199,274,200,273,201,272,202,272,203,271,204,270,204,270,205,269,206,268,207,267,208,267,209,266,210,266,211,266,212,266,213,267,214,268,214,269,215,270,215,271,215,272,215,273,214,274,214,275,213,276,212,277,212,278,211,279,211,280,210,281,210,282,209,283,209,284,208,285,208,286,207,287,206,288,205,289,204,290,204,290,203,291,202,292,202,292,201,293,200,294,199,294,198,294,197,293,196,293,195,292,194,291,193,290,192,289,192,288,191,287,191
184,194,183,195,182,196,181,197,181,198,180,199,179,200,178,201,178,202,177,203,176,204,176,205,175,206,176,206,177,207,177,208,178,209,179,210,180,210,181,210,182,211,183,211,184,212,185,212,186,213,187,214,188,214,189,213,190,212,191,211,191,210,192,209,193,208,193,207,194,206,194,205,195,204,196,203,196,202,196,201,195,200,195,199,194,198,193,198,192,197,191,196,190,196,189,195,188,195,187,194,186,194,185,194
297,197,296,198,295,198,296,199,296,200,296,201,296,202,296,203,295,204,294,203,294,204,293,205,292,205,291,205,290,205,289,205,288,206,287,207,286,208,285,209,284,210,283,211,282,211,281,212,280,213,279,213,278,214,278,215,277,216,276,216,275,217,274,218,273,219,272,219,271,220,270,221,270,222,270,223,270,224,270,225,270,226,270,227,270,228,270,229,270,230,269,231,269,232,269,233,269,234,270,234,271,234,272,234,273,234,274,234,275,235,276,235,277,235,277,234,278,233,279,232,280,231,280,230,281,229,282,228,283,227,284,226,284,225,285,224,286,223,287,222,287,221,288,220,288,219,289,218,290,217,290,216,291,215,291,214,291,213,292,212,293,211,294,210,295,210,296,209,297,209,298,209,299,209,300,209,300,208,300,207,300,206,300,205,300,204,300,203,300,202,300,201,300,200,300,199,299,198,298,198
147,204,146,205,145,205,144,206,143,206,143,207,142,208,141,208,142,209,142,210,142,211,142,212,142,213,142,214,142,215,142,216,142,217,142,218,142,219,142,220,143,220,144,221,145,222,146,222,147,223,148,224,149,225,150,226,151,226,152,226,153,226,154,227,155,227,156,228,157,227,158,226,159,225,160,224,160,223,161,222,162,222,163,221,164,222,165,221,165,220,166,219,166,218,167,217,167,216,168,215,169,214,169,213,168,212,168,211,167,210,167,209,166,208,166,207,165,207,164,207,163,206,162,206,161,205,160,204,159,204,158,204,157,204,156,204,155,204,154,204,153,204,152,204,151,204,150,204,149,204,148,204
125,207,124,208,123,209,122,209,122,210,122,211,122,212,122,213,122,214,122,215,123,216,123,217,124,218,124,219,125,220,125,221,126,222,126,223,127,224,128,225,129,225,130,225,131,225,132,225,133,225,134,224,135,223,136,223,137,222,138,221,139,221,140,220,141,220,141,219,141,218,141,217,141,216,141,215,141,214,141,213,141,212,141,211,141,210,141,209,140,209,139,209,138,208,137,208,136,208,135,208,134,208,133,208,132,208,131,208,130,207,129,207,128,207,127,207,126,207
177,211,176,212,175,213,174,213,173,214,172,214,171,215,170,215,169,215,168,216,168,217,167,218,167,219,166,220,166,221,165,222,165,223,164,224,165,224,166,225,167,226,168,226,169,227,170,227,171,228,172,228,173,229,174,229,175,229,176,230,177,230,178,229,179,229,180,229,181,228,181,227,182,226,183,226,183,225,184,224,185,224,186,223,187,222,187,221,187,220,187,219,187,218,187,217,187,216,187,215,186,214,185,213,184,213,183,212,182,212,181,211,180,211,179,211,178,211
260,216,259,217,258,217,257,218,256,218,255,219,254,220,253,221,252,222,251,222,250,222,249,223,248,224,249,224,250,225,251,226,252,227,253,228,253,229,253,230,254,231,254,232,254,233,254,234,255,235,256,236,256,237,257,237,258,238,259,238,260,238,261,238,262,237,263,236,264,236,265,235,266,235,267,234,268,234,268,233,268,232,268,231,269,230,269,229,269,228,269,227,269,226,269,225,269,224,269,223,269,222,269,221,270,220,269,219,268,218,267,218,266,217,265,217,264,217,263,216,262,216,261,216
140,221,139,222,138,222,137,223,136,224,135,224,134,225,133,226,133,227,133,228,133,229,133,230,133,231,133,232,133,233,134,234,134,235,134,236,135,237,136,238,136,239,137,240,138,240,139,239,140,239,141,238,142,238,143,237,144,237,145,236,146,236,147,235,148,234,149,234,150,233,151,232,152,231,151,231,150,230,149,229,149,228,149,227,149,226,148,225,147,224,146,223,145,223,144,222,143,221,142,221,141,221
314,221,313,222,312,222,311,223,310,223,309,224,308,225,307,225,306,226,305,227,304,228,304,229,303,230,302,231,301,232,301,233,300,234,300,235,300,236,301,237,302,238,302,239,303,240,304,240,305,241,306,241,307,242,308,242,309,242,310,242,311,242,312,242,313,241,314,241,315,240,316,240,317,239,318,238,319,237,320,237,321,236,322,235,323,235,323,234,324,233,325,232,326,231,326,230,326,229,326,228,326,227,326,226,325,225,325,224,324,223,323,222,322,222,321,221,320,221,319,221,318,221,317,221,316,221,315,221
104,223,103,224,102,225,101,225,101,226,100,227,100,228,99,229,99,230,99,231,99,232,99,233,100,234,101,235,102,236,103,237,104,238,105,238,106,238,107,238,108,237,109,237,110,237,111,237,112,236,112,235,113,234,113,233,113,232,113,231,113,230,113,229,112,228,112,227,111,226,110,225,109,224,108,224,107,224,106,223,105,223
198,224,197,225,196,226,195,227,194,227,193,228,193,229,192,230,192,231,192,232,191,233,191,234,191,235,191,236,191,237,191,238,191,239,191,240,191,241,190,242,190,243,190,244,191,245,191,246,192,247,192,248,193,249,193,250,194,250,195,250,196,250,197,251,198,251,199,251,200,251,201,251,202,251,203,251,204,251,205,251,206,251,207,251,208,250,209,250,210,250,211,249,212,248,213,247,214,246,215,245,215,244,216,243,216,242,217,241,217,240,217,239,217,238,217,237,217,236,216,235,216,234,215,233,214,232,213,232,212,232,211,231,210,231,209,230,208,230,207,230,206,229,205,229,204,228,203,227,202,226,201,225,200,224,199,224
153,230,153,231,152,232,151,233,150,234,149,235,148,235,147,236,146,237,145,237,144,238,143,238,142,239,141,239,140,240,139,240,138,241,137,241,138,242,138,243,138,244,138,245,138,246,138,247,138,248,139,249,140,250,141,251,141,252,142,253,142,254,143,255,143,256,143,257,144,258,144,259,145,260,146,260,147,260,148,260,149,260,150,260,151,259,152,258,153,257,154,257,154,256,154,255,154,254,155,253,155,252,155,251,155,250,156,249,156,248,157,247,157,246,157,245,158,244,158,243,159,242,160,241,159,240,159,239,158,238,158,237,157,236,157,235,156,234,156,233,155,232,155,231,155,230,154,230
241,234,240,235,239,235,238,235,237,236,236,237,235,237,234,238,234,239,233,240,233,241,232,242,232,243,232,244,232,245,232,246,232,247,232,248,232,249,232,250,232,251,233,252,233,253,234,254,234,255,235,256,236,257,237,258,238,259,239,259,240,260,241,260,242,261,243,261,244,262,245,262,246,261,247,261,248,261,249,261,250,260,251,260,252,259,253,258,254,257,254,256,254,255,254,254,254,253,254,252,255,251,255,250,255,249,255,248,255,247,255,246,255,245,254,244,254,243,254,242,253,241,253,240,253,239,252,238,251,237,250,236,249,235,248,235,247,234,246,234,245,234,244,234,243,234,242,234
267,235,266,236,265,236,264,237,263,237,262,238,261,239,260,239,261,240,261,241,260,242,260,243,260,244,260,245,260,246,261,247,261,248,262,249,263,249,264,249,265,249,266,249,267,249,268,249,269,248,270,248,271,247,272,247,273,246,274,245,275,244,275,243,276,242,276,241,277,240,277,239,277,238,277,237,277,236,276,236,275,236,274,235,273,235,272,235,271,235,270,235,269,235,268,235
178,241,177,242,176,242,175,242,174,243,173,243,172,243,171,243,170,242,169,242,168,242,167,243,166,243,165,243,164,243,163,244,162,244,161,245,160,246,159,246,158,246,158,247,157,248,157,249,156,250,156,251,156,252,156,253,155,254,155,255,155,256,155,257,156,258,157,259,157,260,157,261,157,262,157,263,158,264,159,264,160,265,161,265,162,266,163,267,164,268,165,269,166,269,167,270,168,270,169,270,170,270,171,269,172,269,173,268,174,268,175,267,176,266,177,265,178,265,179,264,180,264,181,263,182,262,183,262,184,261,184,260,185,259,186,259,186,258,187,257,188,257,188,256,189,255,190,254,191,253,192,252,192,251,192,250,192,249,191,248,191,247,190,246,190,245,189,244,189,243,188,242,187,242,186,242,185,242,184,241,183,241,182,241,181,241,180,241,179,241
292,244,291,245,290,245,289,246,288,247,287,248,286,249,285,250,285,251,284,252,284,253,284,254,284,255,283,256,283,257,283,258,284,259,284,260,284,261,284,262,285,263,285,264,286,265,287,266,287,267,288,266,289,266,290,266,291,265,292,265,293,265,294,264,295,264,296,264,297,264,298,263,299,263,300,263,301,263,302,263,303,262,304,262,305,262,306,262,307,262,308,261,309,260,309,259,310,258,310,257,310,256,310,255,310,254,309,253,309,252,309,251,309,250,308,250,307,249,307,248,306,247,305,247,304,246,303,246,302,245,301,245,300,245,299,245,298,244,297,244,296,244,295,244,294,244,293,244
219,252,218,253,217,253,216,254,215,254,214,255,213,256,212,257,211,258,211,259,210,260,210,261,211,262,211,263,211,264,211,265,212,266,211,267,212,268,213,268,214,268,215,269,216,270,217,271,218,272,219,272,220,273,221,274,222,275,222,276,223,277,224,278,224,279,225,279,226,279,227,279,228,279,229,279,230,278,231,278,232,277,233,277,234,276,235,276,236,275,237,274,238,273,238,272,239,271,239,270,239,269,239,268,238,267,238,266,237,265,237,264,237,263,236,262,236,261,235,260,235,259,234,258,233,257,232,256,231,255,230,254,229,254,228,253,227,252,226,252,225,252,224,252,223,252,222,252,221,252,220,252
329,253,328,254,327,254,326,254,325,255,324,255,323,256,322,257,321,258,321,259,320,260,320,261,320,262,319,263,319,264,320,265,320,266,320,267,321,268,321,269,321,270,322,270,323,270,324,270,325,270,326,270,327,269,328,269,329,269,330,269,331,269,332,269,333,269,334,269,335,268,335,267,336,266,336,265,336,264,336,263,337,262,337,261,336,260,336,259,336,258,336,257,335,256,334,255,333,254,332,253,331,253,330,253
308,262,307,263,306,263,305,263,304,263,303,263,302,264,301,264,300,264,299,264,298,264,297,265,296,265,295,265,294,265,293,266,292,266,291,266,290,267,289,267,288,267,287,268,287,269,286,270,286,271,285,272,285,273,284,274,284,275,284,276,284,277,284,278,284,279,284,280,285,281,285,282,286,283,287,284,288,285,289,286,290,287,291,287,292,288,293,288,294,288,295,288,296,288,297,288,298,288,299,289,300,289,301,289,302,288,303,287,304,287,305,286,306,285,307,285,308,284,309,284,310,283,311,283,312,282,312,281,313,280,313,279,314,278,314,277,314,276,314,275,315,274,315,273,314,272,314,271,314,270,313,269,313,268,313,267,312,266,311,265,310,264,309,263,309,262
157,264,156,265,155,265,154,266,153,267,153,268,153,269,152,270,152,271,152,272,153,273,154,274,155,275,156,276,157,277,158,277,159,277,160,277,161,277,162,277,163,276,164,276,165,275,166,274,166,273,167,272,167,271,166,270,165,270,164,269,163,268,162,267,161,266,160,266,159,265,158,265
202,266,201,267,200,267,199,268,199,269,199,270,198,271,197,271,198,272,198,273,198,274,199,275,199,276,199,277,200,278,200,279,200,280,200,281,201,282,201,283,201,284,201,285,201,286,201,287,201,288,201,289,201,290,202,290,203,291,204,291,205,291,206,291,207,291,208,290,209,290,210,290,211,289,212,288,212,287,213,286,214,285,215,284,216,283,217,282,217,281,217,280,217,279,217,278,217,277,217,276,216,275,216,274,215,273,215,272,214,271,213,270,213,269,212,269,211,268,210,268,209,267,208,267,207,266,206,266,205,266,204,266,203,266
189,270,188,271,187,271,186,272,185,273,185,274,184,275,183,276,183,277,182,278,182,279,182,280,181,281,181,282,181,283,180,284,180,285,179,286,179,287,179,288,178,289,179,290,180,291,181,292,182,293,183,294,183,295,184,296,184,297,185,296,186,297,187,297,187,296,188,295,189,295,190,295,191,295,192,294,193,293,194,293,195,292,196,291,197,291,198,290,199,290,200,290,200,289,200,288,200,287,200,286,200,285,200,284,200,283,200,282,199,281,199,280,199,279,199,278,198,277,198,276,198,275,197,274,197,273,197,272,196,271,195,271,194,270,193,270,192,270,191,270,190,270
327,270,326,271,325,271,324,271,323,271,322,271,321,271,320,272,320,273,319,274,319,275,319,276,319,277,319,278,319,279,318,280,318,281,318,282,319,283,320,284,320,285,321,285,322,286,323,286,324,287,325,287,326,287,327,287,328,287,329,287,330,287,331,286,332,286,333,286,334,285,335,284,336,283,337,282,337,281,338,280,338,279,338,278,338,277,338,276,338,275,337,274,337,273,336,272,335,271,334,270,333,270,332,270,331,270,330,270,329,270,328,270
312,283,311,284,310,284,309,285,308,285,307,286,306,286,305,287,304,288,303,288,302,289,302,290,301,291,301,292,301,293,301,294,302,295,302,296,303,297,304,297,305,298,306,298,307,298,308,298,309,298,310,297,311,297,312,296,313,296,314,295,315,294,316,293,316,292,317,291,317,290,317,289,317,288,317,287,316,286,315,285,314,285,313,284
329,292,328,293,327,293,326,293,325,293,324,293,323,294,322,294,321,295,320,295,319,296,318,297,318,298,317,299,317,300,316,301,316,302,315,303,315,304,315,305,314,306,314,307,314,308,314,309,314,310,314,311,314,312,314,313,314,314,314,315,314,316,314,317,314,318,314,319,314,320,314,321,314,322,314,323,315,324,315,325,316,325,317,326,318,326,319,326,320,326,321,326,322,326,323,326,324,326,325,326,326,326,327,326,328,325,329,325,330,325,331,325,332,325,333,325,332,324,332,323,333,322,333,321,334,320,334,319,334,318,334,317,335,316,335,315,335,314,335,313,335,312,335,311,334,310,334,309,335,308,335,307,335,306,335,305,336,304,336,303,337,302,338,301,338,300,339,299,339,298,339,297,339,296,338,295,338,294,337,293,336,292,335,292,334,292,333,292,332,292,331,292,330,292
240,296,239,297,238,298,237,299,236,299,236,300,235,301,234,301,233,302,233,303,232,304,232,305,231,306,231,307,230,308,230,309,230,310,230,311,230,312,231,313,232,314,232,315,233,316,233,317,233,318,234,319,235,319,236,320,237,320,238,320,239,320,240,320,241,319,242,318,243,317,244,316,245,315,246,314,247,313,248,312,249,311,250,310,250,309,250,308,251,307,251,306,251,305,251,304,251,303,251,302,251,301,251,300,250,299,249,298,248,297,247,297,246,296,245,296,244,296,243,296,242,296,241,296
295,297,294,298,293,298,292,299,291,299,290,300,289,301,289,302,288,303,288,304,287,305,287,306,287,307,287,308,287,309,286,310,286,311,286,312,286,313,287,314,287,315,288,316,289,317,290,317,291,318,292,318,293,318,294,318,295,317,296,317,297,317,298,317,299,316,300,316,301,315,302,314,303,313,304,312,305,311,306,310,306,309,307,308,307,307,307,306,308,305,307,304,307,303,307,302,307,301,306,300,306,299,305,299,304,298,303,298,302,298,301,298,300,298,299,298,298,297,297,297,296,297
218,299,217,300,216,300,215,300,214,300,213,301,212,301,211,301,210,302,209,303,208,303,207,303,206,304,205,304,204,305,203,305,203,306,202,307,201,308,200,309,200,310,200,311,200,312,201,313,201,314,201,315,201,316,202,317,203,318,204,319,205,319,206,320,207,320,208,320,209,320,210,320,211,320,212,320,213,320,214,320,215,320,216,319,217,319,218,318,219,318,220,317,220,316,221,315,221,314,222,313,222,312,223,311,223,310,224,309,224,308,224,307,225,306,225,305,226,304,226,303,226,302,226,301,225,300,224,299,223,299,222,299,221,299,220,299,219,299
257,310,256,311,255,311,254,311,253,311,252,311,251,311,250,311,249,312,248,313,247,314,246,315,245,316,244,317,243,318,242,319,241,320,242,321,242,322,242,323,242,324,242,325,241,326,242,327,242,328,242,329,243,330,243,331,244,332,245,333,246,334,247,335,248,336,249,336,250,336,251,336,252,336,253,336,254,336,255,336,256,336,257,335,258,335,259,334,260,333,261,332,262,331,263,330,263,329,263,328,264,327,264,326,264,325,265,324,265,323,265,322,265,321,265,320,265,319,265,318,265,317,265,316,264,315,264,314,263,313,263,312,262,312,261,311,260,311,259,311,258,310
274,321,273,322,272,323,271,324,270,325,269,326,269,327,268,328,268,329,267,330,267,331,266,332,266,333,266,334,267,335,267,336,268,337,269,338,270,338,271,338,272,337,273,337,274,336,275,336,276,335,277,335,278,335,279,334,280,333,281,332,282,331,282,330,283,329,283,328,283,327,283,326,283,325,283,324,282,323,281,322,280,321,279,321,278,321,277,321,276,321,275,321
314,326,314,327,313,328,312,328,311,329,310,329,309,330,308,330,307,331,306,331,305,332,304,333,304,334,303,335,303,336,303,337,304,338,304,339,304,340,305,341,305,342,306,343,307,343,308,344,309,344,310,344,311,344,312,345,313,345,314,346,315,346,316,346,317,346,318,346,319,345,320,345,321,345,322,344,323,344,324,344,325,344,326,343,327,343,328,342,329,341,330,341,331,340,332,339,333,339,333,338,334,337,335,336,335,335,335,334,335,333,335,332,335,331,335,330,334,329,334,328,334,327,333,326,332,326,331,326,330,326,329,326,328,326,327,327,326,327,325,327,324,327,323,327,322,327,321,327,320,327,319,327,318,327,317,327,316,326,315,326
233,337,232,338,231,338,230,338,229,338,228,339,227,339,226,340,225,341,225,342,225,343,226,344,226,345,227,346,228,347,229,347,230,348,231,349,232,350,233,351,234,352,235,353,236,354,237,355,238,355,239,356,240,357,241,358,242,359,243,359,244,360,245,360,246,361,247,361,248,362,249,362,250,363,251,364,252,364,253,364,254,364,255,364,256,364,257,363,258,362,259,361,259,360,260,359,260,358,261,357,261,356,262,355,262,354,262,353,262,352,263,351,263,350,263,349,263,348,263,347,263,346,262,346,261,346,260,346,259,345,258,345,257,344,256,344,255,343,254,342,253,342,252,342,251,341,250,341,249,340,248,340,247,340,246,339,245,339,244,339,243,339,242,339,241,339,240,338,239,338,238,338,237,337,236,337,235,337,234,337
277,340,276,341,275,341,274,342,273,343,272,343,272,344,271,345,271,346,270,347,270,348,270,349,270,350,270,351,271,352,272,353,272,354,273,355,274,355,275,356,276,356,277,357,278,357,279,357,280,357,281,357,282,356,283,356,284,355,285,354,286,353,286,352,287,351,287,350,287,349,287,348,287,347,287,346,286,345,285,344,285,343,284,342,283,341,282,341,281,341,280,341,279,340,278,340
310,417,309,418,308,418,307,418,306,419,305,420,304,420,304,421,303,422,302,423,302,424,302,425,302,426,302,427,302,428,302,429,302,430,303,431,304,432,305,433,306,434,307,435,308,435,309,436,310,436,311,437,312,437,313,437,314,437,315,437,316,437,317,437,318,437,319,437,320,437,321,436,322,436,323,436,324,435,325,435,326,434,326,433,327,432,327,431,328,430,328,429,327,428,328,427,328,426,327,425,327,424,326,423,326,422,325,421,324,420,323,420,322,419,321,419,320,418,319,418,318,418,317,417,316,417,315,417,314,417,313,417,312,417,311,417
361,420,360,421,359,421,358,421,357,421,356,422,355,423,354,423,354,424,353,425,353,426,352,427,352,428,352,429,352,430,352,431,353,432,353,433,354,434,355,434,356,435,357,435,358,436,359,436,360,437,361,438,362,438,363,438,364,439,365,439,366,439,367,439,368,440,369,440,370,441,371,441,372,441,373,442,374,442,375,442,376,442,377,442,378,442,379,442,380,442,381,442,382,442,383,442,384,441,385,441,386,440,386,439,387,438,387,437,387,436,388,435,388,434,388,433,388,432,388,431,387,430,387,429,387,428,386,427,385,426,385,425,384,424,383,423,382,423,381,422,380,422,379,422,378,421,377,421,376,421,375,421,374,421,373,420,372,420,371,420,370,420,369,420,368,420,367,420,366,420,365,420,364,420,363,420,362,420
289,423,288,424,287,424,286,424,285,424,284,425,283,425,282,425,281,426,280,427,280,428,279,429,279,430,278,431,278,432,278,433,278,434,277,435,278,436,278,437,278,438,279,439,279,440,280,441,281,441,282,442,283,442,284,443,285,443,286,443,287,443,288,443,289,443,290,443,291,443,292,443,293,442,294,442,295,442,296,442,297,441,298,440,299,439,300,438,300,437,300,436,300,435,299,434,299,433,299,432,298,431,297,430,296,429,296,428,295,427,295,426,294,425,293,424,292,424,291,423,290,423
153,426,152,427,151,428,150,428,149,429,148,430,147,431,147,432,147,433,146,434,146,435,146,436,146,437,146,438,147,439,147,440,147,441,148,442,149,443,149,444,149,445,150,446,150,447,150,448,151,449,151,450,152,451,152,452,153,453,153,454,154,455,155,456,156,457,157,457,158,457,159,458,160,458,161,458,162,458,163,458,164,457,165,457,166,456,167,455,168,455,168,454,169,453,170,453,170,452,171,451,172,451,173,450,174,449,175,449,176,448,177,448,178,447,179,446,180,446,180,445,181,444,182,443,183,442,183,441,184,440,184,439,184,438,185,437,185,436,184,435,184,434,183,433,183,432,182,431,181,430,180,430,179,429,178,429,177,429,176,429,175,429,174,429,173,429,172,429,171,429,170,430,169,430,168,430,167,430,166,430,165,430,164,429,163,429,162,428,161,428,160,427,159,427,158,427,157,426,156,426,155,426,154,426
130,427,129,428,128,428,127,429,126,429,125,430,124,431,124,432,123,433,123,434,123,435,123,436,123,437,123,438,124,439,124,440,125,441,125,442,126,443,126,444,127,445,128,446,128,447,129,448,130,449,130,450,131,451,132,452,132,453,132,454,133,455,133,456,134,457,135,458,135,459,136,459,137,460,138,461,139,461,140,460,141,460,142,459,143,459,144,458,145,457,145,456,146,455,146,454,147,453,146,452,147,451,147,450,146,449,146,448,146,447,146,446,146,445,146,444,146,443,146,442,146,441,146,440,146,439,145,438,145,437,145,436,144,436,143,435,143,434,142,433,142,432,142,431,141,430,141,429,140,429,139,428,138,428,137,427,136,427,135,427,134,427,133,427,132,427,131,427
395,427,394,428,393,428,393,429,392,430,392,431,392,432,391,433,391,434,391,435,392,436,392,437,392,438,393,439,394,440,395,441,396,442,397,443,398,444,399,445,400,446,401,447,402,447,403,448,404,448,405,448,406,449,407,448,408,448,409,447,410,446,410,445,411,444,411,443,411,442,411,441,411,440,411,439,410,438,410,437,409,436,409,435,408,434,407,433,406,432,405,431,404,431,403,430,402,429,401,429,400,428,399,428,398,427,397,427,396,427
346,439,345,440,344,440,343,440,342,440,341,440,340,441,339,441,338,442,337,442,336,443,335,444,334,445,333,446,332,446,331,447,330,447,329,448,329,449,329,450,329,451,330,452,330,453,330,454,330,455,330,456,331,457,331,458,331,459,332,460,332,461,332,462,333,463,333,464,334,465,334,466,334,467,335,468,336,467,337,467,338,467,339,467,340,467,341,467,342,467,343,467,344,467,345,467,346,468,347,468,348,468,349,468,350,467,351,467,352,466,353,466,354,465,355,464,355,463,356,462,357,461,357,460,358,459,358,458,358,457,359,456,359,455,359,454,359,453,359,452,359,451,358,450,358,449,358,448,358,447,357,446,356,445,356,444,355,444,354,443,353,442,352,442,351,441,350,441,349,440,348,440,347,440
108,440,107,441,106,441,105,441,104,442,103,442,102,443,101,444,100,445,100,446,99,447,99,448,99,449,99,450,99,451,99,452,100,453,101,454,102,455,102,456,103,456,104,457,104,458,105,459,106,460,107,461,108,462,109,463,110,464,111,465,112,466,113,466,114,467,115,467,116,468,117,468,118,468,119,469,120,468,121,468,122,467,123,467,124,466,125,465,125,464,125,463,125,462,125,461,126,460,126,459,125,458,125,457,125,456,124,455,124,454,124,453,123,452,123,451,123,450,122,449,121,448,121,447,120,446,119,445,118,444,117,443,116,442,115,442,114,441,113,441,112,441,111,440,110,440,109,440
194,441,193,442,192,442,191,443,190,444,189,444,188,444,187,445,186,445,185,445,184,445,183,445,182,446,181,446,180,447,179,447,178,448,177,449,177,450,177,451,177,452,177,453,177,454,177,455,177,456,177,457,177,458,178,459,178,460,179,461,180,462,181,463,182,464,183,465,184,465,185,465,186,466,187,466,188,466,189,467,190,466,191,466,192,466,193,465,194,465,195,464,195,463,195,462,195,461,195,460,195,459,195,458,195,457,195,456,195,455,195,454,195,453,195,452,196,451,196,450,196,449,197,448,197,447,198,446,198,445,199,444,200,443,200,442,199,442,198,441,197,441,196,441,195,441
201,443,200,444,199,445,199,446,198,447,198,448,197,449,197,450,197,451,196,452,196,453,196,454,196,455,196,456,196,457,196,458,196,459,196,460,196,461,196,462,196,463,196,464,197,464,198,464,199,464,200,464,201,465,202,465,203,465,204,465,205,464,206,464,207,464,208,463,209,462,210,462,211,461,212,461,213,460,214,459,214,458,215,457,215,456,215,455,216,454,215,453,215,452,215,451,215,450,214,449,213,448,212,447,211,447,210,446,209,446,208,445,207,445,206,445,205,445,204,445,203,445,202,445,201,444
312,445,311,446,310,446,309,446,308,446,307,446,306,447,305,448,304,449,303,449,302,450,301,451,300,452,299,453,298,453,297,454,296,455,296,456,295,457,295,458,295,459,295,460,295,461,295,462,295,463,295,464,295,465,296,466,296,467,297,468,297,469,298,470,299,471,299,472,300,473,301,474,302,475,302,476,303,476,304,477,305,478,306,478,307,478,308,479,309,479,310,478,311,478,312,478,313,478,314,478,315,478,316,478,317,477,318,477,319,476,320,476,321,475,322,475,323,474,324,474,325,473,326,473,327,472,328,472,329,471,330,470,331,469,332,469,333,468,334,468,333,467,333,466,333,465,332,464,332,463,331,462,331,461,331,460,330,459,330,458,330,457,329,456,329,455,329,454,329,453,329,452,328,451,328,450,328,449,328,448,327,449,326,448,325,448,324,448,323,447,322,447,321,446,320,446,319,446,318,445,317,445,316,445,315,445,314,445,313,445
376,445,375,446,374,446,373,446,372,446,371,447,370,447,369,448,368,449,367,450,366,451,366,452,365,453,364,454,364,455,363,456,363,457,362,458,361,459,361,460,361,461,361,462,360,463,360,464,360,465,360,466,360,467,360,468,361,469,361,470,362,471,362,472,362,473,363,474,364,475,365,475,366,476,367,477,368,478,369,478,370,479,371,479,372,480,373,480,374,481,375,481,376,480,377,480,378,480,379,479,380,479,381,479,382,479,383,478,384,478,385,477,386,476,387,475,388,474,389,473,390,472,391,471,392,470,392,469,392,468,393,467,393,466,393,465,394,464,394,463,394,462,394,461,394,460,393,459,393,458,393,457,393,456,392,455,392,454,391,453,391,452,390,451,389,450,388,450,387,449,386,449,385,448,384,447,383,447,382,446,381,446,380,446,379,446,378,445,377,445
263,453,262,454,261,454,260,454,259,455,258,455,257,456,256,457,255,458,255,459,254,460,254,461,254,462,253,463,253,464,253,465,253,466,253,467,254,468,254,469,254,470,255,471,255,472,256,473,257,474,258,474,259,475,260,475,261,475,262,476,263,476,264,476,265,476,266,475,267,475,268,475,269,475,270,474,271,474,272,473,273,473,274,472,275,471,276,470,277,469,277,468,277,467,277,466,277,465,278,464,278,463,278,462,277,461,277,460,277,459,277,458,276,457,275,456,274,455,273,455,272,454,271,454,270,454,269,454,268,453,267,453,266,453,265,453,264,453
409,453,408,454,407,454,406,455,406,456,405,457,405,458,405,459,405,460,405,461,405,462,405,463,405,464,406,465,406,466,406,467,407,468,408,469,409,470,409,471,410,472,411,473,411,474,412,475,412,476,413,477,414,478,414,479,415,480,416,480,417,481,418,482,419,483,420,483,421,483,422,483,423,483,424,482,425,482,425,481,425,480,426,479,426,478,426,477,426,476,426,475,426,474,426,473,426,472,425,471,425,470,425,469,425,468,425,467,425,466,424,465,424,464,424,463,424,462,423,461,423,460,422,459,422,458,421,457,421,456,420,456,419,455,418,455,417,454,416,454,415,454,414,453,413,453,412,453,411,453,410,453
87,454,86,455,85,455,84,455,83,456,82,456,81,457,80,458,79,459,79,460,79,461,78,462,78,463,78,464,78,465,78,466,78,467,78,468,78,469,79,470,79,471,80,472,81,473,82,474,83,475,84,475,85,476,86,476,87,477,88,477,89,478,90,478,91,478,92,479,93,479,94,479,95,479,96,480,97,479,98,479,99,479,100,479,101,479,102,478,103,477,104,477,104,476,105,475,105,474,105,473,106,472,105,471,105,470,105,469,105,468,105,467,105,466,105,465,104,464,103,463,102,462,101,461,101,460,100,459,99,458,98,457,97,456,96,456,95,455,94,455,93,455,92,455,91,455,90,454,89,454,88,454
217,463,216,464,215,465,214,466,213,467,213,468,212,469,212,470,212,471,212,472,212,473,212,474,212,475,212,476,213,477,213,478,213,479,214,480,215,480,216,479,217,479,218,479,219,479,220,479,221,478,222,478,223,477,224,477,225,476,225,475,226,474,226,473,227,472,227,471,227,470,227,469,227,468,226,467,226,466,225,465,224,465,223,464,222,464,221,463,220,463,219,463,218,463
160,466,159,467,158,467,157,467,156,467,155,468,154,468,153,468,152,469,151,469,150,470,149,471,148,472,147,472,146,473,145,474,144,475,144,476,143,477,142,478,142,479,141,480,141,481,141,482,140,483,140,484,140,485,140,486,140,487,140,488,140,489,140,490,140,491,140,492,140,493,140,494,140,495,140,496,141,497,141,498,141,499,142,500,142,501,143,502,143,503,144,504,145,505,146,506,147,507,148,508,149,508,150,509,151,510,152,510,153,510,154,510,155,510,156,510,157,510,158,511,159,510,160,510,161,510,162,510,163,509,164,509,165,509,166,508,167,508,168,507,169,507,170,507,171,506,172,505,173,505,174,504,175,503,176,503,177,502,178,501,179,500,179,499,180,498,181,497,181,496,182,495,182,494,183,493,183,492,183,491,183,490,183,489,183,488,183,487,183,486,183,485,182,484,182,483,182,482,182,481,181,480,181,479,181,478,180,477,180,476,179,475,179,474,178,473,177,472,176,471,175,470,174,469,173,469,172,468,171,468,170,467,169,467,168,467,167,467,166,467,165,466,164,466,163,466,162,466,161,466
70,478,69,479,68,479,67,480,66,481,65,482,64,483,64,484,64,485,63,486,63,487,63,488,63,489,63,490,63,491,64,492,64,493,65,494,65,495,66,496,67,497,68,498,69,499,70,499,71,500,72,500,73,500,74,500,75,501,76,501,77,501,78,500,79,500,80,500,81,499,82,499,83,498,84,498,84,497,85,496,86,495,86,494,87,493,87,492,87,491,87,490,87,489,87,488,87,487,87,486,86,485,85,484,84,483,84,482,83,482,82,481,81,480,80,480,79,479,78,479,77,479,76,478,75,478,74,478,73,478,72,478,71,478
385,478,384,479,383,479,382,480,381,480,380,480,379,480,378,481,377,481,376,481,375,482,374,482,374,483,373,484,372,485,371,486,371,487,370,488,370,489,370,490,369,491,369,492,369,493,369,494,369,495,369,496,369,497,369,498,369,499,369,500,369,501,369,502,370,503,370,504,371,505,371,506,372,507,372,508,373,509,374,510,375,510,376,510,377,510,378,510,379,510,380,510,381,510,382,510,383,510,384,510,385,510,386,510,387,510,388,510,389,510,390,510,391,510,392,510,393,509,394,509,395,509,396,508,397,507,398,506,399,505,400,504,400,503,401,502,401,501,402,500,402,499,403,498,403,497,403,496,403,495,404,494,404,493,404,492,404,491,404,490,404,489,404,488,404,487,404,486,404,485,403,484,403,483,402,482,402,481,401,480,400,480,399,479,398,478,397,478,396,478,395,478,394,478,393,478,392,478,391,478,390,478,389,478,388,478,387,479,386,479
213,480,212,481,211,482,210,482,209,483,208,484,207,485,206,486,206,487,206,488,206,489,206,490,206,491,206,492,206,493,207,494,207,495,208,496,209,497,210,498,211,499,212,500,212,501,213,501,214,502,215,503,216,504,217,505,218,506,219,506,220,507,221,508,222,509,223,509,224,510,225,510,226,510,227,510,228,510,229,510,230,510,231,510,232,510,233,510,234,510,235,510,236,509,237,509,238,508,239,508,240,507,240,506,241,505,241,504,242,503,242,502,242,501,242,500,242,499,242,498,242,497,242,496,242,495,242,494,242,493,241,492,241,491,240,490,239,489,238,488,237,488,236,487,235,487,234,486,233,486,232,486,231,486,230,486,229,485,228,485,227,485,226,485,225,485,224,485,223,485,222,484,221,484,220,484,219,484,218,483,217,483,216,483,215,482,215,481,214,481
260,480,259,481,258,481,257,481,256,482,255,483,254,484,254,485,253,486,253,487,252,488,252,489,252,490,252,491,252,492,253,493,254,494,254,495,255,496,256,497,257,498,258,499,259,499,260,500,261,500,262,500,263,500,264,500,265,500,266,500,267,500,268,499,269,498,270,497,271,496,272,495,272,494,273,493,272,492,272,491,272,490,272,489,272,488,271,487,271,486,271,485,270,484,270,483,269,483,268,482,267,482,266,481,265,481,264,481,263,480,262,480,261,480
296,485,295,486,294,486,293,486,292,486,291,487,290,487,290,488,289,489,288,490,288,491,287,492,286,493,286,494,285,495,285,496,285,497,284,498,284,499,284,500,284,501,284,502,284,503,284,504,284,505,285,506,285,507,285,508,285,509,286,510,287,511,288,511,289,511,290,511,291,511,292,511,293,511,294,511,295,511,296,511,297,511,298,511,299,511,300,511,301,511,302,511,303,511,304,511,305,511,306,511,307,511,308,511,309,511,310,511,311,511,312,511,313,510,314,510,315,509,316,508,317,507,318,506,318,505,318,504,318,503,318,502,318,501,319,500,319,499,319,498,319,497,319,496,318,495,317,494,317,493,316,492,315,491,314,490,313,489,312,488,311,487,310,486,309,486,308,486,307,485,306,485,305,485,304,485,303,485,302,485,301,485,300,485,299,485,298,485,297,485
107,498,106,499,105,499,104,499,103,499,102,499,101,499,100,500,99,500,98,500,97,501,96,501,95,501,94,502,93,503,92,504,91,505,91,506,90,507,90,508,89,509,89,510,89,511,90,511,91,511,92,511,93,511,94,511,95,511,96,511,97,511,98,511,99,511,100,511,101,511,102,511,103,511,104,511,105,511,106,511,107,511,108,511,109,511,110,511,111,511,112,511,113,511,114,511,115,511,116,511,117,511,118,511,119,511,120,511,121,511,122,511,123,511,124,511,125,511,126,511,126,510,126,509,125,508,125,507,124,506,123,505,122,504,121,503,120,502,119,502,118,501,117,501,116,500,115,499,114,499,113,499,112,499,111,499,110,498,109,498,108,498
60,506,59,507,58,508,57,508,56,509,55,509,56,510,56,511,57,511,58,511,59,511,60,511,61,511,62,511,63,511,64,511,65,511,66,511,67,511,68,511,69,511,70,511,71,510,71,509,70,509,69,508,68,507,67,507,66,507,65,507,64,506,63,506,62,507,61,507
