267,0,266,1,266,2,267,3,268,4,269,5,270,5,271,6,272,6,273,6,274,6,275,6,276,5,277,5,278,5,279,5,280,4,281,4,282,3,283,2,283,1,283,0,282,0,281,0,280,0,279,0,278,0,277,0,276,0,275,0,274,0,273,0,272,0,271,0,270,0,269,0,268,0
166,195,165,196,165,197,164,198,164,199,163,200,163,201,162,202,162,203,162,204,162,205,162,206,161,207,161,208,162,209,162,210,162,211,163,212,163,213,164,214,165,214,166,215,167,216,168,216,169,217,170,217,171,217,172,217,173,217,174,218,175,218,176,217,177,217,178,217,178,216,179,215,179,214,179,213,179,212,179,211,180,210,180,209,180,208,180,207,181,206,181,205,180,205,179,205,178,204,177,204,176,203,175,202,174,202,173,201,172,200,171,199,170,199,169,198,168,197,167,196
226,205,225,206,224,207,223,207,222,208,222,209,221,210,220,211,219,212,219,213,219,214,219,215,219,216,219,217,219,218,219,219,220,220,221,221,222,222,223,223,224,223,225,223,226,223,227,223,228,223,229,224,230,224,231,224,232,224,233,223,234,222,235,222,236,221,237,221,238,220,239,220,240,219,241,218,242,218,243,217,243,216,244,215,244,214,244,213,244,212,244,211,244,210,244,209,243,208,242,208,241,207,240,207,239,207,238,206,237,206,236,205,235,205,234,205,233,205,232,205,231,205,230,206,229,206,228,206,227,206
205,206,204,207,203,208,202,209,201,210,200,211,199,212,199,213,198,214,198,215,198,216,199,216,200,217,201,217,202,218,203,218,204,218,205,219,206,219,207,219,208,219,209,219,210,219,211,219,212,219,213,218,214,218,214,217,214,216,214,215,215,214,216,213,215,212,214,211,214,210,213,209,212,208,212,207,211,206,210,206,209,206,208,206,207,206,206,206
262,216,261,217,260,217,259,218,258,217,257,218,256,219,255,220,254,221,254,222,254,223,254,224,254,225,254,226,254,227,254,228,254,229,255,229,256,229,257,229,258,230,259,230,260,230,261,230,262,230,263,230,264,230,265,230,266,230,267,230,268,230,269,230,270,230,271,230,272,231,273,231,274,231,275,230,276,230,276,229,277,228,278,227,278,226,278,225,278,224,277,224,276,223,275,222,274,222,273,221,273,220,273,219,272,218,272,217,271,217,270,216,269,216,268,216,267,216,266,216,265,216,264,216,263,216
196,217,195,218,194,218,193,219,192,219,191,220,190,220,189,221,188,221,187,222,186,222,185,223,185,224,184,225,184,226,183,227,183,228,182,229,182,230,181,231,180,232,179,233,178,234,177,234,176,235,175,235,174,236,173,237,172,238,171,239,171,240,170,241,170,242,169,243,169,244,169,245,170,246,171,247,172,248,173,249,174,249,175,249,176,249,177,250,178,250,179,249,180,249,181,249,182,249,183,249,184,249,185,248,186,248,187,248,188,248,189,247,190,247,191,247,192,246,193,246,194,245,195,245,196,244,197,244,198,243,199,243,200,242,201,241,202,241,203,240,203,239,204,238,204,237,205,236,206,235,206,234,207,233,207,232,208,231,209,230,209,229,210,228,211,227,212,226,213,225,214,225,215,224,216,223,215,222,215,221,215,220,214,219,213,219,212,220,211,220,210,220,209,220,208,220,207,220,206,220,205,220,204,219,203,219,202,219,201,218,200,218,199,217,198,217,197,217
216,224,215,225,214,226,213,226,212,227,211,228,210,229,210,230,209,231,208,232,208,233,207,234,207,235,206,236,205,237,205,238,204,239,204,240,203,241,204,242,204,243,204,244,205,245,206,245,207,245,208,246,209,246,210,246,211,247,212,247,213,246,214,246,215,246,216,245,217,245,218,244,219,244,220,243,221,242,222,242,223,241,224,240,225,240,226,239,227,238,228,238,229,237,230,236,231,235,232,234,233,233,234,232,234,231,235,230,235,229,235,228,235,227,234,226,233,225,232,225,231,225,230,225,229,225,228,224,227,224,226,224,225,224,224,224,223,224,222,224,221,224,220,225,219,225,218,225,217,225
273,236,272,237,271,238,270,238,269,239,268,239,267,240,266,241,265,242,264,243,263,244,263,245,262,246,262,247,261,248,261,249,260,250,260,251,259,252,260,253,260,254,261,255,261,256,261,257,262,258,262,259,262,260,263,261,263,262,264,262,265,263,266,263,267,263,268,263,269,263,270,263,271,263,272,262,273,262,274,261,275,261,276,260,277,260,278,259,279,258,280,258,281,257,282,256,283,256,284,255,285,254,286,253,287,252,287,251,288,250,289,249,289,248,290,247,290,246,290,245,290,244,290,243,290,242,289,241,288,240,287,239,286,239,285,238,284,238,283,237,282,237,281,237,280,237,279,237,278,237,277,237,276,237,275,236,274,236
236,240,235,241,234,241,233,241,232,241,231,242,230,242,229,243,228,243,227,244,226,245,225,245,224,246,223,246,222,247,221,248,220,249,219,249,218,250,217,251,216,252,216,253,215,254,215,255,215,256,215,257,215,258,216,259,217,260,218,260,219,261,220,262,221,261,222,261,223,260,224,260,225,260,226,259,227,259,228,259,229,259,230,258,231,258,232,258,233,257,234,257,235,257,236,256,237,256,238,255,239,254,239,253,240,252,241,251,241,250,242,249,243,248,243,247,243,246,242,245,242,244,242,243,241,242,240,241,239,241,238,241,237,240
204,245,203,246,202,247,201,247,200,248,199,248,198,249,197,250,196,251,195,252,194,253,193,254,193,255,192,256,192,257,191,258,191,259,191,260,191,261,191,262,191,263,191,264,191,265,192,266,192,267,193,268,194,269,195,270,196,271,197,271,198,272,199,272,200,272,201,273,202,273,203,273,204,273,205,273,206,272,207,272,208,271,209,271,210,270,211,269,212,268,213,267,213,266,213,265,213,264,213,263,213,262,214,261,214,260,215,259,214,258,214,257,214,256,214,255,214,254,215,253,215,252,214,251,214,250,213,249,212,248,211,248,210,247,209,247,208,247,207,246,206,246,205,246
256,252,255,253,254,253,253,253,252,254,251,254,250,255,249,255,248,256,247,256,246,257,245,258,244,258,243,258,242,259,242,260,241,261,241,262,240,263,239,264,238,265,238,266,237,267,236,268,236,269,235,270,234,271,233,272,232,273,231,274,230,275,229,276,228,277,227,278,227,279,227,280,227,281,227,282,228,283,229,284,230,284,231,285,232,285,233,285,234,285,235,285,236,285,237,285,238,285,239,284,240,284,241,284,242,283,243,282,244,282,245,281,246,280,247,279,248,278,249,277,250,277,251,276,252,275,253,274,254,273,255,272,256,271,257,270,258,269,259,268,259,267,260,266,261,265,261,264,261,263,262,262,262,261,261,260,261,259,261,258,260,257,260,256,260,255,259,254,259,253,258,252,257,252
238,256,237,257,236,257,235,258,234,258,233,258,232,259,231,259,230,259,229,260,228,260,227,260,226,260,225,261,224,261,223,261,222,262,221,262,220,263,220,264,219,265,218,266,217,267,216,268,215,269,215,270,214,271,214,272,213,273,213,274,213,275,213,276,214,277,214,278,215,279,216,279,217,279,218,279,219,279,220,279,221,279,222,278,223,278,224,278,225,277,226,278,227,277,228,276,229,275,230,274,231,273,232,272,233,271,234,270,235,269,235,268,236,267,237,266,237,265,238,264,239,263,240,262,240,261,241,260,241,259,242,258,241,258,240,257,239,256
267,266,266,267,265,267,264,267,263,267,262,268,261,268,260,268,259,269,258,270,257,271,256,272,255,273,254,274,253,275,252,276,251,277,251,278,250,279,250,280,249,281,249,282,248,283,247,284,247,285,246,286,245,287,245,288,245,289,244,290,244,291,244,292,244,293,244,294,244,295,244,296,245,297,245,298,245,299,246,300,247,300,248,301,249,301,250,301,251,301,252,301,253,300,254,300,255,299,256,298,257,298,258,297,259,296,259,295,260,294,261,293,262,292,263,292,263,291,264,290,265,289,266,288,267,287,268,286,268,285,269,284,269,283,270,282,271,281,272,280,272,279,273,278,273,277,273,276,273,275,273,274,273,273,273,272,273,271,272,270,272,269,271,268,270,267,269,267,268,266
288,266,287,267,286,267,285,267,284,268,283,269,282,269,281,270,280,270,279,271,279,272,278,273,277,274,276,275,275,276,275,277,274,278,273,279,273,280,272,281,272,282,272,283,271,284,271,285,271,286,270,287,270,288,270,289,270,290,270,291,270,292,270,293,270,294,270,295,271,296,272,297,273,298,274,299,275,299,276,299,277,299,278,299,279,298,280,298,281,298,282,297,283,297,284,296,285,296,286,295,287,294,288,293,289,292,290,291,291,290,292,289,293,288,293,287,294,286,295,285,295,284,296,283,296,282,297,281,297,280,298,279,298,278,298,277,298,276,299,275,299,274,299,273,299,272,299,271,298,270,298,269,298,268,297,267,296,266,295,266,294,266,293,266,292,266,291,266,290,266,289,266
300,302,299,303,298,303,297,303,296,303,295,303,294,304,293,304,292,305,291,306,290,306,289,307,288,307,287,308,286,308,285,309,284,309,283,310,282,310,281,311,280,311,279,312,278,312,277,313,276,314,275,315,274,316,273,317,272,318,272,319,272,320,272,321,271,322,271,323,271,324,271,325,272,326,272,327,272,328,273,329,273,330,274,331,275,331,276,331,277,331,278,331,279,331,280,331,281,331,282,331,283,330,284,329,285,328,286,328,287,327,288,326,289,325,290,325,291,324,292,323,293,323,294,322,295,321,296,320,297,320,298,319,299,319,300,318,301,317,302,317,303,316,303,315,304,314,305,313,305,312,305,311,305,310,305,309,305,308,305,307,305,306,304,305,304,304,303,304,302,303,301,303
258,310,257,311,256,311,255,311,254,312,253,312,252,313,251,313,250,314,249,315,249,316,248,317,248,318,247,319,247,320,247,321,246,322,246,323,246,324,247,325,247,326,248,327,249,328,250,328,251,329,252,329,253,329,254,329,255,329,256,329,257,329,258,328,259,328,260,328,261,327,262,327,263,326,264,326,265,325,266,324,266,323,267,322,267,321,268,320,268,319,268,318,268,317,267,316,267,315,266,314,265,313,264,312,263,311,262,311,261,311,260,311,259,311
352,429,351,430,350,430,349,431,348,431,347,432,347,433,346,434,346,435,345,436,345,437,345,438,345,439,346,440,346,441,347,442,347,443,348,443,349,443,350,443,351,444,352,444,353,444,354,444,355,444,356,444,357,444,358,444,359,444,360,443,360,442,360,441,361,440,361,439,361,438,362,437,362,436,363,435,363,434,362,433,361,432,360,431,359,431,358,430,357,430,356,430,355,429,354,429,353,429
321,433,320,434,319,434,318,435,317,435,316,436,315,437,315,438,315,439,314,440,314,441,314,442,314,443,314,444,314,445,314,446,314,447,314,448,314,449,314,450,315,451,315,452,316,453,317,454,318,455,319,455,320,455,321,456,322,456,323,457,324,457,325,457,326,457,327,456,328,456,329,456,330,455,331,455,332,454,333,453,334,452,335,451,336,450,337,449,338,448,339,448,340,447,341,447,342,447,343,447,344,446,345,445,346,445,346,444,346,443,346,442,345,441,345,440,344,439,344,438,343,438,342,438,341,437,340,437,339,437,338,436,337,436,336,435,335,434,334,434,333,434,332,433,331,433,330,433,329,433,328,433,327,433,326,433,325,433,324,433,323,433,322,433
296,435,295,436,294,436,293,437,292,437,292,438,291,439,291,440,290,441,290,442,290,443,290,444,290,445,291,445,292,446,293,447,294,447,295,448,296,448,297,448,298,448,299,448,300,448,301,447,302,447,303,447,304,446,305,445,305,444,306,443,306,442,306,441,307,440,306,439,306,438,305,437,305,436,304,436,303,435,302,435,301,435,300,435,299,435,298,435,297,435
364,435,363,436,363,437,362,438,362,439,362,440,361,441,361,442,361,443,360,444,360,445,361,445,362,446,363,446,364,447,365,447,366,447,367,447,368,447,369,447,370,447,371,446,372,446,373,445,374,444,374,443,374,442,373,441,373,440,373,439,372,438,371,437,370,436,369,436,368,435,367,435,366,435,365,435
275,455,274,456,273,457,272,457,271,458,270,459,270,460,269,461,269,462,269,463,268,464,268,465,268,466,268,467,268,468,269,469,269,470,270,471,271,472,272,473,273,473,274,474,275,474,276,474,277,474,278,473,279,473,280,472,281,472,282,471,282,470,283,469,284,468,284,467,284,466,285,465,285,464,285,463,285,462,284,461,284,460,283,459,282,458,282,457,281,456,280,456,279,455,278,455,277,455,276,455
313,462,312,463,311,463,310,464,309,464,308,465,307,465,306,466,305,467,304,468,304,469,303,470,302,471,302,472,302,473,301,474,301,475,300,476,300,477,300,478,300,479,300,480,300,481,300,482,300,483,300,484,301,485,302,486,302,487,303,488,304,489,305,490,305,491,306,491,307,492,308,492,309,493,310,493,311,494,312,494,313,494,314,494,315,495,316,495,317,495,318,494,319,494,320,494,321,494,322,494,323,493,324,493,325,493,326,492,327,492,328,491,329,490,330,489,330,488,331,487,332,486,332,485,332,484,333,483,333,482,333,481,333,480,333,479,333,478,333,477,333,476,333,475,333,474,333,473,333,472,332,471,332,470,331,469,330,468,329,467,328,466,327,465,326,464,325,464,324,463,323,463,322,462,321,462,320,462,319,462,318,462,317,462,316,462,315,462,314,462
394,465,393,466,392,466,391,466,390,467,389,468,388,469,388,470,387,471,387,472,387,473,387,474,388,475,388,476,388,477,389,478,389,479,390,480,390,481,390,482,391,483,392,484,393,484,394,485,395,485,396,485,397,485,398,485,399,484,400,484,401,483,401,482,402,481,402,480,403,479,403,478,404,477,404,476,404,475,404,474,404,473,404,472,404,471,404,470,404,469,403,468,402,467,401,467,400,466,399,466,398,465,397,465,396,465,395,465
142,468,141,469,140,469,139,469,138,469,137,470,136,470,135,471,134,472,134,473,133,474,133,475,133,476,133,477,133,478,133,479,133,480,134,481,134,482,135,483,135,484,136,485,137,485,138,486,139,486,140,487,141,487,142,487,143,486,144,486,145,485,146,485,147,484,148,483,149,482,149,481,150,480,150,479,151,478,151,477,151,476,151,475,151,474,150,473,150,472,150,471,149,470,148,470,147,469,146,469,145,468,144,468,143,468
352,469,351,470,350,470,349,470,348,470,347,471,346,471,345,472,344,472,343,473,343,474,342,475,341,476,340,477,340,478,340,479,339,480,339,481,338,482,338,483,338,484,338,485,338,486,338,487,337,488,337,489,337,490,338,491,338,492,338,493,338,494,338,495,339,496,339,497,339,498,340,499,340,500,341,501,342,501,343,502,344,503,345,503,346,504,347,504,348,504,349,504,350,504,351,504,352,504,353,504,354,504,355,504,356,504,357,504,358,504,359,503,360,503,361,503,362,502,363,502,364,501,365,501,366,500,367,500,367,499,368,498,368,497,368,496,369,495,369,494,369,493,369,492,369,491,370,490,370,489,370,488,370,487,370,486,371,485,371,484,371,483,371,482,371,481,371,480,370,479,370,478,369,477,369,476,368,475,368,474,367,473,366,472,365,471,364,470,363,470,362,470,361,469,360,469,359,469,358,469,357,469,356,469,355,469,354,469,353,469
289,472,288,473,287,473,286,474,285,475,285,476,285,477,284,478,283,479,283,480,283,481,283,482,283,483,283,484,283,485,284,486,285,487,286,488,287,489,288,489,289,489,290,489,291,489,292,488,293,488,294,488,295,487,296,486,297,485,298,484,299,483,299,482,299,481,299,480,299,479,299,478,299,477,298,476,298,475,297,474,296,473,295,473,294,472,293,472,292,472,291,472,290,472
157,479,156,480,155,480,154,481,153,481,152,482,151,483,151,484,151,485,150,486,150,487,150,488,150,489,150,490,149,491,149,492,150,493,150,494,150,495,150,496,151,497,151,498,152,499,153,500,154,501,155,502,156,503,157,503,158,503,159,503,160,503,161,503,162,503,163,502,164,502,165,502,166,501,167,500,168,499,169,498,170,497,170,496,171,495,171,494,171,493,171,492,172,491,172,490,172,489,172,488,172,487,171,486,171,485,170,484,170,483,169,482,168,481,167,480,166,480,165,479,164,479,163,479,162,479,161,479,160,479,159,479,158,479
376,481,375,482,374,482,373,483,372,482,372,483,372,484,372,485,371,486,371,487,371,488,371,489,371,490,370,491,370,492,370,493,370,494,370,495,369,496,369,497,369,498,368,499,368,500,369,501,370,501,371,502,372,502,373,503,374,503,375,503,376,504,377,504,378,504,379,503,380,503,381,503,382,502,383,501,384,500,384,499,384,498,384,497,385,496,385,495,385,494,385,493,385,492,385,491,385,490,385,489,384,488,384,487,383,486,383,485,382,484,381,483,380,483,379,482,378,481,377,481
120,492,119,493,118,494,117,495,116,496,116,497,115,498,114,499,115,500,115,501,115,502,115,503,115,504,115,505,115,506,115,507,115,508,115,509,115,510,116,511,117,511,118,511,119,511,120,511,121,511,122,511,123,511,124,511,125,511,126,511,127,511,128,511,129,511,130,511,131,511,132,511,133,511,134,511,135,511,136,511,137,510,138,510,139,510,140,510,141,510,141,509,140,508,140,507,140,506,140,505,140,504,139,503,139,502,139,501,138,500,137,499,137,498,136,498,135,497,135,496,134,496,133,495,132,495,131,494,130,494,129,493,128,493,127,493,126,492,125,492,124,492,123,492,122,492,121,492
179,492,178,493,177,493,176,493,175,493,174,494,173,495,172,495,172,496,171,497,171,498,170,499,170,500,170,501,170,502,170,503,170,504,171,505,171,506,171,507,172,508,172,509,173,510,174,511,175,511,176,511,177,511,178,511,179,511,180,511,181,511,182,511,183,511,184,511,185,511,186,511,187,511,188,511,189,510,190,510,190,509,190,508,191,507,191,506,192,505,192,504,192,503,192,502,192,501,191,500,191,499,190,498,189,497,189,496,188,495,187,495,186,494,185,493,184,493,183,493,182,493,181,492,180,492
287,494,286,495,285,496,284,496,283,497,282,498,281,499,281,500,281,501,280,502,280,503,280,504,280,505,279,506,279,507,279,508,280,509,280,510,281,510,282,511,283,511,284,511,285,511,286,511,287,511,288,511,289,511,290,511,291,511,292,511,293,511,294,511,295,511,296,511,297,511,298,511,299,511,300,511,301,510,302,510,303,510,303,509,302,508,302,507,302,506,302,505,301,504,301,503,301,502,301,501,300,500,299,499,299,498,298,497,297,496,296,495,295,495,294,494,293,494,292,494,291,494,290,494,289,494,288,494
108,499,107,500,106,500,105,501,104,502,104,503,103,504,103,505,103,506,104,507,104,508,104,509,105,510,106,510,107,510,108,511,109,511,110,511,111,510,112,510,113,510,114,510,114,509,114,508,114,507,114,506,114,505,114,504,114,503,114,502,114,501,114,500,113,500,112,499,111,499,110,499,109,499
